.03681323601189788
7.142245165431091
1.0023959792026005
4.985518285823676
.19588791766512573
6.263420573264599
.0045444925876353655
13.64211420954053
12233261755196315e-23
.503361599953659
1.7049309405431128
.006644017905393032
67.22249703144624
20.08583721589449
34.34432101201774
19.387769045490728
24.299532678256114
26.25875745149096
16.800740484096313
.006685649532460916
61.768337301304825
5.991289398052364
42.875168102967365
3957625807556609e-21
2.879962750767683
1.470482016424865
36122739855008184e-26
1.319985333485691
3.087192533551422
89.14521065218518
14.754563100706033
.7321474602883943
9.969826870051602
188.58308106050688
148.914998760828
11.13153593929728
3.8955435224557102
5.831528633671832
22.72453901060955
31.32773569918284
34.77933061822044
.0005226121179920226
.30564367597825737
.15468789824714224
52.45951738565189
230.2576416023782
13088679835203966e-23
23.417700660928716
6.495384996680393
.9892739821636158
1.6018447590966511
5.772112683943648
33.066006942398204
64.1407952674299
5.136159582736754
20.288508865071446
22.4837402146786
5.664824668234015
.8685411893291506
14.199415607906726
.00043108317112018136
21.4803578838317
17.350588481905444
8.622662264436464
8.453530444068493
2.471947510380616
44.491066952057224
5.412878256971466
51.68215467072482
.5284025401642815
.8132664031214867
4.789863119162659
1.3810987599849693
12.933038361164625
7.876357456128861
123.83131386478267
43.309093978622016
8.017501512444507
12.836978513497506
19.48789143249243
28.20052826795315
17.91031047952818
7.103236632148136
.6607869577598662
.00022224850698134601
11.06703799871969
11.121158984982555
.1764202047070251
17776755292981396e-24
13.089510640159935
6.390192891864072
.00928422335567349
40.501913158838704
.18362674666531523
33733872289028144e-24
5.5121217586858835
.07837413076238678
7.774177593536372
8.30573016877024
.6405547345029496
.8144070478085609
.8952402204135994
.4817921246956548
4.081848549450931
.001553985601668114
.36057303574871
6.896409727846036
4.14020460716572
.9633111153291856
3.822218708794909
1.837436261132492
.21109065303877975
.073295435036982
1.0104102069240624
.00010438986028474225
.25848119627279803
54.03228790938161
4.508775751643376
1.2815736304734668
.008326542969743196
.005841888273882456
93.84839862426985
326.46672218945906
15.049809170246442
27.816773757685187
74.43797058477656
.00047500053598559754
45.7452490744034
10.015215039733196
.05455548256823806
.12073972893288279
7.016319078357004
1.289666174561936
.0785767075800727
.10309881543706577
.31952913734369165
.39359530453984
6.2420214219637025
.41930534238393957
2.373640295892344
.0018580372863592923
10.165686576617956
27.901400742314266
3.0605894855920432
3.5953487691566126
.6244220487706883
29.625947253724004
4.464043398892753
23.822084566564484
10.240751773684048
1.5874853317320792
14.626148075355303
6.790129038230352
.0018580372863592923
1.9853287813734035
7.432149145437175
2.3397074787326884
1.9277122642284892
11.483386293750556
.09981610311784404
9.914006936234953
1.6343655722363724
2.3685797753398297
19.77648026212986
12.3498781140736
.5827422025947043
15.522337137498067
13.404022702403982
2.0718378530162287
4.876752895910852
16.046861902861284
23.90134997164774
11.549431427921256
8.073174653476384
34.978217604650936
.0018580372863592923
1.9881407207270991
27.667853697780693
6.671633716421898
35.21926720040609
37.13456408352885
3.9625753011701077
6.547672802576801
15.971417735116301
.03970657562746808
5.3880380215279375
7.478984484033997
14.923920638547427
3.0299068930273045
6.0078902446287925
19.02857647861321
19.81531036857895
17.24549821734051
7.625731861271327
.4425784332653177
13.936963282147497
18.12651443505099
1.5157259724950691
2.004776642895647
31.76804348669614
25.015095615891802
8.7146660445401
.3992644124713762
.09817617491759667
.0992664390686702
3.2232100102827452
6.782205917602739
1.9293081520254405
13.481230945013689
13.860398956532574
7.859226809496862
5.065713943906047
37.565013000583235
7.8014533489955245
12.631044885209759
17.283566406608397
8.968808708072547
11.097692460728656
.0012392508670293668
23.575363087567627
4.515217967837859
3.3301466774622726
.0001390089164057491
39.058812473382076
3.6506608837982273
1.230458039354232
.6643665577063022
1.4480707034339535
.0018580372863592923
18.0626201640699
8.244144115096612
4.442504916610161
11.391816856646178
.03970657562746808
6.950737482650605
.5576431687616337
6.21085243577983
5.4776163759347005
.0012392508670293668
3.9698323854636306
9.556011643917884
2.9738025337719383
6.527835234450662
8.894183144477239
.5955986344120213
.3970657562746808
.18343888135955747
6.189185479853457
.002686320946213713
2.248205434138818
21.7694583884006
42.69352519170772
10.781993366486674
.16626630412600998
.16845910597420063
26.971781087898595
39.016968650713885
3.8326709624392703
16.0687211644776
48.22476835365816
.2100477715337665
9.638561321142443
9.638561321142443
9.638561321142443
9.638561321142443
9.638561321142443
9.638561321142443
9.638561321142443
9.638561321142443
