.03681323601189788
7.1422451639690525
1.0023959950533503
4.98551829168452
.195887917749988
6.2634205759536545
.004544492468981318
13.641295182109209
12233235555666805e-23
.5033615135866757
1.7049305717319012
.004998818261110792
63.208507639199865
20.123393600270223
34.38870434277101
19.388009732632703
24.299539304046093
26.258758631186158
16.800740587016705
.006685649532390351
61.768337298538626
5.991289422231195
42.87531665514325
3957625944035403e-21
2.879962773193206
1.4704832018614853
3612273721355177e-25
1.319985329717129
3.0872127205640973
89.14521112506876
14.754563094702034
.7321474673629756
9.969852557491349
188.58328950855432
148.91500126636706
11.143924917511905
3.8953145853193147
5.8315431216368845
22.78584320914918
31.32791613056054
34.82961656497618
.0005226121178992562
.30564367597825737
.15468790143198927
52.459517369988134
230.25764201459396
1308867993235256e-22
23.417700699082403
6.495380541510441
.9892741208476512
1.601844476606474
5.77211270496671
33.06600695052073
64.14079645600202
5.13615973997569
20.288485908634005
22.48388080578403
5.664823862887586
.8685410677928955
14.199407927716216
.0004310832166149766
21.48035759582219
17.350590390930968
8.622661950864423
8.453530711277075
2.471947919429819
44.49142116903721
5.412873162126358
51.68259249915473
.528402375406931
.8132663241919414
4.789908629404137
1.3811147238523729
12.933028976054375
7.876430058377617
123.8312763983772
43.309278435207155
8.01761538280122
12.83712890006184
19.487892270425064
28.20052850565187
17.910310579680893
7.103242490486347
.6607891405691724
.00022224851232714846
11.067038527034523
11.12115898494598
.17642018268374499
1777653867204134e-23
13.089510817395924
6.3901927985935885
.009284140093049094
40.501912440963665
.18362715799882684
33733693571243587e-24
5.512122066450402
.07837413709860437
7.77417775811755
8.305730111644957
.6405546544780152
.8144070986231282
.8952402459263296
.48179212853085573
4.081848655931664
.0015539855921382333
.36057588139514024
6.896465305439711
4.140204796624422
.9633111148658705
3.822217321659835
1.8374454182122266
.21109224635772394
.07329551081499805
1.0104102257222287
.00010439089791483033
.2584817499611554
54.0322834497429
4.508821459788595
1.2815741689088487
.00832653317274761
.005841962430171702
93.84839862426985
326.46672218945906
15.049809170246442
27.816773757685187
74.43797058477656
.0004750005608542323
45.745267430807225
10.015224272599676
.05455531159448582
.12073959629169065
7.016302962567536
1.289671406243814
.07857706150177315
.10309939290861005
.31952913734369165
.39359530453984
6.2420214219637025
.41930534238393957
2.373640295892344
.0018580372863592923
10.165686576617956
27.901400742314266
3.0605894855920432
3.5953487691566126
.6244220487706883
29.625947253724004
4.464043398892753
23.822084566564484
10.240751773684048
1.5874853317320792
14.626148075355303
6.790129038230352
.0018580372863592923
1.9853287813734035
7.432149145437175
2.3397074787326884
1.9277122642284892
11.483386293750556
.09981610311784404
9.914006936234953
1.6343655722363724
2.3685797753398297
19.77648026212986
12.3498781140736
.5827422025947043
15.522337137498067
13.404022702403982
2.0718378530162287
4.876752895910852
16.046861902861284
23.90134997164774
11.549431427921256
8.073174653476384
34.978217604650936
.0018580372863592923
1.9881407207270991
27.667853697780693
6.671633716421898
35.21926720040609
37.13456408352885
3.9625753011701077
6.547672802576801
15.971417735116301
.03970657562746808
5.3880380215279375
7.478984484033997
14.923920638547427
3.0299068930273045
6.0078902446287925
19.02857647861321
19.81531036857895
17.24549821734051
7.625731861271327
.4425784332653177
13.936963282147497
18.12651443505099
1.5157259724950691
2.004776642895647
31.76804348669614
25.015095615891802
8.7146660445401
.3992644124713762
.09817617491759667
.0992664390686702
3.2232100102827452
6.782205917602739
1.9293081520254405
13.481230945013689
13.860398956532574
7.859226809496862
5.065713943906047
37.565013000583235
7.8014533489955245
12.631044885209759
17.283566406608397
8.968808708072547
11.097692460728656
.0012392508670293668
23.575363087567627
4.515217967837859
3.3301466774622726
.0001390089164057491
39.058812473382076
3.6506608837982273
1.230458039354232
.6643665577063022
1.4480707034339535
.0018580372863592923
18.0626201640699
8.244144115096612
4.442504916610161
11.391816856646178
.03970657562746808
6.950737482650605
.5576431687616337
6.21085243577983
5.4776163759347005
.0012392508670293668
3.9698323854636306
9.556011643917884
2.9738025337719383
6.527835234450662
8.894183144477239
.5955986344120213
.3970657562746808
.18343888135955747
6.189185479853457
.002686320946213713
2.248205434138818
21.7694583884006
42.69352519170772
10.781993366486674
.16626630412600998
.16845910597420063
26.971781087898595
39.016968650713885
3.8326709624392703
16.0687211644776
48.22476835365816
.2100477715337665
9.638561321142443
9.638561321142443
9.638561321142443
9.638561321142443
9.638561321142443
9.638561321142443
9.638561321142443
9.638561321142443
