.03681323601189788
7.142245148664552
1.0023962540144409
4.985519834893919
.19588785543680493
6.2634225140163124
.004544491946407329
13.640037802064871
1223320350993547e-22
.5033638520374821
1.7049298595748748
.0026373325450075704
51.985584511888476
20.176136524635695
34.45094365924173
19.388242039973473
24.299520303446698
26.259070483643427
16.80079930094611
.006685649541612924
61.768337659987225
5.991299800674127
42.87537543834905
3957628121935547e-21
2.879972919148026
1.470472945892734
36123014770120935e-26
1.3199853037765785
3.0872214089317684
89.14545900646249
14.754563262981895
.7321474646818693
9.969895404738248
188.58364442432352
148.91500031674056
11.161287570729955
3.8949633301759348
5.831567321467669
22.872099609298267
31.328216992289814
34.899945403378105
.0005226121244135377
.3056436759783558
.1546895994370648
52.45952396656947
230.25952959547968
13089135100319348e-23
23.4177023397933
6.495372082335644
.9891624567741963
1.6018428585301576
5.771241150677114
33.06600606970438
64.14127628953092
5.136116209578027
20.288355826405784
22.484065125719336
5.664603996110948
.8683586317584774
14.199259495336392
.00043107551219851304
21.480373624371115
17.35032411444687
8.622646692466278
8.453534996940213
2.471913164949031
44.49181120638049
5.4127996042460635
51.68298137867172
.5284021327095537
.8132524348143915
4.789927406809696
1.38112136396504
12.932988578060963
7.876496701109777
123.83123345020562
43.309555157541986
8.01769894752275
12.837250390297227
19.487932930291255
28.20054232902795
17.910360317943862
7.103258198502551
.6607995422447864
.0002222486358145191
11.067045618929718
11.121158990188146
.17642077009956386
17783172060216118e-24
13.089453600720297
6.390193427693935
.00928504371108383
40.50187689472109
.18362795945385638
33735223013607524e-24
5.512121882555111
.07837508447713233
7.774241518347882
8.30587544144328
.6405573562853454
.8144156912906347
.8952445194594523
.48179379251949234
4.081851351891752
.0015539861054980693
.36057702022421084
6.896489170165953
4.1402122379986555
.9633108643624353
3.822242910754385
1.837451802564021
.21109356224607242
.07329575427580311
1.0104101931505258
.00010439194301260173
.25848267418746546
54.03282127326624
4.508845652702711
1.281575279028487
.008326547901342483
.005842014427533633
93.84839862430022
326.4667221895647
15.04980917025131
27.816773757694186
74.43797058480064
.00047500219455819874
45.74983745966428
10.01622867754599
.05457583031699306
.12078505448593888
7.01837012358079
1.290053862878413
.07858088061212228
.10310440226324093
.31952913734369165
.39359530453985436
6.242021421963704
.4193053423839549
2.373640295892344
.0018580372863598934
10.16568657661798
27.901400742315282
3.060589485592045
3.5953487691577757
.6244220487707322
29.62594725373359
4.46404339889304
23.822084566565355
10.240751773709686
1.5874853317320792
14.626148075360035
6.790129038232548
.0018580372863598934
1.9853287813734035
7.432149145439579
2.3397074787326884
1.9277122642285076
11.483386293750973
.09981610311784404
9.914006936235316
1.6343655722364316
2.3685797753457596
19.77648026213058
12.349878114077596
.5827422025948928
15.522337137503088
13.404022702408318
2.0718378530162287
4.8767528959111575
16.046861902866475
23.901349971655474
11.549431427924993
8.073174653478995
34.978217604662255
.0018580372863598934
1.9881407207271182
27.667853697781702
6.6716337164219395
35.219267200417484
37.134564083540866
3.96257530117139
6.547672802578919
15.971417735121468
.03970657562746808
5.388038021529681
7.478984484036417
14.923920638552255
3.029906938176439
6.007890244629011
19.028576478660852
19.81531036858536
17.245498217341137
7.6257318612714
.4425784332653178
13.936963282152005
18.126514435056855
1.5157259724950691
2.004776642896296
31.768043486706418
25.01509561595443
8.714666044540419
.3992644124713762
.0981761749175967
.0992664390686702
3.223210010290815
6.782205917619718
1.9293081520254405
13.481230945047441
13.860398956537058
7.859226809497148
5.06571394391873
37.56501300067728
7.801453348995809
12.631044885213846
17.283566406609026
8.96880870807545
11.09769246072906
.001239250867029412
23.575363087568487
4.51521796783932
3.330146677462394
.0001390089164057491
39.05881247339472
3.65066088379836
1.23045803935463
.6643665577063022
1.4480707034340063
.0018580372863598934
18.062620164075746
8.244144115096912
4.442504916610322
11.391816856646594
.03970657562746808
6.950737482650858
.5576431687618141
6.2108524357800565
5.4776163759348995
.001239250867029412
3.9698323854735693
9.556011643941808
2.9738025337720466
6.527835234452774
8.894183144477562
.5955986344120213
.3970657562746808
.18343888135955747
6.1891854798534585
.0026863209462204387
2.248205434144446
21.769458388401393
42.69352519181461
10.781993366487066
.16626630412606377
.1684591059742326
26.97178108790732
39.01696865072651
3.83267096244051
16.0687211644828
48.22476835367377
.2100477715337665
9.638561321142536
9.638561321142536
9.638561321142536
9.638561321142536
9.638561321142536
9.638561321142536
9.638561321142536
9.638561321142536
