.03684542115250496
7.142226094530358
1.002447067522134
4.985550896090564
.19588166321665226
6.263418415210442
.004544401374615247
13.63211802333326
12236525917067098e-23
.5031725067986116
1.7048003297674594
.0030221448504360207
54.60628973414546
20.15915866620789
34.430633657318424
19.377600203855113
24.29320731077352
26.217869313535
16.791259548620342
.00668518527067885
61.76661000663271
5.990178103267632
42.860405102287196
3958257560784761e-21
2.8793188851550324
1.4687151509097818
3612688614474335e-25
1.319954683417535
3.0835570987926255
89.09270370720171
14.75714128712846
.7321761744470483
9.969341635135539
188.56762151130062
148.94067666174794
11.155309646403756
3.8925787541733
5.831220186878122
22.84403006420974
31.32680576262009
34.86021640178276
.0005226553284231652
.30563358061903
.15456555284471993
52.45934183111129
230.20169488983436
1307876232757818e-22
23.41430332536751
6.494930957218464
.9902175839973307
1.6019005875995374
5.775196801875984
33.06337092427181
64.10272700032927
5.137534299814804
20.290443724197633
22.481972383233785
5.7292731406408635
.8781879981748171
14.203435833420412
.0004313158961332804
21.478528955577247
17.35626540048305
8.61937723378157
8.454560870577339
2.4735750822650973
44.4760891465608
5.414399319634948
51.67610013084945
.5286803397058885
.8138239747045812
4.78527599200521
1.3795618379220798
12.926990159598844
7.872492855404318
123.79952634812474
43.30549154933821
8.009995810968709
12.829403632210322
19.489664114772552
28.20427374945114
17.90560274299637
7.103619212467819
.660331152096221
.00022222445946208872
11.066383152527829
11.117238825231047
.17646848082929098
17804378075635986e-24
13.08885056297387
6.388893675111074
.009292997702128464
40.49420079808985
.18359701006358053
3376947414656102e-23
5.513280521480869
.07831893288183067
7.769364101127539
8.300738734386643
.640055673720871
.8134276447913719
.8943079639555189
.4814735711860806
4.081223111542868
.0015540143211744165
.36016895360299706
6.889525286308808
4.140267518382309
.9633148840284355
3.8211734359163314
1.835978603436477
.21078640433524387
.07323834786151558
1.0105647741398278
.0001041820952490799
.2583294594732452
53.96381490691812
4.501863679602641
1.2821058103525882
.008321699599290975
.005830196743198693
93.84235777088404
326.44570811108366
15.048840440976525
27.81498324176376
74.43317914588967
.0004747128643406974
45.73478214644072
10.012595139871483
.054573865395111824
.12076045961126175
7.0120442247863375
1.2881461845884532
.07856451728824435
.10307412224502031
.3195287259803479
.39357883658807163
6.241920972603379
.41928779872913746
2.373617377218988
.0018579176878259468
10.165437945202592
27.90023335307869
3.0605332775029264
3.5951173429937398
.624392318747299
29.624040284543923
4.463834509070509
23.82108785513237
10.239763021310072
1.5874751130772455
14.625206616391509
6.789691969781747
.0018579176878259468
1.9853160017973384
7.431670751303793
2.3396924180183247
1.927650221536645
11.482905831078764
.09981594248820759
9.913592136093351
1.634297190695472
2.368351087160722
19.77565281800299
12.3490831745316
.5827046925225111
15.52133799244895
13.403159909462252
2.071821357258399
4.876525971804642
16.045828995092172
23.899811484544944
11.54868801169926
8.072654997678791
34.9759661194115
.0018579176878259468
1.9880767331681837
27.666696080108498
6.671435899651004
35.21700019923577
37.13217379812747
3.962320237292881
6.547251340601973
15.970389683553185
.03970632003594679
5.387691203167663
7.478503075193728
14.922960012496898
3.029841959443679
6.007638875657574
19.026739255079
19.814034892529428
17.24477666901514
7.625486429968774
.44257131109807263
13.936066184774871
18.125347663771954
1.515716215755762
2.0046475990126553
31.76599863461693
25.012680389380883
8.714301424590513
.39926376995283036
.098174595023312
.09926580008986696
3.2228988069043285
6.781551090462111
1.929295733054582
13.479929321910658
13.859506787468499
7.858897980960184
5.065224845371231
37.561386070002
7.80112693768931
12.630231847466124
17.282843265517315
8.968231401914476
11.097228135412587
.0012391990170116665
23.574376698914687
4.514927331341674
3.330007344766395
.00013900829127097764
39.056298327557165
3.6505081408496616
1.2303788369733486
.6643622811738513
1.4480101164344992
.0018579176878259468
18.061457505550692
8.24379918169397
4.442319043059705
11.391340225222006
.03970632003594679
6.9504466651324615
.557607274269309
6.210592574909609
5.477387193520062
.0012391990170116665
3.9694490951269286
9.555089003724323
2.973678110446431
6.527415049384574
8.89381101356675
.5955948005392019
.39706320035946785
.18343770056212
6.189085880752406
.002686061579882849
2.2479883681939223
21.76854755845261
42.68940309937313
10.78154224995993
.1662556018617098
.16844934687286656
26.970044962642387
39.01445719830092
3.832424260271736
16.067686849666956
48.221664211664695
.21004723600389894
9.638251107683223
9.638251107683223
9.638251107683223
9.638251107683223
9.638251107683223
9.638251107683223
9.638251107683223
9.638251107683223
