.037016637558598686
7.142124745772437
1.0027225215397517
4.9857242812659734
.19584829835047704
6.263396663776055
.0045439162640204265
13.588562879618477
12254359450609978e-23
.5021655597013494
1.7041104974706176
.0022420235347869726
48.81260917732974
20.131263580766273
34.396219899624185
19.32026013896126
24.259001738433767
26.00002981592987
16.74044745632364
.0066827157844597165
61.757411512789844
5.984252975596455
42.77964406831231
3961641644283003e-21
2.8758773880430684
1.4592872125598682
3614892774039135e-25
1.3197913431123747
3.0639750231365146
88.81330641796364
14.770775476557494
.7323271739099632
9.966451698322704
188.4829577671531
149.07675734396835
11.144034298857578
3.8794987669123526
5.8294056102572425
22.796910757440607
31.3196894712709
34.732238008586876
.0005228831841062029
.3055798817170303
.15391498204853035
52.45836419744694
229.9014568423306
13025529037573748e-23
23.396100800532764
6.4925739798640985
.9953049663773564
1.6021873867203267
5.791935906368257
33.04935532835085
63.900043096749265
5.14486063282448
20.301048366029963
22.470684222148975
6.080590233762736
.9313036980322226
14.224971832024927
.0004325616930569107
21.468785944875567
17.386647413464395
8.60167349976257
8.460108239504653
2.4823091619878825
44.39152101041951
5.422602955790034
51.637491633730306
.5301533251389914
.8168016413684287
4.760298625243338
1.3711908849865746
12.894523947916637
7.850943850387208
123.63058091758012
43.283814016501246
7.968613855832717
12.787068281688615
19.499237598142138
28.22443587105975
17.880509163748787
7.1056534094856
.6578839334323687
.0002220978650388511
11.063029053780502
11.096398617623342
.17672441466441063
17959269222890313e-24
13.085706213965148
6.381929013516378
.009344266245930015
40.4526041355338
.18343645057487107
3396660815841569e-23
5.519527878892023
.07802552626282824
7.743734139970438
8.274360096068653
.6373971545994334
.8082226459184352
.8893532106594597
.47978151136010927
4.077928859735671
.0015541623789134883
.3579851072307525
6.852188783138192
4.140619599810228
.9633334849401365
3.815669672798176
1.8280690172471743
.20914736792469327
.07293248287570456
1.0113889784597705
.00010306779340219839
.2575150808752061
53.5983602102404
4.4646277981315015
1.28494773702154
.008295991360618501
.005767245828877274
93.81022856977474
326.3339415266083
15.043688106439385
27.805460109442127
74.40769514656583
.0004731813067599831
45.694037971216204
10.00188023208622
.05468584813741025
.1208987369835626
6.9936289324499015
1.2807602946768226
.07850405363480362
.10294706397469451
.31952653764543726
.3934912430366901
6.241386635837485
.41919448347961835
2.3734954596791265
.0018572815847648703
10.164115394275633
27.894023973161424
3.060234282738069
3.5938864676100817
.6242341867058109
29.613897777784924
4.4627234349550085
23.81578631579887
10.234504725617622
1.5874207536512484
14.620199323141373
6.78736735450194
.0018572815847648703
1.9852480192271607
7.429126339059488
2.339612300644638
1.9273202044464868
11.480350235075068
.09981508798551804
9.911385801144867
1.6339334671370946
2.367134897851076
19.77125161676912
12.344855167198293
.5825051894761459
15.51602388694595
13.398571013461979
2.071733606412434
4.8753189732698745
16.04033531740765
23.89162880597738
11.544734039010484
8.069891128973152
34.9639912513867
.0018572815847648703
1.987736370953524
27.660538675442993
6.670383665520776
35.20494280736344
37.119460700247956
3.960963641116192
6.545009730735894
15.96492183434175
.03970496038454323
5.38584659676291
7.475942628770525
14.917850776169333
3.0294965534034906
6.0063018362245115
19.016968694875793
19.807251078407845
17.240938730867054
7.624180933351938
.44253342498511367
13.931294835420925
18.119142012570318
1.5156643135477943
2.003961259417276
31.75512277660555
24.999835944712167
8.712361999655458
.39926035194207216
.09816619083238617
.09926240096135808
3.2212437925374653
6.778068646501946
1.9292296687693762
13.473007144694215
13.854761650076092
7.857148931671698
5.062623764669436
37.542097647588
7.799390745725397
12.625907582084013
17.278996855398518
8.965160910964002
11.09475837450954
.0012389232251431058
23.569130066767073
4.51338153675948
3.329266229791862
.00013900496576716071
39.042926459102894
3.649695696320946
1.2299575870172226
.6643395316189379
1.447687852286268
.0018572815847648703
18.05527372869015
8.241964470118875
4.441330375821585
11.388805007744429
.03970496038454323
6.948899797642419
.5574163639311572
6.209210366799701
5.476168165076534
.0012389232251431058
3.967410714254748
9.550182300000353
2.973016298879992
6.525180230952609
8.891831637595349
.5955744057681485
.3970496038454323
.18343141916090203
6.188556066910181
.002684682240731567
2.2468339872254814
21.76370282542379
42.66748135138312
10.77914274702113
.16619868023490236
.1683974405465703
26.960811115378583
39.001099655169334
3.8311121371247987
16.06218568841721
48.205154358501545
.2100443871500843
9.636601022232432
9.636601022232432
9.636601022232432
9.636601022232432
9.636601022232432
9.636601022232432
9.636601022232432
9.636601022232432
