.03730740843339127
7.141952975865002
1.0031875926417568
4.986032577171845
.19579160577614474
6.263369793690912
.004543084102767958
13.515914124107756
1228462049208877e-22
.5004563950883816
1.7029394624519918
.0009446117423596105
31.21613329596745
20.083177648545806
34.336859463872315
19.22150715217488
24.200553664704167
25.6289898436582
16.652847106392667
.006678522848500966
61.74174819113063
5.974178403088655
42.6405137835628
3967367877072415e-21
2.8700084250706572
1.4430330851400008
36185623267546326e-26
1.3195125630499718
3.0306636937664444
88.33937412540388
14.793634718262101
.7325775647551978
9.96153973549855
188.3395926936261
149.30610293039385
11.124634229012766
3.857666056809285
5.826323622636793
22.715838160444616
31.307564553825017
34.516757721240744
.0005232628052138595
.30548870883316126
.15281762099791685
52.45656878227545
229.38261907759278
1293360471330127e-22
23.364687186313528
6.488569769629375
1.0039882477660622
1.6026546549699165
5.8206856707822965
33.02557396562114
63.55698367684259
5.15717620481911
20.31873393093317
22.450997374039385
6.707362138324257
1.0284894274685648
14.261167861931082
.00043467296651538643
21.4522550198567
17.43772156691389
8.57147868472418
8.469497110851139
2.4971095322334222
44.245677178597504
5.436391325188053
51.56801443749506
.5326306411461337
.8218459864348032
4.7176498187639995
1.3569208176211556
12.839055120828304
7.813875864014644
123.34242842321665
43.24636889540656
7.897882429841638
12.714171733803138
19.515334741681297
28.25856886314367
17.837892293340673
7.108966587658331
.6537269146586882
.0002218819903502177
11.057154521325971
11.061060758587498
.17715242878830492
18225264311027293e-24
13.080022960239381
6.369940655941324
.00943207170671513
40.381477681487574
.18316231741698888
34306561392757054e-24
5.5300757963511815
.07752780623548568
7.700374595877648
8.229655212037898
.6328833995501697
.7993947358326027
.8809736851076029
.4769122851840221
4.072266892383813
.0015543986187714035
.35426749756706255
6.788459209483996
4.141121286925437
.9633585747324651
3.806314168357772
1.814482128300413
.20636039253562982
.07240907889864251
1.0127652520646206
.00010118832615258775
.25611720102256785
52.974576193195354
4.401442360608159
1.289764665500491
.008252195842714692
.005660872921931878
93.75568986512714
326.1442198861779
15.03494211706321
27.789294774386242
74.36443654490823
.00047056023018631073
45.62056588778196
9.98266068296658
.05487048176013287
.1211187633182549
6.961867970812821
1.268115816997757
.0783988405556522
.10272719208617126
.3195228213066146
.39334253061441826
6.2404792950701395
.41903605701360563
2.373288425703837
.001856201811979501
10.16186974620527
27.883481965059932
3.059726577239087
3.591797080177791
.6239657283051565
29.5966810664626
4.460837169977638
23.806785598923955
10.225580930676527
1.5873284411912112
14.61169953857704
6.783421364505694
.001856201811979501
1.9851325721234128
7.424807247918011
2.339476246377671
1.926759877331985
11.476011458235178
.09981363683004435
9.907639984137138
1.6333159535125121
2.3650709165454185
19.76377945373803
12.337678205579651
.5821665368689741
15.507003294447916
13.390781450230508
2.0715845907144232
4.87326985403092
16.03100990456449
23.877738865542682
11.538022245962027
8.065199514684057
34.94366414184616
.001856201811979501
1.9871584791312118
27.65008490860431
6.66859707308256
35.184475615169376
37.09788045964228
3.9586608450412197
6.541204640842581
15.95564026483787
.03970265144246826
5.382715412655415
7.471596319916905
14.909177945179978
3.0289100525411032
6.004031870346573
19.000387186186902
19.79573568362717
17.234422850764815
7.6219643658646214
.44246909174623106
13.923195561109674
18.108608038293127
1.515576173902995
2.0027962110753323
31.736661215552285
24.978037780999056
8.70906933055645
.3992545473201774
.09815191993520993
.09925662860617068
3.2184350861241566
6.772158629718559
1.9291174792718586
13.461259594986387
13.846706870068447
7.854179473849047
5.058209499636488
37.509363481153244
7.79644311649459
12.618567224267753
17.272466591962502
8.959948811276199
11.090565324672749
.0012384549980171398
23.560222568861857
4.510757580008195
3.3280079978637525
.00013899931836182603
39.02022796804073
3.6483163642591534
1.2292425232700162
.6643008986249301
1.4471407265979157
.001856201811979501
18.04477688568877
8.23884957868909
4.439651860708515
11.384500828656696
.03970265144246826
6.946273595053875
.5570922972819051
6.206863715558073
5.47409855298984
.0012384549980171398
3.9639514008233423
9.541855187865464
2.971892704738867
6.521386669388866
8.888471141409827
.595539771637024
.39702651442468273
.18342075216822734
6.187656406379896
.002682341379650295
2.2448749001659487
21.75547765390587
42.63027819749921
10.775068978020443
.1661020568616056
.1683093264795046
26.945136836177912
38.978425481068555
3.8288848331676073
16.052847572365142
48.17712919838699
.2100395491291421
9.633799386659923
9.633799386659923
9.633799386659923
9.633799386659923
9.633799386659923
9.633799386659923
9.633799386659923
9.633799386659923
