.03730740843339127
7.141952975926869
1.0031875877559786
4.98603257696675
.19579160597887574
6.263369797795507
.004543084105865009
13.515942153764637
12284621288839115e-23
.5004563966928198
1.7029394771051305
.0008561236743953863
29.32230825859085
20.085228769726
34.33928736164026
19.221498605398892
24.20055365035252
25.62898936541815
16.652847049536177
.006678522848483332
61.74174819043926
5.974178394602322
42.640508476154984
3967367841162014e-21
2.8700084168423103
1.4430330415168768
3618562280679949e-25
1.3195125631586226
3.0306629816132293
88.33937391787603
14.793634719794515
.7325775646210257
9.961538840185167
188.3395852938197
149.30610288272305
11.125312135360131
3.8576738886131507
5.826323117059309
22.71918615811155
31.307558263973792
34.51963069961001
.000523262805245346
.305488708833161
.15281761968360524
52.45656877829813
229.38262015948192
12933604968655203e-23
23.364687183309027
6.488569930625595
1.0039881909020136
1.602654670409775
5.820685298947992
33.025573965214235
63.556983285936155
5.157176219964271
20.318734803681615
22.450992351466933
6.7073628385560164
1.0284894176784214
14.261168204695437
.00043467296833188293
21.452255023148826
17.43772161440498
8.571478810282603
8.469497028285954
2.497109493985884
44.24566453792672
5.43639153788168
51.56799880222992
.5326306470743016
.8218459957240292
4.717648216219189
1.356920258568446
12.839055639100225
7.813873281887651
123.34242975498141
43.24636232287882
7.89787842370305
12.714166401077785
19.51533448093762
28.25856860137534
17.837892259338915
7.108966283894074
.6537268238571244
.00022188198861492742
11.05715429844774
11.061060758618632
.17715242801874312
18225271905252632e-24
13.08002276440644
6.369940610660605
.009432090966847821
40.381477970490096
.1831622993674673
3430657216220381e-23
5.530075699154786
.07752780441252308
7.700374548500374
8.229654957178349
.6328834005646213
.79939471308692
.8809736811470792
.47691227680553333
4.072266803997002
.0015543986190765836
.3542673972990434
6.788457248566397
4.141121230296779
.9633585749272523
3.8063141411274803
1.81448180170304
.2063603362967452
.07240907534206782
1.0127652432650949
.00010118828981173773
.2561171776339161
52.9745759037081
4.401440678339889
1.2897646288193136
.00825219617296774
.005660870353053116
93.75568986512708
326.1442198861777
15.034942117063203
27.78929477438623
74.36443654490819
.00047056021897818007
45.620644063713705
9.982677754401445
.05487048768108876
.12111876773025974
6.961779863836816
1.2680994738068887
.07839883885123235
.10272718591298342
.3195228213066146
.39334253061441826
6.2404792950701395
.41903605701360563
2.373288425703837
.0018562018119795002
10.16186974620527
27.883481965059932
3.059726577239087
3.5917970801777894
.6239657283051565
29.596681066462587
4.460837169977638
23.806785598923955
10.22558093067649
1.5873284411912112
14.611699538577033
6.78342136450569
.0018562018119795002
1.9851325721234128
7.424807247918007
2.339476246377671
1.926759877331985
11.476011458235178
.09981363683004435
9.907639984137138
1.6333159535125121
2.3650709165454096
19.76377945373803
12.337678205579646
.5821665368689738
15.507003294447909
13.3907814502305
2.0715845907144232
4.87326985403092
16.03100990456448
23.87773886554267
11.538022245962022
8.065199514684053
34.94366414184615
.0018562018119795002
1.9871584791312118
27.65008490860431
6.66859707308256
35.18447561516936
37.09788045964226
3.958660845041218
6.541204640842578
15.955640264837863
.03970265144246826
5.382715412655412
7.471596319916902
14.909177945179971
3.0289100525411032
6.004031870346573
19.00038718618683
19.79573568362716
17.234422850764815
7.6219643658646214
.44246909174623106
13.923195561109667
18.10860803829312
1.515576173902995
2.0027962110753315
31.73666121555227
24.97803778099896
8.70906933055645
.3992545473201774
.09815191993520993
.09925662860617068
3.2184350861241446
6.772158629718534
1.9291174792718586
13.461259594986338
13.84670687006844
7.854179473849047
5.05820949963647
37.50936348115311
7.79644311649459
12.618567224267748
17.272466591962502
8.959948811276195
11.090565324672749
.0012384549980171398
23.560222568861857
4.510757580008193
3.3280079978637525
.00013899931836182603
39.02022796804071
3.6483163642591534
1.2292425232700155
.6643008986249301
1.4471407265979157
.0018562018119795002
18.044776885688762
8.23884957868909
4.439651860708515
11.384500828656696
.03970265144246826
6.946273595053875
.5570922972819049
6.206863715558073
5.47409855298984
.0012384549980171398
3.963951400823327
9.541855187865426
2.971892704738867
6.521386669388862
8.888471141409827
.595539771637024
.39702651442468273
.18342075216822734
6.187656406379896
.002682341379650285
2.2448749001659403
21.75547765390587
42.63027819749905
10.775068978020443
.1661020568616055
.16830932647950456
26.9451368361779
38.978425481068534
3.8288848331676055
16.052847572365135
48.17712919838697
.2100395491291421
9.633799386659923
9.633799386659923
9.633799386659923
9.633799386659923
9.633799386659923
9.633799386659923
9.633799386659923
9.633799386659923
