.03732485251763188
7.141942684997975
1.0032154058449834
4.986051608879199
.1957882027736738
6.2633685125345275
.0045430338561821704
13.511651410649575
12286437292468502e-23
.5003538996202702
1.7028692519783546
.0009055547398046194
30.402278348558614
20.07945199524489
34.332302528698854
19.21551332141531
24.19703028417051
25.606690272987006
16.647538972169542
.006678271339733956
61.740806827954145
5.973573515588465
42.632078128571955
396771071019817e-20
2.8696553609036832
1.4420486399871422
36187797530177293e-26
1.3194957833651018
3.0286619137028814
88.31096443431589
14.794994343640932
.7325923456367935
9.961243471946363
188.33099669501348
149.31979191269434
11.123192781304917
3.856383457771243
5.826137910438535
22.70960873661704
31.30682560169421
34.50287681412368
.0005232852879381041
.305483240024215
.152752084711029
52.45645569102988
229.35113157986322
12928029625708344e-23
23.362782586825215
6.488329769180506
1.0045107537228584
1.6026818572747399
5.822420964306377
33.02414810097644
63.53644860036276
5.157910136828791
20.319783774256873
22.449787024789053
6.746103609154567
1.0346090950306137
14.2633251963055
.00043479947466247895
21.451263856680125
17.440765716380298
8.569660944168138
8.47005944955258
2.497996467185826
44.236816740799576
5.437213375397332
51.56366173233665
.5327783079723198
.8221481467170195
4.71507941858204
1.356061686515514
12.835712867893578
7.811628773555653
123.32509397194129
43.24408607740547
7.893614434830094
12.709749569262968
19.516295010954064
28.26061356208675
17.835335540917153
7.109159853919852
.6534774209490644
.00022186901194721093
11.056795757832685
11.058942927281423
.17717784872666392
18241408739974903e-24
13.079670762742438
6.369214959631102
.009437422583707937
40.37718860541723
.18314580335926747
34327217435099874e-24
5.530706589739217
.07749797422065713
7.697779979155039
8.22697855680882
.6326126723876236
.7988656672167248
.8804724010653479
.47674033739167415
4.071924726573677
.0015544121829398217
.354043955332786
6.784619885702402
4.141147765619561
.9633598213968524
3.8057529616832255
1.8136603094407207
.20619297596660835
.0723775177851342
1.012846910637492
.00010107603540743219
.2560327302117602
52.93703009330037
4.397651489437823
1.2900533300795474
.00824956377519148
.0056545089585225885
93.75241895788132
326.1328415101718
15.03441758461956
27.78832527370032
74.3618421511741
.00047040221978499584
45.61621434813916
9.981516655189202
.05488150370028077
.12113172688804259
6.959854649043014
1.2673366751302748
.07839249302670213
.10271391777234706
.31952259835537183
.39333361076524637
6.240424865584246
.41902655451098964
2.3732760057833677
.0018561370536276055
10.161735039843222
27.882849649878747
3.059696121373368
3.59167177114202
.623949626474411
29.595648510479155
4.460724033497884
23.80624573119982
10.225045816992973
1.5873229033026623
14.611189772034198
6.7831847074865355
.0018561370536276055
1.9851256463715306
7.424548214510428
2.339468084387765
1.9267262670635243
11.475751216122173
.09981354977220785
9.90741530806621
1.6332789147210738
2.364947150295012
19.763331269476044
12.33724777409227
.5821462264990493
15.506462292941663
13.390314278540599
2.071575651224545
4.873146949544542
16.030450621746237
23.876905829497815
11.537619712519835
8.06491813955291
34.94244504267041
.0018561370536276055
1.987123815273643
27.6494578861804
6.668489906074909
35.18324811466892
37.096586205115706
3.958522737023878
6.540976434173878
15.955083611482442
.03970251292743063
5.38252762284905
7.471335654152771
14.908657800341404
3.0288748704733
6.003895716601329
18.99939287914019
19.795045058712812
17.234032024855008
7.621831408835805
.4424652325290061
13.922709814790583
18.107976273145546
1.5155708863445283
2.002726338402558
31.73555400088321
24.976730658215956
8.708871834535017
.3992541990888314
.09815106385376347
.09925628231857658
3.2182666625728804
6.771804236674827
1.9291107489460353
13.460555155379879
13.846223792253145
7.85400136420968
5.057944799064865
37.50740058302587
7.7962663161456245
12.618126993247909
17.272074903332783
8.959636220525375
11.090313823341905
.0012384269135082737
23.559688292460468
4.510600210682944
3.327932528452048
.00013899897956691336
39.01886664750032
3.648233631197846
1.229199637997858
.6642985810048057
1.4471079097118507
.0018561370536276055
18.04414734745435
8.238662745865605
4.4395511824907
11.384242661735033
.03970251292743063
6.946116074043683
.5570728616910158
6.20672296218445
5.473974416570196
.0012384269135082737
3.963743963744716
9.541355854154045
2.97182531097232
6.521159154120829
8.888269577084134
.5955376939114595
.39702512927430633
.18342011224793317
6.187602437615452
.002682201010356272
2.244757423879263
21.754984303799464
42.62804731738083
10.774824631216783
.16609626196614788
.16830404175874814
26.94419678610262
38.977065618914914
3.828751252718653
16.05228752768395
48.175448415906445
.21003925888750535
9.633631335317618
9.633631335317618
9.633631335317618
9.633631335317618
9.633631335317618
9.633631335317618
9.633631335317618
9.633631335317618
