.03732485251763188
7.141942685000003
1.00321540622115
4.986051608773572
.19578820276069617
6.263368512137294
.004543033856350275
13.511650773248132
12286437284425627e-23
.5003538996215361
1.7028692517556252
.0008554279011227021
29.31220783914502
20.080596668419844
34.33365688510709
19.215513460617935
24.197030275707775
25.606690287558663
16.647538972066425
.0066782713397349645
61.7408068279937
5.973573515827182
42.63207820737773
3967710712706528e-21
2.869655361133531
1.4420486383819322
3618779758878382e-25
1.3194957833700431
3.0286619244067956
88.31096444088791
14.79499434353115
.7325923456250608
9.961243488277427
188.33099682294744
149.31979190852527
11.12357086094334
3.8563832794207187
5.82613791962779
22.711476261402215
31.30682571651785
34.50444692964955
.0005232852879356072
.305483240024215
.1527520847451301
52.456455690926944
229.35113167970462
1292802964924395e-22
23.362782586870296
6.488329766355243
1.0045107505054507
1.602681856828747
5.822420926349101
33.024148100991724
63.53644861119959
5.157910136816393
20.31978375944716
22.4497871113177
6.74610362715561
1.0346090877107577
14.263325191066192
.00043479947466308486
21.451263856576283
17.440765716394655
8.569660937720062
8.470059455915248
2.4979964706495377
44.23681694913253
5.437213371788077
51.56366199810583
.5327783079168256
.8221481468503326
4.71507944261211
1.3560616948959558
12.835712852497007
7.8116288154195574
123.32509394834169
43.24408619284351
7.89361449803032
12.70974965460106
19.516295029885615
28.260613583764155
17.83533554124327
7.10915986610475
.653477423161567
.0002218690120808466
11.056795772478557
11.058942927279224
.17717784882924054
18241409758402483e-24
13.079670779942978
6.369214959400803
.009437420311378408
40.37718859060414
.183145803846806
34327218159063527e-24
5.530706597549831
.07749797431881565
7.6977799802540705
8.226978564972233
.6326126724061247
.7988656681498187
.8804724009933395
.47674033766143664
4.071924730854081
.0015544121829473524
.3540439568444994
6.78461991514457
4.141147769586207
.9633598213997374
3.8057529663699414
1.8136603147583372
.20619297683411172
.07237751786131644
1.012846911255087
.00010107603593120714
.25603273077049976
52.93703009282971
4.397651516818936
1.290053331943467
.008249563768229563
.005654508998153834
93.75241895788132
326.1328415101718
15.03441758461956
27.78832527370032
74.3618421511741
.00047040222023694053
45.616203587529455
9.981514283512558
.054881506960293064
.12113173421409923
6.959863781358126
1.2673383431797498
.07839249499423973
.10271392040937462
.31952259835537183
.39333361076524637
6.240424865584246
.41902655451098964
2.3732760057833677
.0018561370536276055
10.161735039843222
27.882849649878747
3.059696121373368
3.59167177114202
.623949626474411
29.595648510479155
4.460724033497884
23.80624573119982
10.225045816992974
1.5873229033026623
14.611189772034198
6.7831847074865355
.0018561370536276055
1.9851256463715306
7.424548214510428
2.339468084387765
1.9267262670635243
11.475751216122173
.09981354977220785
9.90741530806621
1.6332789147210738
2.3649471502950123
19.763331269476044
12.33724777409227
.5821462264990493
15.506462292941663
13.390314278540599
2.071575651224545
4.873146949544542
16.030450621746237
23.876905829497815
11.537619712519835
8.06491813955291
34.94244504267041
.0018561370536276055
1.987123815273643
27.6494578861804
6.668489906074909
35.18324811466892
37.096586205115706
3.958522737023878
6.540976434173878
15.955083611482442
.03970251292743063
5.38252762284905
7.471335654152771
14.908657800341404
3.0288748704733
6.003895716601329
18.99939287914019
19.795045058712812
17.234032024855008
7.621831408835805
.4424652325290061
13.922709814790583
18.107976273145546
1.5155708863445283
2.002726338402558
31.73555400088321
24.976730658215956
8.708871834535017
.3992541990888314
.09815106385376347
.09925628231857658
3.2182666625728804
6.771804236674827
1.9291107489460353
13.460555155379879
13.846223792253145
7.85400136420968
5.057944799064866
37.50740058302588
7.7962663161456245
12.618126993247909
17.272074903332783
8.959636220525375
11.090313823341905
.0012384269135082737
23.559688292460468
4.510600210682944
3.327932528452048
.00013899897956691336
39.01886664750032
3.648233631197846
1.229199637997858
.6642985810048057
1.4471079097118507
.0018561370536276055
18.04414734745435
8.238662745865605
4.4395511824907
11.384242661735033
.03970251292743063
6.946116074043683
.5570728616910158
6.20672296218445
5.473974416570196
.0012384269135082737
3.9637439637447165
9.541355854154046
2.97182531097232
6.521159154120829
8.888269577084134
.5955376939114595
.39702512927430633
.18342011224793317
6.187602437615452
.0026822010103562726
2.244757423879263
21.754984303799464
42.62804731738083
10.774824631216783
.16609626196614788
.16830404175874814
26.94419678610262
38.977065618914914
3.828751252718653
16.05228752768395
48.175448415906445
.21003925888750535
9.633631335317618
9.633631335317618
9.633631335317618
9.633631335317618
9.633631335317618
9.633631335317618
9.633631335317618
9.633631335317618
