.03743253930501618
7.1418791920071545
1.003386920237511
4.986170434813388
.19576718858538025
6.263361387811539
.004542722847392716
13.485335253846326
12297649210750483e-23
.49972126556247265
1.7024358103113855
.0007005092425786692
25.67060245078944
20.055474820562782
34.30299674574386
19.178410276745677
24.175237617518466
25.468938786807175
16.614637747272567
.006676718801785826
61.734991316632936
5.969838257038726
42.57982309971848
3969825576370197e-21
2.867473479541567
1.4359487644238424
3620115669979952e-25
1.3193920602866618
3.0163021604638405
88.13564390705535
14.803358343957346
.7326829936774725
9.959418155650718
188.27800561939893
149.40412326226152
11.11396596297507
3.8484664267685824
5.824993684212093
22.66957516069632
31.30228803419382
34.415870718886445
.0005234233534648277
.3054494818855532
.15234826756009634
52.45574419366597
229.15581733278998
12893459080730613e-23
23.35097490399519
6.486847379814275
1.0077407392719018
1.6028475786853789
5.833162807438855
33.0153479818594
63.40979946709708
5.162428641063572
20.326229858877603
22.442284253975288
6.987938346475381
1.0731342875559327
14.276605145586016
.0004355800618267427
21.445146523521352
17.459508472983384
8.558423036311968
8.47352919699359
2.5034696490247015
44.18194699073694
5.442273587916056
51.53646005169445
.5336874747350595
.8240122758865537
4.699195875437886
1.3507552880099776
12.815040038579774
7.797720284952693
123.21795319251085
43.22995859121048
7.867239677582342
12.682373085207209
19.522211319810257
28.273230308734334
17.819552285452442
7.11034152477626
.6519377552735287
.00022178883689830852
11.054566827047376
11.045874473522574
.1773341351589091
18341500271530264e-24
13.07747024519486
6.364719342982382
.009470478553465923
40.350653775769494
.1830438358378193
3445532203877949e-23
5.5345963297817695
.0773138992393222
7.681779849852039
8.210470414807277
.6309416302408163
.7956012161745384
.8773815150671168
.4756793977443177
4.0698069219419795
.0015544943952087724
.35266354491914176
6.760895415927149
4.141302595532657
.9633668707356162
3.8022888204450265
1.8085731353946024
.2051594395943183
.07218231983540158
1.013348790549509
.00010038431845424435
.2555099433783378
52.704944915460175
4.374263630990553
1.2918348240446917
.008233301333577575
.005615290046664808
93.73222933850045
326.0626086776659
15.031179917026334
27.78234104719455
74.34582829994572
.0004694249919734273
45.58871512140916
9.974307017606614
.05494941024038941
.12121124208053849
6.948059507652636
1.2626425441339606
.07835327198856966
.10263186638720981
.3195212220238516
.3932785507365531
6.240088868977082
.41896789790630806
2.373199335881233
.0018557373338011942
10.160903502601201
27.878946524237424
3.059508116247608
3.5908983032485358
.6238502349603178
29.589275076221153
4.46002567664113
23.802913260907008
10.221743043514628
1.587288716930006
14.608043246712738
6.78172394605812
.0018557373338011942
1.9850828924712527
7.422949335204783
2.339417698969912
1.926518795272841
11.474144805752088
.09981301234362909
9.906028438100845
1.633050283397822
2.364183253011276
19.76056473857965
12.334590943052227
.5820208610858933
15.503122970339449
13.387430669224925
2.0715204663244253
4.872388297386545
16.02699845805644
23.87176392866956
11.535135081689544
8.063181356338296
34.93492017372846
.0018557373338011942
1.986909839815213
27.64558743142418
6.667828374896158
35.17567138869306
37.088597441048215
3.957670267634187
6.539567832390018
15.951647678107213
.03970165784942507
5.381368493461027
7.469726699154054
14.905447215165955
3.0286576916308583
6.0030552731167655
18.993255919753505
19.790782188167125
17.23161955291816
7.621010682488887
.44244140934066234
13.919711553891979
18.104076713509897
1.5155382453040698
2.002295050517447
31.7287197371571
24.96866296980945
8.707652740310747
.39925204937451636
.09814577920966396
.09925414462356269
3.2172271361033045
6.76961688848747
1.9290692014456359
13.456207285906558
13.84324200264883
7.852901937339881
5.0563110415016945
37.4952853856855
7.795174971202505
12.61540967476029
17.26965710603873
8.95770675942886
11.08876136766403
.0012382535547626032
23.556390336023785
4.509628851197554
3.3274666743895147
.00013899688811766977
39.01046391960228
3.6477229404180194
1.2289349293843617
.6642842739228642
1.4469053391690587
.0018557373338011942
18.04026153340233
8.237509472931979
4.43892972068626
11.38264906100921
.03970165784942507
6.94514373570321
.556952895836588
6.205854126328485
5.473208153072255
.0012382535547626032
3.9624636420060453
9.538273918128862
2.9714093058753357
6.519754819995829
8.887025370221172
.5955248677413761
.39701657849425076
.18341616190594734
6.1872692850705056
.0026813346374794027
2.2440323488607645
21.751938975286453
42.61427810923905
10.773316338670398
.16606049307242804
.16827142150153448
26.938394342990414
38.968671892884416
3.827926729667881
16.048830661408086
48.16507381461262
.21003746716063182
9.632593976364202
9.632593976364202
9.632593976364202
9.632593976364202
9.632593976364202
9.632593976364202
9.632593976364202
9.632593976364202
