.03775559966716908
7.141689083761076
1.003899150112416
4.9865406727459085
.1957040909481491
6.263348313964049
.004541781540512208
13.408201741872336
12331288050201652e-23
.4978245351187867
1.7011362743309475
.0005711082943904738
22.280217317784807
19.97270032096134
34.20211190226433
19.06550073944909
24.1094299673402
25.054784802345214
16.514549696578626
.006672062106530738
61.71750065795893
5.95862048703473
42.42084227395504
3976151428128456e-21
2.8609037316923827
1.4174178645368238
3624053089752346e-25
1.3190794810593618
2.9791551063694017
87.61029896034856
14.828149580096193
.7329488025026187
9.953921300115752
188.1193185965136
149.6553270593249
11.082668400903623
3.825234237566235
5.821551190440503
22.532107172439282
31.288517264570757
34.14400536479088
.0005238301123468072
.3053482303480566
.15114452810691834
52.45347262692488
228.5600188760561
12788127712167425e-23
23.31503468221107
6.482402302934463
1.017474684109091
1.6033230202040474
5.865686045108911
32.98896935814933
63.031067543752485
5.175860547684667
20.345269363952042
22.41913030226147
7.738663261761777
1.196658868027264
14.316081995707956
.0004379181911465348
21.42680860221036
17.51523594606304
8.524549582015858
8.483913633643994
2.5198649576952135
44.01473385709644
5.4573201164868586
51.45040547962844
.5363905951333142
.8295934598756545
4.651281025361451
1.3347728466927324
12.752645296015126
7.755448788361696
122.89526009452946
43.18679460303655
7.787580873755529
12.599102702773092
19.539818122364462
28.310998579563382
17.772204098361676
7.113745879967457
.6473184553440776
.00022154758688620427
11.047715035419603
11.006725549802981
.17779637521596448
18646609481093395e-24
13.070584620321462
6.351068873728502
.00957134508614017
40.27048052096814
.18273647057538275
34846353517214064e-24
5.5462126070476545
.07676245480794726
7.6339542713797135
8.161092549476884
.6259316841005367
.7858240102841428
.8681472852187028
.4725016099027504
4.063389688652764
.0015547253686720686
.3485115799537099
6.689357403167709
4.141673552435679
.9633813818935846
3.791897245049299
1.7931489009880752
.20205533224542682
.07159284158278
1.0148306564249168
9832230751246864e-20
.2539263583429291
52.005591818196926
4.304142731254948
1.2971712318048652
.008184396587375718
.005498181261643938
93.67168656366647
325.85200091512496
15.021471097043836
27.764396098800045
74.29780743482414
.00046647445444453347
45.50560094349263
9.952460353726234
.05515167782372816
.1214438243592304
6.912742858864813
1.2485575598148524
.07823476327800227
.10238376203135922
.31951709306486153
.39311341689097407
6.239080987695958
.41879197735323975
2.3729693410356725
.001854538690726723
10.158409299122228
27.867240425235536
3.058944170180111
3.5885788988242564
.6235521554028602
29.570163007393994
4.457931261997654
23.792918648703015
10.211841122638516
1.5871861622296313
14.598607735797309
6.777343548955117
.001854538690726723
1.9849546362951171
7.418154762906898
2.3392665492272027
1.925896513935775
11.46932692373702
.09981140007525485
9.901868992925571
1.6323645814371723
2.3618930413117356
19.752267469277815
12.326623882336776
.5816449268081098
15.493109316659805
13.378783566661243
2.071354920444365
4.8701130494814135
16.01664642689535
23.8563448690929
11.527684399135007
8.057973250473884
34.912355288407284
.001854538690726723
1.9862680516765332
27.633979317639955
6.665844175087325
35.15295099926512
37.06464146966432
3.955113960784648
6.535343846834761
15.941344316921606
.03969909272590236
5.377892602795697
7.46490191279391
14.895819607448564
3.0280062485330683
6.00053464848413
18.974856932761114
19.77799908380417
17.224384163149256
7.61854903366982
.4423699474714755
13.910720644699817
18.092383072509588
1.5154403264005987
2.0010017440501815
31.70822577527895
24.944475536799544
8.703996481457366
.3992456003010194
.0981299269845172
.09924773181475591
3.214110570914122
6.763059082200806
1.9289445643132437
13.443172102056757
13.834300486059995
7.849604580050907
5.051412934432789
37.45896326845599
7.791901852906209
12.607261229846863
17.262405744670527
8.951920868842533
11.084105304413384
.0012377336241156942
23.546499236402752
4.506716027657031
3.326069503435367
.0001389906139587511
38.98526659153357
3.646191296966755
1.2281411455253792
.6642413545258135
1.4462977976634297
.001854538690726723
18.028609111394754
8.234050622672505
4.437065857188849
11.377869597169138
.03969909272590236
6.942227537270756
.5565931532592084
6.20324834842612
5.470910006101668
.0012377336241156942
3.958625157582146
9.529034081710556
2.9701616399536888
6.515543631903692
8.883293794541808
.5954863908885354
.39699092725902363
.18340431139045665
6.186269935057287
.00267873719756043
2.2418585287336814
21.742805547274518
42.57299716446925
10.768792727725144
.16595323260170353
.16817359865923914
26.920994509927585
38.94350155878866
3.8254542257307524
16.038464528564138
48.133963413852925
.21003209207171597
9.629482569678872
9.629482569678872
9.629482569678872
9.629482569678872
9.629482569678872
9.629482569678872
9.629482569678872
9.629482569678872
