.03895829698710553
7.140986451442119
1.0057714575983598
4.988097124619228
.19546843658127727
6.26340482694629
.004538171628887884
13.144322332055324
124564349822136e-21
.4907815874983306
1.6963089602552657
.00051728157038078
21.011835348873518
19.657883571352524
33.8166924454434
18.624186282203958
23.859011928025996
23.504373944687405
16.12323257245571
.006654737725453174
61.65178766574388
5.916710290201617
41.79892886741922
3999417191922916e-21
2.836146487770152
1.3456108585762896
3637819912629381e-25
1.3178975709927347
2.8400508243261906
85.6632182290482
14.91656479438681
.7338596689448041
9.933178226764834
187.53218238861055
150.56743009467607
10.96345113452208
3.745394344075293
5.8086034764218155
22.01392567468684
31.235140485173766
33.17457777447121
.0005252490587864258
.30497159006476615
.1467643631499325
52.443256986651086
226.1989718623566
1237330979689058e-22
23.174434656875942
6.465880417463245
1.054318282444205
1.6048102615917843
5.990918045444233
32.89105263944378
61.637495795773546
5.224332864015258
20.412451006371374
22.32439331326092
10.70439879038139
1.7705289814813547
14.458546183313144
.00044658458531345594
21.358709069987512
17.716504782572564
8.396491158298344
8.522172410171363
2.580585645976636
43.35746446223095
5.511668090320815
51.070793687584384
.5461427410840105
.850249057429099
4.469562923774412
1.2745132832893789
12.515711050413584
7.590858406102759
121.67685794240242
43.016102177669495
7.484339518827415
12.27423201749137
19.603293729486758
28.45026766313627
17.596006367927707
7.124429334034815
.6301255200659615
.00022063853221356144
11.019866676828903
10.8617276007354
.17943056246039163
1985003437814989e-23
13.041266866382614
6.298163587373376
.009970332116031618
39.96473885334083
.18157002325958613
36395045317316595e-24
5.5886719008653625
.07472041687157915
7.458252821236284
7.979276086017808
.6073604365048914
.7496775805507299
.8343129141975172
.4607384581049097
4.038617287236713
.001555380804194273
.33292192588761194
6.418407194645524
4.141794239419668
.9633493345168358
3.75318616684607
1.7336749332592774
.19047596201699876
.0693519617870106
1.0200213065021986
9082728729597045e-20
.24783058202370972
49.363964511859905
4.0439309403911725
1.316911073557269
.008001063665570032
.005070264935525694
93.44663996235117
325.06914018070336
14.98538195270193
27.69769202621606
74.11930665554092
.00045525917164909865
45.18774647425787
9.868256003287712
.05588592300807017
.12223306192958672
6.783128230505235
1.1963031768082322
.07778192556246004
.1014345383100041
.3195017221405358
.39249926174506783
6.235330252567374
.4181377049806765
2.372113306317532
.0018500831541108415
10.149129196274835
27.823703856973076
3.0568456111221107
3.579957323678566
.6224437087841218
29.49912057259561
4.45014276463794
23.755747331733488
10.175062251463702
1.5868044272339266
14.563534522370711
6.761060953994025
.0018500831541108415
1.9844772337902368
7.4003326164433725
2.338703930973988
1.9235816356879578
11.451408567741947
.09980539811055185
9.886399452750146
1.6298143629388737
2.353386469494581
19.721408800536583
12.29700911919779
.5802475225469889
15.455887059610436
13.34664098567586
2.0707387383331257
4.8616520351300325
15.978166369846395
23.799029905206275
11.499989091297266
8.038613937537031
34.82847821530443
.0018500831541108415
1.9838806083877114
27.59080716967813
6.658462535011046
35.06849589400542
36.975593520409674
3.94561178368779
6.51964265712513
15.903045173492796
.03968954467580475
5.364972194325466
7.446967456115962
14.860032341312563
3.0255822712058444
5.991160103952682
18.906517266063453
19.730482361965258
17.19747476826641
7.609391732999529
.4421040088652797
13.87730008275863
18.048916049874144
1.5150758470343746
1.9961943293633708
31.632046636136245
24.854635747747466
8.690398359390425
.3992215924422074
.09807093442374869
.09922386168951189
3.202534660438272
6.738701312064675
1.9284806328208355
13.394755299544396
13.801063523855342
7.837341261530025
5.033219813002959
37.324051417806615
7.779728682483269
12.576972234358957
17.2354369492459
8.930413843180009
11.066788774328225
.001235799931593766
23.50971289675431
4.495888624390109
3.320873235352401
.0001389672588502224
38.89160433274812
3.6404949074471595
1.225190531515156
.6640815974811447
1.4440382684874153
.0018500831541108415
17.985295305955756
8.221186689913456
4.430133896304713
11.360094123572189
.03968954467580475
6.9313818001809695
.5552559359841547
6.1935571073470195
5.462362886139162
.001235799931593766
3.9443678103563524
9.494714401967919
2.965521401343219
6.499890012289563
8.869415558994259
.5953431701370713
.39689544675804755
.18336020072109294
6.182550948237581
.002669089482802917
2.2337842720908054
21.708837090998205
42.419666657322345
10.751968805709877
.1655545292971685
.16780992097053202
26.856316713031408
38.84993964066128
3.816263556665529
15.99993205343873
48.01832137439033
.21001208276343666
9.617908178439782
9.617908178439782
9.617908178439782
9.617908178439782
9.617908178439782
9.617908178439782
9.617908178439782
9.617908178439782
