.04054563247029845
7.14007248188661
1.0081394809135513
4.990564083483174
.19515550331053905
6.263713558512902
.004533167818858637
12.847100435451699
12620384700684232e-23
.4815408109152724
1.6899633974985306
.0005128225727358834
21.28321896412112
19.247683703054527
33.30940801846842
17.99288431803982
23.51676148045363
21.4538490013719
15.559992911504064
.006631898912751178
61.56353567758285
5.861076763127314
40.90262877812413
4029259741839852e-21
2.8028260912802256
1.2451343398581538
3653869527639686e-25
1.3162952552738472
2.655017411682446
83.11673345409659
15.024284946594687
.734881563940746
9.905180159848669
186.76595430792676
151.7178180555476
10.806668594311034
3.6545959889268804
5.791224299573437
21.348956070663814
31.15996638238602
32.01569210637542
.0005269036332001198
.30447522219918244
.14122353437324767
52.42572993020493
222.67431885859403
11766059514888623e-23
22.972528749215552
6.44411623199003
1.104233969641448
1.6061135009778276
6.164869257581854
32.76250996895372
59.838951282134055
5.285051796833599
20.49316384407628
22.179009223847395
14.075132421551697
2.809390310794566
14.636980597467526
.00045797932303358834
21.26915783807184
17.969045858192796
8.223571195281565
8.5713479096461
2.6599617416347385
42.4055117964637
5.579802391583054
50.42596277785295
.5583068102742318
.8773342622644681
4.222648291471732
1.1935863860227174
12.193347886443581
7.356458338836773
120.02603716297001
42.7685695362082
7.070261200899947
11.811229326115795
19.681107187622278
28.629630352356344
17.36382713875984
7.13309603576986
.6074874563558368
.00021940596614728903
10.976688227960702
10.672170305282352
.18138020528540919
21618094793806895e-24
12.993971580225484
6.223610522472151
.01055898050728769
39.545022527459594
.1799646267377478
3868117369081652e-23
5.642390293552076
.07205423956273675
7.232140512982035
7.7444491269897116
.5832144300711817
.7027576047647585
.7911336434770142
.4453783421009767
4.003604463290987
.0015557615688039327
.31208760326659746
6.050879271656794
4.1388153014774804
.9631058620339513
3.7018374189897645
1.650732161889666
.17524869388481826
.06630532617611326
1.0260255259476974
8141249858384198e-20
.23931017397649437
45.80138064613984
3.704038910506292
1.342559759006103
.007757374310361442
.004528770401715793
93.15044803228187
324.0387889976658
14.937883731201566
27.609900396008538
73.88437535675321
.0004399867171705233
44.74899549109878
9.750789501799394
.05680800176608936
.12309345788958145
6.616522918050113
1.1280079387026964
.0771503271890075
.10011694072559855
.3194814365277243
.39169016043019
6.230383435411982
.4172757523609551
2.370983973347036
.0018442190620426243
10.13689417343071
27.766347837307308
3.0540781095378824
3.568610158390512
.6209837824462102
29.405619067766068
4.439884232137675
23.706777032231386
10.126723724931434
1.5863007489943437
14.51737340410525
6.73963084485274
.0018442190620426243
1.983847327557022
7.376876248170502
2.3379615872682096
1.9205306883818765
11.427802536769637
.09979747719239312
9.866019544871941
1.6264546497557257
2.3422062691690275
19.68075492077942
12.258032063772761
.5784083485147246
15.406897507701842
13.304336978222173
2.069925773809053
4.850507577791614
15.927521382097666
23.723595618813096
11.463538300063897
8.013134449155206
34.71808458116067
.0018442190620426243
1.9807340223081538
27.533931245223457
6.648732663163513
34.95734149094013
36.858394310093715
3.933105626484219
6.498977756356583
15.852638292669539
.03967694655114045
5.347967179809743
7.423363272328519
14.812931432581774
3.022386044856697
5.978809875582315
18.8166983377943
19.66794389451107
17.162023747579855
7.597322656866759
.4417532643807157
13.833314078582136
17.991707537266034
1.514594936644681
1.9898671179040213
31.531784529879946
24.736559175845464
8.672483898333523
.3991899087695725
.09799312956639522
.09919236637785117
3.187320423627896
6.706687857589801
1.9278685008444325
13.331121022088544
13.757319161898758
7.821185299626665
5.009308565733825
37.14673656653957
7.763691483640133
12.537107797477935
17.19990767299675
8.902107672796623
11.043975601867787
.0012332524431089905
23.461249774728053
4.481638289337172
3.314027559033623
.0001389364404834883
38.76833206361732
3.6329903602963554
1.2213071222413894
.6638708068857707
1.4410615157246904
.0018442190620426243
17.928288448013262
8.204239465780878
4.421001580629395
11.336676328971373
.03967694655114045
6.9170933908129815
.5534959762100221
6.1807896560732365
5.45110272484901
.0012332524431089905
3.9256293571320007
9.449607994489206
2.959408250315986
6.479287720235468
8.851132070360233
.5951541982671068
.3967694655114047
.1833019991295649
6.17764600369479
.0026564094765687634
2.2231722642587854
21.664086309667546
42.21814413770239
10.729804605809097
.1650297815311279
.16733113813076078
26.771191937170126
38.72679943348123
3.8041673863916987
15.949218076373368
47.866120724989784
.20998567713765415
9.602653441909373
9.602653441909373
9.602653441909373
9.602653441909373
9.602653441909373
9.602653441909373
9.602653441909373
9.602653441909373
