.041444304871797275
7.139562436134251
1.0094162964261515
4.992157294429105
.19497732654616295
6.263994632598086
.004530222596450705
12.70173688593631
12711936116755858e-23
.47634292365388514
1.6863837005122606
.0004892084233648472
20.773172092184666
19.019112589809083
33.0240236381996
17.612154419005904
23.31806137236129
20.301537247983127
15.216991843332112
.006618980576455469
61.51275379193957
5.829442357240695
40.3556191539553
4045608954636081e-21
2.7836812224206056
1.1860549854011577
36618869367937e-23
1.3153676037429158
2.5498899845659886
81.68816082755308
15.080966266803914
.7353745672527281
9.889044903454534
186.33649396885968
152.3434623620889
10.71853854939736
3.6097253817721797
5.781253787167541
20.98332570815397
31.115225736470475
31.415129663452312
.0005277370146642012
.3041945689504706
.13820527993510284
52.413871489136625
220.4333447284241
11390319743506046e-23
22.850011179671487
6.4317992097215635
1.1328324871003084
1.6065372095837698
6.265283472482757
32.69008121701863
58.84188620718874
5.318019947691497
20.535330347912648
22.08654458974592
15.235442341303662
3.502505534701361
14.733829350343361
.00046443513355495406
21.21858091184843
18.106351657667147
8.124260977761224
8.598305565555348
2.7044813494889812
41.8238045751331
5.616771075862199
49.98811291807723
.5648605820493254
.8926430002945582
4.079967170618173
1.1473495345174198
12.007019317362772
7.215326101916632
119.06892981370156
42.618283182825394
6.830339388449454
11.533056332030327
19.72156117361062
28.72817506369314
17.232683392372838
7.1348733926933
.5947280713562964
.0002186877623217212
10.94853166625574
10.565772916019052
.18238042910261662
22720294921758682e-24
12.963033459061274
6.17919070702505
.010926974981086517
39.300270105540626
.1790150474924321
4010803250791007e-23
5.671369853246657
.07056130863327707
7.107108239555819
7.614234200708752
.5698274958996108
.6766953853616688
.767527715160585
.4367673958361445
3.9825001530474053
.0015557387214933413
.3002046934298782
5.838678372121582
4.135511264101263
.9628704109277585
3.6725170057586936
1.6018585068438644
.16672179076004057
.06454901507492888
1.028961061732434
7634414320381125e-20
.23425518472098697
43.75784402188423
3.5143569992407726
1.3568136252432237
.0076193910203285085
.004235976999367862
92.98317492734172
323.4569026460521
14.91105931708724
27.560320454485034
73.7516989270252
.0004311586163728229
44.49157073027928
9.681473239322628
.05730465888403102
.12349072489810237
6.524439498959083
1.089831279272655
.0767709353993218
.09933516099807274
.3194699523681435
.39123282614983707
6.227584527462319
.41678854454928815
2.3703448381485086
.001840907341538706
10.129973836841671
27.733928072939843
3.0525123952535034
3.562201896120983
.6201587615342924
29.35281449937099
4.434086835979846
23.67909719007856
10.099458673568016
1.586015661674402
14.491304113230356
6.727528283873342
.001840907341538706
1.9834907938302715
7.363629366154829
2.337541412718419
1.9188055357455986
11.41445952645907
.09979299303121408
9.854500059818893
1.6245556143907431
2.3359001452964674
19.65777582965645
12.236019941157391
.577369682975018
15.379230871222381
13.280445973911101
2.0694656542128644
4.8442094558930435
15.89891984542378
23.680994433490525
11.442952874168924
7.998745018852643
34.65574025616663
.001840907341538706
1.9789547909003862
27.501782848599223
6.643230386157237
34.89456752500477
36.79220656554072
3.926042828568619
6.4873073434792765
15.824171225846746
.03966981587660543
5.338363671783943
7.410032912143555
14.786331399126917
3.0205779936033297
5.971829065268334
18.76603651857168
19.632625566875294
17.14198550671269
7.590498219595626
.44155481323621043
13.808473173933615
17.95939927845991
1.5143227361735163
1.9862938527371723
31.475161941217905
24.669958804905825
8.662357975899933
.39917197212485633
.09794910759692915
.09917453969151363
3.1787389260554937
6.688630863651532
1.9275220275388794
13.295228495613832
13.732614723643495
7.812053346588624
4.99582157240313
37.046723205063486
7.7546266599191265
12.514594530042798
17.179825199163027
8.886121886121456
11.0310807447987
.0012318125074773595
23.433856608225938
4.473590474563203
3.3101581271155074
.00013891899564832317
38.69871458549865
3.628748509977393
1.2191139837354743
.6637514971336682
1.4393789438916005
.001840907341538706
17.89609407280293
8.19466026177993
4.415839654748757
11.323439716887963
.03966981587660543
6.909017048214671
.5525020465782458
6.173573015792387
5.444738061159066
.0012318125074773595
3.9150600467643804
9.424166000184613
2.955952869049982
6.467652665357484
8.840797559758125
.5950472381490816
.3966981587660545
.18326905640057425
6.174870787259207
.002649257396311789
2.217186625900201
21.63879149676989
42.104476588389396
10.717276572267648
.16473343251137076
.16706068036099597
26.723118090045663
38.657256536775165
3.797336126812429
15.920577578282815
47.78016606986741
.20997072902434846
9.594027678727983
9.594027678727983
9.594027678727983
9.594027678727983
9.594027678727983
9.594027678727983
9.594027678727983
9.594027678727983
