.0423429772732961
7.139058193291758
1.0106389712707629
4.993883678221629
.19479839727406678
6.264344705910063
.00452720125244479
12.571243468550248
12802106755096924e-23
.4711757213833883
1.682813259850188
.00047430280876779076
20.520105739867745
18.792363638680943
32.738891412441696
17.215529655044406
23.116598920988018
19.16307646795942
14.856640354118854
.006606069950396888
61.46134637962161
5.797734946722186
39.77908375288488
4061487182231489e-21
2.764372106046415
1.1258546577042587
3669142868543398e-25
1.3144256943992878
2.4447440318037628
80.2701732678715
15.134674407812398
.7358090479488999
9.872721243402218
185.91014468535258
152.95136920611236
10.630594398239317
3.5690922958251035
5.771197280439429
20.624055592576255
31.06902756276493
30.849619390404275
.0005284998111706655
.3039141801135039
.1352723565592474
52.400672216153175
217.98711699466028
10991190812183592e-23
22.72157657848537
6.419471689815006
1.1613742459963505
1.6067504728104551
6.364857291518978
32.61790062030967
57.860910454915896
5.350071858285629
20.575130399075395
21.986750738613626
15.775563492498108
4.213747111439863
14.827934933301824
.00047090334177258034
21.168082518348413
18.239865041226494
8.024361983854597
8.624475231857048
2.748622271397548
41.21111770469811
5.652636366605253
49.4974721967777
.5711874701394929
.907959325606551
3.9356694092707376
1.100995227190672
11.818707500003992
7.068282732974645
118.09495544609804
42.46134437940012
6.587452536857073
11.244174465354881
19.759035964211552
28.824027357778053
17.101882288288202
7.134123151418976
.5820362613432609
.00021795234106712234
10.917377255388322
10.460045170306268
.18330685033386057
23903413138758497e-24
12.92920653132205
6.133279565471374
.011322638882271011
39.05124703913319
.1780311243043889
4163796673185654e-23
5.6991324150990526
.06908241529509077
6.984321293285609
7.486088935675601
.5567075100640376
.6510663976644215
.7445880511794787
.4282208727671112
3.960395445249933
.0015555489021945796
.2882887818289594
5.624123093052629
4.1310326381622655
.9625669976522949
3.6429578887597502
1.5518247101169853
.1583037326284101
.06277850012350822
1.0315359094704748
7147595771419735e-20
.2290405904779252
41.70496094175116
3.327288128161269
1.3708293225097745
.007481981916669634
.0039542111236148154
92.81620219986503
322.8760612056713
14.884283072399032
27.51082954518867
73.61926074844602
.0004222380239292317
44.228123288367954
9.61039146023393
.057781674044549064
.12382398717296579
6.433970641450107
1.0521048471303172
.0763721061607097
.09852474724319149
.3194584686213753
.3907760258493404
6.224786876880819
.4163019055975742
2.3697058752387052
.0018376015679932363
10.123058224683863
27.701546161630542
3.050947483653652
3.555805141365268
.6193348367211347
29.30010475376479
4.428297009795193
23.651449666688553
10.072267030274666
1.5857306255898775
14.465281635783539
6.71544745583523
.0018376015679932363
1.9831343241791661
7.35040627197295
2.337121313681697
1.9170819327600157
11.401132095340861
.09978850907152009
9.84299402482467
1.6226587963242987
2.3296109999498933
19.63482356873691
12.214047346388169
.5763328825989927
15.351613916573669
13.256597871411874
2.0690056368957275
4.837919511765876
15.8703696694097
23.63846974842777
11.422404414156883
7.984381428093003
34.593507884796026
.0018376015679932363
1.9771771577205839
27.469671988186345
6.637732662658316
34.83190628421231
36.72613767635797
3.91899271353664
6.475657887521607
15.795755278212107
.03966268648358332
5.328777409073116
7.396726489696703
14.759779132170927
3.0187710239620835
5.964856405692769
18.715511100572943
19.597370661447602
17.121970662335656
7.583679912503202
.4413564512429582
13.783676876862216
17.927149036588617
1.5140505846217656
1.9827270041925742
31.418641031481254
24.60353774793964
8.652243876412573
.39915403628608037
.09790510540368431
.09915671620895838
3.170180533195666
6.67062248612915
1.9271756165009295
13.259432605711092
13.70795464790845
7.802932055946077
4.982370891278057
36.94697911826248
7.745572420213961
12.492121690374988
17.159766173465496
8.87016480561549
11.018200943661826
.0012303742531030813
23.406495425766433
4.465557111497946
3.3062932131152225
.0001389015530035285
38.629222121628366
3.6245116124090138
1.2169247835158825
.663632208823715
1.4376983366159566
.0018376015679932363
17.863957510023155
8.18509224238113
4.410683755891585
11.310218559767192
.03966268648358332
6.900950135489531
.5515099017765038
6.166364801603142
5.438380828799657
.0012303742531030813
3.904519193070678
9.398792505574946
2.9525015222595705
6.456038503905689
8.83047511564813
.59494029725375
.39662686483583354
.18323611959199582
6.172096817548723
.0026421245722227796
2.211217103196568
21.613526217893924
41.99111507610943
10.70476316635819
.16443761565467047
.16679065973290003
26.675130570608268
38.58783852038935
3.790517134336262
15.891988510816283
47.694365766165056
.20995578197514433
9.585409663800068
9.585409663800068
9.585409663800068
9.585409663800068
9.585409663800068
9.585409663800068
9.585409663800068
9.585409663800068
