.04319668215009198
7.138584894298253
1.0117446561893395
4.995639985316999
.19462770657869952
6.264735507817872
.004524264003331149
12.459900406819278
12886134745439e-20
.466302059865144
1.6794300189961628
.0004532011225405823
20.036446609148413
18.578893742185663
32.46851076632698
16.824762050347008
22.923329139584144
18.10023653241432
14.498723346206516
.006593811824943544
61.41190647284172
5.767575836294458
39.203407676808446
40760791275669835e-22
2.745913666788473
1.0679716671151571
3675357410128646e-25
1.313518097866669
2.345026916931382
78.9339217341069
15.183037334621323
.7361698439886873
9.857051261564544
185.50799062377405
153.51298322604774
10.54731243754494
3.534085821751191
5.761570283612978
20.28892001850505
31.023871122543287
30.342470042477654
.0005291618810031709
.30364806595700505
.13256590538054555
52.386928435992225
215.4501185299772
10590479251787669e-23
22.594098237686833
6.407739150212651
1.1882229643210571
1.606773106080368
6.457226950283785
32.54955974620032
56.94480939970561
5.379707686429191
20.61079180678043
21.88512139458811
15.800139522326116
4.854068683412951
14.914870511411843
.0004770590062932659
21.120190425210517
18.36319318715921
7.929261477668083
8.648497421009825
2.7901130811597517
40.60034221819894
5.685672747270401
48.98232413853667
.5769965332460858
.9225237173066838
3.7974400579076684
1.0569810581678685
11.638588015852758
6.923263566495194
117.1536652127817
42.306569586232115
6.354687659007319
10.960505904584416
19.791635619334166
28.912210931861996
16.978075231533268
7.130878021113574
.5700664307757183
.00021723611443625693
10.884783648069984
10.360230766053098
.1841199519516074
25108601668151638e-24
12.894487615777072
6.08835835356155
.01172625071209156
38.81148892434181
.17706118721291902
4319251406206313e-23
5.724247050823926
.06769273938100004
6.869866214827119
7.3663558051762426
.544533830493211
.6271733975603637
.7234529296937714
.42016519528832846
3.9384200410710895
.0015552189267567097
.27696098910147704
5.418593455866552
4.125701909766747
.9622177058353655
3.6146372647194505
1.5033850552966663
.15043481027651176
.061089308178785745
1.0336292518851828
6704244098119725e-20
.2239457835526622
39.75479681391121
3.15243435642898
1.3838893254795954
.007352419045883437
.003697342455219385
92.65786212491841
322.3252498331085
14.858891185623323
27.463897364073908
73.49366975260543
.00041370741392266614
43.972706674206265
9.541438626122511
.05821573348878087
.12408219243259389
6.349539392894813
1.0167521508230517
.0759724453929806
.09772622604393395
.31944755987752943
.3903425767994106
6.222130378430624
.4158401432234033
2.3690990441115445
.0018344667061576754
10.116493026850424
27.670819586633403
3.0494616197417383
3.549739105056575
.6185531531079909
29.25012015331039
4.42280389562326
23.62521546164691
10.046503805092087
1.5854598995088824
14.440604545749174
6.703991218365319
.0018344667061576754
1.9827957507953844
7.337866824630707
2.3367223053735686
1.915446008961988
11.3884859513915
.09978424966558551
9.832076168747772
1.6208589420161992
2.3236522329117357
19.61304460826227
12.193210756155096
.5753496858115568
15.325424785360699
13.233982739023926
2.0685687325094
4.831951866688004
15.843295565284283
23.5981436309733
11.40291832952789
7.970760448956147
34.53449298759791
.0018344667061576754
1.9754899522287583
27.439202608189753
6.632514246753812
34.77248469055887
36.6634846130528
3.912307096313901
6.464610719775712
15.768808462728268
.039655915015907685
5.319686765475035
7.384108022241892
14.734599643260673
3.0170554721699476
5.958240182662209
18.6676398591293
19.563938468945175
17.10297896011855
7.577208450729199
.4411680973680544
13.760162572484381
17.896566163612192
1.513792096216113
1.9793445651894517
31.36504230779147
24.540605889462995
8.642646801259765
.39913699866234204
.09786332328874363
.0991397875397693
3.1620717256451254
6.65356011589
1.9268465967458555
13.225517127995165
13.684569522091293
7.794277038077554
4.969626794757453
36.85247473906177
7.736981025694793
12.470810718391489
17.140732548440162
8.855032721703184
11.005979547222307
.001229009521093469
23.38053292414563
4.457939081122276
3.3026258702967897
.0001388849851775006
38.56332248577926
3.620491301512398
1.2148487670784573
.6635189092858127
1.436103640583268
.0018344667061576754
17.833482438818567
8.176013332157973
4.405791422285968
11.29767325717711
.039655915015907685
6.893295596618218
.550569051826696
6.159525065314392
5.4323485728589915
.001229009521093469
3.8945320663495115
9.374751918978337
2.9492266054399985
6.445024805905361
8.820680346276117
.5948387252386155
.3965591501590772
.18320483634895735
6.169462805179372
.0026353664461613874
2.2055611685409446
21.58955247901264
41.883708615367105
10.692889435327487
.16415709281738894
.16653455455818453
26.629624052633467
38.5220094830173
3.7840506904082414
15.864877525964364
47.61300142167611
.20994158382781156
9.57723004480993
9.57723004480993
9.57723004480993
9.57723004480993
9.57723004480993
9.57723004480993
9.57723004480993
9.57723004480993
