.044904091903683746
7.137656356604886
1.0137705961841843
4.999461325083661
.19428413363973343
6.2656660827957
.004518205074117808
12.270341656155752
1304798278888786e-22
.4566986722817988
1.6726883896353446
.0004448376570072769
20.175028366496488
18.155515707471785
31.926356691742388
16.004596988677054
22.534321160685913
16.050574963473554
13.740751182754606
.006569312032186982
61.31116255390809
5.707340813262645
37.96686983119041
410360340137756e-20
2.7088717499392705
.9514936811909469
36860607363218336e-26
1.311666831827015
2.1466919356261434
76.29815838173498
15.27234745292767
.736747631935264
9.825271338249424
184.71196762094863
154.59179252672845
10.380799863447113
3.47349202942447
5.742120093861306
19.633066749065335
30.930106305628964
29.404228011660848
.00053031334344919
.30311655188936865
.12739670908589867
52.356025434755026
209.64374442899071
9726708658999593e-23
22.323185172339734
6.384150746454441
1.2405028188596792
1.6063655904841068
6.6321433825618765
32.41353370502412
55.16483627690057
5.43649376322463
20.675446121384283
21.661405910759182
14.899651084897377
5.884765700470966
15.081049532214255
.0004893471666847484
21.02477190117554
18.598180356618954
7.739983048472669
8.693661048900116
2.8712069060578918
39.29365503516615
5.748317326714625
47.8063062219498
.588055257340539
.9516392366880198
3.518699553743465
.969407940628093
11.277316599251675
6.61798052252087
115.22255396070024
41.982189246699484
5.885483555459876
10.368307735226363
19.847349145146378
29.078668381816936
16.732626042221884
7.116235066579709
.5464970352805462
.00021574632286570455
10.80997810653601
10.162432804210924
.1855604587826051
2778513731156626e-23
12.817835924393536
5.994959698221006
.012624190006477555
38.32620181486931
.17500506728699608
4662279471069205e-23
5.770278505362008
.06497005839778104
6.648120116692663
7.133236085110895
.5211704947854882
.5809117108096934
.6832210370480017
.4042621770768068
3.8914228608731483
.0015541507069483775
.25435403089815595
5.004086859716896
4.111958609030369
.9613485543045323
3.5573777257042454
1.404398569920553
.13515226081546472
.05770841682657039
1.0367110161676598
5874153866776278e-20
.21336622403660524
35.89174229785292
2.812437202092948
1.409129255646581
.007097679437773671
.003216346015837251
92.34199187666388
321.22644446086474
14.80823729031477
27.370273057625614
73.24313015264579
.0003965869975581216
43.44709661454968
9.399812069904513
.05902389985582275
.1244287301082657
6.185242921375256
.9476851389833156
.07509941905174154
.09603366381796091
.31942574350734776
.389477120512485
6.216820782119088
.4149181544686545
2.3678858480069565
.0018282130171495313
10.103375401782952
27.609468644668542
3.0464920624894103
3.5376380599143786
.6169927444056981
29.15040662115653
4.411838100754629
23.572834316297858
9.995174880783061
1.5849185859992692
14.391376587773392
6.681137341512577
.0018282130171495313
1.982118777428198
7.312852068598131
2.3359244931094394
1.9121783481755097
11.363235729276324
.09977573139913826
9.810276773448534
1.617265220385601
2.3117803845655303
19.56955913224489
12.151644153815685
.5733883212395419
15.273180479043424
13.188868149529771
2.0676952004957907
4.820038650990998
15.789285839734717
23.517697662157264
11.364045830627385
7.943588161315893
34.41676505147706
.0018282130171495313
1.9721198592996037
27.378365200699648
6.622089719476348
34.6539454417596
36.538498953757234
3.8989700584692915
6.4425728899996315
15.71505266338676
.03964237554856396
5.301551976470497
7.358935630168142
14.68436945727847
3.0136272928490873
5.945029744622427
18.572264403951372
19.49724508794863
17.065058729157435
7.564282089552963
.44079163073041006
13.713254238230633
17.83555684753945
1.5132752517896588
1.9725969881911312
31.258119015228132
24.415224669624166
8.62348457439956
.399102925596553
.09777981254422921
.09910593887140998
3.145916280585414
6.619566192212693
1.926188725743193
13.157946201752488
13.637918884216958
7.776995792152618
4.9442363104117515
36.664190543566534
7.719826814833619
12.428297778990373
17.10272861131347
8.824845953738091
10.981577407258433
.0012262845966810642
23.328694281851504
4.442741986218885
3.295303383607667
.00013885185545371427
38.431860287453546
3.612464052770164
1.2107073529248322
.6632923682363723
1.4329195530706769
.0018282130171495313
17.772688174888774
8.157885711547578
4.396023028797959
11.272624382344583
.03964237554856396
6.8780119807220315
.548692164327961
6.14586834424655
5.420304126507016
.0012262845966810642
3.874634383978515
9.326855064410754
2.9426876653936045
6.423053744424325
8.801123388582084
.5946356332284596
.3964237554856399
.183142285884595
6.164198152245051
.0026219020084359964
2.1942926631508817
21.54168474683216
41.66971917675167
10.669181469716653
.1635974820032406
.16602352334508533
26.538843780268774
38.390688120537995
3.771150878092525
15.810794227604877
47.450688907289226
.20991319041350734
9.560891740877537
9.560891740877537
9.560891740877537
9.560891740877537
9.560891740877537
9.560891740877537
9.560891740877537
9.560891740877537
