.047465206534071394
7.136313950492532
1.0162681101824993
5.005836801650822
.1937627606044027
6.2673578295166665
.004508694595036893
12.056384622161998
13269804006894737e-23
.4428174732253437
1.6626375544835248
.00038913578400258847
18.810934233466682
17.53127662784511
31.11105175273014
14.689520941892988
21.95763838158264
13.240417399566109
12.522122668962318
.006532594716377881
61.15504709467107
5.618022820838256
35.89116075681353
41399299736910494e-22
2.653845848234652
.7799568510692764
36988821255660433e-26
1.3088045620846924
1.854624961453138
72.45588054967313
15.389011737170526
.737282001598957
9.776620912123812
183.53833513999254
156.10576176969778
10.131862271347218
3.4025677205747478
5.712516311855037
18.686988823471104
30.781676437723508
28.159535799995695
.0005316437745128677
.3023210630733791
.12028954494460045
52.30139090554277
198.56334080749644
8281514497284352e-23
21.87705731425407
6.3482203866771725
1.3137779888012973
1.604967167475894
6.864911547625788
32.21108283665732
52.64800857136038
5.514965836232634
20.754001131488295
21.272235299292
12.465128916985053
6.71481750385358
15.30891840429015
.0005074661349940568
20.883125745766282
18.91598179828158
7.464492103691999
8.752660757912063
2.9857648198475126
37.12028156699467
5.832135501289446
45.67512151929368
.6033310561733829
.9950250013004835
3.0997287260074313
.8407957127265431
10.742827307618532
6.12441460007763
112.19893169591913
41.464928279149326
5.181941116195808
9.428436831752201
19.905133153869752
29.298143608171507
16.373367149812967
7.071245745075725
.5124910199644556
.00021334945989838675
10.670849798877024
9.870347217390673
.18730200729921453
3259878082517075e-23
12.686144926013142
5.846891456244207
.01424348053368606
37.599626295901786
.17158609774925782
5268275514779054e-23
5.826987820749428
.06107236388550868
6.336230254562142
6.8016516933579805
.48898096797685764
.5159320599389966
.6282655195132403
.3810233346714898
3.812705624071807
.001551647068146789
.22089195391040936
4.380724734522685
4.084058862194151
.9596493416263153
3.4704364083539754
1.252784617571012
.11363003509169804
.05268821965317157
1.0383045229885104
47708309747854696e-21
.19662612506823726
30.34284315779458
2.331983067808791
1.4442807636865602
.00673163168886335
.002578873004115112
91.87020435794852
319.5852558304487
14.732580036385519
27.23043469211076
72.86892125877858
.00037112049708578655
42.63850908784094
9.183325624620894
.06009338738704966
.12458006662133363
5.951987398142021
.8492078198421198
.07357753938382833
.09324032992161822
.31939302174565926
.38818253262403357
6.208864881869784
.4135390028081745
2.3660672186276526
.0018188724336780802
10.083730849286967
27.51769718536707
3.0420431477558543
3.5195637965323505
.6146595090076548
29.001473316493712
4.395440365510091
23.494480276496507
9.91867278755925
1.5841069622474473
14.317849130619205
6.647002522190521
.0018188724336780802
1.9811037507303575
7.275489734712326
2.3347282854191405
1.9072873061660063
11.325465327437616
.09976295536290586
9.777668271371311
1.6118895722243691
2.2940862430820195
19.50451162906524
12.089559787568769
.5704588040411338
15.195147768521824
13.121484467929733
2.0663855940808182
4.8022238775582196
15.70861627827924
23.39754261676095
11.305985408970463
7.903003312839488
34.240925221126275
.0018188724336780802
1.967075496628719
27.28736190903572
6.6064836415467765
34.476893825248
36.35181890269227
3.879049701846624
6.40965692819132
15.634762369102846
.03962207501460715
5.274465642274238
7.321337849236796
14.609345060583607
3.008492326220248
5.925268985649616
18.43011410445636
19.39763106950603
17.008335966296784
7.544933883091447
.4402275330400109
13.64319139835591
17.744432615334823
1.5125003159991102
1.9625187278074148
31.09841712760153
24.228352922402713
8.594820865805907
.39905182145162343
.09765468002677995
.09905518753651794
3.1218377443474585
6.568900678504525
1.9252023403640859
13.057236565456307
13.568240942686092
7.751145738244932
4.906393608142791
36.38356640678107
7.694166785607062
12.364799952575313
17.045880637058797
8.779758641985923
10.945075604305742
.001222208533921411
23.251151742174383
4.420043426491365
3.284350083337865
.00013880217568517324
38.23550680150266
3.600456538172057
1.204521688025057
.6629527016785954
1.4281566537864017
.0018188724336780802
17.681885147094746
8.130769612856998
4.381411032686489
11.23515516469903
.03962207501460715
6.855150070386581
.5458888230799989
6.125440015332108
5.402287509601083
.001222208533921411
3.8449783104843736
9.255468225847846
2.9329064289345768
6.390237508526959
8.771869224104766
.5943311252191074
.3962207501460718
.1830485002286629
6.15630959516178
.002601834226304569
2.1774977612228086
21.47008207057382
41.35078321223954
10.63371804354104
.16276164070792312
.1652599153227614
26.40325329751862
38.19454498866409
3.7518835666633668
15.730014776934985
47.208257026343844
.20987060749198067
9.53643653083002
9.53643653083002
9.53643653083002
9.53643653083002
9.53643653083002
9.53643653083002
9.53643653083002
9.53643653083002
