.04831891141086728
7.135881345601635
1.0169378003871512
5.008095860398872
.193587211836286
6.267981051473079
.004505421262396646
12.000950058706474
13336738639396884e-23
.43836901717626137
1.6593035533339822
.0003937673606213242
19.188342939776675
17.32453210718112
30.83648062976962
14.233241029332186
21.771026185000807
12.391028278696547
12.10338516440892
.006520362136885097
61.10159399127674
5.588739739511169
35.140834301838055
4150512471172651e-21
2.6358580639329587
.7249244506987903
3702536403842054e-25
1.3078289107369596
1.7596182500759152
71.20932451817798
15.423599929190244
.7373781492680727
9.760169837141046
183.15247716151256
156.5843001133329
10.048550660082112
3.383420446878946
5.702548175359689
18.37909410537207
30.730318727516742
27.778988060170505
.000531990103596933
.3020563745252158
.11809873770847237
52.28099852208041
194.05566050611594
7764141591750803e-23
21.717789477407166
6.336032092170467
1.3365375194595637
1.6044009781485873
6.934285067629725
32.14400641823973
51.85470143286054
5.5392564528881145
20.774882316659724
21.127577465371846
11.551171270295342
6.850583701053191
15.378743354980916
.0005133580346936653
20.836441889742805
19.011586169523397
7.376617007357246
8.76961821302836
3.0214784993597013
36.341025471758236
5.857034269422634
44.86962766778433
.6080910809353732
1.0093527519799996
2.961497416326779
.7991648215908507
10.56932471058367
5.951634378130156
111.15582161823
41.2858822518895
4.950533957388418
9.105364233478221
19.917081859063085
29.361913180295367
16.25686427142486
7.0494757067016565
.5016086332188955
.00021250314929787263
10.616656744798078
9.774223510466713
.18778299919234437
34454092632657625e-24
12.63816599833986
5.795640057051344
.014868761495290282
37.36255194548822
.1703474010416623
54974920679530814e-24
5.842160890186458
.05983241229334194
6.238378343901672
6.696531982290754
.47908139180914566
.49555780633584434
.6114181507907388
.37346402764793535
3.7841518174790165
.0015506048444420685
.20996924274855797
4.1749020613069625
4.072958568974048
.958986315238963
3.441295553007054
1.2020359396431441
.1068933401751068
.051040436893567284
1.0379612745411138
4440539285919526e-20
.19084949543233884
28.599873218391885
2.1812339822349
1.4551467243074123
.0066149772108845
.0023889625139904376
91.71347811119915
319.0400584183739
14.707446947913862
27.18398085153781
72.74461030711176
.00036277167501830505
42.36756801700445
9.111428585317832
.06041157406413624
.12454489028644833
5.8781005488480345
.8180301374643977
.073007258727079
.09223945971326865
.319382115236668
.38775196027894626
6.206215178311772
.4130803050480755
2.36546131928284
.0018157695228721395
10.077191156790235
27.487174535807302
3.040561620408792
3.513559586267657
.6138837262857766
28.951998167343216
4.389988008613544
23.468420182033018
9.893302431740814
1.5838365133686498
14.293423553562441
6.635663048585155
.0018157695228721395
1.9807655240190716
7.2630780914885635
2.334329685664114
1.9056597405207543
11.312903113130144
.09975869704771427
9.766822874674476
1.6101016631485976
2.288218342657058
19.482877210702465
12.06893556730498
.5694856281577522
15.169225561259896
13.099099832706475
2.0659492429593938
4.796300263577054
15.681818117894961
23.357627509756338
11.28669792973457
7.889521160971802
34.18251181350802
.0018157695228721395
1.9653969112946794
27.257094747530545
6.601289792825853
34.418077866291874
36.28980440975685
3.8724322255388977
6.398722355003777
15.608090200013285
.03961531048038142
5.2654676520172305
7.308847991286505
14.58442220518328
3.0067826157584587
5.918696673018292
18.38297286261694
19.364539623431657
16.98947030777903
7.538495484878384
.44003966094377034
13.619916755652206
17.714161448051218
1.512242092265239
1.9591707631812973
31.045364690956617
24.166380726353758
8.58528748430422
.3990347881908571
.09761300478371271
.09903827620095365
3.113852589873882
6.552098496285282
1.9248736574993437
13.02383827268405
13.545094161933838
7.7425481618030725
4.893843849289971
36.290503146660065
7.685632410260553
12.34370618553825
17.02697333396516
8.764780786772251
10.932935318553453
.0012208528593343065
23.225361547896618
4.412503040339571
3.280707079857231
.0001387856197126206
38.170278825626916
3.596462909183791
1.2024668306900625
.662839518150502
1.426572541396243
.0018157695228721395
17.651720682849515
8.121750957339689
4.376551168409797
11.222693122489186
.03961531048038142
6.847546332985572
.5449575624282817
6.1186456728503265
5.39629528840009
.0012208528593343065
3.8351434797625137
9.231794239702188
2.929653247008817
6.379336063955808
8.762139460436394
.5942296572057215
.3961531048038146
.18301724901720295
6.153682320168865
.0025951791564665233
2.17192807521952
21.44626744006004
41.24501461739474
10.621923115819653
.16248397700573378
.16500616058924944
26.358210589491435
38.12938689171408
3.7454830297999377
15.703180111718657
47.127721960693066
.20985641510452668
9.52829870260376
9.52829870260376
9.52829870260376
9.52829870260376
9.52829870260376
9.52829870260376
9.52829870260376
9.52829870260376
