.05173373091805081
7.134234266999433
1.0187158064722752
5.017524254227278
.19287541925320512
6.270651786325575
.004491866857154274
11.843220792662825
13561343333980928e-23
.421641786695217
1.6460477893169245
.00034990495057909824
18.306772762842566
16.50826011201333
29.72737398175036
12.36890983918688
21.07835707325577
9.49735027664665
10.448283535058664
.006471454393741635
60.88032397006046
5.47518855134124
31.890873278913485
418411215024042e-20
2.5667422393538195
.5230414135184878
3714938144442332e-25
1.3038259667402596
1.3990764690330662
66.41357166613696
15.54239390855159
.7373920150195595
9.693337525283088
181.6351967377456
158.3779252675365
9.715058300476054
3.3248652534292464
5.662247945488141
17.189119706502396
30.516514918687
26.39621654338522
.0005329416794388861
.30099998639886205
.11021574421364194
52.18825459298597
170.4832872176962
55906346961545074e-24
21.028347652778223
6.285799207116219
1.418231750147099
1.6024751747368806
7.173887755945209
31.877610966988875
48.92498571845234
5.627180721070235
20.83034535998174
20.4729398263886
7.884469099329072
7.061204476402618
15.62645225144016
.0005358588416631517
20.653016202370168
19.339499745055168
7.055750274339804
8.822010201892411
3.1489619516586167
32.99957701824091
5.940202269952364
41.24684230485925
.6255545902629599
1.0657499786560565
2.4301708411931084
.6428611117706213
9.914619061721062
5.235302991989282
106.79955145017485
40.54421786260432
4.065423407778017
7.803458128644795
19.92662376181902
29.563302578484276
15.811392161080434
6.92545797714248
.46068910346531766
.00020886542692591343
10.358413485512951
9.395969403035906
.18928325834617063
4335984954930409e-23
12.428592898878382
5.58255056682458
.017870977752057485
36.473472580862385
.16486104312527303
6563582876848344e-23
5.882179378655107
.05520051246050817
5.8791994647780665
6.305924535130428
.4436941911647928
.4206811284131442
.5511269301807389
.3442682508357323
3.658065361301214
.001545614332239112
.1684080039533012
3.3822804114213043
4.020508204076049
.9559158048621499
3.3244217439782817
1.0028262318790875
.082497709557166
.04462920195616359
1.031849148084312
3301694980516979e-20
.16710026580424203
22.391820729826346
1.6357436603793756
1.4936607411923872
.006178624026590095
.001740134146022419
91.0892422429467
316.86855372816206
14.607342621871659
26.998956619125178
72.24948357207845
.00033044286413812463
41.28872787749249
8.831330086127554
.061474240714620675
.12404564185594734
5.6019799709933285
.7033762077050766
.07040836507399137
.08793000947306318
.319338492924888
.38603444151563177
6.195627667165639
.4112505962461772
2.363039273085294
.0018034107236203857
10.051074771760907
27.365422119696273
3.03464272280048
3.4896449996206296
.6107903744661599
28.754940154869605
4.368246131350993
23.36446854248749
9.79246828325612
1.582755179502273
14.196137223940964
6.590498270519033
.0018034107236203857
1.9794131945176396
7.213642894481548
2.332735967042847
1.89916335477103
11.262793441601001
.09974166560450376
9.723561451745358
1.6029698363608955
2.26489644890916
19.396579240348785
11.986789926032875
.5656094982489146
15.065978199105892
13.009942512258101
2.0642047597059157
4.772678786228571
15.57508186112873
23.198646854032084
11.209876487270808
7.835822160634643
33.949852989740776
.0018034107236203857
1.958696881790148
27.136361452904143
6.580555198565304
34.18381569280418
36.042802572829785
3.846075018917346
6.355170282972018
15.501855762737287
.039588263890352776
5.229628930825926
7.259101267405484
14.485155231062262
2.9999534845863773
5.892480241815823
18.195610611436564
19.232737401401817
16.914216699747257
7.512796786626543
.4392889739822122
13.527214562511277
17.59359231056326
1.5112096381105802
1.9458359220260368
30.834058451326534
23.920073040996762
8.547259585406861
.39896666241801504
.09744648158938861
.09897065972588204
3.0821156975092614
6.485318442080011
1.9235594870930033
12.891097193424697
13.452901239051945
7.708253114695648
4.8439649963220255
35.92062443243677
7.651589467284676
12.259690353766608
16.95155360903972
8.705124445554446
10.884508686398684
.001215445181468167
23.122486518677995
4.3824699119130885
3.2661754293594756
.00013871941556760025
37.910477784003966
3.5805326414847096
1.19428239649828
.6623869772393034
1.4202536433426662
.0018034107236203857
17.531576540314116
8.08577625936482
4.357165557193436
11.172983029472693
.039588263890352776
6.817215630592457
.5412483796107824
6.091543582272543
5.372392795673697
.001215445181468167
3.796055073260577
9.137702290368898
2.916676563620491
6.3359159421943225
8.723328208729889
.5938239583552919
.39588263890352815
.18289229751632322
6.143184427607514
.0025687286681474793
2.1497914308031794
21.351272777222324
40.82463871593229
10.574874089321426
.16137805093519147
.16399503205220461
26.178806855037458
37.869864175724345
3.7199898863788894
15.596298457318001
46.80695324662004
.20979965515158774
9.495816773855138
9.495816773855138
9.495816773855138
9.495816773855138
9.495816773855138
9.495816773855138
9.495816773855138
9.495816773855138
