.05514855042523434
7.132732522200208
1.0190211532342472
5.027068707170861
.1921478564923984
6.2734314137102105
.00447766213282344
11.766399536341526
13708570804823745e-23
.4067449856990595
1.6329182228926427
.0003066370324733268
17.284222563089305
15.70525752999833
28.593793091031056
10.564724387280862
20.507035747798316
7.42335458264281
8.980384038611545
.0064225756754178204
60.64686856479639
5.368612219011619
28.425507175070752
4202815929183664e-21
2.5032547772529443
.35934808227723214
3724256426114699e-25
1.2996751795374155
1.084676386616699
61.93525080544134
15.633045460585201
.7368738933652947
9.625060048574156
180.15864799075078
159.99470786323357
9.379667890651172
3.288978178814118
5.621364438697761
16.057457588051264
30.290769746852103
25.178822028830307
.0005332811395365245
.299947373420652
.1036387903287283
52.076430410114924
136.88694222436223
3543608273318864e-23
20.256218420788834
6.23262374118136
1.4845709563849647
1.6024589127966122
7.3617396147917455
31.614040763011648
46.380699867175615
5.701437733372473
20.840497437564373
19.708305937344033
4.758381847297208
7.0550219402079515
15.825225241541863
.000556314014054138
20.47546594567785
19.582721803796986
6.797324723077272
8.848573619027587
3.2491554567029963
29.480652018829478
5.996880542641887
37.257090343256145
.6406017504827322
1.120460614618801
1.9615602753422698
.509869263064838
9.340222472494546
4.523224784828945
102.14031998005454
39.76393717620795
3.2913111856148105
6.574548236722878
19.876505588951538
29.674591935452646
15.402734544057424
6.740686554978013
.42404395591087407
.0002048331214286291
10.035373290951709
9.027776671673537
.19022580875162942
5490750837380628e-23
12.196368535810699
5.358735976522735
.02175123604750461
35.728206644759425
.15854697467965995
786236506835235e-22
5.888685022128458
.05109094690517203
5.5704906173756665
5.964733618984877
.4144126163573109
.3558919407869579
.5009168849608093
.31684196367813183
3.5139737887040563
.001539668655464471
.13212570168128895
2.6793966860769984
3.9566893998878987
.9522960171052581
3.207863970015954
.8192179482056554
.06263549679213634
.0385726976201121
1.0177613479286132
24384862042064077e-21
.14321632571495518
17.63264643097446
1.1965722118435804
1.5236790383142251
.005789143419489758
.0012575883062557335
90.4692551557682
314.7118291050674
14.507919643037361
26.815191730330678
71.75772685342515
.00030010037174436324
40.27290523976412
8.580880164368846
.062221339092956816
.1232141614217164
5.355910765594418
.6076923905833379
.06739394710049423
.08332112676969096
.31929487657119393
.3843245303758274
6.185058217815677
.40942899200534394
2.360619706872417
.0017911360429446834
10.0250260708287
27.244208996990942
3.0287353471916503
3.4658931845288827
.607712610006205
28.559223392388898
4.346611933032304
23.260977349112224
9.692661853242676
1.5816745838957624
14.099513061197541
6.545640900700364
.0017911360429446834
1.9780617882931235
7.164544171778738
2.3311433365022682
1.89268911517302
11.212905727190089
.09972463706901025
9.680491652119102
1.595869599477361
2.2418122557949203
19.310663520531264
11.905203398492764
.5617597507192934
14.963433576830454
12.92139202963336
2.0624617494904807
4.749173643182467
15.469072090953087
23.040748279674062
11.133577920065283
7.782488655630138
33.718777728305305
.0017911360429446834
1.9520196926580355
27.016162937559496
6.559885731488873
33.95114799464173
35.79748192210706
3.819897209229471
6.311914642511704
15.396344396482123
.03956123576586243
5.194034141276579
7.209693138196229
14.386563904821093
2.993139864024629
5.8663799343743435
18.010157987592237
19.101832274228165
16.839296422058013
7.487185695129024
.4385395676573119
13.435143334913601
17.473843811387695
1.510177888844106
1.9325918427503892
30.6241904404132
23.67627576467933
8.509400128301152
.398898548276041
.09728024247580382
.09890308941465623
3.0507022728487203
6.419219021333241
1.9222462139111915
12.75970903340053
13.36133581543085
7.674109974986399
4.794594516948645
35.55451558380405
7.617697315030201
12.176246364937832
16.87646795025942
8.645874147543063
10.836296556462564
.001210061456514885
23.020067166863083
4.352641200108814
3.251708145742786
.00013865324300358105
37.65244504472437
3.5646729357391025
1.1861536686041703
.661934745291694
1.4139627343849979
.0017911360429446834
17.412250143417687
8.04996090867857
4.337865813121467
11.123493123670682
.03956123576586243
6.787019275823095
.5375644428686149
6.0645615384190545
5.348596177287368
.001210061456514885
3.7573650623218247
9.044569341887787
2.9037573595003603
6.292791353901756
8.684688868618903
.593418536487937
.3956123576586249
.18276743132367365
6.132704443957243
.0025425477676201467
2.1278804067614847
21.256698886282873
40.408547355821085
10.528033463038533
.16027965220807286
.16299009953272248
26.00062420900584
37.612107867690376
3.694670258756582
15.49014427913822
46.488367803504
.20974291055053723
9.46344557586509
9.46344557586509
9.46344557586509
9.46344557586509
9.46344557586509
9.46344557586509
9.46344557586509
9.46344557586509
