.056855960178826104
7.132038587651386
1.0186584400383198
5.031684461163379
.19177834447007164
6.274806493425984
.004470349034071735
11.751148416272407
13752633579199847e-23
.3999874915989355
1.626399853143344
.00029196938302829137
17.021900957562167
15.309449984906697
28.0186322614832
9.738489082829409
20.27442589298315
6.663931753239328
8.366059237734163
.006398148358149279
60.525631082526786
5.318230116726842
26.718822421262168
4206662926592648e-21
2.4738521757475187
.29341060648028267
3727899968351898e-25
1.297549394873035
.9497571624131395
59.8146242553633
15.669003184669002
.7364378299865298
9.590446798795034
179.43518665839332
160.7427614645977
9.211495262412717
3.2774728044010906
5.600737659281381
15.51341585498505
30.17391639306864
24.615634851928135
.0005332513461327502
.29942247822632945
.10078376735346173
52.0130267556858
118.2899030342903
27369356432894286e-24
19.839791819433827
6.204804138691909
1.5122962928364718
1.6035571506429436
7.440494506390263
31.4832240900087
45.24447749280121
5.734011388078796
20.829098741978118
19.29767617050168
3.608790104198481
7.02321016784685
15.90750897329066
.000565699635237753
20.388979274369735
19.675134466442152
6.6937459392716745
8.852648476775427
3.288920304771886
27.757771290744138
6.01571273975432
35.277918507838116
.647260851891596
1.1471018650458127
1.7603149825675317
.45413536377722435
9.08477547744686
4.189972498667806
99.6958804896734
39.35480936227178
2.9608745865310007
6.0229753299025575
19.831823779356892
29.6980276156811
15.21282952180526
6.626400274647546
.407235118367955
.00020268753499953668
9.852426142188152
8.847479992983034
.19053882571368436
6166236475723514e-23
12.074227535405617
5.243622935197627
.0240045158737386
35.42119650809671
.1551218290213636
8580858273266765e-23
5.880502652869189
.04921751237256515
5.433755161247611
5.812296514815912
.4016023205001043
.32689373473912203
.4788732460611549
.30381468963675473
3.4361430493414713
.0015364710650230887
.11657940010062841
2.3754415310506714
3.920986618714491
.950328205210828
3.150272586386445
.7369065767257045
.054469864818842834
.035707187696768145
1.0076766071102634
2099998512752017e-20
.13167821573041463
15.804840129752495
1.0190968191571352
1.5355588725408515
.005609052196259912
.0010712636877895953
90.16084585881447
313.63897784979633
14.458462208136785
26.723778858466193
71.51310507499053
.00028567788693265
39.8095923822722
8.472756641458572
.06250421066240743
.12279462015369674
5.243533328880183
.5676568177818914
.06581414429199053
.08102655385082824
.31927307062837484
.3834724171273681
6.179780256682891
.40852121786964174
2.3594108529665743
.001785030067972281
10.012027047061546
27.183803923686288
3.0257859731258727
3.4540779697521415
.6061795484725582
28.461865124181372
4.335835046700676
23.209403781971172
9.643140754359255
1.5811345627824307
14.051447882556396
6.523326839367367
.001785030067972281
1.9773864312127043
7.140120271889128
2.3303474290300668
1.8894602765764148
11.188044796469585
.09971612389150221
9.65902834562575
1.5923312834942567
2.2303585387378098
19.26784847511563
11.864618611938502
.5598447141748019
14.91242329691273
12.877343060459678
2.061590796383284
4.737464517848241
15.416338091542098
22.96220246910022
11.095623601407587
7.755958185685398
33.603830561829575
.001785030067972281
1.9486896388872075
26.956263481391254
6.549575356688642
33.83540867893973
35.67544846208464
3.8068751962737384
6.290397352975307
15.343858325464952
.03954772862425405
5.176327701502022
7.185115325676666
14.337520171103757
2.989738859210056
5.853373166220128
17.918141694430084
19.036714211168192
16.801960820393617
7.474412908537406
.4381653440507148
13.389342989776916
17.41427555390984
1.5096622783935327
1.9260036455722997
30.519792708529124
23.55531052199508
8.490533332110248
.39886449556600884
.09719722929780393
.09886932156063527
3.0351158290828026
6.386422377364541
1.9215899135880385
12.69451798244528
13.31578707980675
7.657095159998075
4.770098295706768
35.37286283364763
7.600807576562188
12.134737594090987
16.839049932956307
8.616400400215278
10.812270632717949
.0012073785432032164
22.96902773882001
4.33780306520756
3.244498552359816
.00013862016855973876
37.524088023492816
3.5567694458629893
1.1821100759120076
.6617087451133102
1.4108277370492335
.001785030067972281
17.352891858485776
8.032112767855615
4.328248022329439
11.098830435992237
.03954772862425405
6.771971292711473
.5357318880232481
6.051115367736351
5.336737424324426
.0012073785432032164
3.738168184352735
8.998359433864662
2.897319232550926
6.271339255572975
8.66543342729576
.5932159293638113
.3954772862425411
.18270503019973253
6.127471158423917
.002529557552824402
2.11700878267815
21.209569147460847
40.202094711579335
10.504691011321219
.15973325957149853
.1624899449037237
25.911988194275192
37.48388835571972
3.682075143929816
15.437338444729448
46.32988916005637
.20971454400567247
9.447301382882065
9.447301382882065
9.447301382882065
9.447301382882065
9.447301382882065
9.447301382882065
9.447301382882065
9.447301382882065
