.06368559919319317
7.129617347756165
1.0147157868605627
5.0477773193640685
.19026706238395127
6.2799977891890215
.0044399493594074625
11.79768381353093
13768709570128437e-23
.37731250353324935
1.6006275127126277
.0002267199577409779
15.298840077521923
13.792424282539304
25.714386750752237
7.180649880903455
19.641816972260315
4.950925578636352
6.782941981316457
.0063005695781178485
60.01277934183451
5.136990627341144
20.887278539977718
4192494113986e-18
2.3723352171429037
.12310419231925704
37411829355913833e-26
1.2887528373096337
.5598707067584868
52.076821544827816
15.759642103286913
.7336860504357204
9.449319220831564
176.63614561205577
163.37964668655542
8.547154300663825
3.2609577016049474
5.5172380892068835
13.50823238998491
29.683626479224483
22.594010082895974
.0005320285356582154
.2973322653584418
.09174142983656282
51.72378503146057
74.10211416974326
13609426510309393e-24
17.982835850406982
6.086292544349467
1.5954173790698178
1.6148495987421987
7.693172633833158
30.965717711141846
41.49671239153303
5.839209450337146
20.68954438505561
17.645802824983743
1.7506076325619895
6.835152687555732
16.139281523651725
.0005977680734669161
20.0572565786829
19.886119457673953
6.417320106929551
8.823814845931874
3.391711177250554
21.883998797109882
6.037957719772216
28.581245025151393
.668697476131763
1.248125878941103
1.1849713947138705
.29924952633419105
8.209995958031657
3.125792346842957
89.19180881568079
37.48144799320423
2.0225558911725634
4.364508143923011
19.576002022025904
29.633331242811114
14.54788045669947
6.050347980851939
.3487168743780902
.00019357521485678541
9.027509140850693
8.151797086225292
.19128047856557676
9323545646709226e-23
11.566253756469349
4.768120883618123
.034231592239542384
34.572738417810136
.14035362295021084
11546537290424679e-23
5.797192457993081
.04275091141592945
4.989072386081971
5.311647840568468
.3575868002069556
.2296932815619748
.40433088560612995
.25633110332053927
3.100728693742682
.001523047164364236
.0718027276827446
1.4910841622195992
3.756378222034716
.9417604421963766
2.93461747040111
.4823638270621724
.031838543943222185
.02557961668948936
.9481892566497023
12140048450481161e-21
.09160895104992658
11.358770859812495
.5453317276620732
1.566579206617004
.004948287249809785
.0005914954993359275
88.93768655356929
309.38402182547827
14.262312733040776
26.361233027505
70.54292872974608
.000232398500309203
38.247301875807416
8.146997699703556
.06328454622928402
.12167627455288348
4.8576262223598325
.45397032314187846
.059581225598887455
.07255146076041934
.3191858617482446
.38008281510250164
6.158713412719222
.4049102036598976
2.3545816246152533
.0017608136121816844
9.960199286383904
26.94351994833925
3.014017169831405
3.407218520181752
.6000858790679393
28.075739696456438
4.292994039306287
23.00425045531304
9.447573565659447
1.5789763214595225
13.860820132051144
6.434828690878137
.0017608136121816844
1.9746873079327156
7.043254448726741
2.3271665156299988
1.8765999107735967
11.089151062259193
.0996820784482807
9.573649944008663
1.5782562963459694
2.185125874367918
19.09753547399988
11.703658291301055
.5522496293559708
14.710115198029795
12.702643701317669
2.0581106603332495
4.690915995080972
15.207193676248968
22.650687738382338
10.945095784967044
7.650737650811876
33.1479471054127
.0017608136121816844
1.935426136127754
26.71799078901919
6.508495654338555
33.37638353805732
35.19146058087591
3.7552295536904716
6.205059222185915
15.135697200639816
.03949374615865426
5.10610350013411
7.087639081014725
14.143011445676668
2.9761734405488096
5.801633837260962
17.55475380171263
18.778454276859826
16.653444374686345
7.423539288511235
.4366716403023619
13.207697627945338
17.178026293102953
1.507601596406332
1.899874683952896
30.105748584497178
23.07759833515854
8.415483530118468
.3987283137931228
.09686588436671136
.09873436539663584
2.973562328497043
6.25690288760431
1.9189669522950474
12.437067504746544
13.135139607856072
7.58941231215897
4.673358578090242
34.65548542343892
7.533622267785264
11.970112727680977
16.69020564794318
8.49950675057333
10.716698453877525
.0011967062430010803
22.765999152002877
4.278954635681529
3.215819673849755
.00013848794966156726
37.0150207338109
3.5253303321817655
1.1660730819663208
.6608055157544372
1.3983571020292145
.0017608136121816844
17.11747535426555
7.961115052020327
4.289989629794939
11.00072528829658
.03949374615865426
6.712112260924868
.5284639277716513
5.997628149393948
5.289564759038144
.0011967062430010803
3.6623564689248105
8.815868697473018
2.8717091529240584
6.186259674811105
8.58883764261967
.5924061923798145
.39493746158654336
.1824556386834365
6.106582635948251
.002478256999212074
2.0740749018370974
21.022092824998523
39.38677832837371
10.411837600404978
.15756625214226502
.16050462721027647
25.56045545103915
36.97536643134839
3.6321225904459853
15.227909129963939
45.7013587320495
.20960111618517616
9.382999553867975
9.382999553867975
9.382999553867975
9.382999553867975
9.382999553867975
9.382999553867975
9.382999553867975
9.382999553867975
