.06453930406998905
7.129350223397853
1.0140328951991997
5.049452315272044
.19007490970713198
6.280609996825703
.004436038826780979
11.812378217048481
13757053633431966e-23
.3749381168310251
1.5974391529289766
.000220372808692391
15.130876995149956
13.612777458748575
25.43137607802683
6.942000814272314
19.58669438776693
4.840209253775867
6.668703461385524
.006288391510410161
59.945734709877904
5.11662585995359
20.297411040071903
4188177952026447e-21
2.3614371550640816
.11011793650988116
3743329170838356e-25
1.2876235359667612
.5253049723612434
51.18810819281467
15.765689504842141
.7332417559062555
9.431415982916272
176.29660791894497
163.6728943989605
8.46620461821333
3.261296006073422
5.506707916427931
13.278840747545118
29.62005814704348
22.36374240648197
.0005317682716328813
.2970720390547713
.0908396825380916
51.685574419121416
72.3498350627929
13169997644686415e-24
17.73089644608406
6.07084743167124
1.6034652181758304
1.6168048318159973
7.72001551198836
30.90162456463635
41.108386535894745
5.849962124975307
20.663379897416625
17.450345350669156
1.6945869214286986
6.8094373952341485
16.158912489160613
.000601211684641539
20.017230068299334
19.897923889999316
6.393645617987352
8.816744364839208
3.399708252613237
21.28840679599902
6.035860705476842
27.915210009667383
.6708560237836444
1.2600787011278458
1.134756042771022
.28603538480908763
8.109350026964657
3.0238051287299195
87.80519633762316
37.20980751884815
1.9410261606713681
4.2138155381415245
19.5403013344567
29.613035288468485
14.475049312592624
5.967782767675998
.3422511289240781
.00019240545942358166
8.918296531656518
8.06771556164356
.19136014576373744
9748598246964027e-23
11.501912495432908
4.707491058538574
.03555531042445322
34.49764986354361
.13844950110516197
11895516613398276e-23
5.783474764752347
.04204159079912614
4.943702891688372
5.260125489804129
.3525286063991902
.21937097350469514
.3960667149147505
.2509068188677196
3.0573401594901033
.0015213460452759347
.06783611846980071
1.4120465813010699
3.7335216249282097
.9406340236618396
2.910159606921093
.4581605339129406
.02988213907965183
.02447172446377507
.9387687427784882
11412822245541843e-21
.08739973230773446
11.034388108106338
.5062833063527333
1.569059422265933
.004869477628977939
.0005525027067379903
88.78596304499132
308.8562272413336
14.237981898586366
26.31626200430478
70.42258581250823
.00022618144142876265
38.072243878014774
8.114199605402227
.06335975791677455
.12161029010514869
4.815258089714247
.4438528676755886
.058829533572468236
.07157683474578914
.3191749623132725
.37966122697050336
6.156085111870084
.4044610769706471
2.353978666486082
.0017578097470088351
9.95373970892245
26.913634176625486
3.0125492916179084
3.401405965702246
.5993284902227858
28.027843805549693
4.287668762731924
22.978734124155427
9.423408205626185
1.5787067485165578
13.837174225083054
6.423851175902074
.0017578097470088351
1.9743501766776106
7.031238988035344
2.3267692068687076
1.8749985319289453
11.076850967921796
.09967782358526625
9.563030844602102
1.5765056933264368
2.1795366769824605
19.076352473910593
11.683692400934836
.5513075174726546
14.685020433640046
12.680973588846069
2.0576760565994565
4.685129681025362
15.181250919363839
22.612046730857355
10.926423966544862
7.637685852360928
33.091398267322994
.0017578097470088351
1.9337745584782045
26.68835517441122
6.50337884127321
33.31944499816188
35.131425604948156
3.748823308762362
6.1944736831123635
15.109876413378034
.03948700353355216
5.097392727814483
7.075547902229023
14.118884133605153
2.9744820967411068
5.795198660834139
17.509851590264848
18.746419117424463
16.634972362203047
7.417204481235155
.43648528572372036
13.185165917238631
17.148721388504782
1.5073442090132225
1.896633587134685
30.0543895939431
23.018569583638758
8.406149069731544
.398711294341065
.09682454575114798
.0987175088338806
2.965956438609012
6.24089874538501
1.9186393339756647
12.405255504350734
13.112731677717647
7.580994130561403
4.661404885237869
34.566842315601264
7.5252659685450585
11.949692278583466
16.671692859829136
8.485006991974345
10.704811484241342
.0011953788555752597
22.740747089362323
4.271654940405775
3.212252684353594
.00013847143116910022
36.95187485006411
3.5214200332406764
1.1640838161543785
.660692698807667
1.3968060433254634
.0017578097470088351
17.088273746720006
7.952284577476249
4.285231170210731
10.988523275891291
.03948700353355216
6.7046671811753855
.5275623931760768
5.990975575935079
5.283697570001341
.0011953788555752597
3.652988755402747
8.793319135979814
2.868523851065312
6.175706206880821
8.579310897726423
.5923050530032831
.3948700353355224
.182424488689094
6.103976582499774
.0024719180199784434
2.0687697548180757
20.9987751045107
39.28603334107718
10.400288782646827
.1572974515298935
.1602581741688455
25.516850516706317
36.91228819597579
3.625926360204761
15.20193103348947
45.623394364385966
.20958694202192749
9.374992659644718
9.374992659644718
9.374992659644718
9.374992659644718
9.374992659644718
9.374992659644718
9.374992659644718
9.374992659644718
