.06624671382358081
7.128836420836997
1.012591760164944
5.052552743568476
.18968876963091896
6.281813741454256
.004428154076495549
11.845903892573814
13727342940868295e-23
.37047188604015696
1.5910841135547822
.00020953431313858054
14.87245219129173
13.261738486302239
24.87235579436325
6.506458077431111
19.4857231349454
4.661815874736489
6.48021689206957
.006264050753726126
59.809800632120165
5.077385521157667
19.200329863489195
4178326459252032e-21
2.340788970043504
.08810924788746505
37483026554462515e-26
1.2853470220643477
.46314745045521477
49.458990403060604
15.77467284865522
.7322939067805448
9.395458924726348
175.6242231274965
164.23729654234023
8.306504185919051
3.263071060688236
5.4855976154037425
12.83532238733497
29.491584217543
21.91690217928818
.0005311857418348149
.2965522842682617
.08916544117617532
51.60876714528107
69.8513943434675
1254783010546832e-23
17.215529608961553
6.039672448367058
1.6184325624793228
1.620888004010118
7.771379863252732
30.773802521751897
40.37885999086984
5.870124789846066
20.60649887805079
17.06833490843945
1.6168425479858144
6.757954050820584
16.192995387667825
.0006077659279185287
19.938018094595343
19.913796864003952
6.350466706981802
8.801222262269825
3.413399826330763
20.17828061170235
6.029120074339169
26.680887736656786
.6748721470603867
1.2835152044843716
1.0446607704031128
.2624439578065741
7.90895785754334
2.8364989736695514
84.99146330618123
36.63537345587168
1.7947587238007687
3.9406480213466
19.469120998380387
29.56755302451922
14.335877304148084
5.797436658648066
.3297889009513946
.0001900605402342552
8.698191483858535
7.90147486973802
.19153367024870657
10611446992887714e-23
11.373244453987384
4.58574915088154
.03819102323680614
34.3595746138863
.13463541570363285
1256574785955764e-22
5.755165674155322
.04067707488245942
4.858940151344628
5.163624014250934
.34251573102975635
.19978677483771137
.3799948276095342
.24038377906902542
2.9702740986364606
.0015179485824090642
.060689144121351395
1.2692573950102195
3.68626673024578
.9383553771895489
2.8632780424095357
.41365179267660007
.026371418671144422
.022353892850402273
.9187456651799517
10123921583263376e-21
.0794787364943249
10.483331586701372
.4373797074061177
1.5733583610537811
.004712828584301531
.00048347298074449704
88.48329208351477
307.8033377073227
14.189444680281406
26.22654998170414
70.18251552406933
.00021401053098330043
37.71661309443042
8.048804047200877
.06349434939744268
.12150267959943671
4.732609049998582
.4254151943920945
.057326924287445805
.06965084015699599
.31915316455988474
.37881945306366605
6.150831874664171
.4035643175526735
2.3527732134023145
.0017518173812341867
9.940833119140619
26.853962044264687
3.0096156794880753
3.3898105875737294
.5978165791002408
27.93229700804026
4.277038018695982
22.927786338540837
9.375262759448926
1.5781677406924208
13.790003358392088
6.401952295210683
.0017518173812341867
1.9736760868291858
7.00726952493675
2.325974792827822
1.871799872635173
11.052291693883927
.09966931440407759
9.541827968818604
1.57301031043677
2.168401134142411
19.034056936180015
11.643862744406865
.5494281125457954
14.634959262915343
12.63774420509033
2.056807124433542
4.673578456588458
15.12949810107372
22.534962361997007
10.889175834812837
7.611649014542111
32.97858983469837
.0017518173812341867
1.9304756300480188
26.62918252414749
6.493157280095771
33.20585915522465
35.011662728011146
3.736043586423891
6.1733567492952615
15.05836691046808
.03947352173658365
5.080015738197674
7.051427390234849
14.070752919062505
2.971102292124066
5.782349713743718
17.420391429045516
18.682512656268685
16.59808978194275
7.4045510793024585
.4361128151192486
13.140217744030483
17.09026147195106
1.506829566047967
1.8901679714934394
29.95193431066392
22.900964649332202
8.38751119880554
.39867725761631034
.09674192143765288
.09868380434145935
2.9508029725844915
6.209013163429189
1.9179842651266328
12.341875403630567
13.068030432516675
7.564185769333912
4.63758914754345
34.390235719568416
7.508581166188815
11.908955829630663
16.63472886394209
8.456081640079534
10.681077085401224
.0011927284961023227
22.690326961727596
4.257092887311262
3.205130570480042
.0001384384000947831
36.825906069576114
3.5136124424507265
1.1601154594931327
.6604671226933303
1.3937090853095864
.0017518173812341867
17.03001989591396
7.9346530017936905
4.275730079428739
10.96415983946106
.03947352173658365
6.6898017867494755
.5257639352745664
5.97769255792304
5.2719827083560356
.0011927284961023227
3.634325149871537
8.748392898684056
2.862163842833145
6.154653251308485
8.560289097396751
.5921028260487555
.3947352173658374
.18236220465387973
6.0987678116162485
.002459288661959716
2.058200134919378
20.952217226848113
39.08531577027179
10.37722956274528
.1567612252024476
.1597664027798149
25.429863684386536
36.78645436621924
3.613565593028871
15.150107716780331
45.467864411626486
.20955859657092593
9.358999363175856
9.358999363175856
9.358999363175856
9.358999363175856
9.358999363175856
9.358999363175856
9.358999363175856
9.358999363175856
