.08713070958692509
7.124250708688998
.9904475689553869
5.064401622494327
.1848371363353535
6.294751225193999
.004326284499899955
12.414138253699546
12912343836886237e-23
.3390054747258993
1.5155910455405641
.00011407494228920046
11.51005815651038
9.984486839808692
19.219417576049345
3.1202087202108215
18.595821200950198
4.325607483672239
6.030611601770265
.00596795263419851
57.95124913600595
4.7302741970135225
9.904710672406132
3971644848648029e-21
2.187405015019648
.006677751023532452
3872330350262606e-25
1.2559899945144457
.0923013222266735
32.470259509815406
15.62755129171213
.7157947149604326
8.945106227582315
168.07377115460065
169.19129480605298
6.702191716443002
3.3236719540031086
5.2247639010850575
8.97251617611757
27.819228317409788
17.745369868067964
.0005191304085744494
.29026961427773196
.07820073836151846
50.66091954888234
60.449400582742015
9976983776036906e-24
10.603883943559003
5.64113241307495
1.715952565365236
1.6701121519559423
8.20093231861103
29.242428002153133
35.078138396952546
6.013679055713377
19.582294421923077
12.220525902897926
1.351101220319941
6.154537245487637
16.209238826187438
.0006589513134356743
19.041896578085115
19.542737685379326
5.979065014826706
8.528486908855044
3.4193630249209246
10.52282814136815
5.762321030953158
15.476221115212587
.7007587055779524
1.5217904277512835
.4287167008208546
.10495444354344
5.134604523225353
1.353079360419474
50.60711050084757
25.83971280597964
.7725922176387748
1.8782555295795325
18.7463827791936
28.714986606500155
13.19418574597702
3.554378621486098
.2054260975417579
.00016138083036283324
6.036841474208421
6.073931808771733
.19582980557026036
25265625700651343e-23
9.83387158454125
3.120176880994039
.07955786459032739
33.121059642624054
.08995929814366103
19056894203432338e-23
5.400398065366663
.026981956814507643
4.279358531046719
4.492400882908486
.21707491665521544
.05107535576928535
.21080318282448415
.14004121412112291
1.9482427630489576
.0014782703779611336
.015336412248440887
.340127745017052
2.8908820486424616
.9088116978876786
2.4640794706189286
.0995289386441235
.005039677549807334
.005211335266599916
.6031741200696353
23978795135128247e-22
.019478097016627637
7.71518513843486
.07019698713307851
1.5714426984604013
.0028024235280056284
8735498346407406e-20
84.86364167976457
295.2118026347308
13.608986743459903
25.15368142092941
67.31150830145
9203274958207705e-20
33.440338283057145
7.364764581651796
.06307008294750938
.11866067983256691
4.170476014117504
.30984296989531657
.03743625190261863
.04519033482474075
.318886668152118
.36867316505038156
6.086939066095245
.39275526388697934
2.3380787017407716
.0016801545131155816
9.784315241313319
26.134706390957103
2.9739638479930957
3.251141139669745
.579629537975231
26.789650212672424
4.149122398587546
22.313689248709522
8.805905824035175
1.5715897979462388
13.225885658331736
6.140062975040755
.0016801545131155816
1.965449630310074
6.720618052462328
2.316279924138152
1.8331145699064004
10.75626746961017
.0995652940455598
9.28625995624197
1.5308788530142927
2.0367147743933214
18.52424936908212
11.16753877983032
.5269522570189572
14.036276336935597
12.120762808520325
2.0462085211908616
4.534574327604878
14.51058471504824
21.61310826173241
10.443724396706472
7.3002737505805495
31.62951066732731
.0016801545131155816
1.8905776499002869
25.91594735825721
6.369425763195947
31.847482916412957
33.5794151686663
3.583210533340108
5.920818753432833
14.442363339806974
.03930899260620141
4.872203838517571
6.7629695198383875
13.495150392469316
2.9300720218964593
5.627475445501433
16.36245620821632
17.918253518899522
16.153527080539867
7.251517999077806
.431582619337822
12.602681296837114
16.391137712193604
1.500548967124199
1.8128454951245183
28.72666874280545
21.510195837266505
8.162860369368255
.3982611761822392
.09573699833246016
.09827248151550375
2.7716015805182006
5.83194162982222
1.9099899370468145
11.592356959468841
12.533447004194027
7.361586861645947
4.355949729801027
32.30172687242
7.307471570398143
11.421787509352972
16.189184822548594
8.110162556352753
10.394995461228772
.0011607824945302438
22.08258997618638
4.082944891395668
3.119284456651225
.00013803502113361285
35.31944193793647
3.419503960112112
1.1126577723696955
.6577142373017518
1.3563800261181456
.0016801545131155816
16.333360482135166
7.722131511699719
4.161209062880899
10.670496135933764
.03930899260620141
6.510622351450677
.5042561274638253
5.8175862332423955
5.13077809352585
.0011607824945302438
3.4136136580744134
8.217105584569033
2.7855037387763604
5.902880373045608
8.331010590295982
.5896348890930221
.393089926062015
.18160210285332304
6.03541582732629
.0023099367886524886
1.9332062492701652
20.39103371638891
36.711676099830285
10.099286180820037
.15034847971417106
.15387207471534725
24.389585749591525
35.28160411411123
3.4657428363276472
14.530351238210972
43.60787740278114
.2092122023370587
9.165572849531994
9.165572849531994
9.165572849531994
9.165572849531994
9.165572849531994
9.165572849531994
9.165572849531994
9.165572849531994
