.11310327120889091
7.12140754214871
.9496045379841407
5.017111501384286
.1787009983154376
6.2984617423083735
.004189460175095107
12.823379454829471
10983765594457075e-23
.32735746936573645
1.4270731620904096
7348196569632425e-20
9.393966622517718
7.963463034994336
14.850088988076267
.8267096626827547
17.540364908851842
4.9326167205191584
6.5720493490573615
.005601090234638114
55.05756553493062
4.4727652244798435
2.7880760224907526
35523394909810557e-22
2.1171793020519916
.00039373857504053426
38736905624760923e-26
1.2177052935932977
.007098792289851834
18.442427924357943
15.048931447390297
.6877071235472155
8.379545336801593
160.1476275311654
171.87939882659654
5.582559458512761
3.3139678505197305
4.903615512292489
6.802901738142697
25.6441195995504
14.847854495360838
.0004969362052100163
.28264533728982755
.07483387807760734
49.484414067158994
53.7936695888997
7877725409932702e-24
5.2914452881837555
5.061240907085805
1.6478618944485133
1.7046152405013126
8.384923816483012
27.39427319534082
32.49164038012125
6.02590439417656
17.48185310983013
4.780328255835697
1.1788705024376438
5.474708112955701
15.40502326284099
.0006657825153920623
18.067894394331173
18.238767221331646
5.552239842308149
7.952290661933647
3.080111817927028
2.94270524822235
5.067407447918835
4.883957966381904
.6956283549562248
1.708783191093521
.10045125064804117
.024046676846740292
1.56886019618476
.3520384017772537
24.18176266220393
8.610295231642908
.18945715594306742
.5009896885287699
17.658383709739255
26.805471099233444
12.513805595624286
1.6879464988596495
.07474237919392931
.0001240593393026061
3.229627297548829
4.3047741118166485
.19612225575152722
8209603264362232e-22
8.199913802616372
1.6615687420302314
.2398400374493059
31.625927426924463
.044927643819428646
29541823070945867e-23
4.89982859720945
.010752606907700019
4.063191212170529
4.2440495765459945
.07490005975465955
.0047511337832493285
.06415028710843741
.06434832633536026
.9678941353512237
.001433612109352085
.0017481682861839286
.042543157646260585
1.3093233241346367
.869641663633879
2.029664453940225
.006112301794109693
.00024416267727953055
.00023314979478236846
.2879386897956098
17477652629142023e-23
.0011271851070475275
4.663139741582333
.004150317447178302
1.4156041048659052
.0008419304218222244
4158458920358475e-21
80.56792607719717
280.2684662242403
12.920112974530504
23.88042635429395
63.90426474320153
163112234206844e-19
24.857598720063034
6.323910346652429
.051952720997851504
.09704449279716533
3.9971961227160717
.26241337186150476
.01537013985074132
.018533095311368913
.3185555480370918
.35643296656249923
6.008403412863768
.3797155234261291
2.3199317241299853
.0015951067139184892
9.593094237089685
25.26701645859078
2.9302137960761763
3.0865715142873102
.5577810899796939
25.433583985392666
3.9953634233086026
21.572859670392354
8.145820178486478
1.5634473217775167
12.556404096432003
5.829258915722166
.0015951067139184892
1.95526654895097
6.380426855673959
2.304279175528667
1.7861168563490606
10.399152112980433
.0994360796776721
8.977949843519387
1.4800526394512967
1.8840438040787733
17.909231758333032
10.60224874950356
.5002784425622746
13.325773581349761
11.507221498237453
2.0331036407632705
4.367454744741482
13.776072927326178
20.519073589849594
9.915073151581517
6.930740942034346
30.028455376913023
.0015951067139184892
1.8421066877975418
25.055520373767497
6.218830406154399
30.235394081210938
31.879657595105524
3.401831875876447
5.621112624922918
13.711304852229137
.03910533097901933
4.625577584520752
6.420634532663487
12.812038909713483
2.8798340145441705
5.44063945371123
15.135935883699208
17.01124882656792
15.617219053569237
7.065602305988337
.42601420103019605
11.964745737987343
15.561434147505665
1.492774556638221
1.7210810065366184
27.272552507799723
19.897803905210317
7.891847882912179
.3977443187106884
.094501768667629
.09776332744754856
2.563843917077529
5.394782633070706
1.9000941948084606
10.723400536367379
11.899016018389352
7.117177197709548
4.029430238583505
29.880407968835733
7.0648585707402844
10.843627653825157
15.65169293442073
7.699633958438608
10.049874579678614
.0011222437304399212
21.349433050056142
3.876270163240873
3.0157221024875867
.00013753499484436647
33.531605889381126
3.3059741153344167
1.0563361102482112
.6543065907835208
1.3113472916569429
.0015951067139184892
15.50658154504654
7.465751521472281
4.023054106926141
10.31622844560658
.03910533097901933
6.29446528493213
.4787311691711968
5.624438434688823
4.960432789838091
.0011222437304399212
3.1577311378464863
7.601156066970557
2.693023130249559
5.604082268030664
8.054415402751115
.586579964685291
.39105330979019426
.18066121433609966
5.957544943557656
.002136785252991883
1.7882942185798876
19.714037602425496
33.959789933686075
9.763983047427427
.14273798483854933
.14684402417676884
23.15500846807406
33.495683379663994
3.2903102802669664
13.79483888817178
41.40048875381345
.20878220489777172
8.930584281745293
8.930584281745293
8.930584281745293
8.930584281745293
8.930584281745293
8.930584281745293
8.930584281745293
8.930584281745293
