.11395241906166378
7.121338385864371
.9479366356902226
5.014420741505731
.17850107049084502
6.298178569672404
.004184838269117156
12.826890466640323
10907795496862994e-23
.3270867740872693
1.424274153969393
7280600352638535e-20
9.350437617232314
7.922566017125365
14.73995888959194
.8086509895577498
17.48830178086039
4.960054735018723
6.5980385056965085
.005589046048616498
54.94994774211459
4.465208793833672
2.7285501815747644
3536353493530275e-21
2.1152810421131996
.0003616893692476413
38652574109363684e-26
1.2164491572975777
.006673910058566361
18.08343169570503
15.02575189647346
.6867070435500732
8.361221403739563
159.91048081790706
171.92149266981107
5.558435705556702
3.3110783847323764
4.8932894864442735
6.76010179548487
25.573254661542013
14.78128498212179
.0004961367080875852
.2823995494719501
.07476496061369114
49.44615474185147
53.638196354851594
7823771103019955e-24
5.1805936607923595
5.040101921055909
1.64238074115312
1.7044931030437345
8.386406390917893
27.334643574118466
32.42265433643842
6.024392598813967
17.39789404853631
4.693026754117755
1.175052721910773
5.453584877621502
15.36536022791687
.0006653702419071976
18.037804515898276
18.189058427887048
5.531312039316912
7.927817636178391
3.0633324989901385
2.8782867468648146
5.039652283727672
4.798009712354824
.6949862617645226
1.713117329307067
.09801449075819861
.023452299009310753
1.4858170032848697
.34400168213227283
23.637163511365657
8.187114472482484
.18509473517476252
.49038091807952877
17.607997502789818
26.72290825723461
12.496336284615666
1.6478648186707345
.07137544077167286
.0001228093143045443
3.1533284200646867
4.255582444588308
.1958280264164926
8497370508948354e-22
8.155198411189069
1.6240313731619427
.2477051081697722
31.552105324199353
.04374605846709922
2985873587662385e-22
4.8809908292880095
.01029235970507318
4.05803825578561
4.238733454853454
.0715409823806321
.004339762792075048
.061058314917054574
.06257203257722535
.9431340795491435
.001432172966592515
.0016672385645403129
.04072181570298781
1.2581718822367869
.8683273447471818
2.0122677877389066
.005636237409017371
.00022385445823399475
.00021087195097452814
.28061893310648767
16242326119772665e-23
.001032676732276134
4.537233112828246
.0038693525056106163
1.4075857442093225
.0007992541978456224
3815580718643133e-21
80.43121403700404
279.79289144299787
12.898189423928228
23.839904747662928
63.79582851013138
1518551886510299e-20
25.093227759855267
6.433538098643664
.05268267815304486
.09841363108075823
4.057649488199751
.26621471370365
.015242868934531577
.01838188288840826
.31854472819046165
.3560397200793669
6.005852942905523
.3792965896905149
2.3193408098865884
.0015924000500659704
9.586905940807457
25.239139785292533
2.928794347284571
3.0813340518197285
.5570808509708967
25.390426896395056
3.9904337837741353
21.549058698001097
8.12509557058107
1.5631818247355385
12.535097706841338
5.819367512058396
.0015924000500659704
1.954934515068028
6.369600200263884
2.303887874014076
1.7846008228163321
10.387678903766856
.09943185797061675
8.968044622810563
1.4784197223254538
1.8792504170090134
17.88947280485438
10.584258277019623
.49942954288373753
13.303161683760235
11.487695418759237
2.03267660913026
4.362096164442405
13.752696937308269
20.48425570946065
9.898248716037303
6.9189804837431925
29.97750146015845
.0015924000500659704
1.8405431307997804
25.027877040534154
6.213967407940918
30.184089019604595
31.82556245771413
3.396059462475865
5.611574415209387
13.6880387642047
.039098690301360484
4.61772865282496
6.409739650679634
12.79029874506406
2.8782061535002827
5.434636887922221
15.097427012941232
16.98238321407735
15.599988839068171
7.059605111579289
.42583336490005425
11.944443306487928
15.535028659438389
1.492521060902479
1.7181605826508672
27.22627495696587
19.847179882695894
7.883140940186592
.397727431882467
.09446165419704074
.09774672575340143
2.557320981541532
5.381057219011042
1.8997715300271314
10.696118044652698
11.878825120654113
7.109324936091268
4.019178556132008
29.804386190102733
7.057064031381132
10.825227596484364
15.63442468546809
7.686568800646288
10.038786722479282
.0011210055778513182
21.325878580488496
3.869692697142905
3.012394907132048
.00013751867758069822
33.47470763625125
3.302326689826277
1.0545436616673287
.6541954796114459
1.3099005042972256
.0015924000500659704
15.480269133859322
7.457514683678985
4.018615539152073
10.30484672467726
.039098690301360484
6.287520707497641
.4779188320784097
5.618233086582652
4.954960027965835
.0011210055778513182
3.149697233553411
7.581817194313901
2.6900519632299145
5.594572956353229
8.045529102021511
.5864803545204084
.3909869030136057
.18063053532482867
5.955016062196112
.002131348840749041
1.7837444377490441
19.692287437085128
33.87338938524475
9.753210609535964
.14249577926034396
.14661974950171555
23.115717789978085
33.438846081802936
3.284727102777046
13.771431055050563
41.33023815213973
.20876816147562893
8.923004114081651
8.923004114081651
8.923004114081651
8.923004114081651
8.923004114081651
8.923004114081651
8.923004114081651
8.923004114081651
