.11475919185646838
7.121272591940597
.9463773156541179
5.011797817149552
.17831093813979518
6.297888287510559
.004180439346072076
12.829638347567412
10836981343314648e-23
.32686853847744984
1.4216202526645845
72185937992116e-18
9.309769344602346
7.884987103659724
14.63714540884226
.7569221604182356
17.436153193073867
4.9865348345485945
6.622803124748849
.0055775966381182976
54.84684818846852
4.458270025780613
2.558335674051345
35213728762214455e-22
2.113665786050005
.0003338756728549341
3857988868026584e-25
1.2152560383166204
.006015289327785954
17.74912582416217
15.003549277280117
.6857533906550444
8.343828068902038
159.68627039950331
171.95924403924082
5.536189746507883
3.308185940732423
4.883491332449073
6.720777214949794
25.505988002700775
14.719578773820599
.0004953740894191655
.2821662293418596
.07471315371865907
49.409821412039236
53.493957595019715
7773392598767008e-24
5.077582014126089
5.019936145371088
1.6372999558081047
1.704228052549757
8.387589719476301
27.278033618902622
32.362167651715765
6.0229011014491585
17.317625057955652
4.440570605276923
1.1715239699088
5.433600743906748
15.327172714062337
.000664968434361002
18.00927314355305
18.141841526050637
5.510361566504632
7.905040061763025
3.0477777605999234
2.697440630151286
5.013177078692012
4.512288070973577
.6943581951504156
1.7171507739219936
.09147545442745593
.021873551869827215
1.4100633867104584
.3218032012664453
23.131568251418
7.800705579015664
.17294072536506827
.4591551338858665
17.562180594245596
26.64611884581177
12.48061110675574
1.610868808784635
.06828916022425185
.00012163274686136444
3.082506797820785
4.2093198516804415
.19556318639687018
8766204909547206e-22
8.1137228947736
1.5889984544700564
.25484485232728743
31.47815196818905
.042651037181345546
3013433702340675e-22
4.863924729362071
.009868511345123168
4.0538106452987375
4.233896755510116
.06845074944237844
.003980142931509264
.05822804908914549
.06093063583142285
.9201891007162945
.0014308033772750346
.0015229466902701376
.03732666261449855
1.2105658492087792
.8670770435613241
1.9962449775914803
.0049862000883661006
.00019683773110233102
.0001841350221236195
.2738113882458222
1446448973866733e-22
.0009105063579384092
4.417492123694622
.0034582169667291022
1.4000718990431833
.0007602230429328188
3356067540865671e-21
80.30153925292423
279.3417968869932
12.877394388709703
23.80146899187272
63.69297403520779
14179192488128314e-21
24.135179269560904
6.231388278643482
.05091678886500478
.09509843150551044
3.959042120050356
.2590458475203265
.014431523030569892
.017403211344542154
.3185344486275027
.35566649972346936
6.003430752095935
.37889899020873946
2.3187795234937347
.0015898327118113724
9.581030157442672
25.21268273513219
2.92744637029813
3.0763661878799455
.5564163704044145
25.34949131976719
3.9857557830052817
21.52646979315999
8.105454031551755
1.5629296185694879
12.514888064253997
5.809985268676369
.0015898327118113724
1.9546191029188311
6.359330847245492
2.3035161611918555
1.7831616360498805
10.37678996919363
.09942784710561633
8.958643826727798
1.4768699617122016
1.8747075325480373
17.870720078597998
10.567193864612697
.4986243403400246
13.281713734234987
11.469174444771246
2.0322709707646904
4.357011084370593
13.730524227033873
20.451230080443818
9.882290318785838
6.907825395373286
29.92917039770166
.0015898327118113724
1.8390588295022219
25.001641447566197
6.209350611004627
30.135424887487158
31.774251869041144
3.3905841842174005
5.6025271851090785
13.665970298715576
.039092382058376555
4.610283745108925
6.3994055830522685
12.76967765600131
2.8766603801116872
5.428940003560465
15.060930617379977
16.95500345980145
15.583636075434892
7.0539119111038335
.4256616241543712
11.925185943220857
15.509982394611912
1.4922802552530252
1.7153904876667587
27.182379544362533
19.799201473715783
7.874877399628163
.39771138842246534
.09442355733505797
.0977309551459416
2.551138934889514
5.3680490956643006
1.899465017959003
10.670261337096312
11.859673549947576
7.101872551895909
4.009462627034278
29.732337312706477
7.049666429931504
10.807774682612607
15.618035824292537
7.6741761722187265
10.0282635158199
.0011198304783409726
21.303523625283315
3.8634538062972896
3.00923714962372
.00013750317639146358
33.420738222301246
3.2988650099266517
1.0528434794275516
.654089930703987
1.3085273947680547
.0015898327118113724
15.455311154777885
7.449697307899302
4.014403006007165
10.294044619335764
.039092382058376555
6.280929783553418
.477148310060317
5.612343746619059
4.949765967188898
.0011198304783409726
3.1420831814347685
7.563488971951269
2.687232103269133
5.585553136761796
8.037095337288264
.5863857308756493
.3909238205837664
.1806013921157246
5.9526143741571405
.0021261965356374267
1.779432428654748
19.671644901684672
33.791504133079286
9.742986759416029
.14226604122108763
.14640698414239142
23.078449600641964
33.38493448544756
3.2794313195054214
13.749228140797499
41.26360370216264
.20875481973800022
8.915808180249396
8.915808180249396
8.915808180249396
8.915808180249396
8.915808180249396
8.915808180249396
8.915808180249396
8.915808180249396
