.11930746411216896
7.120903994498969
.9371516336364518
4.995793083685596
.17724141966600626
6.295757962716241
.004155503071676839
12.834641668159817
10427268378096645e-23
.32559272284046825
1.4067569405234972
6911077427955033e-20
9.101393014136834
7.692151447644023
14.082689375571453
.592822588049543
17.11580087343872
5.134388688604323
6.762558058198221
.005512920535157593
54.249726108599354
4.419065995294812
2.0151051045292188
343486701586588e-20
2.1042100809888535
.0002148041908212036
38055063814261686e-26
1.2085338051518013
.0038251473263625872
15.958996859434885
14.875316132018128
.6803176649994677
8.246084769522504
158.44156640394058
172.1325872481651
5.420862090866802
3.2892789737907204
4.828488123089074
6.519041773059737
25.128032142448923
14.393385174309367
.000491024575763638
.2808545377447143
.07440733480177462
49.20530112171843
52.73700528130555
7503481110614994e-24
4.555640010902802
4.90439557441306
1.605471172576546
1.7009527303434075
8.390390461861365
26.959668745246304
32.01586254430841
6.013514187467859
16.85434176113822
3.60128248239792
1.1532167161284428
5.322028993806886
15.101817357290964
.0006624309509520094
17.849625370345386
17.874229963525707
5.382190672235203
7.769620501773253
2.9548803174398866
2.117837199748092
4.861172004283677
3.6197637886198715
.6904534892566493
1.7383114366359043
.07067422554032966
.016849135867746112
1.0358524638005127
.25091968766272965
20.56962315924279
5.871656949196694
.13443571547864627
.3606793947669816
17.28192036757488
26.188283812227002
12.393442569813601
1.4216950801811563
.052661005341319296
.00011500549049811004
2.7021532933251033
3.9570068454344702
.1936646621689763
10359506309825076e-22
7.889736114355058
1.4027974780732744
.2961251119060106
31.022561387245865
.03682430475345715
315058059383323e-21
4.763877774417487
.007690935952225571
4.029184966535667
4.207155849234309
.05301847516609775
.0024297042109644937
.04429170920925303
.05232154870141154
.7986239650408055
.0014230489055920947
.0010461270815476868
.026161590066701036
.9617633615733168
.8599992341022608
1.9020254935226442
.002827242055947413
.00010829780229810334
9508789727253936e-20
.23862369493878519
8531038076273864e-23
.0005010166969337018
3.749668866442785
.0020995475025598967
1.3550223666671888
.0005685335956711415
18539869294019498e-22
79.57438503633368
276.81227419831123
12.760785769303835
23.58593964213041
63.116215294743085
9532736278077384e-21
21.896981229831173
5.896774234138363
.04758370963979655
.08885038683825824
3.809551376445132
.2474118939676563
.012026316325486843
.014507459463736055
.31847650264293775
.35356973616082515
5.989793645527167
.3766652639589799
2.3156177489038967
.0015754363058293399
9.547972084757664
25.064046204796504
2.9198585982495957
3.0485087810841973
.5526850886459657
25.119944169449983
3.9594854495467864
21.399564623486288
7.995607717195503
1.5615085391287487
12.40156204696038
5.757374131632778
.0015754363058293399
1.9528418834019492
6.301745223317363
2.301421710220304
1.7750697474590469
10.315615596230382
.0994052384305523
8.905829862069346
1.468163358405763
1.8493012182139243
17.765366679477886
10.471504795042303
.49410914928707456
13.161443883429534
11.365317673955683
2.029985653007473
4.3284540862883185
13.606190264315686
20.266038136107376
9.792803253634528
6.845272990893268
29.65815289721268
.0015754363058293399
1.8307132825481687
24.854249070622313
6.183387004517153
29.862539691517696
31.48652660946909
3.3598814404195085
5.551794642444065
13.542220890933828
.03905683766803893
4.568536260613319
6.341457070524595
12.654044443506878
2.8679614288023383
5.396934730103173
14.856822653451683
16.80147088280726
15.4917657409449
7.021901650138007
.4246947115388137
11.81719985325405
15.369534911258393
1.490923413098801
1.699857118844557
26.936235048422148
19.530879760876683
7.82845257186207
.3976209537222092
.09420906929194518
.0976420941700975
2.516565521936027
5.2953004987138055
1.8977379467887123
10.525656374001647
11.752280694101197
7.060004825795936
3.955125795264654
29.32940027077344
7.008106475000215
10.70990708249514
15.525962692687763
7.604684234524839
9.969143813646898
.001113228732758666
21.1779327919376
3.828469088046705
2.9914967697690185
.0001374158193825026
33.118103541247734
3.279417184628868
1.0433096699564246
.6534952054253346
1.3008132227439686
.0015754363058293399
15.315358735690149
7.405779047731205
3.990736863833782
10.23335805569584
.03905683766803893
6.2439017679266415
.4728275908209685
5.5792572516073164
4.920585572263632
.001113228732758666
3.0995012044674275
7.460987448408121
2.671390042341598
5.534974299130873
7.989714184815859
.5858525650205848
.39056837668039
.18043718195407996
5.939092699645477
.0020973820050599105
1.7553172966494537
19.555674496040062
33.333556660781774
9.685548851588466
.14097778009042952
.14521325937341054
22.86946740558562
33.082624017833346
3.2497350978117554
13.62472480860163
40.88994955178275
.2086796201446874
8.87534873729523
8.87534873729523
8.87534873729523
8.87534873729523
8.87534873729523
8.87534873729523
8.87534873729523
8.87534873729523
