.11930746411216896
7.120903841763895
.9371335201193974
4.99579260519245
.1772407406031265
6.295753615929254
.00415550308675039
12.834640335141474
1042660012372607e-22
.32557102861363063
1.4067569424298163
6911197853038985e-20
9.10145301060227
7.692216310417188
14.082842210818587
.6078302406076718
17.11534073093977
5.134234259161235
6.762562627371515
.005512920528649053
54.249725859354555
4.418938203307779
2.0650455185164986
3434757526827748e-21
2.1041013293534676
.0002148104454333339
38049002205364713e-26
1.208533812622405
.003922195407523941
15.958320784180234
14.875315771297505
.6803176654241146
8.246084796985695
158.4415672862194
172.13258744996241
5.420897456426002
3.2892786414619217
4.828488141669241
6.519105123151088
25.12803233579572
14.393493471005998
.0004910245666678955
.28085453774469404
.0743997393813935
49.205301111969646
52.73703715148782
7503499572204314e-24
4.555593395893467
4.904409671507184
1.6053666616989863
1.7009328004501045
8.390388308871765
26.959669273927503
32.013088356648694
6.0135139387987175
16.85441549710939
3.680257779477215
1.1532176144316655
5.322015997611691
15.101853047716268
.0006624339971300075
17.849619910553244
17.87428645546235
5.382004421110042
7.7693070083839775
2.954652609593088
2.1702649669436016
4.8612049787702984
3.7104054337319985
.6904548841763641
1.7383153481071123
.07248331207379868
.01728188385740865
1.0358590666978191
.2572333518676813
20.569440188131253
5.871892097744555
.1378796271051945
.369864340672409
17.28060664941881
26.18718152822209
12.393006856152192
1.4215826276030628
.05265315940292787
.00011500133744977222
2.7019557390242004
3.957006844973255
.19364827836669762
10365532205911573e-22
7.889583688299355
1.4027980338562607
.2962929755892296
31.021916529088262
.03682168778426579
3150114613807712e-22
4.7635088494820685
.007689768881604592
4.028799596970263
4.206994611800464
.05301901659859332
.0024293886612694665
.04429219192875768
.052317813777567404
.7985798001713097
.0014230484566012116
.0010727920044114772
.02682873979461777
.9617205211918131
.8599992342108561
1.9017319365524354
.0028984959152832416
.00011106075628298379
9724959126990228e-20
.23861383326779792
8749672003951391e-23
.0005130034121899589
3.7495078853598
.002153223822698506
1.3549297889191945
.0005685422234490747
1901680204468687e-21
79.57438503623581
276.8122741979708
12.760785769288141
23.585939642101398
63.11621529466546
9532307703705939e-21
22.46986620977014
6.0523383595596085
.04883289899381726
.09119161300995474
3.9406914295036692
.2561804779708464
.012333456347889675
.01487878171601478
.31847650264293775
.3535697361607569
5.989793645527146
.3766652639589072
2.3156177489038954
.0015754363058274022
9.54797208475747
25.064046204791666
2.9198585982495775
3.048508781080448
.5526850886457805
25.11994416941909
3.9594854495455536
21.399564623482153
7.995607717137036
1.5615085391287487
12.401562046945127
5.757374131625697
.0015754363058274022
1.9528418834019492
6.301745223309613
2.3014217102203034
1.7750697474589339
10.315615596228389
.0994052384305523
8.905829862067625
1.4681633584054796
1.8493012182004014
17.765366679474454
10.471504795029425
.4941091492864668
13.161443883413346
11.365317673941705
2.0299856530074725
4.328454086287002
13.60619026429895
20.26603813608245
9.792803253622484
6.845272990884849
29.658152897176205
.0015754363058274022
1.830713282548052
24.854249070617513
6.183387004516873
29.86253969148097
31.486526609430367
3.3598814404153763
5.551794642437237
13.542220890917173
.03905683766803892
4.568536260607701
6.341457070516796
12.654044443491316
2.8679614288023045
5.396934730102131
14.856822653343045
16.801470882786592
15.491765740941906
7.0219016501375595
.4246947115388122
11.817199853239515
15.369534911239489
1.4909234130988007
1.6998571188424663
26.93623504838902
19.530879760733868
7.8284525718605575
.3976209537222092
.09420906929194485
.0976420941700975
2.5165655219176246
5.2953004986750845
1.8977379467887123
10.52565637392468
11.752280694086743
7.060004825794572
3.955125795235732
29.32940027055897
7.008106474998861
10.709907082481969
15.525962692684763
7.604684234515486
9.969143813644973
.0011132287327584509
21.177932791933507
3.8284690880419965
2.9914967697684407
.0001374158193825026
33.118103541207
3.279417184628235
1.0433096699551414
.6534952054253345
1.3008132227437175
.0015754363058274022
15.315358735671312
7.405779047729774
3.9907368638330114
10.233358055693865
.03905683766803892
6.2439017679254345
.47282759082038694
5.579257251606239
4.920585572262682
.0011132287327584509
3.099501204444763
7.460987448353563
2.6713900423410815
5.534974299124065
7.989714184814315
.5858525650205847
.39056837668039
.18043718195407993
5.939092699645456
.0020973820050445733
1.7553172966366182
19.555674496036286
33.33355666053803
9.685548851586596
.14097778009025613
.1452132593732974
22.869467405557494
33.08262401779266
3.2497350978077586
13.624724808584872
40.88994955173246
.2086796201446874
8.875348737294665
8.875348737294665
8.875348737294665
8.875348737294665
8.875348737294665
8.875348737294665
8.875348737294665
8.875348737294665
