.12082355486406915
7.120780202334826
.9339398034707924
4.990001805411354
.1768845977553348
6.294864472930777
.004147140938662698
12.832439991905133
1028833002929748e-22
.325166056303278
1.4018393992677347
682270866304247e-19
9.038801932459396
7.63468592963791
13.907033211080874
.565656884871986
16.998341233776873
5.182074591932618
6.8080980837317515
.005491306105615162
54.0445080160253
4.406057326914738
1.9249325958742438
3405501339790017e-21
2.101007768420401
.00018617178959304416
3784487374692862e-25
1.20629509742992
.003411514237201643
15.397971112080942
14.831506708696564
.6784849637494914
8.213629979695412
158.0336363270359
172.176030287829
5.386065085915827
3.2820272440801532
4.810244978967218
6.458879073826144
25.002582544804657
14.292495273039966
.000489557541069593
.2804186917334229
.07430554760270551
49.13725212037839
52.50561133826495
7418796747805024e-24
4.4025252636902446
4.8652635852590755
1.5938974681730125
1.6991415497280982
8.389918319984343
26.8538391227318
31.900458664124585
6.010098611261629
16.696498448620755
3.4562709888501115
1.1477023849761325
5.285263313398348
15.023332070086923
.0006615147862512714
17.796812013984667
17.784977148336154
5.3354373892610365
7.722361514956101
2.922496089171003
2.02057405711552
4.809725549838172
3.4794818871609383
.6890265920844533
1.7448082797710565
.06717940395559654
.016002077487134884
.9305769793834212
.2390204246279643
19.81748095980132
5.322021484301296
.12803468890447703
.3445807507393962
17.182033172689216
26.028124732891293
12.365176386996849
1.3656757761448954
.04815492344106494
.00011281036408879499
2.5829663944130123
3.8760479986219982
.19290115748360853
10909688092510365e-22
7.8190330490708675
1.344939531928969
.30978368687715396
30.85490402906884
.03501837767535074
31870506813792526e-23
4.729701383173174
.0070532439165796
4.020930416492893
4.198463383611413
.04862107986716978
.0020594781229112
.040381868148478384
.04969232263250868
.7610767488904604
.0014204489252767506
.0009577645364551843
.02411759627384051
.8874419596682582
.8576300608715759
1.8696863001161217
.0024211894848120362
9192336281778503e-20
7858131956582053e-20
.22805336081555128
7402853270913261e-23
.0004237194905763332
3.535031943921768
.0018442061211569184
1.3392312988944008
.0005149954421802656
15767600435463181e-22
79.33346649670386
275.9742003781867
12.722151353584936
23.51453110869613
62.92512533019196
8328039040558066e-21
21.861053708123862
5.973587807651735
.04803307929932539
.08969438530702617
3.9251895039864095
.25474002886525954
.011692253984465493
.014107110034595192
.31845718965733427
.3528735654844735
5.985254830682408
.3759236187197245
2.3145647823847533
.0015706665320647435
9.536978093878991
25.0146956744373
2.9173337138795037
3.039279149171213
.5514468967387238
25.043891300651524
3.950767205838125
21.35742937305641
7.959324092836324
1.5610351331739774
12.364015213062537
5.739943168550096
.0015706665320647435
1.9522498360623652
6.282666128258978
2.3007239831731843
1.7723806196268355
10.29530438644023
.09939770334801888
8.88829448795653
1.4652725785293115
1.8409091918537088
17.730387081192188
10.439801381414963
.4926131898195949
13.121596439577246
11.330908162211571
2.0292244516472837
4.318976741025257
13.564996311174765
20.20468090023802
9.763154669386337
6.824548317098046
29.568360197201844
.0015706665320647435
1.8279398579838964
24.80531162599375
6.174756616700319
29.772128192279183
31.391198345162618
3.349709100041564
5.534986089579075
13.501220610769572
.03904499672124724
4.554704610093491
6.322257744311036
12.615733196660944
2.865067627947505
5.386308289780316
14.789403216256249
16.750602932940343
15.461262810601196
7.011263875938166
.42437289566746683
11.781422227955911
15.323002275110225
1.4904714065908744
1.6947106499844535
26.854683197182226
19.442249711765605
7.813038528847765
.3975908133920755
.09413768160356753
.0976124918031183
2.505145487174089
5.2712707187445975
1.8971626054299606
10.477891529162306
11.716699617340756
7.04610383871489
3.9371776537694108
29.196305079045096
6.994307674577924
10.677481884704324
15.495392429332805
7.581660375536912
9.949514798825799
.0011110368109945642
21.136233929485226
3.816878056821155
2.985606581451073
.00013738671271430085
33.017835532430276
3.2729600876378977
1.0401509569867573
.653297083856409
1.2982519514346142
.0015706665320647435
15.268990122739831
7.3911972391619765
3.9828791947589246
10.213208809110602
.03904499672124724
6.231607668991449
.4713960631676255
5.568271822434091
4.910897052473774
.0011110368109945642
3.085435839909602
7.4271299011769845
2.6661301368056503
5.518216671353715
7.973982621395597
.5856749508187095
.3904499672124732
.18038247841947944
5.934592303854766
.0020878642018483254
1.747351764112655
19.517169822850985
33.18229082943863
9.666478228723335
.14055095730211478
.144817517937568
22.800228055674847
32.98246342643375
3.23989623529851
13.58347474047672
40.76615158680879
.20865455963386365
8.861903098134173
8.861903098134173
8.861903098134173
8.861903098134173
8.861903098134173
8.861903098134173
8.861903098134173
8.861903098134173
