.12233964561596934
7.120655380429807
.930688685079394
4.983985186505856
.17652856439592754
6.293886248033506
.004138754642090733
12.828360512862453
10149498256433868e-23
.3247692870845534
1.396940175475012
6740539497792699e-20
8.979300937619763
7.5802778889126285
13.73542441757059
.5294960180696137
16.87637525579995
5.228456257456069
6.852487084680707
.005469659664593311
53.836097384933794
4.393257254020592
1.8046330905139794
33760751449897023e-22
2.0979348330341416
.00016167512583084578
37626933912118547e-26
1.2040575906712092
.0029880425180087693
14.855292075401941
14.787213249680125
.6766427101323248
8.181242438168814
157.62901714661382
172.2125993249582
5.352917886551049
3.2743202704799934
4.792048731033158
6.401871721187646
24.877430155098498
14.195077750342323
.0004880828466344955
.2799835360916462
.07421446154083323
49.06926852556336
52.28429203209007
7336659474707623e-24
4.259505183448046
4.8258365422670435
1.5820421283337582
1.6969980869711119
8.388777190099926
26.748153072850393
31.78896457815983
6.006581223739936
16.53713091345294
3.2608889400216268
1.14247005417603
5.248730794521902
14.94331010455116
.0006605727328751232
17.744187172438302
17.69581788349799
5.2870414097247656
7.674565893998604
2.8898444094920577
1.891892540181324
4.757952558565836
3.281525869753515
.6875401228533267
1.7510403293122059
.06264266060462938
.014907579013103538
.8344397370493483
.22339450886090986
19.114125517882112
4.816461100434739
.11960868683556418
.3229251732473851
17.08099824927264
25.86603567758978
12.337881440871653
1.313186949425804
.04401239447899018
.00011063162019739068
2.46789297598452
3.7966271672120513
.1920996068454555
1145789299938803e-21
7.7505263415732175
1.2891413975594148
.3230201388572996
30.680409415098318
.03328420779943432
32190046524911746e-23
4.69570981966872
.006463117405216815
4.013195538493227
4.190096456550217
.044586525457298735
.0017468532968712325
.03681906165460268
.04718383168410564
.725046627404828
.0014178413245032556
.0008611868963056253
.02183705727960675
.8179354897108514
.855256578047744
1.837406198010321
.0020357221575816277
7661362022304083e-20
638498292942117e-19
.21805865203198074
6302134777310745e-23
.00035204521506283163
3.3273156342582366
.0015905895145500188
1.3232511330050316
.000466338001298872
13167153774837088e-22
79.09327735951618
275.13866390156426
12.683633907017594
23.44333877098824
62.73461390761201
7271405994453567e-21
21.346818049887226
5.917948659134066
.04744506224060102
.08859474045949867
3.935339640386151
.25506493219232235
.011136128836867739
.013438052251015218
.31843787784290484
.35217876555223854
5.980719455161529
.37518343376295843
2.3135122946745557
.001565911199217138
9.525996762006473
24.96544231414204
2.9148110128484066
3.0300774607949426
.5502114787787744
24.96806868872046
3.9420681585072224
21.315377085969555
7.923205121612108
1.5605618707427238
12.326582055564947
5.722564979268304
.001565911199217138
1.9516579682150663
6.263644796868556
2.300026467657498
1.7696955656676179
10.275033168956947
.09939016883665726
8.870793640593712
1.4623874905322263
1.8325552480575509
17.695476356934336
10.40819395270999
.4911217595032989
13.081869637427765
11.296602828344085
2.0284635357213836
4.3095201468380635
13.52392707641404
20.143509428892038
9.733595848880652
6.803886389107699
29.478839352627183
.001565911199217138
1.8251706349972872
24.75647053807279
6.166138274643456
29.68199042194689
31.296158695708684
3.339567557334589
5.5182284261123336
13.46034446262324
.03903315936430127
4.540914836133614
6.303116545776023
12.577537940543882
2.862176746965793
5.375702772675065
14.72228972483905
16.699888990344583
15.430819939828703
7.000642217350424
.42405132365471504
11.745752922620639
15.2766105206829
1.4900195371187486
1.6895797625194586
26.77337825147123
19.354021861048317
7.797654835731109
.39756067534662903
.09406634800979163
.09758289841075335
2.493777275915402
5.247349984623876
1.8965874384987054
10.430343438618678
11.681226265474892
7.0322302223590185
3.9193109599745046
29.06381386613512
6.980536043677617
10.645154857102035
15.46488235812621
7.55870622334282
9.929924433085299
.0011088492050742118
21.094617171137944
3.805322118480095
2.9797279907790153
.00013735761221131453
32.917871093984
3.266515704523009
1.0370018073033263
.6530990223524324
1.295695723209804
.001565911199217138
15.222761894915442
7.376644141839839
3.9750369972545028
10.19309923593039
.03903315936430127
6.219337776855477
.4699688695923819
5.557308023319295
4.901227609157477
.0011088492050742118
3.0714343032192994
7.393425997673347
2.660880587903229
5.501509778794542
7.958282033063392
.5854973904645199
.3903315936430134
.18032779146946903
5.930095318275585
.002078389589915573
1.7394223787338923
19.478740964481503
33.031711434298686
9.64744515547783
.14012542675799441
.1444228549934672
22.731198334093193
32.88260608018948
3.23008716082215
13.542349560625146
40.64272843125432
.2086295021325777
8.848477828338085
8.848477828338085
8.848477828338085
8.848477828338085
8.848477828338085
8.848477828338085
8.848477828338085
8.848477828338085
