.12385573636786953
7.120529080811244
.9273836945333885
4.977744413874716
.1761733379029738
6.292821012758523
.004130344717627937
12.82244048741311
10010341547272431e-23
.32438490798452196
1.3920591928748456
666421344600696e-19
8.922751186910881
7.528793372727834
13.567694526434266
.4969341731122895
16.74997172752542
5.272946974346703
6.895361582168851
.005447978536500721
53.6244276087604
4.380561956127798
1.6961821634208265
3346513355428799e-21
2.094904201149341
.00014068093244474245
3739686468198134e-25
1.2018214022405598
.002627080351891261
14.330111103693772
14.742463023632638
.6747913783936861
8.148924434833294
157.22760636528807
172.24246125845087
5.321355619000835
3.266170363207549
4.773900067119137
6.3478664386561565
24.752591283786007
14.100983127994143
.000486601014869311
.2795490696876876
.07412790799839833
49.00135214662663
52.072844349568264
7257026559228793e-24
4.126244728913824
4.786132629798558
1.5698370502494834
1.6945206911406017
8.386984344594168
26.642609598059323
31.679129846290124
6.002980486705715
16.37638808743893
3.0822882974331014
1.1375134770095938
5.212422942718982
14.861844449774656
.0006596121910709133
17.691739373574546
17.606866159478244
5.237050518566376
7.625993635582536
2.856777770536351
1.7758366165591593
4.705913119592086
3.102502348056164
.6859967619023362
1.7570201975738668
.05857429575289529
.013926580010877997
.7469990421931414
.2093328407749554
18.45770888158399
4.353206985415354
.11203968644856414
.3034257775649118
16.97779467056501
25.701175655024414
12.311185144924014
1.264016657077373
.04021977800945332
.0001084675427908862
2.356752182156094
3.718723315468352
.19124853245684234
1200662063542101e-21
7.684063173236696
1.2353707093374529
.33590482845939545
30.49911330387186
.03161894752562366
32461458445562506e-23
4.661605682003194
.005919508994397802
4.005678327958976
4.1819332602916415
.04090373411049302
.0014833679824957156
.033587589934657595
.04478978702245785
.6904681291677455
.0014152259178067301
.0007774047249232772
.01985139793177671
.7533339237466953
.8528792243728903
1.8049916146421785
.0017182009763721418
641220628550543e-19
5204872163194057e-20
.208615133279074
53829002061577395e-24
.0002934933289567745
3.127795109352895
.0013770494989642646
1.3070368113310462
.0004223301799904787
11043522036619214e-22
78.85381541633716
274.30565708605366
12.645233075450832
23.37236197442451
62.54467927533449
63479914629837625e-22
20.85198053487587
5.864792536478878
.04690049542452397
.08757697657663112
3.926483600485746
.2542054875996703
.010621739888176366
.012819215643928114
.3184185671995784
.35148533366508455
5.9761875163583325
.3744447062133425
2.3124602855555763
.001561170263563329
9.515028074563716
24.916285932580017
2.912290493268291
3.0209036313499085
.5489788285513905
24.892475636501224
3.933388265284991
21.273407598868463
7.887250056275075
1.560088751791475
12.289262230286191
5.7052394040025955
.001561170263563329
1.9510662798056355
6.24468105425332
2.299329163609114
1.7670145794095933
10.2548018650345
.09938263489642414
8.853327251996705
1.4595080832070286
1.8242392139947823
17.660634371089344
10.37668221831098
.48963484462514056
13.042263111710618
11.262401356930768
2.02770290512274
4.300084258289939
13.482982182419962
20.08252315962465
9.70412652033712
6.783287016944888
29.389589540383902
.001561170263563329
1.8224056072230712
24.707725617130244
6.157531961533545
29.59212555174366
31.20140678725951
3.329456719051558
5.501521497964493
13.419592070656629
.039021325596112655
4.527166811942779
6.284033298924654
12.53945832396711
2.8592887829109856
5.36511813758899
14.655480790721793
16.649328588727585
15.400437010368348
6.99003664996009
.423729995315771
11.710191609284655
15.230359221424635
1.4895678046408776
1.6844644092733183
26.692319463725937
19.266194383421848
7.782301432752262
.39753053958569656
.0939950684696265
.09755331399028182
2.482460652968589
5.22353780146724
1.8960124459420649
10.383011118671506
11.645860312341734
7.018383922834557
3.9015253442446225
28.93192389099743
6.9667915288017035
10.612925702455472
15.434432360547866
7.535821566889229
9.910372640324217
.0011066659064995856
21.05308235523036
3.793801166771754
2.9738609749167404
.00013732851787223783
32.818209306779856
3.2600840102502047
1.0338621919510849
.6529010208951945
1.2931445281395566
.001561170263563329
15.176673627168757
7.3621196992315
3.9672102408565384
10.173029258037102
.039021325596112655
6.207092043854821
.4685459969728203
5.546365811672708
4.8915772047526005
.0011066659064995856
3.057496304725556
7.35987504061359
2.6556413752418186
5.484853467840827
7.9426123588283835
.5853198839416905
.39021325596112727
.18027312109902072
5.925601740323797
.002068957973246028
1.7315289764659796
19.440387771650006
32.88181536009829
9.628449557915644
.1397011845455022
.14402926760183712
22.66237760614273
32.78305106095617
3.22030778419255
13.501348890918964
40.5196789502977
.2086044476404681
8.835072897047962
8.835072897047962
8.835072897047962
8.835072897047962
8.835072897047962
8.835072897047962
8.835072897047962
8.835072897047962
