.12537182711976974
7.1204011145950705
.9240279383608331
4.971281436289509
.1758193099078624
6.29167158844664
.004121911682688451
12.814721963054247
9871060118616746e-23
.3240178003081172
1.387196372507136
6593224458847411e-20
8.868931081730079
7.480007977273465
13.403441190225132
.4662968502936504
16.61994125586179
5.315103182584541
6.936355569299013
.005426259923946449
53.40942952325304
4.367999369436301
1.5940107417297558
3316844704367384e-21
2.091940983109998
.0001226510582178727
3715637163589148e-25
1.199586638040759
.0023122904667916603
13.822234806585579
14.697282992736193
.6729314216974039
8.116678086798947
156.82930124681357
172.26577612751993
5.291262536486814
3.2575909222964197
4.755799585931161
6.2966248197428545
24.62808095048474
14.009906918283122
.00048511256363075394
.2791152913918439
.0740475676401962
48.93350474595129
51.87100550338145
71798243296206965e-25
4.002430967760737
4.746143779417581
1.5573132047495204
1.6917412010229755
8.384559763379425
26.537206840242476
31.571561341760738
5.999310343105531
16.21427460659627
2.9119141126562775
1.1328248218261887
5.1763450698866444
14.778945712022567
.000658635105523444
17.639466420139996
17.5181410139953
5.18580825187745
7.576710290748489
2.823362816994429
1.6665609112057482
4.653608507412499
2.932499548058937
.6843965616521568
1.7627543374637342
.05476865714059173
.01300977502400376
.6677445952457031
.19612687189285216
17.846444477021222
3.9298805033646946
.10493997444504917
.2850599394610347
16.872704401889973
25.533777849379053
12.285169402193157
1.2180520135114894
.03676606162901524
.00010632040422038374
2.2495395455636076
3.6423153032437274
.19035290819413367
12551685157412463e-22
7.619630395616091
1.183590379682021
.34834751929196095
30.312102914328516
.030022019832884637
32688873590442266e-23
4.6274474571986834
.005421696932513473
3.9984688647794013
4.174027797065546
.03755725652518893
.0012617783998105764
.030668639965128065
.042507407659312574
.6573149335502315
.00141260338526227
.0007026460235951031
.01806959800823068
.6936650262452855
.850498472913765
1.772535248141522
.0014525578391783288
5377088254213559e-20
42484208270765605e-21
.19970546927800453
46021353062118513e-24
.00024500630677795935
2.9376345368247176
.0011934739301518445
1.2906327496331629
.00038269275457649066
9281516875855334e-22
78.61507846553944
273.4751722729406
12.606948505825125
23.30160006644005
62.355319687089114
5543765555971105e-21
20.31910680939481
5.797408775319018
.04626166945413484
.08638312107802504
3.87586381466826
.25065958498461344
.010118888282071999
.012214095974403085
.31839925772728395
.3507932671293706
5.971659011668619
.37370743320128447
2.311408754810189
.0015564436815148723
9.504072016991339
24.86722633880291
2.9097721532527943
3.0117575764913784
.5477489398559888
24.8171114489868
3.924727483996879
21.231520748722367
7.8514581530431755
1.5596157762767324
12.252055394105577
5.687966283460601
.0015564436815148723
1.9504747707796726
6.225774726059494
2.298632070963922
1.7643376546904406
10.234610396084248
.09937510152727624
8.835895254317196
1.4566343453686412
1.8159609176363205
17.625860988313278
10.345265888497178
.4881524315143363
13.002776498281051
11.22830343352126
2.026942559744362
4.2906690300451285
13.442161252742741
20.021721531724474
9.674746412812981
6.7627500112177605
29.300609939903925
.0015564436815148723
1.8196447683057557
24.65907667381612
6.1489376605813515
29.50253275544654
31.106941748660425
3.319376492232823
5.484865151531065
13.378963060189825
.03900949541559339
4.513460411120836
6.265007828304424
12.501493996824372
2.856403732839878
5.354554343406001
14.588975031865932
16.598921263234004
15.370113904197432
6.979447149389974
.4234089104659889
11.674737960995135
15.184247952098238
1.4891162091157284
1.6793645432151711
26.61150608868704
19.17876546204895
7.766978260270823
.397500406109105
.0939238429421126
.09752373853898366
2.471195384233086
5.1998336766855555
1.8954376277071738
10.335893590183922
11.610601432784607
7.004564886355457
3.883820438658814
28.800632425298886
6.953074076559519
10.580794124447873
15.404042318314543
7.513006195773248
9.890859344593482
.001104486906789647
21.011629320420184
3.782315095771818
2.9680055110737835
.00013729942969576507
32.71884925452145
3.2536649798355244
1.0307320820642232
.652703079466491
1.2905983563137366
.0015564436815148723
15.130724895761505
7.347623854916661
3.9593988951619425
10.152998797468769
.03900949541559339
6.194870422420849
.4671274322269654
5.535445144989233
4.881945801772082
.001104486906789647
3.0436215561008986
7.326476335948086
2.650412478469661
5.468247585353455
7.926973537821613
.5851424312339016
.39009495415593465
.18021846730310806
5.9211115674172445
.0020595691567331835
1.723671394022578
19.402110095373246
32.73259950602231
9.609491362248248
.13927822676413007
.14363675283155428
22.59376523908159
32.68379745341904
3.2105580154975404
13.460472354395579
40.397002012614706
.2085793961571735
8.821688273452198
8.821688273452198
8.821688273452198
8.821688273452198
8.821688273452198
8.821688273452198
8.821688273452198
8.821688273452198
