.12992009937547036
7.120002796730088
.9136752325386656
4.950578556621711
.17475443501031496
6.287720114833967
.004096479271845254
12.781214799894673
9454205852575155e-23
.3229834144185122
1.37271613769119
640974997659678e-19
8.722849220931675
7.348869800788443
12.930576891914429
.3877787191042965
16.20730803962573
5.423637097980136
7.04502399130677
.005360849116041203
52.74372870647332
4.33088506767223
1.3316304959907403
32274644057685333e-22
2.083277837831045
8224882925712768e-20
3637443726900198e-25
1.1928919658220307
.0016002640659802216
12.398119000453274
14.559413312121535
.6673040505243054
8.020388615081254
155.65202783427864
172.29794787344164
5.20932067384716
3.2294125163445857
4.701792629007778
6.158359164425492
24.25665970036527
13.75382346823404
.00048061224184656
.27781807388537044
.07383024859806157
48.73039287244998
51.31992548453711
6962197049723088e-24
3.68376817059394
4.624708197535927
1.5181241357251605
1.6815095447837334
8.373649514221112
26.221834589971532
31.25768047001665
5.988100171484541
15.721507153370423
2.464596358423276
1.1202728911466873
5.069496407983164
14.522811920071275
.0006556806152591662
17.483582528276255
17.2544815127762
5.024437555801835
7.425039312409967
2.7216701071392566
1.3860476515049946
4.4957717923762095
2.4912059925318246
.6792841632322388
1.7786133355067895
.045103549198522684
.010684497138447688
.4737728213236178
.16236835140393005
16.263011272833104
2.8772138839510726
.08683357073793051
.23793667436213436
16.54669078978409
25.01795537135171
12.210161098565804
1.0979435372451392
.028281682096662396
9999706077608151e-20
1.951164880872426
3.421853726421243
.18740889626767362
14162369773722757e-22
7.4383314423088915
1.0397919242172913
.38270843372900554
29.715115753729474
.025631087403257414
33071556028732985e-23
4.5250067315256
.004187188923301627
3.9778868338479603
4.15144135434936
.02936515441701039
.0007889998363871879
.023594157202284204
.036292168180903105
.5660893458375665
.001404692832582429
.0005269592111105883
.013844382262519963
.5436048566049625
.843340646809587
1.675251570802349
.0008978841349126129
3249629713099179e-20
23585354232107923e-21
.1759510023909406
29285879163000197e-24
.00014555986936388263
2.4319214120429216
.0007885292100960672
1.2406453124712131
.00028715237734500295
5651355952374742e-22
77.90319565070395
270.99877360712213
12.49278885396207
23.090597177818125
61.79067380279771
3719624914353406e-21
18.695481498699753
5.563591523701061
.0442313688171324
.08259030904962932
3.9149988448209205
.2526917484346911
.008743449900266298
.010558439946127552
.3183413363358826
.3487252327738009
5.9580940762679555
.37150431277905877
2.3082570306407955
.0015423496230879588
9.471279478153713
24.720626380322503
2.9022301917548488
2.9844852198009937
.5440757811635598
24.592385156025905
3.898859391380391
21.106354394508518
7.745054028437946
1.558197709916746
12.141109404459334
5.636460064455372
.0015423496230879588
1.9487013194588305
6.1693984923518395
2.2965420608066758
1.7563311882827617
10.174274215495108
.09935250484591089
8.783804930299079
1.4480470372530205
1.7913507461252478
17.521951108945824
10.25158644245868
.48373206669631297
12.88503250673456
11.126627821029366
2.0246632338615043
4.262546855257485
13.320438502134921
19.84041891446506
9.587138719179608
6.701511307295016
29.035284240463724
.0015423496230879588
1.8113873212844234
24.51370382172181
6.123226663129622
29.23537858511865
30.8252591798048
3.2893185551689395
5.435198073417335
13.257812587929687
.03897402638917655
4.472589690581829
6.20827632723832
12.388289266767282
2.8477660371411906
5.322987596325747
14.391263079908116
16.448613115958118
15.279502348670691
6.947774805381895
.4224471150072539
11.569019751659722
15.04675009056474
1.4877622438414746
1.6641573999864967
26.37053102091133
18.918851989898894
7.721189531163662
.39741001938364356
.09371049002634795
.09743506597294155
2.437705378114173
5.129364759998268
1.8937142184045823
10.195820028300382
11.50546399870411
6.9632708189141415
3.831186328428065
28.41032198594398
6.9120835633013415
10.48498190048872
15.31323074433649
7.444973699935086
9.832549682329688
.0010979756162873824
20.887759293903684
3.748065112568493
2.9505082044274813
.00013721220212891875
32.42257038588563
3.2344836226365206
1.021398497842937
.652109615169624
1.2829898814933967
.0015423496230879588
14.993711701352273
7.304307349192031
3.936057019162994
10.093143742390192
.03897402638917655
6.158349753233821
.4628974550033673
5.502811990918497
4.853165227610234
.0010979756162873824
3.0023739456578626
7.227186842739066
2.6347874805705866
5.41873098422222
7.880241587274054
.5846103958376491
.3897402638917662
.18005460531234202
5.907661453176765
.002031657570259124
1.7003119438143435
19.28772868042728
32.289002466007275
9.552840450902934
.13801702117800826
.1424656150569035
22.38917200442394
32.387835989221664
3.1814854619635913
13.33858379134005
40.031195197116055
.20850425975656656
8.781655941413804
8.781655941413804
8.781655941413804
8.781655941413804
8.781655941413804
8.781655941413804
8.781655941413804
8.781655941413804
