.12992009937547036
7.120002829624377
.913667653452237
4.9505782893541435
.17475658490896115
6.287719133630923
.004096479271779215
12.781214926332254
9453942385959586e-23
.322978998631313
1.3727161372852292
640972794254143e-19
8.722836987578829
7.348858222669943
12.93054359662056
.39185486476305365
16.207383061508093
5.423578912982664
7.0450355191406375
.005360849121596369
52.74372891537842
4.330859431116431
1.3454347825201431
32274182301545023e-22
2.083255759272064
8224794314490729e-20
36372701928504226e-26
1.192891965555733
.0016171124370703489
12.398008837407128
14.559413338772606
.6673040506887815
8.020388611464053
155.65202779427088
172.29794795326515
5.209314280229984
3.2294125476243547
4.70179262691138
6.158348032773521
24.256659676815246
13.75380397246406
.00048061224245400045
.2778180738853674
.07382871481229297
48.73039286777139
51.31992886361829
6962194538111382e-24
3.683770043410191
4.6247034227761565
1.5180807339520506
1.6815131594791284
8.3736499122581
26.22183446080289
31.257124479504625
5.988097562037805
15.72147924892655
2.4881386044911773
1.120272985545086
5.0694938407191295
14.52279180930883
.0006556798203725245
17.483583682465458
17.254469985366814
5.024467055574704
7.424912294053601
2.721577953017458
1.4004054344568102
4.495762727830868
2.517206795460329
.6792837159722664
1.7786127987710658
.04558102673087791
.010797852048557465
.473772588149694
.16406828525035574
16.263011561789554
2.8771953694842534
.0877533389017719
.24044729726681935
16.546248784585092
25.017509164131344
12.210073283301154
1.097912565832251
.028280776542275128
9999563202122821e-20
1.9511049930529616
3.4218537273709506
.18740413491419358
14163456877099556e-22
7.4382676728492605
1.0397919329434318
.3827428123562736
29.715223361280124
.025630319363965277
3307227642455847e-22
4.524860342191114
.0041870606216992175
3.977846630935671
4.151424075438902
.02936565362251413
.0007889821385153677
.023594555691918005
.03629144825493268
.5660760483848146
.001404692902276774
.00053252408126414
.013990630568319996
.543600827415617
.8433406394170565
1.6751686867679445
.0009073097054768169
3284012086862094e-20
23816571819366326e-21
.17594874408494796
2959655616559174e-23
.0001470352443664003
2.431934243523148
.0007968683162190443
1.2406097356680328
.00028715665538120254
5711478268299005e-22
77.90319565068346
270.9987736070508
12.492788853958784
23.09059717781205
61.790673802781455
371959832506875e-20
18.895254402788055
5.623355968649249
.044704206566534434
.08347538370837289
3.880112042656647
.25046079722197817
.00883651237874441
.010670980162677385
.3183413363358826
.3487252327737902
5.958094076267954
.3715043127790474
2.3082570306407955
.001542349623087553
9.471279478153692
24.720626380321747
2.9022301917548474
2.9844852198002085
.544075781163528
24.592385156019436
3.8988593913801823
21.10635439450787
7.745054028422489
1.558197709916746
12.14110940445614
5.63646006445389
.001542349623087553
1.9487013194588305
6.169398492350217
2.2965420608066758
1.756331188282747
10.174274215494796
.09935250484591089
8.78380493029881
1.4480470372529761
1.7913507461216729
17.521951108945288
10.251586442455983
.48373206669618574
12.885032506731172
11.126627821026439
2.0246632338615043
4.262546855257263
13.320438502131418
19.840418914459843
9.587138719177085
6.701511307293253
29.035284240456086
.001542349623087553
1.8113873212844083
24.513703821721055
6.123226663129588
29.23537858511096
30.825259179796692
3.2893185551680744
5.435198073415905
13.2578125879262
.03897402638917655
4.472589690580652
6.208276327236686
12.388289266764025
2.847766037141188
5.322987596325585
14.391263079879394
16.44861311595379
15.279502348670224
6.947774805381838
.4224471150072538
11.569019751656679
15.046750090560783
1.4877622438414746
1.664157399986059
26.370531020904394
18.918851989861135
7.721189531163425
.39741001938364356
.09371049002634792
.09743506597294155
2.437705378109308
5.129364759988031
1.8937142184045823
10.195820028280034
11.505463998701083
6.963270818913927
3.8311863284204195
28.410321985887283
6.912083563301129
10.48498190048596
15.313230744336021
7.4449736999331275
9.832549682329386
.0010979756162873486
20.88775929390304
3.7480651125675073
2.9505082044273907
.00013721220212891875
32.4225703858771
3.2344836226364215
1.0213984978426682
.652109615169624
1.2829898814933574
.001542349623087553
14.99371170134833
7.304307349191808
3.936057019162874
10.093143742389882
.03897402638917655
6.158349753233632
.4628974550032456
5.502811990918328
4.853165227610085
.0010979756162873486
3.002373945651871
7.227186842724642
2.634787480570506
5.418730984220795
7.8802415872738125
.5846103958376491
.3897402638917662
.18005460531234202
5.907661453176763
.00203165757025507
1.7003119438109502
19.287728680426685
32.289002465942836
9.552840450902641
.13801702117797196
.14246561505688138
22.38917200441805
32.387835989213144
3.1814854619627546
13.338583791336541
40.031195197105525
.20850425975656656
8.781655941413732
8.781655941413732
8.781655941413732
8.781655941413732
8.781655941413732
8.781655941413732
8.781655941413732
8.781655941413732
