.13446837163117098
7.119578419997133
.9029045078941244
4.927953326846838
.17369803469355388
6.28305069549622
.004070858002248403
12.733197131119233
9040711844328142e-23
.3220458249695292
1.3583966452882645
6263287583628697e-20
8.596516660393714
7.237245610511906
12.481758722140711
.3337288501747251
15.77106180618059
5.497990319349764
7.127069985887152
.005294986679250039
52.04530093834079
4.294597751022998
1.151001141137897
31377740315181497e-22
2.0749480964948646
56106086658962695e-21
35513027656456185e-26
1.1862138070825101
.0011614099669698566
11.115745642545573
14.418544996242264
.6616136124103672
7.924809417333034
154.49918059079255
172.27638963928393
5.138150527436405
3.1978804435626103
4.648236257853906
6.039784302263082
23.888654306021927
13.519186376371321
.00047606889403915424
.27652700887063875
.07364631217472957
48.52795798052493
50.84287966667932
67637949359067476e-25
3.435597567890284
4.50103776125409
1.4768368582150915
1.6688295091333976
8.357639579452716
25.907684892179468
30.956368623762213
5.9768434977438885
15.219775643692314
2.1473111959853033
1.1097747149871824
4.96479125191096
14.255933127202168
.0006527436589695318
17.329032106521836
16.995299974970322
4.8559448032991215
7.268058949716176
2.6184743329178817
1.1921905119698364
4.336804854167449
2.1882177573185406
.6737110906359965
1.7926311217933157
.03848863387981209
.009092887731626373
.33404154519130724
.1391146316589388
15.00954986863003
2.0976899827897184
.07441492809861831
.20556694761616606
16.20575049821223
24.483231431254456
12.139157019039787
1.0012006794112676
.022186805131630696
9387752450674723e-20
1.686367996219249
3.2140876784297197
.18411668108123364
15695912085301588e-22
7.274079056359494
.9123486305448939
.41197974307836954
29.077708078738148
.021808114637432263
3305874104549835e-22
4.422658414681041
.0032898657710175175
3.9590163922098474
4.130642072778705
.023507805151112827
.0005102119531640672
.018597487828089964
.030947772478200616
.4864081597812858
.0013967327635141522
.0004148898447785252
.011136470575869528
.4325959329665198
.8361699098571196
1.5788018888854105
.0005942626223415012
2107520714413975e-20
13961617955465706e-21
.1561243858326421
19792000261358252e-24
9231404795574429e-20
2.0292750222948364
.000546360716241626
1.1900558529790624
.0002201256456093325
36969185952711405e-23
77.19775914555586
268.54479946452096
12.379662951551001
22.88150498283376
61.23114095418862
25468522542937823e-22
17.52231599110254
5.428230733131151
.04312616872163578
.08053098693806486
3.8668390206651013
.24938017633684456
.007749831666331205
.009362908191541572
.318283425481213
.3466693901177193
5.944559954326677
.369314180430291
2.305109604008659
.0015283831905335606
9.43860008561816
24.574890673750648
2.894707778585858
2.95745982237619
.5404272543668692
24.36969382619256
3.8731617967712766
20.981925934504442
7.640091908298997
1.5567809329206097
12.031168063602093
5.585420249514993
.0015283831905335606
1.9469294806323583
6.1135327621342475
2.294453950972023
1.7483610547755126
10.1142937352743
.09932991330275422
8.732021694785056
1.439510353963663
1.7670740953058455
17.418653810321857
10.158755291543933
.47935172959065253
12.76835472189727
11.025872911316245
2.0223864711131836
4.234609000609455
13.199817987077772
19.66075804609133
9.500324339154018
6.640827137969983
28.772361143798836
.0015283831905335606
1.8031673460996236
24.36918798736594
6.097623172929782
28.970643574911392
30.546127330020553
3.259532801625771
5.385980745403082
13.137759169070318
.0389385896126471
4.432089066519729
6.152058546713407
12.276109639062462
2.8391544616250686
5.291606944942203
14.196230549625152
16.299666053464286
15.189424976172464
6.916246188714024
.42148750431714704
11.464258852014572
14.91049731288259
1.4864095096477452
1.6490879619428191
26.131738053730626
18.662460903643908
7.6756707407176785
.39731965321101687
.09349762175287683
.09734647403161795
2.404669233521573
5.059850848513779
1.8919923760961148
10.0576447640871
11.401278615221967
6.922220192719111
3.7792655234598067
28.025301091509206
6.871334701744045
10.390037284588937
15.222954532557319
7.377557258492172
9.774583773484524
.0010915027118481293
20.76461951934591
3.7141252731050027
2.933114049793092
.00013712502997853283
32.12897441013787
3.2154153454461327
1.0121494319905875
.6515166904747334
1.2754262609755602
.0015283831905335606
14.857939201990057
7.261246207610286
3.9128527507124415
10.03364155129687
.0389385896126471
6.122044384640147
.4587057814760881
5.470371219342137
4.82455432379759
.0010915027118481293
2.961685328944656
7.129242935457221
2.6192545968466825
5.36966277057683
7.833785135968578
.5840788441897075
.3893858961264718
.17989089231159028
5.894241891573405
.0020041242457415997
1.6772690643373203
19.174021579152296
31.851417118821857
9.496523514128683
.1367672361819305
.14130402611749032
22.18643142208921
32.09455454372117
3.152676169010707
13.217798965316002
39.668700870652586
.20842915042228935
8.74180527387756
8.74180527387756
8.74180527387756
8.74180527387756
8.74180527387756
8.74180527387756
8.74180527387756
8.74180527387756
