.1375005531349714
7.119278131147449
.8955148907150683
4.911836667356384
.1729995552034048
6.279560698541964
.004053679354130835
12.693799881239794
8768553460103207e-23
.3214653847850504
1.348938629516962
6182754990719864e-20
8.521639891291079
7.172053759216054
12.193147706415928
.3057816608360901
15.471162490372139
5.525641128128981
7.164987193894713
.005250778986688518
51.560358510521304
4.270805124045157
1.0577042294229797
3078060595210536e-21
2.0695410266066974
4387656150263169e-20
3490276433933083e-25
1.1817721141064597
.0009569190996156236
10.334508960084468
14.323255047050836
.6577896717642435
7.861504230261825
153.74294955696544
172.23387162412547
5.095833953036597
3.1751944442592093
4.6127866678639275
5.969969433087427
23.645351505584948
13.372706198653177
.0004730215450433081
.2756697019988543
.07353838575446948
48.39339501708043
50.56059823489999
6641078052047813e-24
3.30344409648712
4.417370967541336
1.4484440325692765
1.6591682973554622
8.344336512743668
25.698913507703292
30.7612059158026
5.969465129690885
14.880926866444058
1.980173749547783
1.1037656115815653
4.896217058923451
14.072365231232512
.0006508319497453064
17.22668892149873
16.825527076378588
4.7413854158817665
7.160996810555037
2.5494440845115474
1.0917617680871
4.230429110852376
2.0317065456596755
.6697454069992589
1.8010705882784965
.03508617088243769
.00827412592157962
.2642745393548095
.12709421156773146
14.327343776322227
1.698583002525617
.06801219181213596
.18884716161247192
15.971562978487327
24.118185429411316
12.093537717547292
.947575626784497
.019165462172615517
8992708804908902e-20
1.5275791163852326
3.0823452977049928
.18175398755886826
16658191218010768e-22
7.173526143367137
.835819111003169
.42846058087206557
28.635618478711784
.019552984142449752
32853755421482277e-23
4.354797291567838
.002841505602617017
3.947245052039047
4.1176272520259705
.02061860302491533
.0003904416070921708
.016149731294316145
.027819576599443223
.43918944282416783
.0013914070685749574
.0003610831748335881
.009831060407274071
.3765195364035475
.8313885566553363
1.5154275027229385
.0004678129434215442
1638148624129574e-20
10188100564917464e-21
.1447358081512554
15719935028857443e-24
7055335183887748e-20
1.8152973490824997
.00043645374209491525
1.1563762596961844
.00018736750497611385
28916893326232344e-23
76.73102057718681
266.9211744185051
12.30481536236122
22.743163132033654
60.86093674897749
20100949985348046e-22
16.867182032448532
5.359693098316505
.04262182168578127
.07959371348977233
3.770851260775575
.24311506601434005
.00720967888067715
.008713066633545638
.31824482409755994
.34530556600267087
5.935554290382698
.3678612699638401
2.3030137042138206
.0015191425676169816
9.416876490140728
24.478211158682537
2.889703671629238
2.939578985175952
.5380085059398417
24.22235436797612
3.856124232897724
20.89938141980149
7.570908613696658
1.5558371306574568
11.958427478642557
5.551650732370295
.0015191425676169816
1.9457491498541721
6.076570270467932
2.2930629326303706
1.7430677359306184
10.074503323729264
.0993148551279665
8.697669248044862
1.433847209219528
1.7510727161094894
17.350127482946572
10.097335336435563
.4764535633421669
12.691157097649004
10.959210352783376
2.0208700518211193
4.2160855673445345
13.120011730805428
19.541888869510945
9.442885265401399
6.600676618246758
28.59840310670694
.0015191425676169816
1.7977080963253642
24.273317722529374
6.080613683647779
28.79548671988676
30.361445081506695
3.2398256276064545
5.353417041868205
13.05832812114848
.038914982997083375
4.40529260340101
6.114863127696106
12.201888134429481
2.8334278834778597
5.2707893551445615
14.06767947823155
16.201118078977835
15.12966860694359
6.895306637248581
.4208489751661872
11.39494580687925
14.820348269095401
1.4855083702327436
1.6391175565451628
25.973745255193602
18.493466793861153
7.64547406009408
.397259420511866
.09335597827252892
.09728745749270863
2.382894241544946
5.014032400764954
1.8908453510724479
9.966569812493432
11.332346349346063
6.894987644655667
3.7450431550343737
27.771523691314975
6.844302341126266
10.327218995804587
15.163066255467909
7.332952459713015
9.736129807126801
.0010872086560056052
20.682929904838343
3.69166962760571
2.9215749529263717
.0001370669459811445
31.934722249384354
3.202765653511904
1.0060299645074433
.6511217068813782
1.2704086357070188
.0015191425676169816
14.768107925165353
7.232679905059373
3.8974592862411677
9.99416843166331
.038914982997083375
6.097959789913355
.4559324408750341
5.448850357103127
4.805574155029525
.0010872086560056052
2.934866391281193
7.064685529575806
2.608950247271954
5.337197725711496
7.802966421120654
.5837247449562516
.3891498299708345
.17978183301641654
5.885312456579417
.0019859763072381086
1.6620808962893168
19.098589499604614
31.562993105016506
9.459163458274617
.1359403398481265
.14053489992603016
22.052291994290027
31.90051048588868
3.1336150514608976
13.137883995835741
39.428863434199044
.20837909256480602
8.71533867965309
8.71533867965309
8.71533867965309
8.71533867965309
8.71533867965309
8.71533867965309
8.71533867965309
8.71533867965309
