.1390166438868716
7.119122170917611
.891763462880389
4.9034767153188135
.17264707918411704
6.277706628424435
.004045062299279205
12.672041269128876
863387825316685e-22
.32118011426870924
1.3442358979280464
6147019214471895e-20
8.486711751258632
7.141936445599742
12.051536603158203
.2967034519820499
15.319035068615536
5.532611827377733
7.1787468715014855
.005228573342023837
51.31181584702905
4.258978502595637
1.0277157110001427
30482860003144247e-22
2.0668405894495017
3890462889371609e-20
3458779345756525e-25
1.17955464575664
.000882395505590821
9.964716405985968
14.275256045250734
.6558695723128319
7.829979710734575
153.36826967997507
172.20452018707658
5.076060628190804
3.163396806199706
4.595138991981888
5.937529252370369
23.52433636374558
13.302117293443436
.0004714934539958722
.2752420661620477
.07348573792625339
48.32623500439881
50.428929522700145
6582333457828991e-24
3.2460402423943324
4.375180530465819
1.4340554610049299
1.6539944879443784
8.336938090883269
25.594722755959868
30.66426515746538
5.965845144077758
14.71034641097866
1.9253671186873327
1.1010230525725841
4.8623027604224465
13.978956415093359
.0006498976249958622
17.17571391210211
16.74165845472891
4.683669190193089
7.106876851633832
2.5149929273015124
1.0589053862792108
4.1771760400355324
1.9841832603012697
.6676884539371716
1.8050450577174386
.03396481608551857
.008002581203431407
.23507988950398104
.12314035324201712
14.025713881301497
1.5289730460412045
.06591931754635841
.1834877520117978
15.852633841658434
23.933570534003746
12.071009504307519
.9235641480434911
.01790559926656394
8799340838857413e-20
1.4532658755248797
3.0184407122809787
.18052515733427144
1711967802841464e-21
7.1258161015020685
.7999310435249398
.4357892823763972
28.41012055011795
.018507981258080248
32696406720263526e-23
4.321058795102081
.0026537543385308127
3.9413745567440395
4.11129527887679
.0194195067842853
.0003440895416585324
.015136245850900983
.02637465277478419
.417232526539532
.0013887402352548584
.00034225498226664395
.009384542207988013
.35293316351065135
.828998906530077
1.4840749452876427
.0004238879398455014
14753005973044976e-21
88802773153252e-19
.1395129461056641
14287029760095456e-24
6295790357579448e-20
1.7229316400822814
.0003963038943928141
1.1396267592435967
.00017379159410927704
2612916490517273e-22
76.49871057685456
266.11304678444776
12.267561437684916
22.67430617959101
60.6766748412116
17953492299202254e-22
16.743189088999685
5.385899869391932
.04286755659146379
.08005686649262057
3.8801185089232164
.25027951705074836
.007040439622566291
.00850998016938704
.3182255251613585
.3446256672873039
5.931056575850402
.3671369595862896
2.3019664690538675
.0015145432281616592
9.406033448988396
24.430014124056285
2.887204863077682
2.9306791479277834
.5368031942864842
24.149019032293836
3.8476335764079135
20.858231018596612
7.536552250369464
1.5553654441159805
11.92222227414196
5.534842615212723
.0015145432281616592
1.945159252834111
6.058172912646642
2.292367739732112
1.74042708929201
10.054666858458644
.09930732689663788
8.680543737393851
1.4310239970516325
1.7431264452565884
17.315965481089304
10.066764754189725
.47501105773458185
12.652733488952109
10.92603036714595
2.0201122686171193
4.206854258018339
13.080289726502405
19.482724060081598
9.41429608904689
6.5806924817678825
28.511818893630593
.0015145432281616592
1.7949846727062437
24.225524118365126
6.072126740453994
28.708305818614445
30.269523101792153
3.2300167669010436
5.337209094868152
13.018792869468738
.03890318505668216
4.3919551876014875
6.0963498348382625
12.164945831104951
2.830568927304713
5.260411292163947
14.003841129099943
16.152067750727294
15.099878637529342
6.884860647159674
.4205300734328522
11.360446593337329
14.775478344449292
1.4850580054151916
1.6341549821229637
25.89510742757871
18.40954446739167
7.630420297561364
.3972293075865515
.09328523702080903
.09725796264170558
2.372080799657048
4.991278999860952
1.8902720993569955
9.921342071534522
11.298036661238456
6.8814115726092755
3.7280483569360836
27.6454980573029
6.830826067276458
10.295952420300967
15.133210526852062
7.310751292889767
9.71695959152576
.0010850679671742286
20.642205691686748
3.6804927689380627
2.915822439057749
.00013703791320940085
31.83803703288966
3.1964594816228953
1.002984119168349
.6509243048911908
1.267907230330305
.0015145432281616592
14.723396162814291
7.218438924721188
3.8897852785714218
9.974490143946985
.03890318505668216
6.085953047376544
.45455206479382965
5.438121696106123
4.796112090075206
.0010850679671742286
2.9215481303959394
7.032626378523926
2.603813284256528
5.321038884135995
7.787602559752342
.5835477758502333
.3890318505668223
.17972732816538503
5.880852813205259
.0019769640569188758
1.6545384653783428
19.060984816261627
31.419761993119597
9.440538583042581
.13552876835907646
.14015190815718798
21.98552671576272
31.8039288485557
3.1241277527364697
13.0981078816582
39.309489037656455
.2083540681445917
8.702135446460048
8.702135446460048
8.702135446460048
8.702135446460048
8.702135446460048
8.702135446460048
8.702135446460048
8.702135446460048
