.142048825390672
7.118797940811629
.8841529293323118
4.886168897439765
.17194787004257378
6.273790101404153
.004027775408739169
12.62466102303405
8367691526111282e-23
.3206265897092177
1.334882630955399
6083635683707484e-20
8.421390535141274
7.086164744452813
11.772766356094424
.2781139469565993
15.011936791917417
5.5328086229492675
7.195924552498174
.005183936869914341
50.80210866864257
4.235503995928736
.9661505173511105
29889602587084496e-22
2.061483650368734
30744895822746985e-21
33942031763908806e-26
1.1751268450491255
.0007500624457497008
9.265099213664465
14.1786414661596
.652014595005585
7.767192395469865
152.6253607999339
172.13017487259606
5.0390159146998075
3.1389650485871883
4.559998813993396
5.877075040056046
23.283616468910587
13.165642858480233
.00046843016360058483
.2743888241353565
.07338540994976919
48.192162729236045
50.182483408341646
6469655252690317e-24
3.146519691531279
4.290063951182772
1.4049706982865908
1.6430266374705296
8.32071598051892
25.386724999584548
30.47252737137729
5.958773859524069
14.366914465659045
1.8124903639556778
1.0960049896644182
4.795235161061708
13.788837758774145
.0006480773695514175
17.074150061950785
16.576033909202078
4.5679682801599135
6.9976011008885
2.4463577727820542
.9918115784677176
4.070555467340166
1.8838708893665992
.663423747271294
1.8125390204682637
.031694447729299365
.007454206523526689
.18616108124314384
.11509646779266906
13.491200364906124
1.24037138845774
.06165560965330196
.17245070167159557
15.611656306941875
23.560666555881017
12.02654576064105
.8804194698781582
.015797132446608034
8421233313079109e-20
1.3143242141810147
2.894458877380069
.1779836839766511
17997853512021315e-22
7.035264636782297
.732648697548175
.44865753821804
27.952306714314638
.01657305920352838
32286779895381017e-23
4.2539966954898105
.002338361212328606
3.92998827410796
4.098949939667762
.01742488024297269
.00027124017970071276
.013451679702485862
.023706184586451077
.37641817183416865
.001383401735711574
.0003074424830642882
.00854895289305155
.3131788779902535
.8242235417921402
1.4221889101822915
.00035170577187107976
12094293987404446e-21
6818135461244213e-21
.1298907676266359
1188993135468251e-23
50654383784088575e-21
1.5638670210483987
.0003266118434364104
1.1063955817759936
.00015115174801907052
2156846424974795e-22
76.03619846443164
264.5041241440076
12.193391615578943
22.537217055215365
60.309822944702674
14480757851707753e-22
16.366441587072284
5.390256754841035
.04300279349173299
.080317066558007
3.9571089523762972
.2553994423763286
.0066687133050907935
.008063316617228962
.3181869307998507
.34326988333547737
5.922071368742522
.36569261447454104
2.299873427125698
.0015053862818219018
9.384384807893369
24.3339045645072
2.8822137264775063
2.9129602270032255
.534400665784614
24.003013776501366
3.8307083080458417
20.77617312923189
7.4683065380296325
1.5544224999963911
11.850140376719006
5.501378891045521
.0015053862818219018
1.9439799952608743
6.021545127287612
2.290977986161147
1.7351577912344087
10.015111023645284
.09929227214589474
8.646393808907893
1.4253942382900373
1.727341919122758
17.2478431375203
10.005900974962396
.47213913523967455
12.576234912050996
10.85997145782056
2.0185975545602255
4.188452232213256
13.001206139512654
19.36493127909441
9.357377143115828
6.54090553689003
28.339436098076614
.0015053862818219018
1.7895501967046303
24.13021903826822
6.055188374178878
28.534735060779102
30.086513205726266
3.210488047178114
5.304940265311472
12.94008109320677
.038879599905217416
4.365401374391217
6.059491231354385
12.091396424174723
2.8248596661911085
5.239716428470068
13.877032200879164
16.054412157331612
15.040474550502289
6.864016118217247
.4198929947342151
11.291761198350526
14.686145626948322
1.4841576853529497
1.6242748616985965
25.738545300616906
18.24284059083228
7.600401635670748
.39716908858357897
.09314391529102609
.09719899976304373
2.350600905599086
4.946081490507035
1.8891261172553255
9.831501381183596
11.229728597442122
6.8543395688044075
3.694289775119848
27.39515988604991
6.8039530707506035
10.233702969723167
15.07367530960194
7.266550403771826
9.678732323143699
.0010807992261134837
20.56099766261746
3.65824046595828
2.9043513687211497
.0001369798661133003
31.64554388297327
3.1838843635187772
.9969200652753472
.6505296804330502
1.2629191855081716
.0015053862818219018
14.634378334801864
7.190041029322356
3.8744825633144595
9.935249730511552
.038879599905217416
6.062010438753825
.4518038376131534
5.416727705978527
4.777243815248003
.0010807992261134837
2.895092646950681
6.968943864175442
2.5935696819963256
5.288867819865392
7.75696553072074
.5831939985782623
.38879599905217493
.17961836803137654
5.8719436618893255
.0019590620619677947
1.6395561296348515
18.985997432056276
31.13524674429832
9.403398776224833
.13470935981643367
.1393890530120897
21.852601960203316
31.611641917126757
3.105239239250408
13.01891656589082
39.07182340021011
.2083040283194131
8.675788956172044
8.675788956172044
8.675788956172044
8.675788956172044
8.675788956172044
8.675788956172044
8.675788956172044
8.675788956172044
