.14159079043006523
7.118848067317383
.8853204699369858
4.88883274028717
.17205416656124053
6.274402165200736
.0040303911168430425
12.632136693354385
840788131155034e-22
.32072015250790015
1.3362910688745926
6092516128588575e-20
8.430871914209021
7.0942009857558785
11.814457517298662
.273573793389586
15.05873703340188
5.534028321783552
7.19420008001072
.005190699861414598
50.88020593332907
4.239100080424383
.950196348345389
2997950060303125e-21
2.0623458374256907
3184365907126634e-20
3404358459695943e-25
1.175795072105841
.0007485192647284975
9.36766023904271
14.193284693160658
.6525981183303455
7.7766543055058515
152.73705010086712
172.14271876950772
5.044393804398467
3.1427238693793718
4.565293713470993
5.885823672144121
23.31986549616776
13.185834307834282
.00046889343274274757
.2745175398164244
.07340415956784667
48.212394025055936
50.21836203009129
6486278907567103e-24
3.160341829633747
4.302974179992042
1.4094319997828704
1.6447452803458735
8.323286205627014
25.418111911465434
30.502720754944416
5.959821957002897
14.418924341309955
1.7849221112413465
1.0967257112171989
4.805307034654985
13.817799219343994
.0006483462774873002
17.089461751699055
16.60084203281705
4.5855314954902155
7.014334121619848
2.4567878670735497
.9759972668604437
4.086650191524165
1.8497999602295065
.6640800264259328
1.8114418133337329
.03119333529241668
.007338057535116322
.19281020575438526
.11327416892738384
13.566516420746845
1.2799381644967998
.06065964214035513
.16955517080395988
15.648913616198493
23.617791876155167
12.033452873475756
.8865825535725103
.016085451438785512
847775890889412e-19
1.3345546118468758
2.912864963751145
.1783822785509866
17865279141593659e-22
7.048613420465778
.7424399201402875
.4468380428569587
28.022298616780155
.01685313624804302
32359723629186706e-23
4.264250729262406
.0023815878151031426
3.931892443467637
4.100872812816709
.017695188056795166
.0002808295225604475
.013679990179086485
.02409204902896555
.38233842199990725
.0013842086443149704
.0003042404089246518
.008442077548789572
.3186197597649834
.8249444824367997
1.4315739662836973
.00035197120215495935
12123476493072686e-21
6912590380770652e-21
.13128131661533968
11894051340186186e-24
50962328142253256e-21
1.5859047051370183
.00032743750456294923
1.1114261156895784
.00015422864705969748
21595366775345363e-23
76.1058848526803
264.7465394338396
12.204566732685683
22.557872181187882
60.365096272693926
14944970156362938e-22
15.998815187861979
5.250532668792911
.04186692396382955
.07819079777645514
3.8252024917730685
.2467313127695519
.006550231962085175
.007919451630437436
.3181927604827871
.3434743426913624
5.923427781920802
.36591042931946965
2.3001894755697645
.001506765952755192
9.387651808441339
24.348398391944325
2.8829671234685095
2.915629924876493
.534762896033138
24.025012289985042
3.8332602215586475
20.78854789084652
7.478575828415062
1.554564902488534
11.861000907621001
5.506420847811465
.001506765952755192
1.9441580855780185
6.027063811020773
2.29118786537653
1.735952736207348
10.021076251730879
.09929454613853189
8.651543797866202
1.4262432355426107
1.7297170995832907
17.258116345481444
10.015071279556794
.47257184586632556
12.587760901073153
10.869924509165351
2.0188262912344497
4.19122683347071
13.013121610262587
19.3826790380142
9.365953082336269
6.54690020905864
28.365408897697872
.001506765952755192
1.7903700610073925
24.14459154596971
6.057744015256851
28.560886849876614
30.11408718341906
3.2134304262165405
5.3098021881118
12.951940543484946
.03888316171156031
4.369402219530515
6.065044692298847
12.102478063745089
2.8257213562189976
5.242837322839174
13.896113805608849
16.069125859769315
15.049432999489772
6.867160797701104
.4199891685821919
11.302109980519688
14.699605327284536
1.4842936508019366
1.6257634927838003
25.762134410764407
18.26792539774646
7.604928607882226
.39717818455412757
.09316524931865099
.09720790427890097
2.3538330979517874
4.952882596867276
1.8892991823435303
9.845020181207941
11.240020527375135
6.858422169467295
3.699369606039407
27.43282958407216
6.808005660068374
10.243082052486008
15.082653533717245
7.273210121944121
9.684497196418759
.0010814429747332726
20.57324426082644
3.6615932054503397
2.906081266504033
.00013698863300873028
31.67454669613207
3.185780757515979
.9978337321882738
.6505892762300145
1.2636714089211167
.001506765952755192
14.647790590951072
7.1943235814162305
3.8767902933185767
9.941167391393188
.03888316171156031
6.065621110152181
.45221791115017906
5.419954032293576
4.7800892504020585
.0010814429747332726
2.899073542342812
6.978526506218396
2.595114471132708
5.2937150124359595
7.761585755951755
.5832474256734056
.3888316171156039
.17963482308348902
5.873288593631814
.001961755869070514
1.6418106002986759
18.997305924278415
31.17805924649157
9.408999654572316
.13483281954927773
.13950402150611954
21.872629643533045
31.64061365948504
3.1080851588466203
13.03084826806307
39.107632321619086
.20831158645950268
8.67976368103674
8.67976368103674
8.67976368103674
8.67976368103674
8.67976368103674
8.67976368103674
8.67976368103674
8.67976368103674
