.14899718096911918
7.117988374391875
.8662360479463478
4.84365818199959
.17035604835479748
6.263834915532711
.003987916857305925
12.49857071463485
777655978845795e-22
.3194035805928975
1.3137090977473465
59731666841121e-18
8.29145056732724
6.977767641940384
11.150541966199969
.23051965702249555
14.301531995425135
5.4677884408869515
7.18612234608257
.005080338372919271
49.56681640676139
4.182369697062486
.8069261951707922
2854670313251967e-21
2.0492444226037625
1837273602366449e-20
3240002766760517e-25
1.165018772045943
.0005063001945443454
7.848259612029985
13.954776893220455
.6431166972174714
7.624665579958342
150.95239863121827
171.88493622932097
4.965046617504141
3.0793048865636767
4.480259294818434
5.757688981091489
22.738832196323976
12.873052058546627
.00046138668575620366
.27244375243202895
.07316547097480974
47.886206739515444
49.68827027662681
62327879773045915e-25
2.9812912051505247
4.091182132108693
1.3374260734238124
1.6151229964958247
8.276859125775339
24.911978953100554
30.038804793199755
5.94361452294154
13.568956289874583
1.5193723889195498
1.086456074301632
4.645397315364956
13.336098821191277
.000644184189141298
16.843307856586268
16.207639077027878
4.304441348663705
6.743376954819161
2.2915821380144994
.8210635616331292
3.825801651108804
1.6072661998717528
.6528673003949231
1.8276810290992342
.02602477619087943
.006094641655653582
.10999012479606553
.09481562688802624
12.54319458017971
.7757010323357378
.050864294516828196
.1437868792828638
15.047112536946814
22.692634476819098
11.926278594884247
.8013243087348514
.012473879845179985
7599877459442175e-20
1.040920422435674
2.628796772428181
.1717834353552087
19754106675900525e-22
6.850541539652428
.5991129638165238
.46966676716518785
26.879577907524155
.012843438319741045
30970648892233233e-23
4.103016028055759
.0018372971500845168
3.9046848449085445
4.071724268878213
.014344877048083748
.0001685780340184027
.010841824911715196
.018577526197026874
.2969758438160205
.0013711628204458087
.00023561755303451912
.00676001163218163
.2498140439454364
.8133122795206471
1.2850533543040747
.00023636580268290256
790799421567203e-20
3838383101517967e-21
.11120678393754252
7935256996563447e-24
3171636809776999e-20
1.3003293450583744
.0002052899509843582
1.032200548983401
.00011550993680226987
14343770626725426e-23
74.98685348619881
260.85380916248965
12.025115524482421
22.22618999155573
59.47751134676371
932634517290665e-21
14.708917485307888
5.088654920455865
.04087947862025741
.07636416819127961
3.8812574257676253
.2507342552232339
.005607007772524852
.006784364114429632
.31809850805084944
.3401831358344877
5.901532738012674
.36240423754822465
2.295084318816809
.0014846110515101267
9.33496387362286
24.115089507462404
2.870808868891012
2.8727596350782143
.5289356576301397
23.671757842124173
3.7922036851429968
20.58934986392343
7.314240526624847
1.5522638641908764
11.686601357846556
5.425456574711213
.0014846110515101267
1.9412803786360602
5.938444206040511
2.2877964913548214
1.7231430874719058
9.925053257365336
.09925778223679237
8.56864380584067
1.412576824597305
1.691708047045281
17.092747280625183
9.867813561956293
.4656233330218309
12.402675354675038
10.710097361756345
2.015130813464064
4.146586318252327
12.821781725233855
19.097683654911215
9.228239746548683
6.450637131619329
27.948334944204777
.0014846110515101267
1.7771588651553318
23.91323555987226
6.016551466062
28.14093866451082
29.671301343711196
3.166181393531314
5.231728919404512
12.76150024109547
.03882560757272115
4.305156226649762
5.975866631194476
11.924527927672163
2.8118200755764255
5.192599910602789
13.590758600506938
15.832851675403301
14.905227768054177
6.816487806557041
.4184367429216459
11.135928145828364
14.48346804081883
1.4820966267150055
1.6018588979364083
25.383337994048908
17.866503375399184
7.532057391405964
.39703112894716946
.09282087823831649
.09706401893180307
2.302109630624496
4.844047241719158
1.8865026765383712
9.628684290561171
11.074751631883336
6.792704055285545
3.6180791257942033
26.830016637851966
6.742770642120632
10.09247175305432
14.938129979669306
7.166267665690956
9.591699337549636
.0010710804757300806
20.376109295667675
3.6077545613543416
2.8782348937123756
.0001368469417670989
31.20881646593153
3.15525427512583
.9831619726126061
.649626285982226
1.2515627781183354
.0014846110515101267
14.432415168240254
7.125386824987209
3.8396424857238167
9.845910092034169
.03882560757272115
6.007499698134879
.44556867465498085
5.368019469335377
4.734285938299841
.0010710804757300806
2.835368883003428
6.825179360215936
2.5702478145002456
5.215878283310523
7.687213434397702
.5823841135908182
.38825607572721227
.179368930931385
5.851578881556794
.001918647963209947
1.6057332178300363
18.815271764084052
30.492948084545738
9.318841641787976
.13285029014831423
.13765656527528267
21.55102299398255
31.175382367473592
3.062385082049964
12.839247737144204
38.532608887867156
.20818940553625206
8.615715437359531
8.615715437359531
8.615715437359531
8.615715437359531
8.615715437359531
8.615715437359531
8.615715437359531
8.615715437359531
