.15111329255170602
7.117722157230271
.8606374283438408
4.829956023287869
.16988085021646607
6.260545075087438
.0039757161342522185
12.455857076135754
7601681267429588e-23
.3190194179926258
1.3073318448798594
5947785338486405e-20
8.256618498991442
6.94940846745788
10.964259114291382
.22148476474986312
14.085062977398122
5.431327731983405
7.170762353386424
.005048367838409814
49.17085956814868
4.166230312436105
.7770794118981303
2814216862689996e-21
2.0454108054808073
15807481737047737e-21
3191263326854045e-25
1.1619516235616196
.0004590910105801357
7.4639822080797975
13.886083631926363
.6403918536009449
7.581642716063416
150.45022762914672
171.79055310225013
4.945145702455378
3.0602658499150928
4.456193157443201
5.725895660577533
22.574870845966434
12.788734528492997
.0004592381662019643
.2718541827184344
.07309251329403879
47.79338807006934
49.55351229389337
616582631323163e-23
2.944783709290664
4.029522068103297
1.3166428005583866
1.6059439980534422
8.261784843243053
24.767907671392752
29.9052791705069
5.93933357140095
13.323071912829365
1.462965527685836
1.0839837453322472
4.600818340156848
13.1933334589252
.0006430838614776196
16.773517614924916
16.098656853158573
4.225273078806219
6.6648428136721005
2.2451598061155207
.7884814240448806
3.751192866807919
1.5575350030494115
.6494265959128365
1.8318025329040408
.02494181696400615
.005833429431425383
.0940311328390524
.0909318288662469
12.313705476342017
.6749417627772258
.04881037683558961
.13840225450677276
14.871251647154224
22.424369043226076
11.8955372147936
.7814383519678995
.011750364654229765
7362096180432362e-20
.968878335806948
2.5527626576903537
.16978770383980182
20218297539820344e-22
6.799844917955136
.5636019867351036
.47394840683599393
26.548821041072287
.011879471373309244
30487592401694336e-23
4.057447416337546
.0017273013088806581
3.8968944486157464
4.063416129666826
.013696379855804108
.0001483015303888761
.010287266855918388
.017252862157676033
.2762318383635699
.0013674380868288598
.0002220798718342139
.006430943377661803
.23592704054189056
.810000858539301
1.2444984351196633
.0002166512337864998
7188207198877339e-21
33301527066771483e-22
.10625381498004385
7235276728867599e-24
2843171180304866e-20
1.2406174428278316
.00018212985597164193
1.0101772814334324
.0001077282520287398
13111320001491686e-23
74.67016301287408
259.75215050565015
11.97433009543473
22.132322569449176
59.22632116682036
8261956621264388e-22
14.438301271877457
5.064431050952379
.04078172097782598
.07618829886503123
3.769233709646153
.24351296826037389
.005399585984764194
.006534897382961255
.3180715839128635
.3392485967405748
5.89529188928699
.3614086534286364
2.2936277848409703
.0014783411234527719
9.31996456471808
24.048841385424694
2.867344509136919
2.8606271669683405
.5272824257862251
23.5717853823272
3.7805542217250223
20.53278752928892
7.267954354841123
1.551607050481341
11.637245568884762
5.402543352849407
.0014783411234527719
1.9404589592909638
5.913364493811092
2.2868284496868982
1.7195005797616694
9.897787501655774
.09924728076522664
8.545104330261642
1.4086962434435584
1.681002535107519
17.04579068909123
9.82613902298939
.463656875344648
12.35029538477421
10.664865622522578
2.014076205692347
4.133919437853426
12.767631751809807
19.017028790826366
9.189266306839993
6.423394285287144
27.83030130216448
.0014783411234527719
1.773402174886423
23.84754196386895
6.0048336983488255
28.022091603044156
29.5459911322562
3.1528097231980077
5.209633863661203
12.707604853253521
.03880917918581923
4.286974346763237
5.950628873587981
11.874167308203264
2.8078608569236443
5.178334983555176
13.504753199814374
15.765985110691574
14.86428065285179
6.802078608869027
.4179942476361379
11.088898003990748
14.4223003009286
1.4814695030630678
1.595093799402433
25.27613705214812
17.753440092697737
7.511365589407613
.39698912306090656
.09272272050787823
.09702294796454826
2.287541359121779
4.813393012897654
1.88570443543413
9.567751794083673
11.027979855589237
6.774043378654783
3.5951831010690105
26.660230211696145
6.724247140798638
10.049848419657895
14.897092476673429
7.1360025112870975
9.565349359952979
.0010681380412827018
20.320132767989623
3.5925180039238445
2.8703279084850206
.0001368064854801537
31.077012897719147
3.1465862720394684
.9790098043859601
.649351407811993
1.2481245290653107
.0014783411234527719
14.371463038922144
7.105812214003427
3.829094355521079
9.818861755632698
.03880917918581923
5.99099610717701
.44368691341397704
5.353272635872648
4.721280075207156
.0010681380412827018
2.8174260260914643
6.7819880783361945
2.5631869204973654
5.193850169240504
7.666095393198878
.5821376877872895
.38809179185819304
.179293034058683
5.845390858846867
.001906506324048047
1.5955717740972577
18.763583114136722
30.29998179801254
9.293241249214514
.13228922618426697
.13713322862892485
21.46000699110609
31.04372000081819
3.049451772595721
12.7850239998626
38.369874894109415
.2081545098654194
8.59750289880835
8.59750289880835
8.59750289880835
8.59750289880835
8.59750289880835
8.59750289880835
8.59750289880835
8.59750289880835
