.15217134834299945
7.11758535282327
.8578328619584475
4.822977461095424
.16963769708564388
6.258858184852659
.003969605801186784
12.433818666150335
7515709606615004e-23
.3188278312752013
1.3041555638153168
593644025575839e-19
8.23997846394344
6.935989576484617
10.87161812299582
.21260740198089698
13.976676306240682
5.410665313588178
7.161128849029065
.005032300114134463
48.969252679574566
4.158182312349579
.7469271353561172
27941813681311356e-22
2.0434886580474307
1467854200081404e-20
31669134545827224e-26
1.160420098456314
.00042841813926584264
7.279598535295491
13.851668905559922
.6390271704527404
7.5601996508633915
150.20031381837168
171.7400501247809
4.9356251016940424
3.0506141234001527
4.444198471890517
5.7107407634130904
22.493239859939198
12.747378333601889
.00045816372309299063
.27155988615791815
.07305583378605938
47.74704253700279
49.48841171746182
6133166316795231e-24
2.9285002847746284
3.9985164019464947
1.306321892979838
1.6012271048023898
8.253963798117534
24.69596070803309
29.838577553807216
5.937264855806714
13.199754010942174
1.407386138029658
1.0828106391586736
4.578713496042099
13.121141097667648
.0006425518151010486
16.738707733986114
16.04477694852221
4.185828551978856
6.62569919687839
2.2222806317847774
.7568218574873797
3.7139140812587703
1.5016000511970073
.6476668750602751
1.8337899548818832
.023910945051346697
.0055885213251018
.08701811866632825
.0872120454216094
12.207188653757195
.6301778487719518
.04682161427275531
.13296872487328312
14.783571474155751
22.29066763320012
11.880159302573785
.7721362511855178
.011426232376647371
7245627163283771e-20
.9347295078743728
2.5155656790052032
.16878027214327768
2043766514480151e-21
6.7755430414719
.5466721205276266
.47573646927389324
26.382521618297687
.01142537706954371
30232834869116176e-23
4.0350455132906315
.0016778599810794747
3.8929072819483577
4.059246177093993
.013409181789753427
.00013945729198981804
.01004050429932812
.016628057483410535
.2664208831541565
.001365576385189683
.00021128085055017792
.006146314161133004
.22969082135403357
.808347514386522
1.2245615427780754
.00020364589183416787
6727750280133049e-21
3047844217591583e-21
.10388745547299527
6778933573415267e-24
26440094445996082e-21
1.2134802566571767
.00016810555722870308
.9993466935535297
.00010422366022034436
1230582141436583e-22
74.51231968199636
259.20306713708436
11.949017868019787
22.08553762385023
59.10112417472337
7791782790236844e-22
13.999677379018172
4.943249671753531
.03985689647572498
.07446178184413589
3.7556377191094947
.24269174283001274
.005186266454871385
.00627734568945994
.3180581226984636
.3387822903846717
5.892173940238308
.36091188747649583
2.292899864525881
.0014752160962975603
9.312473950454114
24.01578560362376
2.8656138973114236
2.854580161012886
.5264577486168471
23.521957593430585
3.7747429168620834
20.504564658446398
7.244921226092091
1.5512787478537011
11.612645895752696
5.391123055857715
.0014752160962975603
1.94004837996615
5.900864385190246
2.286344582467578
1.71768221435078
9.88418272549533
.09924203044609693
8.533358853642609
1.4067599524222667
1.6756752110864497
17.022360789554178
9.805367801252686
.46267676303960137
12.324188414035168
10.642321438268795
2.0135491087957647
4.127600515467218
12.740642584493026
18.97682918436208
9.169841353904722
6.409816037850402
27.77147154634746
.0014752160962975603
1.771526808740948
23.81476287355801
5.998983375294224
27.962856426658874
29.48353462397732
3.1461450800761295
5.1986213530610605
12.680742575248722
.03880096759932296
4.277912222308469
5.938049992756257
11.849066812319748
2.805883338648493
5.1712172223056765
13.461954813364954
15.732657801576002
14.843849297760134
6.794885436264088
.4177731755007378
11.065457468627093
14.39181337246127
1.4811560407528308
1.5917219717781022
25.222706478234077
17.69717704378068
7.501041014598741
.39696812178438773
.09267368057505929
.09700241899830758
2.280291831665915
4.79813872048291
1.8853054415516817
9.537430296705924
11.004668093527615
6.7647322731322275
3.5837894803608528
26.57574034219995
6.715004481549509
10.028604304399952
14.876616020844013
7.120917899708854
9.552201528994106
.001066669856705323
20.29220219685817
3.5849238728131385
2.8663825652761994
.00013678626182196164
31.011320002035227
3.1422612042509894
.9769403008218713
.6492140123461885
1.2464089482008545
.0014752160962975603
14.341083574031215
7.096045083258957
3.8238311619441934
9.80536546504115
.03880096759932296
5.982761321271311
.44274901509617043
5.345914418096736
4.714790548269625
.001066669856705323
2.80849722257516
6.76049504233788
2.5596637508693134
5.18287102338473
7.655558138097004
.5820145139898453
.38800967599323033
.17925509766610168
5.842299301853626
.0019004643480698418
1.590515191693624
18.7377920625312
30.203957064260315
9.280467438200745
.13200958340249672
.1368723068784659
21.41464323606043
30.97809748212997
3.0430056151786746
12.757998067521433
38.28876580562915
.20813706422345374
8.588411071753905
8.588411071753905
8.588411071753905
8.588411071753905
8.588411071753905
8.588411071753905
8.588411071753905
8.588411071753905
