.15322940413429287
7.117446043558858
.855002597239934
4.815915295740525
.1693960075234366
6.2571398509886995
.003963489058215712
12.411344925328796
7430115078630119e-23
.31862302203640436
1.3009874841194706
592594981650164e-19
8.223828796963213
6.923057300877566
10.77927042833006
.21066654667437862
13.868264965917698
5.388247260397822
7.150252692491244
.0050161747612337045
48.765178877932385
4.150072461359299
.7409189952026196
27741536476695814e-22
2.04149586907726
13639884512689181e-21
3142141642795088e-25
1.1588899585965584
.0004128891015896209
7.100038577966655
13.817214459179386
.6376610742700924
7.538802487684916
149.95115196441844
171.6873752576677
4.926379580338327
3.0408794192917044
4.432229415594079
5.696059423050781
22.41184405859977
12.706536147297383
.0004570892650244173
.2712659146325729
.0730142535412927
47.70073971816937
49.424713015471646
61010309816413776e-25
2.9134236575481216
3.967392594682153
1.2959439717610415
1.5964295454564377
8.24595813607816
24.624072654720933
29.770266114808035
5.935244149999519
13.076190587906659
1.39515602175356
1.0816763415251929
4.556724150140097
13.048397182163844
.0006420320193074092
16.703954441766296
15.991308711641896
4.146504875015873
6.58629876773564
2.199414427670969
.749662789539119
3.6766539081222542
1.4941358430970417
.6458803530298954
1.8357317947771274
.02366550418946387
.00552759379897878
.0805815568197771
.08633602243359634
12.105639809279767
.5887983853707366
.046369069833939354
.1318763163465441
14.694888082870367
22.15606844335806
11.86448998289295
.7631608862165348
.01112259194687019
7130448184034789e-20
.9016972961670872
2.478906327581202
.16775381192628125
206526181209173e-20
6.751727586759782
.5302715974325306
.47731980277686026
26.215721011852818
.010988026446895295
2996787848878189e-22
4.012517458015227
.0016314548004246426
3.8887139094528975
4.054968039389708
.013143787750783089
.00013133651993259735
.00981165439389485
.016026052835074273
.25694892880512077
.0013637152176922528
.00020759812093542687
.006066726059844974
.22385587808127147
.8066958257449095
1.2046780240876596
.00019789264827918985
6510426225034655e-21
2880195626637786e-21
.10158498813403306
6565343461566863e-24
2540273987667924e-20
1.1879152624085128
.00016025220468513
.9885548949496138
.00010094475938106363
1194337739230044e-22
74.3548100120661
258.65514446169436
11.92375914746975
22.03885157574152
58.97619183332001
7357027999738274e-22
14.01030443557503
4.979555560501236
.04020617869733242
.07511905358388406
3.8352283076592437
.24798237007233265
.005141286057280758
.006223681517105114
.31804466205376036
.33831662497944665
5.889057640235416
.3604158043425709
2.2921721752282167
.0014720976750566797
9.30498935652442
23.98277525788753
2.8638843300124166
2.8485459376674114
.5256343612542275
23.472235134212205
3.7689405448863216
20.476380580701967
7.221961092440585
1.5509505146912104
11.58809822323541
5.379726899937385
.0014720976750566797
1.9396378875153109
5.888390700226723
2.285860817629128
1.7158657718544916
9.870596649467094
.09923678040471641
8.521629521498356
1.4048263228852704
1.6703647700750972
16.998963095046733
9.784640487266067
.4616987225686861
12.298136630148457
10.619824909584848
2.013022149843882
4.1212912519001685
12.713710468881173
18.936714554809434
9.150457462876629
6.396266493120828
27.712766149234454
.0014720976750566797
1.769653425788137
23.782028838991852
5.993138752027758
27.903746465985694
29.421210140900975
3.1394945251715125
5.18763212152314
12.653937080720807
.038792757750306175
4.2688692540449376
5.925497702096403
11.824019375727312
2.8039072130985256
5.164109244611219
13.41929206078564
15.699400942199892
14.823446026117768
6.787699870412196
.4175522202877339
11.042066483606774
14.361390889525982
1.4808426447676983
1.5883572717732508
25.169388849832632
17.641092300068607
7.490730631196744
.39694712161886564
.0926246665788716
.09698189437576561
2.273065278942204
4.7829327709821765
1.8849065320918585
9.507204892250781
10.981405609598768
6.755433965975645
3.5724319675763647
26.4915182325175
6.705774526585103
10.007405096529514
14.856167710456072
7.105865175102099
9.539071770083924
.0010652036901872915
20.26431001705096
3.577345794740388
2.862442645048156
.00013676604115336728
30.945765972869733
3.1379420813849768
.9748751719280087
.6490766459517217
1.244695725448623
.0014720976750566797
14.310768327507844
7.086291377699441
3.8185752027690048
9.791887725465468
.038792757750306175
5.974537854301206
.441813099377436
5.338566314389856
4.708309941362108
.0010652036901872915
2.79959671564377
6.739070120675048
2.5561454239330526
5.171915086062306
7.645035366736811
.5818913662545936
.38792757750306245
.179217169300435
5.839209379947735
.0018944415199299777
1.5854746342829356
18.712036461422553
30.108236645865396
9.267711185135154
.1317305317503928
.13661188158069765
21.36937537428695
30.912613681192063
3.0365730841275913
12.73102926460183
38.207828171559775
.20811962004362516
8.579328859272463
8.579328859272463
8.579328859272463
8.579328859272463
8.579328859272463
8.579328859272463
8.579328859272463
8.579328859272463
