.1542874599255863
7.117304412862273
.8521661013683762
4.808769638749011
.16915735979256713
6.255399617286534
.00395736607753036
12.388451369081093
7345406762773455e-23
.31842923723897165
1.2978275813001456
59161512754852255e-21
8.2080900103141
6.91051315189532
10.686927125915343
.20126444445917968
13.760616850445313
5.364333668053914
7.138181034341434
.004999989740747617
48.55860261453964
4.142037434724359
.7088336951364349
27542364261380452e-22
2.039552916577378
12683076517152586e-21
3117510012836645e-25
1.157361215898983
.0003838251356735689
6.925527898040778
13.782724858154555
.6362936335745867
7.517451418324394
149.70271999215382
171.63255447764553
4.917354168061433
3.031065871926795
4.420285991575356
5.681757931570222
22.33068464133839
12.666054906106616
.0004560148793496728
.27097226777119615
.07297634372703438
47.65447973599378
49.362335725917646
6069390517178631e-24
2.89948988198565
3.9361057379512827
1.2855988460434475
1.59159572486742
8.237774418912728
24.552242346612626
29.703299429432303
5.933256837980108
12.952161418639628
1.3359936877336012
1.080578632503868
4.534862412363486
12.97492941946769
.000641519049770014
16.669265181015515
15.938165977340102
4.107588596077092
6.546943626710565
2.176734885777585
.7161779003283258
3.6393412928332776
1.4336207759592607
.6440627347415163
1.8376210361981242
.022580710043230062
.005270575988899931
.07464732701605092
.08241371044304605
12.008673602649003
.5503160478473088
.044269284995091876
.1260965461103024
14.606454378659867
22.021627591679053
11.849051668039202
.7545461977831844
.010838971570878408
7016850204046098e-20
.8698177453078013
2.442777838823023
.16672436093926085
20851904904586387e-22
6.728539351653637
.5143847210383072
.47867700897631765
26.04962276450629
.010567649883560244
29704376138824587e-23
3.990182892651133
.0015880252761097235
3.8847543234550437
4.050757772361929
.012897676710689842
.00012387588332709936
.009598666787284752
.01544731432628202
.24782003077194636
.001361855307649519
.00019673686202764068
.0057753072744433035
.21838949865023738
.8050458491964771
1.1850450224306452
.00018568962960517472
60823164927723775e-22
2631724359841918e-21
.09934683120841434
61367449616974576e-25
2358215247445015e-20
1.163805997025341
.0001473347457403832
.977874312956643
9786445501161058e-20
11190248506523423e-23
74.19763329776605
258.10838002592084
11.89855382067784
21.992264216066207
58.85152358317201
6954375878139597e-22
13.512055629276064
4.833156631442859
.03906880038817928
.07299513457709277
3.724521323658176
.2407969167601667
.004913479406824044
.005948487733961238
.3180312019787295
.3378515996438957
5.885942988406153
.35992040308830964
2.291444716874661
.001468985845766058
9.29751077809035
23.94981028576291
2.862155806609464
2.8425244699110865
.5248122616810901
23.422617782018378
3.76314709206649
20.448235242733464
7.199073722555283
1.5506223509791708
11.563602441410147
5.368354834057228
.001468985845766058
1.9392274819200646
5.875943383064237
2.2853771551498845
1.7140512502393292
9.857029247867231
.09923153064107038
8.50991631163787
1.4028953511742874
1.6650711585689226
16.975597561302205
9.763956988214073
.4607227495523056
12.272139916456013
10.59737593573286
2.012495328800599
4.114991632388244
12.686835284374123
18.896684722537923
9.131114546956006
6.382745590424512
27.65418484794681
.001468985845766058
1.7677820239307713
23.749339798240143
5.987299822996303
27.844761456334354
29.359017403942495
3.1328580287034375
5.1766661198384325
12.627188249636651
.03878454963840125
4.259845401478864
5.91297194540014
11.799024886265293
2.8019324792928755
5.157011037024042
13.376764512234375
15.666214383641357
14.803070799323235
6.780521903269238
.41733138193528746
11.018724944186602
14.33103271589299
1.4805293150936372
1.5849996843209877
25.11618392819118
17.585185296488223
7.480434419695149
.3969261225642815
.09257567850559759
.0969613740960033
2.265861628140617
4.767775011190229
1.8845077070367973
9.477075276186792
10.958192299634923
6.746148439593337
3.561110448284661
26.40756303408178
6.696557258443038
9.986250701118015
14.835747506822933
7.090844270061786
9.525960058381912
.0010637395389547308
20.23645617579808
3.5697837357714906
2.858508140346858
.00013674582347392863
30.880350516676316
3.133628895269976
.9728144084568697
.6489393086224413
1.2429848575673277
.001468985845766058
14.280517163602484
7.0765510788716
3.8133264680516312
9.778428511406778
.03878454963840125
5.966325690708516
.44087916206680877
5.331228310849944
4.701838242223785
.0010637395389547308
2.790724415621594
6.717713097484168
2.5526319330321736
5.160982308213311
7.634527059210003
.5817682445760196
.3878454963840132
.17917924895998458
5.836121092264414
.0018884377789463692
1.5804500510798245
18.68631626208312
30.012819578411317
9.254972465883865
.13145206997838146
.13635195179102547
21.324203203079332
30.847268304772594
3.030154150638047
12.704117470339384
38.12706162946825
.2081021773258111
8.570256251196652
8.570256251196652
8.570256251196652
8.570256251196652
8.570256251196652
8.570256251196652
8.570256251196652
8.570256251196652
