.1553455157168797
7.117160175698348
.8493066642932859
4.801541906935792
.16891953670257764
6.253627919007314
.003951237040332806
12.365151360470414
72611665406289e-21
.31822106597072014
1.2946758364451412
5907182191021037e-20
8.192821537859338
6.898446005513711
10.59487620364032
.19804143650089667
13.652769448067358
5.338839348627078
7.124970082812637
.004983742945602612
48.34948764149833
4.133934176606532
.6983018476500235
27343447951402667e-22
2.03753383439588
11801612202183663e-21
30925010001046655e-26
1.1558338850357517
.0003676634119998599
6.755611921843991
13.748203626278318
.6349249151062549
7.496146669970182
149.4549981386718
171.57561315749783
4.908598333526203
3.021177080286904
4.408368232527058
5.667918828168847
22.24976303254947
12.626091487457394
.0004549406316009692
.2706789452030312
.07293310569217698
47.60826270336496
49.30120240108822
603824713264382e-23
2.886615744569551
3.904708634524264
1.2752157992760065
1.586671470383947
8.229412464308778
24.480470595330516
29.63458710688148
5.931322536443326
12.827946100614534
1.315618457682517
1.0795153731127305
4.51311438026336
12.900930784248612
.0006410196495119264
16.634630638876136
15.885455728953538
4.068726800697252
6.5073813740611515
2.154103606126121
.7045195058801041
3.6020647663429215
1.4165730468421849
.6422183100239174
1.839469884621205
.022194138047249696
.005176938220308881
.06920405445710863
.08102145178715225
11.915977781185942
.5147812175506874
.043536415033122895
.1241887370125127
14.517143380446472
21.88646432433777
11.83328488720894
.7462183526254129
.010572205722023168
6904569353902779e-20
.8390009949747891
2.4071734844889345
.1656770129163569
2104778093055011e-21
6.705830189712124
.4989971409383332
.47984156665433353
25.88275765517753
.01016299365938566
2943030087150416e-22
3.9677639247441254
.001547093088045438
3.880558262896945
4.046433429017497
.012669629154255986
.00011699452168171822
.009400479979712053
.014889761173176377
.23901037419791235
.001359995935887928
.00019212082978465095
.005665112854507829
.2132564846974305
.8033976336764058
1.1654828698801811
.00017969955186303795
5860999376548235e-21
2477310922366489e-21
.09716629824032245
5915286877286193e-24
22565081683381296e-21
1.1410047231931424
.00013958637397880544
.9672452098221511
9497012259581731e-20
10815667570598712e-23
74.04078883526039
257.5627713813579
11.873401774774848
21.945775336206545
58.72711886601616
658071365783709e-21
13.420250743872108
4.83063190867732
.03909987129086063
.0730573381639312
3.7148110752285874
.2402291603116485
.004835492549056527
.005854777257902277
.3180177424733471
.33738721349822076
5.882829983878821
.3594256827764445
2.2907174893919184
.001465880594490954
9.290038210317142
23.916890624882292
2.8604283264725137
2.8365157307798374
.5239914478832992
23.37310531466308
3.757362544692348
20.420128591291718
7.17625888583097
1.5502942567028875
11.539158440585032
5.357006807293243
.001465880594490954
1.9388171631620332
5.863522377963821
2.2848935950081906
1.7122386474739617
9.843480495027089
.09922628115514415
8.49821920190051
1.4009670336360434
1.6597943232313304
16.95226414411451
9.743317211476194
.459748839620062
12.2461981565448
10.57497441618654
2.0119686456298234
4.108701642189872
12.660016910625059
18.85673950829435
9.111812519525461
6.36925326921498
27.595727380158024
.001465880594490954
1.7659126010738428
23.716695689457314
5.981466582652125
27.785901133570547
29.296956134603402
3.1262355609537376
5.1657232989012885
12.600495962215247
.03877634326324062
4.2508406242015235
5.90047266657725
11.774083232008607
2.7999591362513643
5.149922586114794
13.334371739218305
15.63309797729131
14.782723578827914
6.7733515267995825
.4171106603815922
10.995432745843386
14.300738715618687
1.4802160517166163
1.5816491943860687
25.06309147505859
17.529455469739936
7.470152360614186
.3969051246205766
.09252671634152694
.09694085815810174
2.2586808066796635
4.752665288382729
1.884108966368639
9.44704114493838
10.935028059687104
6.736875676417682
3.549824808414033
26.323873900989284
6.687352659684832
9.965141023436278
14.815355371310886
7.075855117324448
9.512866369081557
.0010622774002375607
20.208640620401855
3.562237662043619
2.8545790437284757
.00013672560878320386
30.815073340525196
3.129321637745714
.9707580011803755
.6488020003521975
1.2412763413201162
.001465880594490954
14.250329946850714
7.0668241683474164
3.808084947861804
9.764987797401112
.03877634326324062
5.958124814956351
.4399471989821264
5.323900393593971
4.6953754386106175
.0010622774002375607
2.781880233114409
6.696423757579272
2.5491232715193757
5.150072640880872
7.624033195635539
.5816451489486103
.387763432632407
.17914133664305235
5.833034437939344
.0018824530646274007
1.5754413914583307
18.66063141585194
29.917704900508753
9.242251256346037
.13117419683951362
.13609251656664176
21.279126520157035
30.782061060255597
3.02374878596612
12.67726256422334
38.04646581768278
.208084736069889
8.561193237369816
8.561193237369816
8.561193237369816
8.561193237369816
8.561193237369816
8.561193237369816
8.561193237369816
8.561193237369816
