.15640357150817313
7.117013353196177
.8464342534948722
4.794233422184733
.16867967733644115
6.251828312263746
.00394510212068933
12.341457951800303
7177654778807047e-23
.3180051962218843
1.2915322280615342
5898993766156515e-20
8.17800596114551
6.886820391904994
10.503029009840224
.19681083003451735
13.545034686316347
5.311916619874173
7.110654534271374
.004967432231365581
48.137798165497486
4.125800502855219
.6947369204113859
27145322982416594e-22
2.0354719661533713
10988867166200797e-21
30673324035603026e-26
1.1543079773075775
.00035584214156675857
6.590278297148686
13.713654791679412
.6335549837091143
7.474888472483076
149.20796590869045
171.5165759977321
4.900092199862994
3.0112165477122006
4.396476169929205
5.654507741451472
22.169080654395767
12.586595386177954
.00045386659844081023
.27038594655777065
.0728868986823374
47.5620887205099
49.24123969737457
6007584499867218e-24
2.874741191140235
3.873191230595938
1.264842570614931
1.5816743478555346
8.220876305752721
24.408757115046143
29.564947732952593
5.929438338360465
12.703501397072577
1.3077999400886526
1.0784845388888644
4.491483032561978
12.826357896767425
.0006405325705346879
16.600052497699977
15.83315780635543
4.030032544823834
6.467767281908641
2.131612203451552
.6999041255721674
3.5648093424806055
1.4135940383459737
.6403458256664467
1.8412778576394266
.022032790681800345
.005135965502161029
.0642056006787184
.08044498510211533
11.827242189406958
.48191690792289094
.04324423966264337
.12352982861089001
14.427503146427494
21.751121910645974
11.817337067665328
.7381854614268556
.010321323903639958
6793738004113329e-20
.8092490499117213
2.372086588126204
.1646179336313054
2123699516851799e-21
6.683656962079253
.48409421593605095
.4808081814387128
25.71560124195702
.00977389858434365
2914911991803733e-22
3.945419735938172
.0015085142170065664
3.876192079238843
4.042019038170117
.012457907999988882
.00011063887352758736
.009215665806511373
.014353065689855523
.23051680882241316
.0013581373172835468
.0001895598047996324
.005614484380690865
.20843111910002507
.8017512272721352
1.14607032951538
.0001758608020877136
5711352381501422e-21
23573938561992326e-22
.09504242446800065
5764836548356079e-24
2183091752974115e-20
1.1194022307919906
.00013361985221658164
.9567042933806793
9224332228041888e-20
10572184215105266e-23
73.88427592222011
257.01831608484133
11.848302897133197
21.899384727991393
58.602977124784395
6233463706227177e-22
13.458684644696474
4.874471627528902
.039509506515164876
.07382798678139249
3.784195986292692
.244856365646571
.004805137240759049
.005818768432003991
.31800428353758886
.3369234656638431
5.87971862578218
.35893164247100723
2.28999049270672
.0014627819073264577
9.282571648373933
23.8840162129645
2.858701888971892
2.8305196933673145
.5231719178498989
23.323697510435945
3.7515868890749258
20.392060573201356
7.153516352407269
1.5499662318476686
11.514766111303025
5.345682768830449
.0014627819073264577
1.9384069312228434
5.851127629305836
2.2844101371823924
1.7104279615292193
9.829950365313588
.099221031946923
8.486538170156345
1.3990413666223271
1.6545342108979961
16.92896279933882
9.72272106463021
.458776988410914
12.22031123425101
10.552620250634815
2.0114421002954734
4.102421266586225
12.633255227544808
18.81687873320926
9.09255129415304
6.355789469075382
27.537393484103195
.0014627819073264577
1.7640451551245733
23.68409645088351
5.975639025452929
27.72716523412544
29.235026054981446
3.1196270922678666
5.154803609711186
12.573860098932016
.03876813862445683
4.2418548818907
5.887999809657596
11.749194301271787
2.7979871829945067
5.142843878472734
13.292113314628583
15.60005157485881
14.762404326136611
6.766188732976146
.4168900555648748
10.97218978427771
14.270508753050494
1.479902854622608
1.5783057869654378
25.010111252693804
17.47390225834354
7.459884434501082
.396884127787692
.0924777800729566
.09692034656114225
2.251522742212284
4.737603450328626
1.8837103100695285
9.417102195910491
10.911912786028866
6.72761565890541
3.538574934261216
26.240449990068715
6.678160712896175
9.944075968957922
14.794991265339759
7.0608976497706175
9.499790677410719
.00106081727126954
20.180863298237636
3.5547075397664414
2.8506553477594943
.0001367053970807511
30.749934152113706
3.12502030066323
.9687059408902028
.6486647211348417
1.2395701734746225
.0014627819073264577
14.22020654207812
7.057110627724408
3.802850632283018
9.751565558019793
.03876813862445683
5.949935211529362
.43901720595018007
5.316582548758145
4.688921518295534
.00106081727126954
2.7730640790167285
6.675201886469424
2.545619432756574
5.139186035212924
7.613553756159928
.5815220793668534
.387681386244569
.17910343234794066
5.8299494161086605
.0018764873166768406
1.5704486049560118
18.634981874135487
29.82289165387357
9.22954753245424
.13089691108950965
.13583357496655335
21.23414512367256
30.71699165565155
3.017356961429424
12.650464426000937
37.966040375305845
.2080672962757364
8.552139807646103
8.552139807646103
8.552139807646103
8.552139807646103
8.552139807646103
8.552139807646103
8.552139807646103
8.552139807646103
