.16063579467334682
7.1164002502736095
.8348266833456504
4.764203321619984
.16772817672453175
6.244375588779264
.003920507075968132
12.243017090525486
685114489460358e-22
.31711091100132105
1.2790387271990624
5873233886415316e-20
8.122809265975716
6.84427985556936
10.136505306712198
.18150834039346087
13.117309763000113
5.191465190301142
7.043305518599697
.004901505601617515
47.264585707328095
4.093222261347228
.6439201127097344
26361372579196046e-22
2.027028203384503
8313969078992011e-21
2965980710311309e-25
1.148218793433557
.00029638564461450704
5.973264244768593
13.575257996986863
.628064367499395
7.390325058869596
148.22634484920954
171.25994304318172
4.868309519820435
2.9707277508975465
4.349165241684719
5.604699978497119
21.848766935003265
12.432705829077145
.0004495740270861321
.2692171838151922
.07268872658855847
47.377825027509864
49.011795872554586
5889448667835917e-24
2.8360959874382687
3.745783957917283
1.2235201261794377
1.5610809052045935
8.185063377494783
24.122480064562765
29.282765278353203
5.922368319699366
12.202925159083964
1.2106572197163459
1.0746495654986832
4.406134048880284
12.521696724546159
.0006386933124300553
16.46232257432808
15.627870287500132
3.877656688902337
6.309019826747323
2.0431447460319783
.6449133889418812
3.4158240634362715
1.3254580137698948
.632554792973585
1.8481106847465292
.02023387718717737
.004703967183350208
.04790098960970799
.07393536536024325
11.50611087167387
.37277948502833086
.03979701241450858
.11432425720754713
14.067104362532639
21.208761922078313
11.752670754270296
.7086576154798647
.009450645199449667
6364959503579005e-20
.7002729790024347
2.2367816377156595
.16028942039482894
2190280837970087e-21
6.60011140613871
.4290445064804341
.48280392817705836
25.04730319729677
.008362455208710026
2799074990479539e-22
3.8568965454397546
.001373944588975647
3.85828789748417
4.02383590570206
.01174543407814042
8951485592871562e-20
.008586503285327035
.012401446671762135
.199498528881096
.0013507131304982413
.00017044842887960836
.0051369795417395845
.1916748692902282
.7951845579437171
1.070156307756722
.00015427837538377164
4922254184047081e-21
18525543962357327e-22
.08706374047135328
4960592878014316e-24
18306215750998265e-21
1.0429927412835733
.00010644756225022565
.9154665381465118
8271051819236902e-20
9228470316589546e-23
73.2615257698081
254.85197969571553
11.748436824915327
21.71480086347003
58.10902881872428
5063229826078479e-22
12.837206114562878
4.75949751458758
.03877835388462479
.07247847091568334
3.760399839051881
.24361836533914677
.004423279605591462
.005358903575234702
.31795045349031636
.33507483990984616
5.8672896402938965
.35696226263903563
2.2870848124767615
.0014504525226994487
9.252765362419483
23.75296981228364
2.851806552752541
2.8066620247572116
.5199065952507139
23.12710850691473
3.7285729111265757
20.280173773395322
7.063264679795671
1.5486548263437099
11.417711328518774
5.300625485430391
.0014504525226994487
1.9367668712871589
5.801810090797801
2.2824773286052475
1.7032043454480053
9.776015566293204
.0992000378907957
8.439974381573922
1.3913651310233925
1.6336599341688456
16.836077263575817
9.6407709345209
.4549100839053221
12.117309606520859
10.463675129532904
2.0093372966010152
4.077395616526588
12.526773008964284
18.658276460225487
9.015912690964873
6.3022182753246
27.305288401185305
.0014504525226994487
1.7565950986257577
23.554146966442037
5.952385517448562
27.493460617547992
28.98861209606717
3.093332617253675
5.111355194016065
12.467878505483627
.03873533742574313
4.206101458835056
5.83837148572672
11.650163588031285
2.7901132482480158
5.11462621300441
13.12441460533795
15.468563049396291
14.681406225352974
6.73761322389925
.416008802433457
10.87970822747602
14.150226576768292
1.4786507287962518
1.565002683468555
24.799307933583616
17.253444398435747
7.418953671604267
.3968001515631828
.09228229367987047
.096838343564358
2.223116615295508
4.6778319177705505
1.8821165282065877
9.298292203388524
10.81993928739487
6.690702695465651
3.4939308332700874
25.909389797428247
6.6415190979856025
9.86026009950575
14.713814367110425
7.001383293939488
9.447667392767306
.0010549967976967367
20.070135291930605
3.524745891844221
2.8350144220636424
.00013662458014482656
30.490751451317564
3.1078739941624725
.9605409861037896
.6481158946713735
1.2327689216174487
.0014504525226994487
14.10034834923703
7.018389797076675
3.781985218223506
9.698060839383391
.03873533742574313
5.91728921150982
.43531685119262936
5.2874116170050804
4.663194426060765
.0010549967976967367
2.7380779744129162
6.59098482375575
2.531652172761795
5.095869255739145
7.571779843127941
.581030061386148
.387353374257432
.17895189535175782
5.817625636468507
.0018528127892666188
1.5506351864404961
18.532735782875807
29.44663391973547
9.178907013152278
.12979361718409102
.13480272605164315
21.055168380014315
30.458086618058253
2.9919244930975997
12.54383715584039
37.646035108487055
.20799755171437045
8.516021727240036
8.516021727240036
8.516021727240036
8.516021727240036
8.516021727240036
8.516021727240036
8.516021727240036
8.516021727240036
