.16169385046464024
7.116240373505946
.8319081830555615
4.756500834450879
.16749000342488968
6.242452234108599
.003914345331992309
12.21755197591275
6771707944802591e-23
.3168837376338133
1.2759354813018629
5868463506865011e-20
8.10998356438337
6.834585624410977
10.045002512054417
.17022918590823424
13.01127759320279
5.158606569384799
7.02415914880662
.00488484140336311
47.039493216722754
4.085089792524422
.604846728204155
26168212156166625e-22
2.0248890578255643
7766151503872468e-21
29407121888057597e-26
1.1467001586334218
.00027122153975144936
5.82961932297213
13.540625921609662
.6266892862559226
7.3693025330422
147.9824742423142
171.19077731545696
4.860895978106953
2.9604602643027498
4.337401964479028
5.593156615696579
21.76929834218013
12.395214161041263
.0004485021064179143
.26892579924541066
.07263727945432624
47.33186752749484
48.95674497551307
5860988844027856e-24
2.8283919051813244
3.7136000831583447
1.2132964129658714
1.5557882993470942
8.175708664919096
24.05105457313678
29.211814668917405
5.920720761467256
12.077138195921147
1.138689169227004
1.0737548532440164
4.385089267036154
12.443913942431186
.0006382612507716576
16.428034813318824
15.577532193791034
3.8401884793398247
6.269461833443039
2.021516553998544
.6048909073606099
3.3785997897165845
1.2483852808615212
.6305296753483051
1.8497271515944518
.018954726740560177
.00440340699784015
.044600148804260706
.06928812525218363
11.433027513167206
.35025769155722475
.03729910602204887
.10730422300561539
13.977178261673721
21.073630322024993
11.73635764283564
.7018759702264658
.009261101024816042
6261506923077232e-20
.6754144634754171
2.204183496419807
.15919100465951572
22045599900355597e-22
6.58053691970565
.41635493051207856
.48286779810061276
24.880471199692
.008043598423502106
27695529566484303e-23
3.8351595592257075
.001344483211612197
3.8537338401608863
4.019162579882109
.011595155280395415
8511825656253697e-20
.00845201471544315
.011959071281272727
.19244029528603362
.0013488598315338168
.0001589613840444776
.004811162335488173
.18802132773006677
.793547823641367
1.0516861517593699
.00014325868175951842
4549128546965597e-21
16759386684201485e-22
.08518917799387021
4580715829035181e-24
1681901693336251e-20
1.0259752084681715
9631342993586586e-20
.9054311801250555
8061187340267773e-20
8556420391292465e-23
73.10666012085764
254.31325467180736
11.723602107457207
21.668898506233873
57.98619364209735
4816395168214032e-22
12.132188466890357
4.5229123773985185
.03689416394860011
.06895766466844976
3.610246931709445
.23386929608401572
.004144482845598701
.005021591149524066
.3179369974023178
.33461427049540127
5.864186501298262
.35647160837109115
2.2863589686810344
.001447386448537883
9.245328757298987
23.720320713948734
2.8500853190017685
2.800729094323653
.5190934539845931
23.078220708993012
3.7228415096919667
20.252298126981024
7.040880240270857
1.5483271483735443
11.393575723153743
5.289420629989299
.001447386448537883
1.9363570731667055
5.789545794151538
2.281994382034286
1.7014032132437573
9.762578168945842
.09919479007087974
8.428373408907945
1.3894526620840746
1.6284826452439216
16.812935620804545
9.620391557604174
.45394846121704413
12.091695138407761
10.441556236671818
2.0088114399078907
4.07116309389867
12.500292986730186
18.618835211057554
8.99685418576592
6.288896178729147
27.247568456595072
.001447386448537883
1.7547375059003665
23.521771155476937
5.946586293028389
27.43534290056502
28.92733381695329
3.086793701251627
5.100550432160234
12.441522978820776
.03872714146333406
4.1972102894916725
5.826029902891114
11.625536607832858
2.7881482292462567
5.107596021180214
13.082821563260381
15.43586445310302
14.661226236099655
6.730488223197035
.41578878037616956
10.856709892984135
14.120314777927344
1.4783378629069952
1.5616944646778885
24.746885316441787
17.19876590339984
7.408756119471604
.39677916028351895
.09223348668350914
.09681785365833534
2.2160712585535984
4.6630072367742255
1.8817182934850178
9.268824659845073
10.7970672969232
6.681506143962397
3.4828580946730288
25.827279442608287
6.632390150665036
9.839416750106663
14.693589831991243
6.986583250451809
9.434681318849826
.0010535466761134892
20.0425483490801
3.517295022452815
2.831117618195396
.00013660438337710913
30.426297838580474
3.103602137445194
.958510523298198
.647978760626275
1.2310744474500417
.001447386448537883
14.070541986694248
7.008742830804736
3.7767867774278163
9.684730592912938
.03872714146333406
5.909155737722353
.43439664613341666
5.280143926977897
4.656784739416339
.0010535466761134892
2.729400635588592
6.570097102866804
2.528172348495966
5.085097229208652
7.561372227296226
.5809071219500119
.38727141463334136
.17891403114029597
5.814548764167785
.001846940975351621
1.5457210141519775
18.50726203716014
29.353313560656883
9.166290357633084
.129519249805803
.13454623852051179
21.010660402864378
30.393702054669333
2.9855999411125618
12.517321062146518
37.56645612625556
.2079801192272277
8.507016066218796
8.507016066218796
8.507016066218796
8.507016066218796
8.507016066218796
8.507016066218796
8.507016066218796
8.507016066218796
