.16136314493046489
7.116290634075173
.8328196951772469
4.758916571459181
.1675647211754957
6.2430557460973475
.00391627177380361
12.22554610722466
6796409315127494e-23
.3169543000369605
1.2769045691124112
58698843660745715e-21
8.113951216994217
6.837576456459349
10.073598473449163
.1746070711634372
13.04438158110674
5.16897099160901
7.030235930290855
.004890058205202826
47.11014563604759
4.087627829214551
.6200796127903003
26228391743521185e-22
2.025555906538638
7932853791440154e-21
2948582853305877e-25
1.147174663723586
.0002803315549585807
5.874071188748405
13.55145136415824
.627119175907625
7.37586820833831
148.05863537631873
171.21260723431718
4.863191002048366
2.9636751890198787
4.341075915548062
5.596726851030602
21.794110615988398
12.406891239430562
.00044883708241487695
.26901683972120005
.07265323184164775
47.346227317317485
48.97386128477651
5869839461906181e-24
2.8307234583760525
3.7236733337773624
1.2164809598392556
1.5574487897871918
8.178649324633884
24.073373121999317
29.23393637551589
5.921230367611485
12.116478307191754
1.166667655014318
1.0740319983110613
4.391654279356077
12.468294928065776
.0006383950640351272
16.438745629271363
15.593222991479195
3.851873389380922
6.281799534249447
2.0282437884448212
.6204088847106388
3.390232776680982
1.2787723264352207
.6311660142565899
1.849225573707072
.019449456973937296
.004519383356869257
.04560279737748153
.07108626817517286
11.455598425073273
.3571160200784525
.03826696349586087
.1100378478831824
14.00521039378521
21.115774002964734
11.74145104281956
.7039687562161198
.009319228016498017
6293666173922113e-20
.683083282270274
2.2143206656222127
.15953430830473883
22002103517904762e-22
6.586589600176348
.4202772609031714
.4828653345204132
24.93260720548107
.008141842426294435
27787910678535935e-23
3.8419155510083725
.001353526076502423
3.8551548202489614
4.020625607809825
.011641095047543333
8645938459698751e-20
.008493205439592942
.01209545978909268
.19461730878085698
.001349438977510539
.00016333235986404476
.00493692480341909
.18914258451807323
.7940591827640658
1.057429004871358
.00014738550330546709
468720271077539e-20
17380521394208435e-22
.08577003723488287
47210844219518806e-25
17359681774096042e-21
1.0312153493147087
9990270188199863e-20
.9085514717820873
8125726631728997e-20
8807310844356116e-23
73.15502966934423
254.48151591205962
11.731358792547688
21.68323529627757
58.02455903863289
4891820992566983e-22
12.414948173178786
4.6204669090013315
.03767635645055054
.0704197588601251
3.671118656505493
.23782680089792824
.004252468651054573
.005152300718747864
.31794120317111757
.33475815785139534
5.865156240935327
.3566248945926846
2.286585813402885
.0014483440826150748
9.247652497551481
23.73052068009426
2.850623195560243
2.802582140291035
.5193474724005374
23.09348994867272
3.7246319673154225
20.26100681004461
7.047869080751589
1.5484295598316469
11.401114052937457
5.292920268561289
.0014483440826150748
1.9364851502022842
5.793376330460305
2.282145320660074
1.7019659697504566
9.766776171494676
.09919643029774239
8.431997690572151
1.3900501400981784
1.6300990916319957
16.820165344896694
9.626756695816429
.45424880706883053
12.099695364834679
10.448464681946579
2.0089757866984246
4.073110104736363
12.508563553689733
18.63115398818424
9.002806773041089
6.293057100157392
27.26559626119488
.0014483440826150748
1.7553179032696131
23.531885743401862
5.948398289252601
27.45349494234181
28.9464730044546
3.088836016101656
5.103925108571779
12.449754661788873
.038729703004045636
4.199987289101153
5.829884578175232
11.633228409861644
2.7887622661475504
5.109792336614956
13.095807688549169
15.44607728176819
14.667530704452487
6.732714400984513
.4158575378859944
10.863893016309774
14.129657199659755
1.4784356450431977
1.5627277283505228
24.763258594433523
17.215837551725404
7.411941955890528
.39678572119096955
.09224873900672258
.09682425751011428
2.218270950636327
4.667635779318085
1.881842756531717
9.278024977813986
10.804210958927023
6.684379255894204
3.486315210659958
25.852915830377427
6.6352421422471295
9.84592680192393
14.699908217001711
6.991205782471871
9.438738322598073
.0010539997113215155
20.05116683772096
3.5196221698269254
2.832335026012425
.0001366106957507225
30.44642878542086
3.1049367162273644
.9591447024708609
.6480216200760786
1.2316038213079268
.0014483440826150748
14.07985147726232
7.011756657660579
3.7784108320826078
9.688895120255022
.038729703004045636
5.9116967315478695
.43468405592074427
5.282414439672398
4.658787201662185
.0010539997113215155
2.732109862986188
6.576618639809334
2.529259486932064
5.088461681319864
7.564623690109997
.5809455450606856
.3872970300404571
.17892586510369532
5.81551029538904
.0018487742654252441
1.5472553106073885
18.515220337914243
29.382449921318575
9.170231950685531
.1296049436074768
.13462635369744974
21.024561682931225
30.41381143516614
2.987575303150364
12.52560289538903
37.591311214944675
.2079855677621139
8.509829848752291
8.509829848752291
8.509829848752291
8.509829848752291
8.509829848752291
8.509829848752291
8.509829848752291
8.509829848752291
