.16281784544470101
7.116067512952506
.8287636744713278
4.748235148042429
.16723897112878539
6.240375095889643
.0039077942711607284
12.190151481316784
6687394214388887e-23
.31661275503409164
1.2726476128499375
586412786416077e-19
8.096769591788965
6.824709807539045
9.947906353106697
.17432893655490808
12.89879291371872
5.122288210666034
7.0029047653883385
.004867053351032309
46.79732115109939
4.076299755939308
.6200738760128275
25962367282305074e-22
2.0224656526911478
7228533628697724e-21
2913164397694276e-25
1.1450885057890847
.00027072182212451
5.681126729912428
13.503828229878536
.625227569771941
7.347022123341472
147.72403902401098
171.11515519983084
4.853258966651506
2.949496135715905
4.324933884887504
5.58129989361719
21.685146832097963
12.355848478498949
.00044736405226303706
.2686166076728231
.0725718943255367
47.28309354826871
48.89916077196241
583120860537903e-23
2.820959215360594
3.6792808439518523
1.2023248807231133
1.5500891881035919
8.165600638689245
23.97524089805415
29.132898775409103
5.919028169227247
11.943326257402664
1.1648434607955034
1.0728292676776399
4.362845351867689
12.360615478752369
.0006378163626405231
16.391670928595865
15.524520738789347
3.800570786350293
6.226957017209648
1.9984496461614953
.6191298990135868
3.3390940227149515
1.2838213623221866
.6283446987465945
1.8514115873627026
.019393952104956428
.0045023954478696435
.041387814859612106
.07088783006647191
11.358049808930582
.3281939672516802
.0381833453299751
.10999778217907985
13.879796339736668
20.92840226958646
11.718381015620125
.6948050406021351
.009067798752965348
6152755651263428e-20
.6498886741581963
2.170077694524622
.15799495518468884
22195113105010317e-22
6.559974285267301
.4033157268278983
.4827638000943383
24.70298101980211
.007717544065663016
27373797193260203e-23
3.8116532189636807
.0013143943037399284
3.8484201843975314
4.013940251551627
.011445830975153354
8074928835719616e-20
.008317578420900137
.011506211641825278
.1852041712505365
.0013468920820231321
.0001619062902133106
.004922295340044008
.18431796463792868
.7918113239952116
1.0320252882031358
.00014528867759854968
45917855546130356e-22
1648382778782678e-21
.08324014973092858
4619428042530539e-24
16840229741398843e-21
1.0086043485669058
9499980024917423e-20
.894767682295376
7848772950125512e-20
8668807101563594e-23
72.9425016652958
253.74220312812025
11.697277167808753
21.620241750383876
57.85598766665736
45704458739154705e-23
12.52825271106801
4.697966880151036
.038376259608471144
.07173654477807694
3.760137188249683
.24378363980759019
.004240485009441702
.005138728041155664
.3179227033400871
.3341256913482788
5.860891769105792
.355951114746795
2.2855881418481374
.0014441363927481601
9.237435242008138
23.685686046255885
2.848257954074171
2.794440154823323
.5182310299450203
23.026399369289624
3.7167625715230206
20.222727210798933
7.017178481577657
1.5479791251041979
11.367991846240919
5.277543420443678
.0014441363927481601
1.9359218309635744
5.776545570992646
2.2814814496438025
1.6994919189168465
9.748323570334616
.09918921550522142
8.41606691795746
1.38742388550021
1.6230006740447989
16.788386608791175
9.598789303891781
.45292913577973287
12.06454365869628
10.418110086312327
2.0082529620046943
4.064552589173269
12.47222401480096
18.577027265959877
8.976652063474893
6.27477468169752
27.1863849919387
.0014441363927481601
1.752766297773957
23.487426395246185
5.94043184365174
27.373737794943718
28.86237849776538
3.0798624136535104
5.089097324056615
12.413585972894587
.03871843661927144
4.18778560017264
5.812947755938502
11.599431870843581
2.7860622640799364
5.1001382851303445
13.038780780128608
15.401203757829922
14.639818991873046
6.7229274381590125
.41555517377452583
10.832331529568698
14.088608103567449
1.478005571390446
1.5581877342246417
24.691317048560354
17.1408695913831
7.397938398694988
.39675686202088567
.09218166625833463
.0967960915481788
2.208611284171879
4.6473101266773185
1.8812953326442319
9.237622958074788
10.772822858877065
6.671750300111274
3.4711337279311483
25.740336912106304
6.622706022374879
9.817322682963443
14.672135332822235
6.9708951214338475
9.420905491102516
.001052008364744679
20.013283694096746
3.5093970591525268
2.826983828476107
.00013658293119535165
30.357976647961337
3.0990704858719496
.9563582213480847
.6478331120228923
1.2292769230865743
.0014441363927481601
14.038947075401145
6.998509180011523
3.771272191155547
9.670589661606598
.03871843661927144
5.900527623128568
.43342122361496743
5.272434249166763
4.649985244843234
.001052008364744679
2.7202126373505626
6.5479801443603405
2.5244808971780706
5.0736788207333
7.550331667703776
.5807765492890726
.3871843661927152
.1788738159660579
5.81128192042164
.0018407236065249239
1.5405176439433925
18.480239094330177
29.254501319698534
9.15290641462737
.1292284188476044
.13427430097003687
20.963481697718137
30.32545405674613
2.9788958805735044
12.489213854267831
37.48210195922861
.2079616019289572
8.49745959458424
8.49745959458424
8.49745959458424
8.49745959458424
8.49745959458424
8.49745959458424
8.49745959458424
8.49745959458424
