4760317014465753e-21
7.1659216169696816
1.1043323370773919
5.000223152918171
.17350304220253385
5.701322591785477
.004473533076211108
37.81788302059383
14300227633647166e-23
.6772836290964266
1.860058958574822
.013939580568026626
89.00289108679608
1.225519968727513
2.941379011780306
1.7966743343765235
12.135118151266296
66.05361238508544
21.62843350710214
.007229953679181395
63.47480418366037
7.022634240491115
47.69358070894992
42188528398403305e-22
2.8582493841891377
30521913922019025e-22
2685399844199796e-28
1.3282749290046234
6.721988466046458
145.10199895342691
5.78956362832093
.5219822640034478
10.638036478869324
211.68420133165247
79.61042642657023
1.1062038221774249
11.042268201949955
6.266524381062148
1.0076528026451284
33.0849133865444
5.31396631832817
.00027011581156227184
.31741538314561407
.342120607585016
46.4274037392662
266.2488699096231
17889320437420924e-23
19.79363602367084
.4492459848649854
5922014712859327e-22
.9498625210162331
.0013165996491078299
36.28057384087407
107.1580692014691
.001733406994462265
.013456577709833082
1.892856068687048
.00013646197309439542
.00016943083889731268
.004428433207887689
13001881589745278e-23
23.693972038335605
.021697666396248462
3.500968638640796
10.044549616990505
.003861429771857093
4.86769545803649
.00847981965485999
.0036866991697942835
26111356475344863e-34
4400217740232917e-22
8.212837681231756
2.4057654370347676
4.552262895806019
.9889174109832811
153.1762482238781
4.279064133909399
1.3274611182961735
1.512296480134941
24.833858839306046
33.377204665738006
22.608038039638867
10.184557928285724
1.8007528421762105
.0003188997436772841
18.939602867591553
16.09559031009346
.0011063207109770759
52206292968906284e-21
24.2842955577594
.08745864845737784
.36362013739996496
23.860548214003664
.3750198938295465
1008552241832072e-24
7.405702488011156
.1993771509342684
11.814068382281786
35.34926029937278
.0008479219838718584
2.074992412522878
1.9364733378857957
1.0396334622274022
6.690609132142134
.0012398918083204645
.7897181398289492
12.460092736623817
5.36825746728323
.8319013781407534
8.382821807678496
.001450393906440559
.0003056989820027958
6346077290303631e-20
.9366992731435352
.0003607920698001561
.5124092454554249
101.4996041389965
16.42958230658367
.9958416456207265
.01106203196001563
11046779269297598e-21
101.01789218268095
351.4069566109725
16.199530545177762
29.941819929969352
80.12461583852662
.0006869399324695357
2068.8386340102406
534.1302246561856
223.0149178205066
483.42136945132336
5842.152025371429
2037.182853893049
.0032267916738468127
.004191172785518921
.31999993906794816
.41288712646983833
6.357964720280473
.4398573253630683
2.399996572574287
.0019999809588259173
10.454051110691907
29.268970041311743
3.12555218308122
3.870013336891108
.659366315410046
31.8892041777742
4.709453679121923
24.98970879418788
11.436390958637093
1.5992150370660063
15.743504108572784
7.308856977268226
.0019999809588259173
1.9999980958741344
7.999923835303671
2.356995247472685
1.9999904793894652
12.046237122958031
.09999997619841787
10.399935640720429
1.7144729546782578
2.6451187301615806
20.745811784174244
13.293339834081207
.6272604525484822
16.708157010294467
14.428015182088448
2.090789422803825
5.143310076753006
17.272752538522294
25.727279632367004
12.431743491202191
8.689920112349443
37.65035809375243
.0019999809588259173
2.0626846583517917
29.023975837872932
6.901749429050107
37.909822532481556
39.971437401497326
4.265293925173469
7.047878439207854
17.191544857679645
.03999996191748269
5.799654036868547
8.050337132217296
16.06402483268159
3.1050864084085177
6.302363139598558
21.250221156123185
21.329089422116304
18.090775274423283
7.911653312546358
.4507991681599608
15.001669445917129
19.511278910349507
1.5269254580392575
2.157930382735557
34.194944600406664
27.935684767419296
9.141809822861395
.3999999047936715
.09999976198444294
.0999999047937067
3.5995296667683365
7.5740492641375585
1.943563537992949
15.05520601398086
14.919256033398767
8.244441781239326
5.657151586859315
41.95084350593594
8.183836591549616
13.595986176356039
18.13070935162247
9.653975607047403
11.641638753575233
.0012999919550900534
24.730894419812905
4.860155405341073
3.493371685386304
.0001397256938689854
42.04268762236816
3.829595690399602
1.3244581620666493
.6692754685477691
1.5190469621201574
.0019999809588259173
19.4425034738831
8.64822556220542
4.6602514516573255
11.950179468503311
.03999996191748269
7.291423431519398
.6002439926961467
6.515273392642209
5.746098236634027
.0012999919550900534
4.433322494652013
10.671705318155395
3.1195615615722807
7.0265253916598
9.330125838551412
.5999994287622401
.3999996191748268
.18479428539518716
6.304147369587363
.002999957157464036
2.510690315355088
22.836474457691708
47.67812522802153
11.31046587029326
.17896812124688283
.1799984576641381
29.032274539073537
41.99764716532503
4.125465620414516
17.296281725653056
51.908871344606865
.2106611238167473
9.999952396947325
9.999952396947325
9.999952396947325
9.999952396947325
9.999952396947325
9.999952396947325
9.999952396947325
9.999952396947325
