.16354519570181908
7.1159539976319985
.8267273018832775
4.742840864403306
.16707640312831512
6.2390167189398715
.0039035521793878824
12.17223520022215
6633421790442986e-23
.31643661048990696
1.2705248014403472
5861713183205233e-20
8.088446762556401
6.818537158520762
9.885102122995272
.1740515442487206
12.826173665226444
5.098258814358579
6.988666920331609
.0048554942727505775
46.63891471281526
4.070615173927772
.6195857150702292
2582998306537963e-21
2.0208912752555657
690316595695602e-20
28954013293429023e-26
1.1440464827061518
.0002658951699210806
5.587417923733858
13.480013822419249
.6242811903137018
7.332633008229124
147.5571411616598
171.06505258377243
4.848440096713009
2.9423715718062313
4.316881197660705
5.573836797079896
21.630840056827587
12.330609118179694
.0004466280066878546
.2684167194798209
.07252914520584637
47.25155752165662
48.86236470306299
5812181210914875e-24
2.8165426737207495
3.656998383792409
1.1952649622953206
1.546364112789984
8.158968061526647
23.92621556819711
29.081751187649267
5.917963918352519
11.856623284235067
1.1630482544482939
1.072243270860902
4.348520123901112
12.306330736813711
.0006375357254797443
16.36817336428182
15.490462391308649
3.775065296746934
6.199523958763928
1.9836647069947724
.6180055550651106
3.3135460962485204
1.2853218923066116
.6269117914245239
1.852483044552192
.01935108570125152
.004490392438086798
.03945526738661176
.07073299552988901
11.31088758665134
.31484135823809883
.03811138416591596
.10988978864286762
13.8169427671056
20.834678904925088
11.706705649347688
.6903552892795642
.00894803896752211
6083293513364617e-20
.6338997111848842
2.148291575638067
.15721835933717476
22286846933423595e-22
6.546976848031085
.39511340640792
.482602659667197
24.58811585460744
.007513956889414994
27164224810360967e-23
3.7965697979162933
.0012957159848809353
3.8449636705930805
4.010521350214861
.011354328357995458
7808401165518507e-20
.008234783678660236
.011223014312007463
.1806742192871342
.001345619386225662
.00016110210222514734
.0049119379130260835
.18202227868817855
.7906888615445656
1.0194399310208824
.00014422178604387603
45436765865710796e-22
16050380021138549e-22
.08200499452445277
45678977524724234e-25
16582978286574695e-21
.9977498357203362
9258509906765043e-20
.8879414456789593
7716575307358839e-20
8598574599869548e-23
72.83646931197138
253.37335256334455
11.680273503315837
21.58881363837923
57.77188571805196
44198462827591955e-23
12.573512697159146
4.732402354753605
.03869278602857905
.07233260301269334
3.800831319637557
.24651480579485124
.004230592974413016
.00512721296231873
.3179134538282397
.33380990633814156
5.85876069607081
.35561470234484815
2.285089469319763
.001442037134061542
9.232330848211324
23.663300504521455
2.847076069372973
2.7903780365921746
.5176737090470734
22.992927206175217
3.712834110741122
20.20361454067921
7.001883335320767
1.54775395687928
11.351466845034343
5.2698717566555455
.001442037134061542
1.9356402327978186
5.768148536246174
2.2811495865586564
1.698256242471919
9.73911034747511
.09918560830574419
8.408112822101263
1.386112619479392
1.6194630651967816
16.772519762952257
9.584836091488578
.45227073853451244
12.047006119857995
10.402965874029709
2.0078916471901533
4.060280575937091
12.45409385428704
18.550022901236822
8.963603216485353
6.265653399716627
27.1468656950505
.001442037134061542
1.7514918862845499
23.465228230380774
5.93645262266987
27.333946153974207
28.820422904732656
3.0753853933679496
5.081699593608011
12.395541051156906
.03871280465595633
4.181698055157501
5.804497805412508
11.58257043847682
2.784713243479458
5.095318101403759
13.010360516974814
15.37881590656092
14.625982775417794
6.718039293070576
.4154040741705293
10.816585187205218
14.068128297717886
1.4777905814816472
1.5559226856095119
24.655424689598615
17.103508120806463
7.390946544692983
.39674243322297675
.09214814817422354
.09678201163989099
2.2037972363740765
4.6371805157125605
1.8810216804200335
9.217487971544134
10.757163020873218
6.665444772608579
3.4635677955289284
25.684231424864407
6.6164468470328925
9.803051801054343
14.658268573920477
6.9607619288831595
9.412001713832339
.0010510141027626544
19.994368970811873
3.504295648857618
2.8243120222066445
.00013656905103379805
30.31384698922107
3.0961415282068034
.954968017961642
.6477388785610119
1.2281151230943264
.001442037134061542
14.01853945895508
6.991894829934349
3.767707929986918
9.661449905720124
.03871280465595633
5.894950984685217
.4327911839087408
5.26745122707079
4.645590504553269
.0010510141027626544
2.7142834664954467
6.533707696501399
2.522094988981399
5.066303503283356
7.543195785537385
.5806920698393458
.38712804655956395
.17884779707538156
5.809168885974464
.0018367114331344048
1.5371598210324757
18.462773264431878
29.190736107294164
9.144255925545657
.12904056686756565
.13409861999337144
20.9330082803341
30.281371674241306
2.9745656295769733
12.471058996593543
37.427616365952424
.2079496200479775
8.491281212359603
8.491281212359603
8.491281212359603
8.491281212359603
8.491281212359603
8.491281212359603
8.491281212359603
8.491281212359603
