.16330890417677377
7.115991034209595
.8273909843926636
4.744597102461894
.16712929324088963
6.239460057760765
.003904930530288018
12.1780713423147
6650951529822338e-23
.31649603203801396
1.2712140172996356
5862454262668148e-20
8.091126695516518
6.820517480201772
9.905482225304592
.17313725693383375
12.849810017505446
5.106128237092865
6.9933330319237905
.004859253649772291
46.69052250726529
4.072473438112975
.616192925136941
25873019958444143e-22
2.0214137996131987
7006989362810676e-21
29012140957495366e-26
1.144384923257797
.0002659052178643983
5.617681328258418
13.487750458729192
.6245886774773651
7.337305056981082
147.61133184301676
171.0814292170644
4.849991542639163
2.9446885929172213
4.319495901320761
5.576237503919976
21.648469642123445
12.338778098486248
.0004468670874810962
.26848163975557476
.07254382420778092
47.26180025380868
48.8742794729443
5818340342356707e-24
2.8179452975211863
3.66423965178327
1.1975633795771847
1.5475810850594092
8.161130815033657
23.94213918542966
29.098629509289648
5.918305797111997
11.884780499013539
1.1572203296428043
1.072432559003857
4.3531690394648095
12.323984688868306
.0006376258469134606
16.375804578626976
15.501498802499013
3.7833609661720744
6.208459111867944
1.9884714134174861
.614828309340672
3.321838327809325
1.2774494443070836
.6273785911932608
1.852135775648657
.019252919880237626
.004468250438192337
.04006896883111637
.07037574828074662
11.326093709550408
.3190843830817943
.037914001620319576
.10928976401063985
13.837462354560593
20.865206608615736
11.710548271120206
.6917956543981671
.00898662347809382
6105807067380491e-20
.6390541150569564
2.155344831754514
.1574722743042522
2225654770265286e-21
6.551189663631771
.39775805997111563
.4826623309652674
24.625525817202533
.007579526991016149
27233306312406205e-23
3.801490061691407
.001301736190248478
3.846125435359705
4.011651264554216
.011383593774734177
7893738079531251e-20
.00826130714030318
.011314269515944204
.18213405459349663
.0013460328343278733
.00016042794059541366
.00488682590638748
.18276025906202276
.7910534035806439
1.023532244242944
.00014372849894152108
4532703713767559e-21
16098928887673888e-22
.08240437283268003
4557875589600646e-24
16570947357095195e-21
1.0012461519570326
9282129363900237e-20
.8901592283772538
7759050120587541e-20
8570983491253416e-23
72.87089872753506
253.49312081310418
11.685794707104844
21.599018556922154
57.79919418426502
4468076765666803e-22
12.486177146918177
4.693880536439034
.038365254194909174
.07171841325442962
3.764389397535824
.2441031290413935
.0042094398299015396
.005101403637478319
.31791645865263346
.33391246147612375
5.85945292471182
.35572395648672644
2.2852514592438933
.0014427187774225653
9.233988783913462
23.67057048963057
2.8474599699908225
2.7916970335988815
.517854698018337
23.003795841809055
3.714109879364598
20.209821619731137
7.006848552045321
1.5478271028362167
11.35683262364713
5.272362797289325
.0014427187774225653
1.9357317100358404
5.770875109690266
2.281257392368929
1.6986575734430567
9.742102457015731
.09918678014859905
8.410696014374071
1.3865384695463026
1.6206114683779014
16.77767271990751
9.589366793045379
.4524845245314366
12.052700676224015
10.407883301227306
2.00800901903701
4.0616679160804585
12.45998083888183
18.558791399397368
8.967840264532898
6.268615141090346
27.159697875537766
.0014427187774225653
1.7519057978734391
23.47243736250434
5.9377450447333855
27.346866766409438
28.83404616690175
3.076839111851656
5.084101686251035
12.401400358149932
.03871463420071676
4.183674721811759
5.8072415609647585
11.58804545854148
2.7851514230480334
5.096883516452955
13.019586500404941
15.386085391871315
14.630476260042357
6.719626896381667
.4154531553009339
10.821698130074473
14.07477822789628
1.4778604210099222
1.5566581620711506
24.667079179039906
17.115636661158117
7.393217236869331
.3967471205943962
.09215903573060129
.09678658550179209
2.2053600060421132
4.640468860454789
1.8811105764168556
9.224024330869607
10.762247875197303
6.667492571656444
3.466023901111013
25.70244477823246
6.618479592635899
9.807685652028162
14.662771977587157
6.964052244398906
9.414893327041302
.0010513370017967555
20.00051176414944
3.5059521109609055
2.8251797247632258
.00013657356007465118
30.3281761850921
3.0970927439005513
.9554194263158774
.6477694903258255
1.2284924321960498
.0014427187774225653
14.025165948750475
6.994042922981995
3.7688654684520726
9.664418155940908
.03871463420071676
5.896762067880032
.43299576202275214
5.269069525920373
4.647017751516755
.0010513370017967555
2.716208235163762
6.538340917761223
2.522869842557305
5.068698318275543
7.5455132526644055
.5807195130107524
.38714634200716835
.1788562493188437
5.809855255207131
.0018380138927569431
1.5382498608526487
18.4684455114914
29.21143601390227
9.147065280242394
.1291015636641323
.13415566758575234
20.942903203137053
30.29568551920193
2.9759716910891467
12.476954000521781
37.44530820315423
.20795351248059246
8.493287867215292
8.493287867215292
8.493287867215292
8.493287867215292
8.493287867215292
8.493287867215292
8.493287867215292
8.493287867215292
