.16478208037299202
7.115758033603676
.8232658274725408
4.733586082800624
.16680153808146334
6.236684799356587
.0038963334329372265
12.141446256984711
6542782478186646e-23
.31614299871142365
1.2669235356845958
5858236763899162e-20
8.074661728007522
6.808392270845252
9.778224768873049
.16430579147758204
12.7033071031436
5.056549989631669
6.963626543655574
.004835747962172058
46.366447450504594
4.060995559310117
.5859051228867114
2560653567853089e-21
2.0182393120444764
6387197785764468e-21
28654467274623627e-26
1.142276110639926
.00024418450835403914
5.432333884562466
13.439515960430485
.622671017995179
7.308215941115093
147.2739187732383
170.9777679835709
4.840444231357898
2.930205878110492
4.303215397836706
5.561484003649901
21.538758635731238
12.288051095721313
.00044537712515923134
.2680771509154059
.07245826724952655
47.1979766894174
48.800590142817434
5780247064097666e-24
2.8097053553883486
3.618951604313436
1.18334744095506
1.5399822974728086
8.147528293832021
23.84290821925214
28.995507869643376
5.9162038189599455
11.708887191186898
1.1006640105982926
1.0712689089972158
4.324286977316723
12.213243626422102
.0006370693160500207
16.32827916252722
15.432952837035382
3.7320398213945634
6.1530649304235
1.9588057539108148
.5833952997324677
3.270101082530753
1.2192616856393323
.6244383314658138
1.8542692577333113
.018245401218510225
.004230290398471434
.03640095849054466
.0667121090630211
11.232914530597235
.29358850976739703
.03595279034880418
.1038338590143592
13.710638717409978
20.67597360346958
11.686935330939729
.6830133969457365
.008753487437300323
5966856659901829e-20
.6076411658093583
2.111749538063937
.15589696280941506
2242980074855474e-21
6.525449882317798
.38157682760117173
.4821648059758808
24.393267693605903
.007180702491329803
268099520072484e-21
3.7712070108335776
.0012653109878557837
3.839208439567763
4.0046873365630375
.011207031549137233
7382088503383685e-20
.00810081683235716
.01075876880545264
.17323841101078796
.0013434566018534829
.00015123521602377398
.004633450465775809
.178285131420111
.7887823564081078
.9983226066772668
.00013493568393245904
4227197158099804e-21
14558105595574885e-22
.07995059594052954
424402179418596e-23
15317951824229876e-21
.9799336759090137
8389675410913839e-20
.8764790473087443
7500303994835316e-20
8031815490194398e-23
72.65651136617896
252.74733995624604
11.651414910281249
21.5354738953747
57.62914802117316
4177973545163975e-22
11.969831126553522
4.532782265448589
.037112061257160746
.06938056140505101
3.646397062763526
.23648054804979576
.0039877641052266585
.004833505701138883
.3178977253262178
.33327358797716383
5.855138510594161
.35504335113363517
2.2842417089756983
.001438474275470874
9.223657122886788
23.625281673141853
2.845067358896699
2.7834838158234736
.5167273411656254
22.936118302793933
3.706163157009488
20.171154241477343
6.975949913554547
1.5473711256042435
11.323420638587768
5.256851420759592
.001438474275470874
1.9351614592724529
5.753897101883501
2.2805853525595183
1.6961569938897119
9.723462927791738
.09917947443749263
8.39460386025788
1.3838856105318005
1.6134649334523257
16.74557205966983
9.561154721014764
.45115330774994095
12.017241436111552
10.377263140405697
2.007277367910425
4.0530261747620475
12.423323373950826
18.504191135265156
8.941456733590528
6.250172774069732
27.079793605596805
.001438474275470874
1.749326832055938
23.427527633407653
5.929691937056467
27.26641184256763
28.749215937236883
3.0677870014752835
5.069144176951516
12.364915237939663
.03870322918544901
4.171366283188886
5.790156562470808
11.55395324158639
2.782420686238132
5.087131667745205
12.962173029343411
15.340819280071372
14.6024838229875
6.70973499003992
.415147250128303
10.789860519340818
14.033370002958184
1.4774250553913855
1.5520784486090224
24.5945082335747
17.04016052294785
7.37907182120018
.3967178977499705
.09209117747660814
.09675807296362271
2.195634860555871
4.620005428330936
1.8805564165936444
9.183348441971388
10.730585168073972
6.654735682351648
3.4507395091728497
25.589102732427875
6.605816479685728
9.778831282387268
14.634717749253298
6.943563890184899
9.39687984585647
.0010493254825322312
19.962244857681604
3.4956375432084186
2.8197743186637623
.00013654545057015707
30.238950200774607
3.0911670876098216
.9526085669279332
.6475786627207176
1.226141962090402
.001438474275470874
13.98390368393916
6.980661246076832
3.7616545118489717
9.645927259807824
.03870322918544901
5.885479814446942
.43172188149541674
5.258988234346509
4.63812662934205
.0010493254825322312
2.704230362986192
6.509508293387121
2.5180428448567405
5.053786125933463
7.531076449581742
.5805484377817361
.38703229185449084
.17880355972752177
5.805577360690919
.0018299086616546181
1.531466522236732
18.43310990181659
29.082620099802554
9.129564233486098
.12872174477807208
.1338003959489413
20.88128884356061
30.2065551229484
2.9672163342942675
12.440246600275014
37.33514350145546
.2079292460234663
8.480784969448568
8.480784969448568
8.480784969448568
8.480784969448568
8.480784969448568
8.480784969448568
8.480784969448568
8.480784969448568
