.16527313910506478
7.1156791863769
.8218765428593422
4.729883609409675
.1666911380384439
6.23574826387846
.003893465830915359
12.129113272298678
6506833899349882e-23
.31601528239902277
1.2654968033537397
5857082155048836e-20
8.069317228669432
6.804492902876875
9.735784894579117
.16713309698008189
12.654693318456486
5.039563498661423
6.953405765718185
.004827876341133177
46.25718509669349
4.057119644842958
.5962489316683948
25517620514368343e-22
2.0171299957596482
6194564046417952e-21
2853316857039301e-25
1.1415738205315198
.0002457221681804268
5.372082411756694
13.42343839217861
.6220314877852516
7.298540322877234
147.16167855581378
170.9423931643474
4.837342138861366
2.92535921456803
4.2977997218179835
5.556702830900945
21.502295490130315
12.271292066667028
.00044488080061770807
.267942459483764
.0724261073479698
47.17672095426346
48.776331699059995
5767715998633779e-24
2.8072145416840284
3.6037963630591467
1.1785807558727937
1.5374292601839576
8.14293091043102
23.80985590358327
28.95994443553356
5.915523298245136
11.65015197610236
1.118767146759093
1.0708894770844286
4.314703863955807
12.176027398087365
.0006368884045223085
16.31246245419537
15.410271605346823
3.7150603141025753
6.134461495718637
1.9489095934499598
.5932759693633034
3.252859486993654
1.2424709351685528
.6234436454245226
1.8549674927813582
.018552946486916626
.004300337024156176
.03526672277354949
.06783101801027092
11.202685766283679
.2856504596509663
.03656669290438021
.10566696959213256
13.66780874207278
20.612414749625227
11.678853740429135
.6801342936673448
.008678284265326177
5921022497748871e-20
.5974962601634977
2.0974167909950356
.15536222649619955
22484854504900455e-22
6.516970761536385
.37634296124934263
.4819341433921091
24.315998474849668
.007052361658064159
26667863798969287e-23
3.7609976750266996
.0012535470836086756
3.8367112995150388
4.002278367437769
.01115132539036464
7220965400171361e-20
.008049904358659935
.010579770845229996
.17036877858587757
.0013425984123062364
.00015352543706351204
.004712610129680032
.17684865975202313
.7880262550606465
.9899260023093904
.00013680243559894686
4276593724031275e-21
14560865049603605e-22
.07914825587047694
42913768587481384e-25
1544143165778283e-20
.9730434200258221
8398370802039843e-20
.8719290474750864
74172847330069e-18
8139615894813296e-23
72.58518916660402
252.4992342340824
11.639977469590306
21.51433391303553
57.572577212594354
40864383827678933e-23
12.217628671364968
4.637872259022023
.03799376917582644
.07103334795016392
3.7534985067286377
.2435556366305035
.004054404488952616
.0049146434580059255
.31789148112938626
.3330609018940607
5.853701078620701
.35481677218346147
2.2839052247101304
.0014370622182797229
9.22021580536511
23.61020466493436
2.8442702687085695
2.7807514497286405
.5163521011961247
22.91360339839917
3.7035180297636
20.158281562867163
6.965680676251042
1.5472191630460228
11.312305168666756
5.2516911096034775
.0014370622182797229
1.9349714130184836
5.748248873118897
2.2803613832875826
1.6953242856579536
9.717257679854557
.09917703932003914
8.389246653810531
1.3830024526081455
1.6110897652690919
16.734885493859704
9.55176915360509
.45071043971720437
12.00544488717285
10.367076452126494
2.007033543448389
4.050149682136035
12.41112820062912
18.486026767222892
8.932679483628306
6.244037383564627
27.05321112306812
.0014370622182797229
1.7484680207204684
23.412576826416355
5.927009995692275
27.239646168981583
28.720994690742334
3.0647755533248224
5.064168125860368
12.35277740010868
.03869942826036962
4.167271522609887
5.784472740138114
11.542611472714185
2.781511035739033
5.083885199535077
12.943091523246473
15.32576018965039
14.593164917439834
6.706440924939077
.4150453317996506
10.779268810891347
14.019594350958936
1.4772799620215522
1.550554873546221
24.570365395008697
17.01507584569695
7.374362699507954
.39670815728015657
.0920685691638007
.09674857065092425
2.19240268491036
4.61320435712559
1.8803717329329404
9.16982971182567
10.72005164640437
6.650488812160229
3.445659704510918
25.55143322912016
6.601600828390673
9.769232035971251
14.62537827289604
6.93674784245256
9.390883014304537
.0010486558317263127
19.94950549932291
3.492206101843971
2.8179748158627396
.00013653608202104779
30.209266578472857
3.0891943893709
.9516734526890342
.647515066012334
1.2253594718461902
.0014370622182797229
13.970176589827028
6.976206379110294
3.7592539268852216
9.639771493012022
.03869942826036962
5.881723862298092
.43129808803748837
5.255632091978798
4.635166703859449
.0010486558317263127
2.7002494881712957
6.499925700876812
2.516435898824775
5.048825150848018
7.5262703226956145
.5804914239055454
.386994282603697
.17878599997995664
5.804152095941409
.001827214868476178
1.5292120632262591
18.42134639553868
29.03980781890698
9.123737995442317
.1285953869637748
.13368218126694062
20.86079103239023
30.176903300800035
2.964303609865345
12.428034814516204
37.2984940049974
.20792115783370613
8.476621428289775
8.476621428289775
8.476621428289775
8.476621428289775
8.476621428289775
8.476621428289775
8.476621428289775
8.476621428289775
