11180497414595552e-21
7.165917128291034
1.1066619955621693
5.000291088142682
.18117759745676335
5.722664094493277
.004473596436876466
37.81526178111659
14405644968057627e-23
.678118351099666
1.8600302944787246
.014170961606656554
89.00170448980252
1.2455919956815622
2.9869995021764746
1.825108791229446
12.17775440430169
66.2756246732708
21.62796944020901
.007229855997310041
63.47453933945794
7.0250589933833
47.5262201009133
423432936647236e-20
2.8608844259997728
844260074324808e-20
6362491263948757e-28
1.3282845025647345
6.664380684040447
145.18392462289705
5.793241502167939
.5221087184411356
10.63781009938701
211.67916115928764
79.63858639765121
1.1236301763190768
11.041410270264853
6.266386313754724
1.0244578258237662
33.083849149073
5.399509468262128
.000270255430194679
.31741328995415524
.3433175582437402
46.43358191845131
266.2442547766246
17889177911400725e-23
19.79678955751685
.5243944840992157
1653410239841247e-21
.9511787850453293
.0030921025699608595
36.27997949264285
107.39106091099605
.004075367051555174
.03162481416981556
1.9351737605633186
.0001366432960177988
.00016959999974764235
.010411893212558199
30563779062686394e-23
23.693030686228585
.025606081645328044
3.5155752560753095
10.089272694318527
.0045981358544022405
4.961210815847252
.010006399678517559
.008795899580161408
18303426683954175e-32
1217642798042417e-21
8.092100920105375
2.356363685764213
4.564064944322774
1.0055766062479337
153.17067722455198
4.377290882361951
1.3363996082301102
1.5312373282819467
24.983134800036577
33.53004290483996
22.584004616452436
10.262906653540767
1.8193260880323991
.00031997371133450387
19.096093926835163
16.094651092425366
.0012173678987893548
4944486407018165e-20
24.320399535154632
.09601658684768513
.33701390115148117
23.930067642886268
.3780094850921127
23668655503844665e-25
7.4703462454023875
.20140843980181386
12.240045690690238
35.33226130511398
.0019876367068194347
2.0919751964745403
1.9363271316194437
1.0428662638681563
6.732175747557293
.0012400467812560254
.780908276597722
12.317393446720427
5.400289938123243
.8319721015440396
8.470247350998225
.003379595719187509
.0007085424827048189
.00014880744305499646
.93990147260239
.00035511538051971977
.5147318033718002
101.57949180700098
16.23306599539247
1.0036696111503136
.011062095126315554
2524048928889368e-20
101.01659508489936
351.4024444480872
16.19932253870803
29.941435468688592
80.12358701621396
.000692650865427111
1893.0157128157841
477.43670456575563
206.5727612776583
446.7805621971533
4537.191374170477
1392.6153060276094
.007391396979909185
.009557963063429436
.3199998568896653
.41288368043155843
6.357944310673281
.4398536542261312
2.3999919500554916
.001999955278515143
10.454000107193199
29.268725756652064
3.1255407328172384
3.8699636448454156
.6593600529660242
31.888794711539038
4.70940971895438
24.989500225095778
11.436170689697875
1.5992129836175288
15.743301957609102
7.3087631295154525
.001999955278515143
1.9999955278060828
7.999821114060577
2.3569922210077072
1.9999776391313722
12.046136582661198
.09999994409752871
10.39984884078401
1.7144586453451425
2.645067784238264
20.745638635492746
13.293169143907058
.6272523983501228
16.707942472919708
14.427829922367804
2.0907861021775136
5.143262335646312
17.272530751584203
25.726949286953765
12.431583864164294
8.68980853136258
37.6498746527015
.001999955278515143
2.0626714155870634
29.02373359798372
6.90170860772813
37.90933575983519
39.97092415714366
4.265239157615281
7.047787942491966
17.191324113470724
.039999910556121655
5.7995795677005315
8.05023376365347
16.063818566142825
3.105073134179175
6.302310538819214
21.24981186933952
21.32881555068645
18.09062428520586
7.911602518469324
.45079772105631216
15.001476820316471
19.511028380111306
1.5269234974131478
2.157902674310328
34.194505527824326
27.935146716239302
9.141733523493901
.39999977639011486
.09999944097670677
.09999977639030411
3.599460338552447
7.573903385266938
1.9435610423888587
15.05491604538234
14.919064466009207
8.244372971484424
5.657042628116688
41.95003551783621
8.183768287617712
13.595811600118827
18.130558029107277
9.653851647320339
11.641541590137058
.0012999811050980004
24.730688010837177
4.860092999596325
3.493342529009702
.0001397255685260464
42.042147782586625
3.829563727830416
1.324441155656134
.6692746091744766
1.5190342838513406
.001999955278515143
19.4422538267406
8.648153382390575
4.6602125562695385
11.950079729922813
.039999910556121655
7.291362575845659
.6002362853966324
6.515219014871445
5.746050278552472
.0012999811050980004
4.433237107291031
10.671499777332368
3.1195355250895016
7.02643516912297
9.330047967460903
.5999986583418245
.39999910556121643
.18479404811281103
6.304127132738441
.0029998993772269687
2.5106419585706385
22.836283859922695
47.67720693044795
11.310371470889997
.1789658232465184
.17999637755563777
29.031901756608118
41.99710790387546
4.125412648290583
17.296059636593668
51.90820482028714
.2106610166790572
9.999888195656858
9.999888195656858
9.999888195656858
9.999888195656858
9.999888195656858
9.999888195656858
9.999888195656858
9.999888195656858
