14641928854518536e-21
7.165914707558012
1.1078066036311767
5.000328796069049
.18427591578710867
5.733517763768974
.004473630569537449
37.81384514450528
14457869980934242e-23
.6784758696495669
1.8600148400473984
.01429554923970461
89.00106474062336
1.25639630441994
3.011672873804595
1.841220013247117
12.200790230605818
66.38474882694985
21.62771910601704
.007229803332829365
63.47439655050384
7.026087273264377
47.44961064600205
4241955291947109e-21
2.8620517509497825
1195430082531369e-20
8366885420140542e-28
1.3282896445811299
6.6377465915820375
145.21830905370246
5.795224629452863
.5221768579002571
10.637688135025764
211.676443220152
79.65376328287746
1.1330015044173363
11.04094677328054
6.266311919169115
1.0335076758889516
33.083275960619204
5.445535273109956
.00027033070254748844
.31741216141869155
.3438310581273295
46.43690935097657
266.24176646768217
17889101351174219e-23
19.798489538799622
.5642618881830795
23519849691067872e-22
.9519418058218491
.00404927411547357
36.27965905180863
107.49093445507663
.005339646119887515
.041426711851175496
1.958046481820542
.00013674127894568693
.00016969092765849566
.013642146290463023
40042163594139325e-23
23.692592738207768
.02771471418537547
3.523474981813082
10.11132525917679
.004998899565679316
5.012551649691606
.01082989292981929
.011619168829489285
7046655488368889e-31
17245087119501038e-22
8.036851520433324
2.3339635992763537
4.571368538813225
1.0148769827078272
153.1676755118815
4.430121377615521
1.342570006312324
1.5423684920647613
25.05643701746966
33.60560631035943
22.572957891833948
10.30172292560411
1.8282943784586139
.0003205005250822199
19.173658978673615
16.094144757464736
.0012772744617391316
4801227041341837e-20
24.33726519632634
.10063449930319872
.32299468245249885
23.967593509674717
.37948982742917764
30971557912217645e-25
7.502407962451206
.20237375764967455
12.41112234765027
35.321663178469564
.0026004157511799134
2.100211183014483
1.9362481640898994
1.0444016496794448
6.752714583535646
.001240130350129425
.7768504353205342
12.251747660809867
5.416121800588973
.8320102386321636
8.512682929430255
.004409300080906062
.0009221492758273067
.0001947222973486598
.9414769672618731
.00035252104224148625
.5159070750010638
101.61335503854367
16.144970957383677
1.0075588182382478
.011062131761633558
3263714162200719e-20
101.015895763283
351.400011745567
16.199210393407427
29.941228188953712
80.12303233352708
.0006955017302650324
1804.1680943256144
449.66723737062375
198.4914185229398
428.9733689818711
3610.5246540000708
1022.3616939639014
.009561978803178231
.012340160157317185
.3199998125833658
.41288182251661926
6.3579333068886354
.4398516749503353
2.399989457834508
.0019999414331468963
10.453972608829604
29.26859405175451
3.125534559440451
3.869936853710463
.6593566766024704
31.888573950549787
4.709386018059724
24.98938777607444
11.436051933751974
1.5992118765046917
15.743192969265527
7.308712532125578
.0019999414331468963
1.9999941432370818
7.999765732587589
2.3569905892948766
1.999970716357871
12.04608237684446
.09999992679038268
10.399802043016402
1.714450930537121
2.6450403172184713
20.745545283215165
13.293077117438294
.6272480559828048
16.707826806525226
14.427730040825239
2.0907843118685774
5.1432365962770366
17.27241117663601
25.72677118342786
12.43149780231164
8.689748373217842
37.64961400868379
.0019999414331468963
2.062664275803729
29.023602995514313
6.901686599068078
37.90907331961003
39.97064744487411
4.265209630051623
7.047739151791274
17.19120510070301
.03999988286474164
5.799539418145361
8.050178033181828
16.063707358914396
3.105065977420074
6.3022821793624075
21.249591206184235
21.328667894731964
18.090542880096596
7.91157513304701
.4507969408542848
15.001372967508832
19.5108933084046
1.5269224403453134
2.1578877354977015
34.194268804770495
27.9348566309597
9.141692387057446
.3999997071615307
.099999267906252
.09999970716185407
3.599422960890917
7.573824736033284
1.943559696888665
15.054759711514654
14.918961183729023
8.244335873036523
5.656983884025983
41.949599898581866
8.183731461881843
13.595717478505087
18.13047644430213
9.653784815260394
11.641489204937397
.0012999752553770495
24.730576726432176
4.860059353955336
3.4933268094897016
.00013972550094761945
42.04185673156954
3.8295464953652023
1.3244319867633498
.6692741458450021
1.519027448423779
.0019999414331468963
19.44211923114905
8.648114466991087
4.660191586008571
11.950025956347574
.03999988286474164
7.291329765802302
.6002321300575127
6.515189697358272
5.746024422183815
.0012999752553770495
4.43319107149108
10.67138896191306
3.1195214876452284
7.026386526244089
9.330005983637557
.5999982429711243
.39999882864741626
.1847939201824697
6.30411622209595
.002999868225550607
2.5106158874609377
22.836181100053636
47.676711838868734
11.310320575906449
.1789645842949513
.17999525607791392
29.031700773428618
41.9968171646622
4.125384088723326
17.295939898758796
51.90784546814637
.2106609589159413
9.999853581789353
9.999853581789353
9.999853581789353
9.999853581789353
9.999853581789353
9.999853581789353
9.999853581789353
9.999853581789353
