2020955024234487e-20
7.165910812248143
1.1094991154493141
5.000390928715156
.1876180580537155
5.750108379125984
.004473685436779717
37.81156149387788
14535630969239057e-23
.6789093468594568
1.8599899818754966
.014495709043130535
89.0000357253338
1.2737491241808738
3.05147561925903
1.8688904927078132
12.237903412387707
66.54612114845307
21.627316276868495
.007229718624189777
63.47416687865769
7.027315775231453
47.353582696402846
4253259439778662e-21
2.863542220028241
1849132183740576e-20
11616758738031539e-28
1.3282978914094592
6.603469059300611
145.25868048991117
5.798414465126588
.5222864021220214
10.63749208818926
211.67207080276177
79.67816676848226
1.148039829928638
11.04019985596805
6.266192323162584
1.0480486569739127
33.08235488194751
5.5194279479505575
.0002704517604739624
.3174103462077177
.3444533918491773
46.44225626168063
266.237763991148
17888979134802862e-23
19.801223472578624
.6274597621576787
3663123737297678e-21
.953245343656924
.00558872476635508
36.279143650393706
107.61203234684129
.007374948430783419
.057197478218439075
1.9950045541739403
.000136899187355401
.00016983673329504587
.018842602936812478
5529773054135075e-22
23.69198805850064
.031108594979399638
3.536214046453357
10.144030812776158
.005648076829466879
5.097339468134061
.012155153130507199
.016270655822605506
35418275971454656e-31
26684919429688174e-22
7.966358791587768
2.3055828575404793
4.584465814768298
1.0305716700018492
153.1628497037381
4.5148985371612325
1.3553212091276952
1.5622917175634419
25.164505683840932
33.7179922144673
22.55888064389452
10.359513714432651
1.8412108798689035
.0003212776186369648
19.2891743121089
16.0933303900525
.0013736090147987785
4578588471204552e-20
24.36092958619503
.10806672274793015
.30099907521485847
24.02800071414217
.38169245324540024
4267132398153622e-24
7.550181963792418
.20373513193305853
12.596534988505828
35.302334173382135
.0035839085445459
2.1121493804768785
1.936120975171078
1.0465765469663653
6.783224176384198
.0012402647738693473
.7716420733463438
12.16763112065243
5.4396469980096915
.8320715830748505
8.57420633354504
.006055596366860873
.001262421750540599
.00026847818769654705
.9438090867512062
.0003492131351236366
.5177503950596329
101.65375753591951
16.03889019537845
1.0133653967467549
.011062194286537937
4431394541238134e-20
101.01477093302148
351.3960988429082
16.199030012271116
29.94089478796489
80.12214014907697
.0006997791178540578
1670.3466630837506
408.94166927867576
186.61285503509382
403.1424973133086
2011.1996070383107
502.47310717282835
.012971672164687795
.016698491754873864
.3199997413178617
.4128788341268675
6.357915607630537
.4398484913559846
2.399985449168064
.0019999191634374777
10.453928378587094
29.268382209135773
3.1255246297519137
3.869893761263968
.6593512458468102
31.888218865513856
4.709347896044566
24.989206905844128
11.435860920525032
1.5992100957444337
15.743017665965674
7.308631148290224
.0019999191634374777
1.9999919161962882
7.999676653749915
2.3569879647300946
1.9999595813091302
12.045995188726312
.09999989895229999
10.399726770480411
1.714438521544254
2.6449961378382696
20.7453951294144
13.292929096621396
.627241071462304
16.707640761853202
14.42756938544291
2.090781432206978
5.143195195449094
17.272218845214955
25.726484711179705
12.431359375336177
8.689651611298725
37.64919477342531
.0019999191634374777
2.0626527917019577
29.023392926111843
6.901651198864751
37.908651195225204
39.9702023644887
4.265162136171305
7.04766067394169
17.191013673526292
.03999983832392577
5.799474839225467
8.050088392994073
16.063528486628865
3.105054465995987
6.3022365641901
21.24923628011263
21.328430396159042
18.09041194288891
7.9115310845146976
.4507956859226867
15.001205924508808
19.510676051080328
1.5269207400810527
2.157863707027652
34.19388804540553
27.934390042740255
9.141626220570203
.39999959580919997
.09999898952760806
.09999959580981438
3.5993628407201737
7.573698232523901
1.9435575326889627
15.054508256007981
14.91879505839911
8.244276201509493
5.656889396981616
41.94889922596408
8.183672229002367
13.595566087733056
18.13034521806003
9.653677318621213
11.641404945216731
.0012999658463100508
24.730397729445603
4.860005236315801
3.493301525203818
.0001397253922495665
42.041388587894275
3.8295187775610366
1.3244172389737392
.6692734005924073
1.5190164538829398
.0019999191634374777
19.441902739636557
8.648051872962396
4.6601578560935755
11.949939463474424
.03999983832392577
7.291276992020651
.6002254463642313
6.515142541186555
5.7459828331392995
.0012999658463100508
4.433117025121133
10.671210720641215
3.1194989089180107
7.02630828615985
9.329938454158796
.5999975748588862
.3999983832392575
.1847937144100678
6.304098672654219
.0029998181195775415
2.5105739533349776
22.836015814478337
47.675915507876965
11.310238713145111
.17896259149195096
.17999345222516447
29.031377500191997
41.996349522510656
4.125338151825689
17.29574730534117
51.9072674649029
.21066086600552264
9.99979790654565
9.99979790654565
9.99979790654565
9.99979790654565
9.99979790654565
9.99979790654565
9.99979790654565
9.99979790654565
