2652812008605493e-20
7.1659063877022415
1.1112202963394944
5.000463485982698
.1893241333950754
5.767782842364187
.004473747667411674
37.80896231362209
14615378913622524e-23
.6792238539064946
1.8599617710093386
.01472251662625614
88.99886792534363
1.293404506786805
3.096756169982755
1.9029419014950426
12.280099197427568
66.7101845590356
21.62685889063959
.007229622491350904
63.47390622723917
7.028177833395388
47.283981157804085
4264790877546305e-21
2.864748896519076
27237659075396384e-21
15336826002791814e-28
1.3283072237269187
6.576784028410412
145.28580771188797
5.802034162098985
.5224106373758345
10.637269792294434
211.66710778298943
79.70584959597855
1.1650543074650144
11.039350114683824
6.2660566950082766
1.0645280348232868
33.08131088750707
5.603081647378178
.00027058910533817645
.31740828617798705
.3449031623783687
46.44831662287184
266.2332215243229
1788883903186794e-22
19.804325330118537
.6978335506252431
543327830379057e-20
.9548114308934824
.007335604834261277
36.27855878815972
107.6997966652126
.009686394246171959
.07509476154939555
2.037202922654769
.00013707881637961967
.00017000167191465852
.024748981223388866
7261829965557981e-22
23.69141619096282
.03496377107168732
3.550715372695371
10.177410269651896
.0063907916357292625
5.1969298104952175
.013660293470725294
.021728124698934075
13895673214259124e-30
39322884379670684e-22
7.912100724009914
2.2839127941056647
4.60089002268154
1.049496842850804
153.15737573508392
4.610795375152905
1.3739359860505964
1.5879176218794941
25.27392695455806
33.833073878887305
22.54833703609075
10.418770942650731
1.8538683026976004
.00032206509412045656
19.40765172351093
16.09240626414771
.0014828579109333005
4336580447050951e-20
24.383135464121498
.11650669769432212
.27692508970824464
24.096604287377993
.3839487680842768
5585701188665814e-24
7.5992122622489875
.2050292483993066
12.694578394331986
35.27746281248082
.00469749775033332
2.123961154147495
1.9359764344468406
1.0486600688201229
6.81441860942122
.0012404173098232317
.7675979545099414
12.102540738826988
5.4637134596103385
.8321411923174327
8.63505563237887
.007916273109999827
.0016461787175427421
.0003521179980448628
.9461834905137932
.00034666736319735565
.5197976259923907
101.68199925576936
15.968981232974995
1.0193431738408854
.0110622703394829
5742350668287797e-20
101.01349440331654
351.39165822937986
16.198825304159513
29.940516423085814
80.12112764079745
.0007042154205724663
1530.6372618274474
367.82798680748795
174.57675004300114
377.40271625622455
743.6639159512736
169.7113523274466
.016753205911151613
.02152501889450742
.31999966044024325
.4128754426959208
6.357895521195354
.43984487839338604
2.399980899829671
.001999893890339336
10.453878182894034
29.26814179551081
3.1255133608071706
3.869844857184935
.6593450826570298
31.887815892183884
4.70930463259019
24.989001641823233
11.435644147721728
1.5992080748015738
15.742818720509378
7.3085387886810596
.001999893890339336
1.9999893887801634
7.9995755613573465
2.3569849861733614
1.9999469444647542
12.045896241632175
.0999998673594877
10.399641346011313
1.7144244389626888
2.6449460005349645
20.745224724517787
13.292761113080966
.6272331449793502
16.707429626397126
14.42738706338525
2.0907781641477983
5.143148210972798
17.27200057515185
25.726159604052956
12.431202279503868
8.68954179965133
37.64871899829805
.001999893890339336
2.0626397587274057
29.023154524855073
6.901611024180285
37.908172141331626
39.969697258649624
4.265108237062165
7.047571612232026
17.1907964296578
.03999978777560327
5.7994015509148875
8.049986663545342
16.06332549085815
3.105041401988187
6.302184796944238
21.24883348957954
21.32816086750785
18.090263346308436
7.9114810951109
.4507942617329231
15.001016353371877
19.51042949349956
1.5269188104912035
2.157836437974861
34.19345593519617
27.93386053157531
9.141551130273715
.3999994694379508
.09999867360280729
.09999946943900813
3.5992946128903216
7.573554669060803
1.9435550765897116
15.05422288982701
14.918606528693227
8.244208482142133
5.656782167645662
41.94810406235165
8.183605007442527
13.59539427975086
18.130196293463356
9.653555324523268
11.641309321470171
.0012999551682514134
24.73019459131099
4.8599438201388105
3.4932728308510934
.00013972526889066315
42.040857308350965
3.829487321483806
1.324400502233838
.6692725548227965
1.51900397651916
.001999893890339336
19.441657051148244
8.647980836938443
4.660119577058024
11.9498413053923
.03999978777560327
7.291217100690829
.6002178612793484
6.515089025108205
5.745935635021138
.0012999551682514134
4.433032993038932
10.671008442187617
3.119473285019996
7.026219494281588
9.329861817045462
.5999968166340487
.3999978777560325
.18479348088381714
6.304078756241797
.0029997612564355612
2.5105263640754063
22.835828236999593
47.67501178563633
11.310145809633434
.17896032993097327
.17999140509464717
29.03101062893731
41.99581881212871
4.125286019680607
17.295528737947507
51.90661150965785
.2106607605636018
9.999734722323772
9.999734722323772
9.999734722323772
9.999734722323772
9.999734722323772
9.999734722323772
9.999734722323772
9.999734722323772
