32846689929764995e-21
7.165901957828626
1.112751707312972
5.000538029766197
.1898777979323136
5.784363515720443
.004473809872206739
37.806355145907474
14686924019690005e-23
.6794342962616735
1.8599335605304348
.014948956337336311
88.99770013235702
1.3130199019240987
3.142033865543444
1.938611439362897
12.32235925750035
66.85604777657598
21.626401299190306
.007229526359639875
63.47364557159499
7.028728124592493
47.239162815523734
4275083511134646e-21
2.865671303890361
37396286657989046e-21
1908578762442676e-27
1.328316535725416
6.557747295796835
145.30198195647864
5.805653111876358
.5225347833578359
10.637047701465507
211.6621440135826
79.73351951921344
1.1820137686321983
11.038498165073984
6.265921172255977
1.0809833612232589
33.08026829628056
5.68651868051169
.0002707263917578882
.31740622616195335
.34520207650295603
46.45436877639955
266.22867890311505
17888698585968098e-23
19.80742615950354
.7668192052661932
75054656390160334e-22
.9564240044609275
.009082254216626654
36.277974004051394
107.75839843797965
.011998749039932345
.09298503925148234
2.0795081287797745
.00013725886144305095
.00017016643050257814
.030658044103308132
8994055471761507e-22
23.690907672092973
.03882296071287895
3.5652576658093436
10.207212791338073
.007138877573342565
5.298484087154446
.015166736163316926
.027380581949992093
40779375486616646e-30
5401091770934913e-21
7.873820378878309
2.26873059773105
4.618201003609008
1.0690881321920753
153.1519039505279
4.706341859684694
1.395076629268105
1.615378674240677
25.371216013674356
33.93602651605987
22.54124814866968
10.471913360581498
1.8648962514824372
.000322763902072325
19.513914521935295
16.09148221783307
.0015920463781209863
41050985250618966e-21
24.40092537495991
.12495058846994006
.25388059020286624
24.165231096747302
.3859696614193725
6891809495044375e-24
7.643214196479633
.20613360189524443
12.730776434640863
35.25085327979706
.005808989040633555
2.134326005587346
1.9358317386672899
1.0504384737849757
6.842312652328315
.001240569803996652
.764718299095229
12.056387990778276
5.485249951667474
.832210781748775
8.68840250456174
.009771905119171347
.0020283556501730204
.0004357303816375677
.9482981523723636
.0003448705441508202
.5217240468694465
101.69991730827277
15.928489316708886
1.0247295603704822
.011062351444866702
7044613503594717e-20
101.01221788974327
351.387217671968
16.19862059863483
29.940138062988176
80.12011514531311
.0007082492727815802
1400.7520975004652
330.878394767373
163.64997726331868
354.2491789006071
237.17359128009767
52.195722123903174
.020451896081540164
.02624148442880114
.3199995795626453
.41287205129283167
6.357875434823628
.4398412654604647
2.399976350499901
.001999868617560573
10.453827987441992
29.26790138386063
3.1255020919030563
3.8697959537239086
.6593389195248592
31.88741292394633
4.709261369533266
24.988796379488406
11.435427379027484
1.5992060538612676
15.74261977756718
7.308446430239054
.001999868617560573
1.9999868613672327
7.999474470242294
2.3569820076203922
1.9999343077002252
12.045797295350802
.09999983576668538
10.399555922243906
1.7144103564967996
2.6448958641820424
20.745054321020902
13.292593131663356
.6272252185965644
16.707218493609187
14.427204743631615
2.090774896093726
5.1431012269257215
17.27178230784705
25.72583450103462
12.431045185656794
8.689431989391638
37.648243229183215
.001999868617560573
2.062626725835203
29.02291612555657
6.901570849729678
37.90769309349191
39.96919215919364
4.2650543386341555
7.047482551647846
17.190579188534645
.03999973722734465
5.799328263530461
8.049884935382174
16.063122497652714
3.1050283380353516
6.302133030123598
21.248430706681592
21.327891342262724
18.090114750948555
7.911431106022964
.45079283754765886
15.00082678463058
19.510182939034575
1.5269168809037927
2.157809169266672
34.19302383044743
27.93333103044757
9.141476040594032
.3999993430667415
.09999835767900463
.09999934306836158
3.5992263863537692
7.573411108319037
1.9435526204935643
15.053937529055325
14.918418001369812
8.24414076333103
5.656674940342306
41.947308913812044
8.183537786434853
13.595222473939813
18.130047370089972
9.653433331966975
11.641213698509079
.0012999444902804871
24.72999145484498
4.859882404737943
3.4932441367340683
.00013972514553186867
42.040326035521495
3.829455865664959
1.3243837657054411
.6692717090542544
1.518991499257871
.001999868617560573
19.441411365764726
8.64790980149799
4.6600812983369035
11.949743148116458
.03999973722734465
7.29115720985296
.6002102762903191
6.515035509469443
5.745888437290669
.0012999444902804871
4.43294896254961
10.67080616756833
3.11944766133246
7.026130703525399
9.329785180561638
.5999960584101693
.39999737227344634
.18479324735786157
6.304058839892297
.0029997043943714562
2.5104787757179183
22.835640661061635
47.67410808052628
11.310052906884883
.1789580683985752
.17998935798741275
29.030643762318817
41.99528810845341
4.125233888194325
17.295310173315904
51.905955562702175
.21066065512173374
9.999671538501127
9.999671538501127
9.999671538501127
9.999671538501127
9.999671538501127
9.999671538501127
9.999671538501127
9.999671538501127
