3705906982557171e-20
7.16589900144961
1.113676416683034
5.000588739616578
.19000702389288365
5.7948583682895345
.004473851331174434
37.80461260218805
1473040360764521e-22
.6795476054481183
1.8599147538300813
.015099712763844813
88.99692160758093
1.3260747292588253
3.1721785707334433
1.9627496188789673
12.350557840492248
66.94403060671256
21.626096137017576
.0072294622724434964
63.47347179822813
7.029014154235546
47.215705975373425
4281314608244561e-21
2.866212506720929
4495344216742966e-20
21599178255767132e-28
1.3283227344732202
6.547048535245275
145.30992457789833
5.808065234633306
.5226174977953346
10.636899754612765
211.6588344861392
79.75195897037158
1.1932896879138453
11.037928975119488
6.26583088248622
1.0919402867711545
33.079574016215105
5.742023604797577
.00027081787955596004
.31740485282554004
.34536220602411455
46.458398991942
266.2256504031567
17888607045238782e-23
19.809492766121494
.8120595817560357
9055479847425587e-21
.9575100825276972
.010246554033550806
36.27758419422366
107.7899020404168
.0135405992374062
.10490626232264226
2.1076957458252785
.00013737911003539331
.00017027630972699296
.03459833702727332
1014879813929236e-21
23.690585298388203
.041398046665829226
3.5749717321269574
10.225256378391949
.007640097440861272
5.366541171870542
.01617177928021032
.031256035615815976
75010592827224e-27
6494329007229531e-21
7.852460259547548
2.2602973195282345
4.629985208144753
1.0822845457481451
153.14825714897813
4.7698402175493495
1.4097517192473135
1.6340939584443455
25.430093763528486
33.998404218725994
22.537412320224416
10.504195277490364
1.871532126218294
.00032318523881059194
19.578461361910236
16.090866227963705
.0016648138208726765
39564036738226945e-21
24.410548897174184
.13058106902716943
.2391369939498492
24.210978067878937
.3871956831151066
775441214629665e-23
7.669954127418255
.20679341107311042
12.741853352451871
35.23266342735912
.006548988863615637
2.1405841100116487
1.935735204200546
1.0514936432661992
6.859217058830298
.001240671437787155
.7631018049853635
12.030551692994752
5.498311826749222
.8322571610403566
8.720575503035247
.011006072307575155
.0022821690039177343
.0004914549636434273
.9495758042568483
.0003438677001241323
.5229081318524588
101.70918521699394
15.907729163386483
1.0280161428972245
.011062408107716847
7906946076489466e-20
101.01136688965626
351.3842573315354
16.19848412972219
29.939885825579385
80.11944015543185
.0007107317167338027
1318.6190010767436
308.13203234234663
156.8277668322653
339.81917337890155
119.52042310491714
26.048019011817313
.02286950713860453
.02932119626206606
.31999952564425804
.41286979037291527
6.357862043944398
.43983885685500446
2.399973317618179
.001999851769218827
10.453794523941196
29.26774111052427
3.125494579322886
3.8697633517598877
.6593348108020838
31.887144281283696
4.709232527716118
24.98865953886855
11.43528286884741
1.599204706569149
15.74248715033574
7.3083848585927935
.001999851769218827
1.999985176427053
7.99940707687531
2.356980021920504
1.999925883234898
12.04573133161475
.0999998147048227
10.399498973455456
1.7144009682504706
2.6448624404747383
20.744940719467262
13.292481145230944
.6272199343970216
16.7070777398995
14.42708319840918
2.090772717393849
5.1430699044661194
17.271636797842877
25.72561776797147
12.430940457528303
8.689358783322774
37.6479260531135
.001999851769218827
2.0626180372861502
29.022757193778805
6.901544066892527
37.90737373162862
39.96885542976907
4.265018406727213
7.047423178550315
17.190434362644368
.03999970352854106
5.799279405788695
8.04981711732092
16.06298717027422
3.1050196287639973
6.302098519146073
21.248162188991262
21.327711660658192
18.0900156880534
7.911397780139817
.4507918880933157
15.000700406800595
19.510018571122206
1.5269155945135404
2.1577909903193215
34.19273576364856
27.932978035271837
9.141425981150238
.3999992588192908
.09999814706369067
.0999992588213526
3.5991809027145503
7.573315402669676
1.9435509830978572
15.053747291545957
14.918292317811108
8.244095617765991
5.6566034566025944
41.946778823159214
8.183492972736492
13.595107937938627
18.129948088520642
9.653352004452572
11.641149950304714
.0012999373716819306
24.729856031461303
4.859841461568537
3.493225007453661
.00013972506329273284
42.03997185736502
3.8294348952626067
1.3243726081373433
.6692711452091535
1.5189831811406171
.001999851769218827
19.4412475772339
8.64786244486185
4.6600557793641695
11.949677710380493
.03999970352854106
7.29111728290102
.6002052196842173
6.514999832621146
5.745856972352404
.0012999373716819306
4.432892943108307
10.670671319952259
3.1194305789910337
7.026071510311302
9.329734089922143
.5999955529281155
.3999970352854104
.18479309167405514
6.30404556236092
.002999666486927525
2.510447050647405
22.835515611292312
47.673505619969696
11.309990972143131
.17895656072618707
.17998799326219114
29.030399187148767
41.994934309729054
4.12519913423613
17.29516446509595
51.90551826933685
.2106605848271844
9.999629416174491
9.999629416174491
9.999629416174491
9.999629416174491
9.999629416174491
9.999629416174491
9.999629416174491
9.999629416174491
