4127144972137842e-20
7.16589604265654
1.1145296069087216
5.000640201555198
.19006867474733408
5.804931961773057
.004473892782266639
37.802866518462146
1477071474758155e-22
.6796489347323396
1.85989594738185
.015250306797597651
88.99614308590382
1.3391119200865083
3.202279787387881
1.9869957056890655
12.378768748177835
67.02511350950019
21.62579090092508
.007229398185730626
63.47329802231197
7.0292642924583335
47.19498121351232
4287075475045362e-21
2.8667209557772737
5313823790923972e-20
24122341053120013e-28
1.3283289262829254
6.537208645706703
145.31660592192281
5.810476915998848
.522700172623722
10.636751898564023
211.65552472101055
79.77039269332387
1.20454139119609
11.03735880900506
6.265740639793531
1.1028865999558677
33.07888036145707
5.797433000031844
.0002709093368239914
.31740347949521425
.3455049617042593
46.462425569702646
266.22262183450687
17888513687659325e-23
19.811558869461678
.8567136428342527
10740696381018308e-21
.9586005030609871
.011410743924093796
36.277194420567945
107.81804813597834
.015082597240283638
.11682239411157577
2.1358454807115166
.00013749952657942375
.00017038626210609287
.03853916885913054
11303424338976128e-22
23.69027085926872
.04397497907755252
3.5846984919783926
10.241937087162883
.008142988323848872
5.434636851796812
.017177425405214983
.03521617722544471
12932666277867465e-29
7678858993892418e-21
7.832900652595864
2.252597206962287
4.641889963573857
1.095511730506226
153.14461117427996
4.833177354203572
1.4246224776042673
1.6529339370501162
25.484563221308257
34.056087359905476
22.533943903159805
10.534110532976559
1.8776675281432496
.00032357357021224863
19.638266967759822
16.090250268883736
.0017375561904205126
38121305607552004e-21
24.41851243310415
.1362118382822666
.22492066159833457
24.256708895285705
.3883304456437545
8609764640872243e-24
7.694737805704801
.2074024340824679
12.749079745961467
35.214275615675135
.007288246686626364
2.146381446773467
1.9356386187408199
1.0524594622678083
6.874853151783811
.0012407730466100879
.7616162689236068
12.00684566309451
5.510402736691226
.8323035285634592
8.750342152553387
.012237760708859654
.002535138348990958
.0005471609240255221
.9507550136916649
.00034294935288641865
.5240043203044148
101.7172640075846
15.888754565136718
1.0310737659773086
.011062466686008491
8764023475743491e-20
101.0105158967387
351.38129701604277
16.198347661959264
29.939633590295625
80.1187651712372
.0007130585802110683
1239.815633411163
286.7469484810944
150.32096086300976
326.04965158149344
70.33634483634523
15.247851897212154
.02524752510636581
.03234759490289125
.3199994717258799
.41286752946537986
6.357848653093373
.4398364482627339
2.3999702847402893
.001999834921019024
10.45376106054752
29.26758083806558
3.1254870667607726
3.86973075007053
.6593307021049121
31.886875640884302
4.709203686075613
24.98852269899804
11.435138360493522
1.5992033592781656
15.74235452422165
7.308323287465257
.001999834921019024
1.999983491488293
7.999339684076097
2.3569780362222885
1.999917458805058
12.045665368239922
.09999979364296446
10.39944202497886
1.7143915800555525
2.644829017189812
20.744827118535714
13.292369159741986
.6272146502419966
16.706936987375624
14.42696165421073
2.0907705386962423
5.143038582197279
17.271491289064585
25.72540103673424
12.430835730282116
8.68928557787065
37.64760887971591
.001999834921019024
2.0626093487736967
29.022598262871366
6.901517284159312
37.90705437245586
39.96851870318135
4.264982475122987
7.047363805952986
17.19028953797421
.03999966982976586
5.799230548458543
8.049749299831014
16.062851844035823
3.1050109195170714
6.30206400835753
21.24789367469421
21.32753198056743
18.089916625700717
7.9113644543970505
.4507909386409723
15.00057403003531
19.50985420459459
1.5269143081243717
2.157772811525124
34.19244769927657
27.93262504455692
9.141375921980574
.39999917457185785
.09999793644882031
.0999991745744146
3.5991354196501106
7.573219698229753
1.9435493457035293
15.05355705644063
14.918166635311254
8.24405047244817
5.656531973766228
41.94624873920517
8.183448159283536
13.594993402902373
18.12984880749499
9.65327067762333
11.64108620244944
.0012999302531223561
24.729720608819214
4.8598005187440645
3.4932058782780064
.00013972498105364542
42.03961768219239
3.8294139249750896
1.3243614506632446
.6692705813645277
1.518974863068914
.001999834921019024
19.441083790082946
8.647815088485038
4.66003026053118
11.949612273002872
.03999966982976586
7.291077356167722
.6002001631207159
6.5149641559682205
5.745825507586443
.0012999302531223561
4.432836924374925
10.670536474040265
3.1194134967431513
7.026012317595891
9.329682999562422
.5999950474464875
.3999966982976584
.18479293599037988
6.304032284857508
.0029996285799626324
2.510415325977803
22.83539056220777
47.67290316702644
11.30992903774054
.17895505306650067
.17998662854731723
29.030154614039198
41.99458051398535
4.125164380570728
17.29501875810355
51.90508097965561
.2106605145326585
9.999587294025291
9.999587294025291
9.999587294025291
9.999587294025291
9.999587294025291
9.999587294025291
9.999587294025291
9.999587294025291
