.1658213660100637
7.115590477953126
.8203220910756849
4.7257311625663965
.16656776627193992
6.234697481118811
.003890263296571826
12.11527318983224
6466879808933546e-23
.31587152521189016
1.2639059941376538
5855924146843769e-20
8.063425750225173
6.800214015157028
9.688362243225539
.17039880683976225
12.600627898389527
5.020387066076622
6.941814797869376
.004819066294694958
46.1344652247299
4.05278943976049
.6081966752032789
2541855579969518e-21
2.015884863122852
5987207158894713e-21
2839766132493367e-25
1.1407901548100154
.0002475463282059141
5.305754745053724
13.405490083155868
.6213173314518208
7.287750576256337
147.03650462993747
170.9024190368731
4.833920949664054
2.919937626968048
4.291760156708509
5.55143663032628
21.461650855104075
12.252656137967309
.0004443269015730256
.26779216906878206
.07238973200154825
47.15300176916696
48.74942152977213
575382191612603e-23
2.8045791216286053
3.58683670661368
1.1732640194304904
1.5345720303157602
8.137761860887357
23.772970164913207
28.920108915730832
5.914774033347056
11.584494914427587
1.1396421557162988
1.0704706554639403
4.304033442303979
12.134279631162224
.0006366885997617387
16.294819938437175
15.38503984530327
3.6962062654151415
6.113683771529701
1.9378972161504788
.6046863960919021
3.2336058278714606
1.2692829111256594
.6223239577705305
1.85573859753699
.018908291775768908
.004381269255119171
.03404646431482859
.06912338503477496
11.16938989911896
.2770750070389456
.03727593130628031
.10778446165711324
13.619943075361869
20.541428343690942
11.669804588342645
.6769593787045521
.008595995125094149
58701987312537755e-21
.5863698151814164
2.081531761611933
.1547629258131036
22543205144623515e-22
6.507602467811317
.3705918233314034
.4816389234435116
24.22994601630122
.006911853013443379
26510094685730074e-23
3.749608433955212
.0012406645383564719
3.833900569788309
3.999568844357463
.011090816423231944
7046490390335182e-20
.007994452737632505
.010383663324210004
.16722264209252133
.0013416407112735017
.00015618111737438707
.004804315515199811
.175277202664975
.7871826756972723
.9805936719249927
.00013898300318369877
43344145305999055e-22
14570661445832127e-22
.07826223444082851
434677714764398e-23
15587615716434067e-21
.9654754076195822
8411244288393342e-20
.8668715003663109
7326334818364715e-20
8265634650132691e-23
72.50564647480562
252.22253220990066
11.627221766243185
21.490757367305733
57.50948613550493
39871579710205446e-23
12.503592436522993
4.759188500979774
.03900992619607214
.07293834774019504
3.880653758240445
.2519618746595338
.004131460443348153
.005008464966303959
.3178845101393072
.3328236156288211
5.852096720306284
.3545639861427195
2.2835296261101696
.0014354874094456317
9.216375372692612
23.5933837854657
2.8433806465417906
2.7777041551211137
.5159334983816348
22.888493459112162
3.700567191826359
20.14391997518606
6.954233771408159
1.5470495269114797
11.299908545968764
5.245936028544272
.0014354874094456317
1.9347592639714737
5.7419496377825325
2.280111365901771
1.6943951179924865
9.71033470639802
.09917432078123305
8.383269809950038
1.3820171448613332
1.6084422147864446
16.722962874136204
9.54130181944728
.4502165273638941
11.992288685287487
10.355715661081517
2.0067613683717074
4.046940725177673
12.397527429498426
18.465768800734065
8.922890580695652
6.237194836939329
27.023564782551187
.0014354874094456317
1.7475097262143964
23.395896745136383
5.924017260582419
27.20979552307442
28.68952070472591
3.06141701007284
5.058618542411243
12.339240572873363
.038695185279429424
4.162704805926097
5.778133808771153
11.529962468179454
2.7804958367008226
5.0802632309249995
12.921821766000145
15.3089654105317
14.582768147414917
6.70276528122269
.414931577882259
10.767456317644704
14.004230937494004
1.4771179939769592
1.548855693453986
24.543439888243075
16.987114478652927
7.369108900657544
.3966972831249322
.09204333538905708
.09673796319857375
2.188799846066913
4.605623344766406
1.880165570160466
9.154760665021017
10.70830404646059
6.64575073079649
3.4399973521017753
25.5094438186997
6.5968975768343885
9.758526394477906
14.614958552753702
6.929146187045299
9.384192563563866
.001047908726243751
19.93529265228386
3.488379157575521
2.815967174870379
.00013652562356171867
30.17616166535633
3.0869935204154504
.9506305585530664
.6474440728683243
1.2244864754332316
.0014354874094456317
13.954867330960138
6.971236243174716
3.7565756799960646
9.63290372389733
.038695185279429424
5.877533480657622
.430825448766531
5.251887763828941
4.631864420734451
.001047908726243751
2.6958120899643236
6.489244184677339
2.5146430865410423
5.043292381042926
7.520908298615635
.5804277791914424
.386951852794295
.17876639799552457
5.802561317808362
.0018242121533505397
1.5266990647432797
18.408222271806284
28.992085861469
9.117237869784665
.128454465332938
.13355032763149888
20.837930673537247
30.143833853075982
2.9610551690863978
12.414415516223245
37.25762034127553
.20791212840315867
8.47197558996244
8.47197558996244
8.47197558996244
8.47197558996244
8.47197558996244
8.47197558996244
8.47197558996244
8.47197558996244
