.16801427363005939
7.115227912919705
.8141111895461246
4.708925706761997
.16608110373246987
6.230432103289041
.0038774421003578124
12.059186385832618
6309957295142683e-23
.3152996490579243
1.257564027220449
5852993431770919e-20
8.040837387921966
6.784045387308172
9.498816538037286
.159255839849296
12.38478655147819
4.941989837390667
6.893642850730271
.004783586351808063
45.63571865133416
4.0355218440994465
.5700687378305324
2502666613166702e-21
2.0109107922996237
5233155988771053e-21
2786136016693995e-25
1.1376595610409355
.0002207244935130793
5.0502720040194
13.333714136754718
.6184590133868106
7.244721769351806
146.53717290557483
170.73750016564676
4.8207691954045595
2.8981453088214106
4.267671580149442
5.53127622696128
21.29974501474417
12.179172501933687
.00044211361666733276
.26719186677268325
.07224460003942322
47.058242265859704
48.643500338802234
56992652204848016e-25
2.795471745446066
3.5187014478001144
1.1522424236759832
1.5229588459986834
8.116702014863465
23.62558208153419
28.76123079462415
5.911925650850987
11.321606746399791
1.0681540708057107
1.0688430822717414
4.261655996276861
11.965630097777085
.000635924466307945
16.22439709479052
15.28525404195218
3.621239801137771
6.031107314525615
1.8945897184423501
.565014913508366
3.1567277613260982
1.1963218744222819
.6177580957219118
1.8587573702007547
.01763766694632428
.00408090206002393
.029663350710044726
.06449785816339834
11.040687185204744
.24604429796150007
.034801847210573396
.10090713528514389
13.429914226591293
20.2593634566614
11.633490080906272
.664750144089811
.00828558843950201
56710074336173194e-21
.5439917242286127
2.019201921973412
.15236273828136077
22757928118867585e-22
6.471487340422503
.3485286972939878
.48010647206754326
23.885183320055027
.0063790269378557
25872679076210396e-23
3.7047853053092292
.0011919274201361962
3.822815151091029
3.9885374594991365
.010865920211775815
6402787890611884e-20
.007786712233918031
.00963804401307651
.15524526255958185
.0013378127635406477
.00014473983697256727
.0044897597064676035
.1693394729579291
.7838141875309489
.9439576968043115
.00012832147962847453
39611979274467075e-22
1272074558974913e-21
.07482343107779083
3961423575443899e-24
14059835554261665e-21
.9365210712736549
7322576825603689e-20
.8470084317518098
6980304987168076e-20
761118368772919e-22
72.1883464238258
251.11875303931893
11.576338583504246
21.396709265678087
57.2578124553184
361927215363783e-21
11.852449960956648
4.558156461474479
.037452424003321536
.07003517634046139
3.7465344134305876
.24334547400324574
.003849127233878943
.004667329176956165
.31785662770761447
.331876159888699
5.845683683002906
.35355464164870937
2.28202784929773
.0014292054127964986
9.201029631629584
23.52622002109696
2.839824939537538
2.765548333983335
.5142624779555739
22.788328568589456
3.688787332630767
20.08657586944106
6.908633953466472
1.5463711683409063
11.25045775514037
5.222978702456954
.0014292054127964986
1.9339109003568122
5.716821651185999
2.27911157044596
1.6906835370913451
9.68269209955144
.09916344737116609
8.3594049856724
1.3780829286117675
1.5978954493806654
16.67535727638733
9.499547063770754
.4482462845755045
11.939807892463602
10.310396858106147
2.005673037113259
4.0341303019591255
12.34327322618241
18.384958689153443
8.88384212345411
6.209899552558691
26.90530394494678
.0014292054127964986
1.7436817975007792
23.329295171132678
5.912061423782407
27.09071970034354
28.563969291494132
3.048019601448891
5.036480957279135
12.285241445175286
.038678218007136195
4.144487928877863
5.752847472585897
11.479504912708656
2.776438744480781
5.065801142499041
12.837091695172333
15.241970138557983
14.541255085422504
6.688082840664141
.414476873899313
10.720335650432965
13.94294545965272
1.4764702993598626
1.5420775732055985
24.436032601964136
16.875727753235967
7.3481311088193
.39665378948466434
.09194246943082213
.09669554501784067
2.1744475999716197
4.575423671742355
1.879341145081353
9.09473170520361
10.66144224210402
6.626832137338458
3.4174408407545913
25.34217506815684
6.578118054641048
9.715821018096886
14.573353853681215
6.8988227771414925
9.357478392173226
.0010449256232090462
19.878542450172343
3.4731132722500218
2.8079509039732984
.00013648379773481176
30.044104396711475
3.0782057133209584
.9464703980778866
.6471601781201879
1.2210007049368705
.0014292054127964986
13.893797878706255
6.951391083503986
3.7458817597810254
9.605481541399833
.038678218007136195
5.86080178683389
.42894006544118524
5.236937108362634
4.618678798300174
.0010449256232090462
2.678135298451678
6.446693364108572
2.507484601040545
5.021221866435942
7.499498376350976
.5801732701070439
.38678218007136267
.1786880115469324
5.79620256402066
.0018122505563128034
1.51668829983482
18.355819211933518
28.80198097277971
9.091283643737736
.12789232141201057
.13302421230866188
20.74673947965796
30.01191805777815
2.94809696511491
12.360087407066246
37.094573111046635
.20787601460202607
8.453417685456733
8.453417685456733
8.453417685456733
8.453417685456733
8.453417685456733
8.453417685456733
8.453417685456733
8.453417685456733
