.16911072744005723
7.115042053602617
.810981170015051
4.700406404822691
.16583913041869147
6.228261015058241
.0038710251821404145
12.030726737449468
6232561021631211e-23
.314997265693809
1.254405766330862
585246352002824e-19
8.030086970855875
6.7764754617159015
9.403963611717241
.1558778846282541
12.277576396281487
4.9016051750460035
6.868536133205688
.0047656971769898
45.38156505409001
4.026818782369993
.5587455569467663
2483187791961198e-21
2.0083373078047906
48969228758983756e-22
2759154198700618e-25
1.1360967174357595
.00021112974842725618
4.928053643988646
13.297841920281192
.6170289318252629
7.223285799403663
146.28829645768334
170.65206390850608
4.814482779760244
2.8871906296830994
4.2556691587571445
5.521687367928821
21.21919748851801
12.142989557423288
.00044100846369200315
.26689223053171895
.07216583541031438
47.01093290853765
48.59150769978037
56725796050504395e-25
2.7917276855077473
3.4844275866698387
1.1417567286107677
1.5170714170787767
8.105948675916617
23.551980672597956
28.67989177198824
5.910580650598559
11.189885030583893
1.0463961527201349
1.0680561618595386
4.240639464597033
11.88018544543561
.0006355605245823927
16.189277830928628
15.236001651909042
3.5841839988744932
5.989729148704142
1.8731461317400977
.5529243856641081
3.1183319474310904
1.1758200947524806
.615418993653685
1.8602259198565907
.01724808437803558
.003987892521232402
.027730027034384618
.06307748763611286
10.978706748228982
.2322126769418476
.03404775197237088
.0988520935689968
13.334352899872666
20.11802880975867
11.614929539566413
.658851600144077
.008138969441652618
5573510480126549e-20
.5239636491506481
1.9887513116202808
.15114487280095382
22853818902332567e-22
6.453977335833597
.3380401232393371
.4791287992269733
23.713200799206543
.0061285962737400584
25552485811550146e-23
3.6823697140870593
.0011688506996593245
3.8170103758928464
3.982799599377511
.010762605745748739
6109304031021821e-20
.007690365628311619
.009286618585816309
.14959054472701938
.0013359008609123105
.00014112975169633068
.004395844966377403
.16654340874997145
.7821334906056686
.9258687002819268
.00012495597323670932
38373745856948376e-22
12041140720872821e-22
.07316083969787655
3831915391068583e-24
1352901625616514e-20
.9227020869820239
692043437377088e-19
.8372051394991358
6816785889120925e-20
7402226213658016e-23
72.03021749331457
250.56867616657422
11.550980556480072
21.34983966801786
57.13238893344112
34509544651471067e-23
11.681098445758284
4.514885664014224
.03714067690337639
.06945791265408448
3.714402652832007
.24132394316461678
.0037611519312050947
.004561248988673396
.31784268740889526
.3314034439270817
5.842479800237382
.3530510474090168
2.2812773313017796
.0014260747312585182
9.193366345553093
23.49270987163572
2.8380487538153596
2.7594903866553486
.5134289983955315
22.73841062195118
3.682911472375351
20.057965061629776
6.8859462938188
1.546032100607636
11.225813571685364
5.211537741731055
.0014260747312585182
1.9334868580578126
5.7042989250340765
2.2786118371284476
1.688830796593405
9.668900319182466
.09915801111319845
8.347498061813585
1.3761200223367114
1.5926480287831506
16.65160532158328
9.478738258860385
.4472643988682268
11.913653684117282
10.28781188270379
2.0051290928429424
4.027740304956027
12.316235225023538
18.34468634605334
8.864382023266126
6.196296736820772
26.84636774334831
.0014260747312585182
1.7417709787041944
23.296065516419382
5.906092556893263
27.031377344614203
28.501399775235903
3.041342899409968
5.025448520788085
12.25833056292024
.038669737161156195
4.135409407535062
5.740245831693703
11.45435900032014
2.7744124188383466
5.0585855441889915
12.794935232808324
15.208582527450448
14.52054289150314
6.680753685526216
.4142497088002407
10.696852702074903
13.912403368540573
1.4761465585608269
1.538699644640997
24.38250535147691
16.8203085820726
7.337664617751185
.3966320444527938
.09189207790962407
.09667434290289068
2.1673068066683214
4.560398175282769
1.8789290681135786
9.064864993650453
10.638088300048699
6.617393046180693
3.4062181105906655
25.258952444617844
6.568748350583744
9.694538464018
14.552595939092706
6.883710871666733
9.344149837937957
.0010434372577266943
19.8502279598726
3.465505400419007
2.8039513301196326
.00013646288962674508
29.978292637171673
3.073821195390185
.9443971499814428
.6470182774309159
1.2192615425861815
.0014260747312585182
13.863363445613683
6.941489698837734
3.7405462210705216
9.59179973778621
.038669737161156195
5.852453809825114
.4280004701025773
5.229477748335269
4.612100069685644
.0010434372577266943
2.6693404161998546
6.42552269768118
2.5039130037470883
5.010222855058987
7.488816281596677
.5800460574173439
.3866973716115627
.17864883121281977
5.793025800701367
.001806299202674028
1.5117075600576038
18.329673649887265
28.707396494011483
9.07833425053207
.12761217264829255
.13276193238590164
20.7012936440344
29.946176802573255
2.9416391441059604
12.33301257436084
37.0133172648553
.2078579600538557
8.444153982967032
8.444153982967032
8.444153982967032
8.444153982967032
8.444153982967032
8.444153982967032
8.444153982967032
8.444153982967032
