.17020718125005507
7.114853110658309
.807840753362269
4.691810221287973
.16559583992312757
6.226066101115257
.0038646042890132615
12.00200394549518
615600466580075e-22
.31468567795876656
1.251255958054106
58525113329886606e-21
8.01965462564378
6.7692366263539805
9.309037950560127
.15253616375347331
12.170862050767782
4.860560883995106
6.842797537442903
.0047477043591094585
45.1241802089693
4.018079474919684
.547524442392377
24638163363625034e-22
2.005715059761932
4584984431028225e-21
27321575995359465e-26
1.1345355180985413
.00020197307943767485
4.809407548563077
13.26198408706412
.6155983040936492
7.201902364457404
146.03992510543296
170.5646702555492
4.808382439260155
2.8762006250819794
4.243694695231217
5.512414230906655
21.138921547558084
12.107167559876938
.0004399043775607044
.26659293702102776
.07208355981842134
46.963670513459014
48.540115976526614
564628007026917e-23
2.7884859125162555
3.4500173549883315
1.1313142810858257
1.5111320553223817
8.095050476729543
23.478441126109125
28.597504434567934
5.909289009459883
11.057995642039895
1.0248377553398547
1.0672859255146794
4.219737525285128
11.793985436929606
.0006352085249518091
16.15422015371888
15.187172969056556
3.547417924094852
5.948380291969737
1.8518899485370015
.5409694439398665
3.079967745765331
1.1553861485575503
.613041558165082
1.8616686277482954
.016863509435555816
.003896162203480665
.025948370800680035
.06167446646138862
10.918108472867946
.2193782247029706
.03330252509808747
.09681595166293623
13.238704387786967
19.97680427165102
11.596142245976056
.6530931138347928
.007997692066678599
5477460899868132e-20
.5046856813546102
1.9587679693887112
.1499179794968959
2294081977517734e-21
6.436863411364274
.3278977026665674
.4780192286268179
23.54152532369508
.005888394997701709
25232800962083885e-23
3.6600372529906755
.0011465766920100641
3.811023883894921
3.976920967048201
.010664709401621997
58329141774707666e-21
.0075984931122512304
.008948822701234175
.1441502468673874
.0013339903871875522
.00013761070625372538
.0043037401427392435
.1638531862451559
.7804551939347946
.9079631611585832
.00012172246987529365
37184635513234176e-22
1140240124915965e-21
.07153548753461643
37074856219738208e-25
1302274415395902e-20
.9092769788741389
654062245181331e-19
.8275052695283762
6658944302086422e-20
7201586504441967e-23
71.87243494500906
250.01980423994473
11.525678076339736
21.30307273844353
57.00724015240994
329210648686291e-21
11.507675923926568
4.469790679261951
.03681049294366651
.06884624046550834
3.7055666843543142
.2408491747832958
.0036740767706117078
.0044562358513775425
.3178287477215584
.33093140129005766
5.839277673445211
.3525481704761515
2.2805270601377257
.001422950907493958
9.185709442018103
23.459247453179117
2.8362736790193073
2.753445709290999
.5125968696790888
22.688602020822337
3.677044971763262
20.02939500632549
6.863333139479083
1.5456931072206357
11.201223371436317
5.200121842486312
.001422950907493958
1.9330629087371767
5.691803629975836
2.2781122133858207
1.6869800864265574
9.655128183474686
.09915257515325294
8.335608097874287
1.374159911975431
1.5874178404913766
16.627887198459568
9.457975035740274
.4462846639864557
11.887556766693928
10.265276379801954
2.0045852960918693
4.021360429604598
12.289256450740169
18.304502219720334
8.84496455052402
6.1827237181181225
26.78756064179145
.001422950907493958
1.7398622538839752
23.26288319318114
5.900129716222285
26.972164978609104
28.438967317813045
3.0346808227199413
5.014440250903829
12.231478629086105
.038661258174743474
4.126350772738242
5.72767179475832
11.4292681701773
2.772387572067224
5.051380223593663
12.752917210471164
15.175268052070466
14.49986019950603
6.673432562064382
.4140226682050563
10.673421193231567
13.881928180030334
1.4758228887473743
1.5353291154456525
24.329095352697085
16.765071405106887
7.3272130348867535
.3966103006130118
.09184171400684245
.09665314543685888
2.1601894634260854
4.545422021913579
1.878517081500569
9.035096363105929
10.614785514919161
6.60796739982431
3.3950322353945914
25.17600312062988
6.5593919924946
9.673302529479272
14.531867591549807
6.868632068895789
9.33084026855636
.0010419510122342821
19.821953800012732
3.4579141936689326
2.7999574531572433
.0001364419847216152
29.912625038617218
3.0694429226552415
.9423284433452265
.6468764078557426
1.2175248574541133
.001422950907493958
13.832995679297591
6.931602417451981
3.73521828216566
9.57813742218569
.038661258174743474
5.844117723462477
.4270629329522139
5.222029013230615
4.605530711644837
.0010419510122342821
2.6605744159667486
6.404421554820621
2.50034649374598
4.999247937070948
7.47814940214647
.5799188726211532
.3866125817474355
.17860965946965046
5.78985077849189
.0018003673930271184
1.5067431768176727
18.303565328914633
28.61312262664292
9.065403302112749
.12733263755182947
.13250016959274277
20.65594735773894
29.880579553913613
2.935195468985927
12.305997049210621
36.93223940999764
.2078399070737677
8.434900432132794
8.434900432132794
8.434900432132794
8.434900432132794
8.434900432132794
8.434900432132794
8.434900432132794
8.434900432132794
