.17185186196505184
7.114563836056235
.8031022886433661
4.678773528211218
.16523268597613616
6.222726988041694
.0038549658839844795
11.958448803616719
6042555783847042e-23
.31419742206752693
1.2465470473932978
5853709383489393e-20
8.004652978145973
6.75899508051434
9.16651776272887
.14879718570508538
12.011665294550246
4.797795626989976
6.8030791076762736
.004720513759808215
44.73197485945231
4.004882933177651
.5351959270419295
24349198751751905e-22
2.001672701683443
4158425856198318e-21
2691527628014403e-25
1.1321968155743813
.00019055547201617693
4.637898436066354
13.208230308399958
.6134514473390933
7.169926116068844
145.6682819537757
170.42995279148312
4.799578012787441
2.8596551252555775
4.225785504341662
5.499091441669594
21.01901897842979
12.054116207423531
.0004382503628745564
.2661446384880028
.07195229510057424
46.89286501609572
48.46408957382866
5607543204411375e-24
2.7845090475106233
3.398153375021212
1.1157004841575129
1.5021231961778339
8.078437532466726
23.36824823423873
28.47154468884
5.907451446213624
10.859897261166134
1.0006676183348528
1.066160043395838
4.188596036068464
11.66326750785989
.0006347032876404769
16.101748326549558
15.114732235885992
3.4927882488876856
5.886299071010372
1.8202947454351563
.5275397943311665
3.022493491441423
1.1340319261722578
.6094024527089492
1.863788432307211
.01642946002624205
.003791781430027591
.02353538304278892
.06008840275310839
10.829509788968096
.2018547408433267
.03246511506785237
.0945647895736255
13.094714103678575
19.7647819343465
11.567442288693291
.64468001363767
.007794570539769869
5335979327076522e-20
.47710097742207197
1.9146546146470969
.14805733825893677
2305747125970287e-21
6.411833646521897
.31330816333563083
.4761164624568817
23.284509955087064
.005546193167354504
24752604257840797e-23
3.626563933837551
.0011144951556792152
3.8017141343037286
3.9678044842129574
.01052714452386611
54473741287478393e-21
.007468356449373521
.008466339955747977
.13637061588787389
.0013311273317522833
.00013357813018423535
.004202903246764564
.15999557622032784
.777942303698117
.8814093129259484
.00011805268201267229
35775561746879177e-22
10597607903469043e-22
.06916393128312372
3558560847000345e-24
12404268346977638e-21
.8898062079219573
6059012969326274e-20
.8131228205567664
6431962057333884e-20
697155086443787e-22
71.63640892987132
249.1987498517718
11.487828240443674
21.23311435492012
56.82003080382633
30700704379562595e-23
11.336412758134355
4.435131729044499
.036584574865104066
.06843327449458542
3.7041155440328795
.2409040414682153
.0035740797496348832
.004335833579284304
.3178078393368363
.33022459772054974
5.834477773601866
.35179519779255397
2.27940211602388
.0014182779973206851
9.174236042353737
23.409143172433197
2.833613148291882
2.7444035108576315
.511351204647942
22.61409361814865
3.668262737569526
19.986616207364836
6.8295525704211535
1.5451847565037315
11.164439030971845
5.183044863841414
.0014182779973206851
1.9324271590460596
5.673111989282744
2.2773629831722335
1.6842078231806852
9.63450675245444
.09914442177209043
8.317804898979805
1.3712249800618297
1.5796047448868435
16.592373342780018
9.426915448561045
.44481908415827265
11.848518536592037
10.231565649393751
2.0037698774763277
4.011809559610111
12.248899055985236
18.244391014064007
8.815918063668637
6.162419916765051
26.69959143359112
.0014182779973206851
1.7370030878403853
23.213198307389437
5.8911967410675405
26.88358953762941
28.345574960426077
3.0247150601525603
4.9979730426970574
12.191310974236586
.03864854318092113
4.112800012551877
5.708862364539795
11.391734940306746
2.7693530724334456
5.0405914813979695
12.690148757918514
15.125433118139012
14.468891385708288
6.662465917013575
.41368234060780984
10.638370132639942
13.83634051915217
1.4753375170911163
1.5302871600239272
24.249199639794124
16.68255557193194
7.311563567029022
.3965776870883617
.09176621990409088
.09662135795230303
2.1495572490392116
4.523049955836026
1.8778992709529014
8.990626614889376
10.579927011397679
6.593854097408218
3.378322261020486
25.052089608822172
6.545382437474969
9.641535815981925
14.500830416336802
6.8460757737332685
9.310911451941754
.001039725612372472
19.779618054157684
3.446558550737893
2.7939773016374807
.0001364106333683537
29.814393252041796
3.062887203839571
.9392338768733391
.6466636618169943
1.2149244668237331
.0014182779973206851
13.787568710667681
6.916797895088838
3.7272405997685394
9.557680428099157
.03864854318092113
5.831635851837526
.425660476470047
5.210875799204272
4.595694215217544
.001039725612372472
2.647479362008877
6.372899697989242
2.4950062515692117
4.982830619775727
7.4621775642666375
.5797281477138181
.38648543180921213
.1785509179587947
5.78509150767128
.0017915061832018274
1.499327153013688
18.26447255845294
28.47229199155507
9.04604140599777
.12691448259351576
.13210849279116169
20.588114106403122
29.782453003345058
2.9255564120828854
12.265584679043334
36.81095550880904
.20781283054349217
8.421039115903431
8.421039115903431
8.421039115903431
8.421039115903431
8.421039115903431
8.421039115903431
8.421039115903431
8.421039115903431
