.1744695830226514
7.1140887295247
.7955038285673348
4.657676362214067
.16465601879599875
6.217301031282125
.00383960895537705
11.888033878549788
5865659146513044e-23
.3133716395453376
1.2390911570398189
58582968471870885e-21
7.9822900327522
6.744167845900515
8.939267858778555
.14224949833566072
11.760582774037909
4.695416651942533
6.737353507057964
.004676712995002453
44.09233726212215
3.983679857193321
.5133414521844253
2389387370507132e-21
1.9949848247052993
3569110601427399e-21
26267564425048576e-26
1.1284821752399528
.00017300781645708576
4.380252678844076
13.122775785240368
.6100325456689426
7.1192779482992465
145.07891601408195
170.20670010068636
4.786389893121362
2.833190026030594
4.197410971266496
5.4792858456056335
20.82945122771072
11.971316474925208
.00043562339859169226
.26543269886619836
.07172502735517362
46.7803870852072
48.345510238740005
5547609136590334e-24
2.7802062487916706
3.314997628756534
1.091030583634025
1.487549582303487
8.051360135086302
23.193151631361733
28.265588975468816
5.904772033376201
10.544040936637444
.9582466163918796
1.064435484450208
4.139549484473429
11.451644595978369
.0006339545320469837
16.018517139603034
15.00140336567363
3.407154066055164
5.787539071148063
1.7708163641428716
.5040934457184908
2.9312108475615837
1.0947677623218164
.6034243027054486
1.8670612244602844
.015676131596761882
.003611651073851609
.020248992702362436
.057333458020137354
10.693260041533316
.17769330242943374
.03100502822060427
.09058675998855795
12.864862112901148
19.427539336727364
11.520542831396149
.6318215773058069
.007490875817041891
51172355547369904e-21
.43632657897594196
1.846525818837113
.14505212894624647
2320726134506826e-21
6.373581568134506
.29154903459813203
.4725405552066457
22.87691893329825
.00504368584438943
23990635321378703e-23
3.573509888064985
.0010664017844737234
3.7860818524294504
3.9525477224292134
.010328343438605347
4897567055920333e-20
.007277941414436122
.007754748638730982
.12487906221578321
.001326577187645205
.00012682923145047463
.004028246276400291
.15424937285036264
.7739541647839829
.8399621305957002
.0001120815169082565
33521224144927083e-22
9405535896232725e-22
.06554875047377591
3321373556865523e-24
11443099567460224e-21
.8602689495115378
5341115924430478e-20
.7906780801347234
60921630742957994e-21
6599213949621124e-23
71.26234071824273
247.89749352011515
11.427841546113331
21.122240104902556
56.52333017875344
27526036291382783e-23
11.001056395417693
4.351709405228332
.03598302354483507
.06732350307864662
3.684950139753085
.23989403648146418
.003400495096283307
.004126595748525297
.3177745637880567
.329102741015205
5.826846251326453
.3506000602883343
2.277612767042961
.0014108720884822156
9.156004199385968
23.32961637638091
2.829383717452177
2.7300728914333834
.5093748086749565
22.496008224370406
3.6543279219479428
19.918716603385725
6.776129026156003
1.5443759956982275
11.106140997827264
5.155980241926794
.0014108720884822156
1.9314157127842777
5.6434883539288645
2.276170995021339
1.6798048023510377
9.601775889649126
.09913144599925199
8.28954720629403
1.3665665810538898
1.5672484326482663
16.536004842611728
9.377690348424194
.4424963451796583
11.78664840371351
10.178138858160032
2.002472717838549
3.9966548827365385
12.184938231695769
18.14912316324857
8.769883445892509
6.1302412323222635
26.560172546352433
.0014108720884822156
1.7324620444657737
23.134337185736463
5.8770066472317035
26.743209856253372
28.197561140478573
3.0089207207916204
4.9718748216139765
12.127650861150718
.0386283142556855
4.091323953541332
5.679052049268018
11.332250022230527
2.764530124417625
5.023467313812199
12.59088124120941
15.046451720255856
14.419736892275612
6.6450482469341035
.4131412423090765
10.582819105590895
13.76409045482314
1.4745653148326547
1.5222963660997262
24.12257611304025
16.552057821623535
7.2867243313365675
.39652578399700794
.09164618928978345
.09657078563921395
2.132742535972666
4.487668815265321
1.8769163649795944
8.920298268489026
10.524681160364173
6.571453102799381
3.351895647125567
24.856121951446212
6.5231461133876225
9.591190019564793
14.451567417917156
6.810327201748574
9.279279924437942
.00103619340078675
19.712421675400957
3.42856144545851
2.784485452174844
.0001363607485111028
29.658709613914404
3.052481799242031
.9343294219757329
.6463251934093686
1.210797060297987
.0014108720884822156
13.715573321069703
6.893299778498845
3.7145782182011238
9.525210563801283
.0386283142556855
5.811824305911896
.42343777916329045
5.193173132605816
4.580081476473535
.00103619340078675
2.6267696991973013
6.3230482786462785
2.486530082584462
4.9568114688072225
7.436826654628977
.5794247138352835
.3862831425568558
.17845746312523902
5.77752458284626
.0017774922915313705
1.487598804823811
18.20242351319488
28.249570116899775
9.015309709212621
.12625176548858658
.13148747529542423
20.480607893575968
29.626936149565008
2.910279855490583
12.201536726416887
36.6187374942377
.20776974203528506
8.399024011755195
8.399024011755195
8.399024011755195
8.399024011755195
8.399024011755195
8.399024011755195
8.399024011755195
8.399024011755195
