.1785882955344492
7.113303907112493
.7833982604258731
4.623635605366291
.16375401152979357
6.208491372191543
.0038154112560709543
11.774800319623532
55961465226577336e-24
.31193682366069975
1.2274563163533763
58719612430617685e-21
7.950706927630513
6.724344506758157
8.580494357658296
.13382987771840107
11.371433542596332
4.529409773301061
6.6285593721358875
.004606394083300227
43.04687801338914
3.9497483102888893
.48547939607300533
23188479229806343e-22
1.9837626410158955
2823746755682198e-21
2524590275847524e-25
1.1226568811324682
.000150633838423092
4.010330943525469
12.988646278852379
.604649858743091
7.040205590822417
144.15656266716138
169.83400537882451
4.767596150325833
2.791293077064164
4.153091747799847
5.451441722149508
20.534376745998173
11.844986082744379
.0004315054686386427
.26431646569570894
.07131689151438345
46.60395734110622
48.164325182005555
5457452589977917e-24
2.7779443104660086
3.182701179317131
1.05265746636502
1.4640624930135602
8.007256022053948
22.9183832020708
27.92645705271283
5.901156114107614
10.046144744635114
.903494698421624
1.0618719420934521
4.063643405690865
11.109626516332995
.0006329115552746541
15.88826961292828
14.827950008831547
3.2756900332647434
5.632216553692601
1.694909654503021
.4739058246549358
2.7881611674751894
1.045740252043671
.5935344291400383
1.871993509170865
.014706742391571862
.0033790254534065813
.01618236561235129
.05377894699614083
10.487641031291455
.147241800065965
.029126647685857588
.08549361763179877
12.501295380564244
18.89727335960923
11.443404517982028
.6127176188244888
.007052972405473707
4788555244172237e-20
.37924503498226925
1.7443252304334627
.1402130533898636
23357217977392587e-22
6.316886833924534
.2606481328550797
.46568614230671546
22.239741750941572
.004347213420296978
22803747476481947e-23
3.4903770877114657
.0009968273856969985
3.759260555257229
3.9265029521984887
.010057059010989999
4164569945278376e-20
.007012929218038261
.006761300674091674
.1088031463421964
.0013194354056085549
.00011831901879515539
.003812037543404739
.14602200172145713
.7677083377321696
.7767338147787199
.00010482812912332925
3067583569377449e-21
7913716196969307e-22
.06023326638752165
30207710653632293e-25
10224875321927527e-21
.8167617161995319
4434825428570846e-20
.7564274923771843
56025424607858984e-21
6143397916930904e-23
70.67773366368763
245.86384402084627
11.334092214855604
20.94896189864555
56.05963592963953
23283796726384322e-23
10.581918174478725
4.25506458781244
.03529998049521803
.06607217222199134
3.6731563985234876
.2395146250394936
.003173154967258996
.00385275342017588
.3177222152174771
.3273453266485307
5.814859046245936
.3487278498624749
2.2748002553296747
.0013992978717544391
9.127391609045706
23.205035818764234
2.822741923369176
2.7076764916562284
.5062806079895903
22.311460187149823
3.6325100233231606
19.812350309940342
6.692917389858267
1.5431043513765914
11.015030766100743
5.113682691885676
.0013992978717544391
1.9298253786747588
5.597191487017759
2.2742967882679612
1.6729003976835761
9.550502239232232
.09911103340481683
8.24528087989205
1.3592690917192447
1.5480024433729254
16.44770228886163
9.300759617860658
.43886628640808817
11.68995556796152
10.09464157588232
2.000433471529481
3.972926383005306
12.084977989332527
18.000235190607107
8.697938914202686
6.079951244168357
26.34228376969563
.0013992978717544391
1.7253412057770952
23.010799422397625
5.854749170978119
26.523819516477303
27.966239898461716
2.984236767637083
4.931087597032448
12.028160580910809
.03859650757349512
4.057760407612253
5.632463432367062
11.239284884680924
2.7569587148163097
4.996641910898268
12.43626378536296
14.923016793294043
14.342735246224366
6.617735488887797
.4122913127613987
10.49600199231826
13.65117549443419
1.4733511528573897
1.509808070237201
23.924684379095066
16.348796666159185
7.247813096545929
.39644413361926734
.0914576513365786
.096491268933738
2.1065522146940965
4.432559731031665
1.8753709058139763
8.810755989657018
10.438340986981165
6.536361428821947
3.3107339867705243
24.55088594256678
6.488312399574667
9.512507825147615
14.37439579630482
6.754458066861297
9.229728408089905
.0010306601099865028
19.607157000462593
3.4004349316815414
2.769616251382556
.00013628229679298355
29.41540170830057
3.0361814932906093
.9266645660944893
.6457930070995458
1.2043313829161133
.0013992978717544391
13.603056375373697
6.8564894376698495
3.694742305845413
9.474345773557411
.03859650757349512
5.780789062934917
.4199640690610255
5.165441497664962
4.555623761650305
.0010306601099865028
2.5945126680805966
6.245400525537566
2.473251968653167
4.916147817802245
7.3971138708186865
.5789476136024277
.385965075734952
.1783105206576865
5.765638844138715
.0017556644837204492
1.469330922050899
18.105222254731647
27.902662178007066
8.967167798409587
.1252160477166082
.13051627343751696
20.312593375171353
29.383888900438446
2.8864051115921714
12.101440316801613
36.318332370686214
.20770196482402012
8.364501988417887
8.364501988417887
8.364501988417887
8.364501988417887
8.364501988417887
8.364501988417887
8.364501988417887
8.364501988417887
