.18021136494741483
7.112981845431124
.77858037851021
4.609942642144019
.16339975487517658
6.204930211808164
.003805865458420873
11.729442029239447
5492921488695088e-23
.31132356499146474
1.222903469146783
5879452489173396e-20
7.93942467189832
6.7176638695637445
8.438663177055927
.1303313649178543
11.220126257534861
4.462761998590003
6.584135161674443
.004578176791520993
42.6215519893453
3.93617377661578
.4737725417874324
22914355830318254e-22
1.979095071041011
2579884707031016e-21
24843322139193266e-26
1.1203678233925136
.0001424614762192812
3.8756366234506143
12.935920774475914
.6025279711334269
7.0092544394575444
143.79462872452177
169.68010869788336
4.760818738981651
2.774717551723754
4.13573646426584
5.441536079538342
20.41917622880953
11.796491474222865
.00042988827912652795
.26387790548084106
.07113833573965314
46.53461357570891
48.094557898480055
5423276942048524e-24
2.77842458431214
3.130099560104345
1.0377048026899407
1.454629197616661
7.989397570838277
22.810352595551908
27.78756764155417
5.899928996168123
9.849799152240399
.8806826483308393
1.0609072140275957
4.034147945822623
10.97176303191069
.0006325450541191972
15.837180715625657
14.761214275113913
3.2249832253021733
5.57109626065884
1.6656692751890796
.4613951594725114
2.732016908553101
1.0244805732189621
.5894674046737577
1.8738750721545478
.01430718297985944
.003283637066430588
.014876314417549394
.052312697051491844
10.408668140473925
.13730973171239064
.028349233147961842
.08336023009076125
12.357569242199833
18.688660643474233
11.411829857043315
.6055273452628438
.006891695950581522
4664118478706654e-20
.35891510729601495
1.705666648182576
.1382711052296366
23388484661313623e-22
6.295621509165315
.24949730483253857
.4626173652601145
21.990185159997868
.004101233290870084
2234202033413548e-22
3.4577515562574015
.000971146240249679
3.7478995077513084
3.9155026671557094
.009961805152637655
3912988193557493e-20
.006918249552960477
.006408040017594385
.10307900971088754
.0013166270291370733
.00011492550119994632
.0037229841377464704
.1430115463561818
.7652569956692816
.7524983210847975
.0001020002773352072
2958106822960487e-21
7387812989186476e-22
.058257514484783265
29060528393904388e-25
9770999756552885e-21
.8004462724163425
4114899446081214e-20
.7432891945582323
5422492900956359e-20
596654585774373e-22
70.44867590609577
245.0670298353164
11.29735982952718
20.88106891470786
55.87795361143504
21826605731992757e-23
10.391166483853878
4.204099840733793
.03491610068675747
.06536460093694463
3.6616943800739556
.2389242699467739
.003079659745863982
.003740025920328383
.3177015884786834
.326655359373312
5.810142000598613
.3479928132367013
2.2736928773397462
.0013947629211258253
9.11614076353492
23.1561250385214
2.8201288627269077
2.698901248403322
.5050664392444911
22.239151515462826
3.623948023633528
19.77059051608905
6.66040739456392
1.5426035195747203
10.979332419304649
5.097109881331035
.0013947629211258253
1.9291990322317358
5.5790516845033045
2.2735586397704592
1.6701873665316898
9.530372017504497
.09910299052683463
8.227901759070754
1.3564040708524296
1.540483218314814
16.413034384944865
9.270617010966873
.43744397527505663
11.652069873699066
10.061926096151918
1.9996304321396325
3.9636143881624104
12.045812076458814
17.941898663738463
8.669749974347333
6.0602468772331655
26.256911699351008
.0013947629211258253
1.7225431285900805
22.962298046982784
5.846001293823507
26.43785911132163
27.875604787977
2.9745652268747436
4.915106554504403
11.989178806201842
.03858398064463467
4.044609710049773
5.614209317858025
11.202859758135817
2.753980733104423
4.986110160102243
12.375856215152393
14.874653149102466
14.312504119791802
6.607003156848688
.41195685978036795
10.461985753321686
13.606933729946846
1.4728729602374182
1.5049149697791666
23.84714744814245
16.269384464913365
7.232536404177301
.39641196210733853
.09138346038668271
.09645995161158684
2.0963199051349237
4.411029135686785
1.874762233180076
8.767958862622788
10.404511620142179
6.522584309927163
3.2946525173512486
24.431633135461418
6.474636556779121
9.48167896861026
14.344097936848467
6.732567707078321
9.210274302464086
.0010284877198838407
19.56582970604571
3.3894145443556787
2.7637785490456
.000136251393564221
29.320070044356335
3.0297819338606855
.9236613613148984
.6455834077454303
1.2017929344487455
.0013947629211258253
13.55897055897549
6.842037563915275
3.6869546544758354
9.454376071821361
.03858398064463467
5.768604513611415
.41860301766701774
5.154553956877579
4.54602157381421
.0010284877198838407
2.581910152657616
6.215064286515075
2.4680389328074677
4.900215193243367
7.381522487388273
.578759709669521
.38583980644634736
.17825264798091392
5.760961726190113
.001747136566703172
1.462193833905437
18.067060686963988
27.767128543977563
8.948267109049999
.1248102380560868
.1301355233454246
20.246762782589936
29.288659365591027
2.8770506310777137
12.06222105156897
36.200629165715185
.20767526179416124
8.350936832658457
8.350936832658457
8.350936832658457
8.350936832658457
8.350936832658457
8.350936832658457
8.350936832658457
8.350936832658457
