51899169681471834e-21
7.1658885679181115
1.116392467239288
5.0007730635477055
.19014435520932085
5.828600548057023
.0044739973284567145
37.798445500023924
14859406417401745e-23
.6798697270393722
1.8598485004196144
.0156295307078765
88.99417891061334
1.371926208673068
3.2780115991956813
2.0483224949080605
12.449955283752157
67.20164773952446
21.625020504392545
.0072292364988282174
63.47285957843289
7.029790940708842
47.150320737130805
4299698039882758e-21
2.8679083790761135
7657615803676284e-20
3052279889356967e-27
1.3283445177037632
6.514819478681153
145.32979191072053
5.816559451614375
.522908583117851
10.63637926442629
211.64717342429756
79.81687503677955
1.2328219906320217
11.035915973198481
6.265513169566465
1.1304567494608506
33.077133071611925
5.936806162053636
.0002711399411018458
.3174000146471907
.3458145740447826
46.47256837896208
266.2149805326542
17888282194896443e-23
19.81676931872595
.9668436066618571
15594364489692175e-21
.9613613078784335
.014347456115079711
36.27621118244057
107.87929057492163
.0189734259367774
.1468619569322966
2.2066508628010233
.00013780404712964464
.0001706640543167989
.04848354449549749
14215813877917581e-22
23.689502615706157
.050484717231693364
3.6092803424528754
10.278470001429122
.009417507942206646
5.606166428648032
.01971732301972008
.04558031508615164
41360069397325866e-29
11073404289319682e-21
7.788677254836453
2.235262577212746
4.672308794664028
1.1288793853702328
153.13541626052165
4.992252363621055
1.4625215159528573
1.7006551682079172
25.604094499646227
34.182456364485624
22.526167708871277
10.599866256408784
1.8911545913221701
.00032441953134464466
19.76965419421235
16.088696347124262
.0019209097294590372
3467426909958971e-20
24.43189173528934
.15041567454005103
.1915349169656231
24.371944221321
.39081833822556006
10731953863125728e-24
7.749210874538761
.20874198658986998
12.761935557526693
35.16731710137156
.009150226935805545
2.1591682611820384
1.9353947282591686
1.0545469021673126
6.909113079563159
.0012410292870756
.7582403692583924
11.953089349167001
5.536937484882537
.832420457847198
8.815789942639727
.015334541285262087
.0031696930693498318
.0006875993421875599
.953330219193403
.00034087310634427643
.5263887292419714
101.7341853884667
15.843357902197702
1.0378475336169437
.011062622101348354
.00010903462132927298
101.00836889660454
351.3738283313703
16.19800336261286
29.93899721697584
80.11706222973608
.0007182892106829005
1055.6283487462274
238.38614139868577
135.1523069227477
293.8818589791547
29.407194830303524
6.326324448697498
.03107283532155411
.03974891486219201
.3199993356913179
.41286182531215543
6.35781486846562
.43983037150853177
2.399962632888858
.001999792414099763
10.453676633791062
29.267176478909935
3.1254681128510478
3.869648498115218
.6593203360874331
31.88619787851797
4.709130920185719
24.988177459055066
11.434773777960974
1.5991999601046858
15.74201991710698
7.3081679474896175
.001999792414099763
1.9999792404399164
7.9991696563990535
2.356973026367109
1.9998962043553057
12.045498946043825
.09999974050448845
10.399298346906535
1.7143678941234768
2.644744693027669
20.744540509238412
13.292086627590596
.6272013186603661
16.70658187785425
14.426655006053041
2.0907650419115007
5.142959557812277
17.271124179820703
25.72485423782933
12.430571510208159
8.68910088524597
37.64680867173164
.001999792414099763
2.062587428055635
29.022197288380408
6.901449712513428
37.90624864990212
39.967669163762054
4.264891822007667
7.047214012726979
17.189924154690928
.03999958480879834
5.799107284572055
8.049578200686799
16.062510424682028
3.10498894643241
6.301976939416118
21.24721623550257
21.32707865931056
18.089666696488838
7.911280375077913
.45078854320740863
15.000255189623804
19.509439518467875
1.526911062604287
2.157726947602198
34.191720931482685
27.93173447840386
9.141249625274682
.3999989620179538
.09999740507519954
.09999896202199578
3.599020669669401
7.5729782439044895
1.943545214608285
15.053077109125393
14.91784954648656
8.243936573137304
5.656351628527943
41.944911381569945
8.183335097250623
13.594704438407925
18.129598326582464
9.653065495289038
11.640925369895026
.0012999122933633155
24.729378944470522
4.859697222643921
3.493157616353413
.00013972477356687872
42.038724121121035
3.829361018020125
1.3243333010771643
.6692691588019763
1.518953877002574
.001999792414099763
19.440670565686112
8.647695610786258
4.659965877830338
11.949447177870626
.03999958480879834
7.2909766230767366
.6001874057377908
6.514874145611035
5.745746123603066
.0012999122933633155
4.432695593779587
10.67019626904329
3.1193703991118635
7.025862978200339
9.32955410121715
.5999937721319746
.3999958480879831
.18479254320528246
6.30399878620164
.002999532943849635
2.510335287280549
22.835075069810305
47.67138322846316
11.309772780433814
.1789512493385469
.17998318545477776
29.029537571889698
41.99368791018863
4.125076699318931
17.294651148778282
51.90397772605041
.21066033718158483
9.99948102177653
9.99948102177653
9.99948102177653
9.99948102177653
9.99948102177653
9.99948102177653
9.99948102177653
9.99948102177653
