.19671418381860736
7.109275338891082
.7280287215839342
4.462194542758531
.15985551765361555
6.165918778906196
.0037086138949864395
11.250758696449916
4534108596812597e-23
.30326661688887957
1.1776257606524667
6019757775501403e-20
7.858817727541548
6.682805112849645
6.982866859414853
.10156540929679135
9.748709497508822
3.771459648593925
6.0997790869027435
.004271746600592136
37.86188746561145
3.790149275236972
.3770979195402628
2024845650479489e-21
1.9224336876363253
10898015569678695e-22
20782798399032524e-26
1.0973056498238156
858147389468062e-19
2.7988568640840503
12.405605754391454
.5809614793074849
6.701405738552299
140.1552791617413
167.90264835990357
4.710040853753327
2.605597106355318
3.962841353065051
5.37175706825979
19.283161536314104
11.341970738261088
.0004136539558008881
.25946068052366617
.06866504413654886
45.83539247839885
47.42866603196825
5117033805111134e-24
2.820570474220969
2.583186180468455
.8915135424398609
1.3535780584179626
7.794473884589507
21.720381217499117
26.183507100962455
5.8933063074291665
7.866327703774465
.6916277492489938
1.052318514271301
3.747049573732488
9.470050018215836
.0006301507648375539
15.325395354385856
14.13292348235499
2.7434404032293136
4.95385054661482
1.3892527435480748
.3586962598104574
2.172022334404745
.8470259537132032
.5420231958076932
1.891782232792385
.011050562556868143
.0025077107648413615
.007142252577434953
.04031371430175002
9.61756054811761
.07638840110767939
.021984100714906443
.06573784320226186
10.885328469632555
16.583894971151924
11.046871196152203
.5406296579921976
.005496306087520371
3549159455106064e-20
.20627233933838715
1.359544997582879
.11747262135502566
22914785431216917e-22
6.104921672569536
.16233874197310943
.4226470638808266
19.508820355327007
.0022936475820739453
1793779146734529e-22
3.1283305894616182
.0007486363069526085
3.6030940000510734
3.775994209208691
.009249371025714773
21592268209572776e-21
.006171618869780587
.003755400238858779
.06003964513077197
.0012882767874288672
8900310021410134e-20
.003031584401125694
.11756995460177048
.7406656389056995
.5280497645529086
8166360028710077e-20
21280608907432403e-22
3910398152950756e-22
.041522901057679855
20543139741479148e-25
6485530641333126e-21
.6524804036489388
2010043256331726e-20
.6204496560769273
3890272423799881e-20
46855517943110466e-24
68.16142594180899
237.1104636113343
10.930569601971103
20.203125383262396
54.06376979948472
11712416944018963e-23
8.719076788884237
3.723319993625988
.03107235927359809
.05829005117060177
3.4806413102909355
.22862518779252866
.002311538705698222
.0028136700709108092
.3174919388117156
.31972204316050423
5.762397391065287
.3406066058939426
2.262463993989584
.001349479295841144
9.002530392745157
22.664632299925593
2.7936970961908756
2.6112762972651
.49288529547817433
21.517115254947246
3.538030069415569
19.350956330306932
6.338690376788961
1.5375204513893963
10.622867555189657
4.931622535485383
.001349479295841144
1.9228420843190293
5.397917183364579
2.2660669846285915
1.6428507526569596
9.32808823146828
.09902125031995515
8.053263128395905
1.3276141610416679
1.4660734055857736
16.064664905806882
8.96962883546852
.42324152641485346
11.273763311372614
9.735246569417354
1.9914836799457116
3.8701635114517665
11.654721926256261
17.35938087259397
8.38827008754813
5.863489460926333
25.404431229360714
.001349479295841144
1.6943495873548713
22.47491931963569
5.75779454879632
25.57950384019073
26.97057037482834
2.8779903215066605
4.7555282920791315
11.599927362599614
.03845684168638053
3.913293779751857
5.431933357428536
10.839137654744388
2.7238836521446887
4.880279113955607
11.778066422714142
14.391719304761478
14.008718756986152
6.49886373621413
.40857162075991676
10.122317530564024
13.165158802489609
1.4680196628151028
1.4560550491829267
23.072904547937902
15.483525951910364
7.079024574440267
.3960850012798206
.0906325204555215
.09614210421595151
1.9950615663833415
4.197963619602909
1.86858466121061
8.344440988992591
10.066709404195453
6.384141335557528
3.135511233688613
23.251514309978198
6.3372112817207915
9.17383826609315
14.0396419898392
6.513982119066711
9.014784645511288
.001006657891049485
19.150541603691536
3.2793707685739415
2.705116873757398
.00013593757760007555
28.36813832528143
2.965474290956527
.8936729422494126
.6434561310737238
1.1762846726132836
.001349479295841144
13.118752846890727
6.696814139258953
3.608698407491837
9.25370531280948
.03845684168638053
5.646164890161703
.4050122762528645
5.045147662158962
4.449531483640978
.001006657891049485
2.457196394884502
5.914858634054651
2.4156543817641185
4.741120407122998
7.224848402397901
.576852625295709
.38456841686380605
.17766528359829453
5.713621253594943
.0016627447971630555
1.3915656257815714
17.683584214944574
26.42589560458807
8.758338599863015
.12075803680652848
.12632668868987754
19.589413203541355
28.33774745381498
2.783641722130222
11.670598152847699
35.0253070364986
.20740394928365452
8.214253763284805
8.214253763284805
8.214253763284805
8.214253763284805
8.214253763284805
8.214253763284805
8.214253763284805
8.214253763284805
