.21968494405321506
7.102702520340133
.6530750461438917
4.2326049916644415
.15507799158446411
6.10312313245468
.0035733270732138983
10.5574307555044
3449937271303627e-23
.28529812065315946
1.1175878329284978
6395525500911478e-20
7.833924839951891
6.718544605820532
4.95940910722732
.07316492880805933
7.905617093195713
2.8559596319019125
5.385455479227488
.0037674690867473873
30.074531218449916
3.5555945403464126
.27932994591707916
16899537059453049e-22
1.8097020755382756
3744882848041799e-22
15434515330319117e-26
1.065855471572391
4929129685150218e-20
1.918938568490816
11.690972554014426
.5511046776354739
6.2943974521483605
135.1790635039324
164.84290627598412
4.684001480147541
2.374506636789292
3.7333016310882288
5.3525295924111465
17.811623599798928
10.808628405556796
.0003918033334819745
.25343738724334214
.06293234694615246
44.8797598049782
46.622666481571144
4809538064360001e-24
2.9891290878554893
1.8136382661830288
.7080208985829836
1.2003605385646177
7.492230445329918
20.233958114681872
23.30603911523878
5.897622843096875
5.266748141259645
.5022790600895998
1.0438438785683908
3.383714436483084
7.11670669730296
.0006301597730060606
14.636512830579832
13.397561720906186
2.168313497427417
4.119341995123756
1.064641423801801
.2577771902067245
1.4517357297744242
.6604365835024546
.45423378680447174
1.9158777764956583
.007896962458605064
.001763197068961544
.0034330934099444624
.028634620340416868
8.37177782378695
.04538587153842248
.01576041544052382
.048075388154928185
8.841512564131293
13.746242377863238
10.379284374375876
.46943689543917305
.004013985640101543
23857779063152743e-21
.09802377339550312
.9958957033174731
.0861100966439726
20378968214569487e-22
5.880612040573886
.09391088426442386
.3529042845604412
16.253563389729724
.0010629445399034526
12913548506134619e-23
2.6745130030260316
.0005152919552114496
3.297763002679408
3.481696037227287
.008772494740817635
10388071702619022e-21
.005555688673391284
.001843590251794536
.029214308206923622
.0012494941569357295
6725032138526838e-20
.00241865875578143
.0921955835831333
.7074968445598128
.2854043807035455
6663642422531989e-20
13996363857005874e-22
1847088572566075e-22
.026382880125218916
13733494291617314e-25
4023172720404279e-21
.4796903539994787
8130256018587957e-21
.47849500289147084
23706401684608826e-21
3716349464592376e-23
65.10082953605318
226.46368762816337
10.439763232027833
19.295961073263438
51.6361888437815
53940221094401365e-24
6.82077949605672
3.080235985813804
.025264749221045962
.047583005641218395
3.201707419103923
.2124986499547424
.001584445210496746
.001935603373807823
.31720035154374027
.31031565350810375
5.696592686250226
.33058578148800183
2.246926436531081
.0012888847377692616
8.846745930190348
21.99782696916378
2.7573178358214716
2.494024307016717
.47641751872247373
20.550949939278134
3.421818757754626
18.781641078877506
5.916588101325127
1.5304730494751728
10.145877676985085
4.710181947966913
.0012888847377692616
1.9140285163606099
5.155538951077049
2.255680205844089
1.605543352960581
9.053650999209276
.09890758593642142
7.816331917115695
1.2885550583806302
1.368445522898711
15.592034066076492
8.566872974723537
.4042370605221096
10.767546796777017
9.29811280574078
1.9801991987842569
3.7437430003554772
11.131399540541567
16.579906881686476
8.01161850014771
5.600206019869528
24.26371696412173
.0012888847377692616
1.6558727036948002
21.813695443931167
5.637228148851436
24.430928433608994
25.759533052621283
2.7487622909586626
4.541994719430092
11.079065372075677
.03828057032721216
3.7375783701710765
5.1880277248755435
10.35243677827029
2.6825374045998234
4.736698751136229
10.993748473410822
13.745499778567828
13.596574927750854
6.3512814274821165
.4039058656799906
9.667803438115142
12.574014512954014
1.461290825762892
1.390675007780677
22.036880906207568
14.45245625959081
6.870755970724771
.3956303437456857
.08959752653711042
.09570142581803055
1.8622076207253349
3.9184153389931815
1.8600197883945098
7.788772969329559
9.614692237674143
6.196316559997388
2.926713146416707
21.703163386550774
6.150767212878378
8.761912957368532
13.626588382927476
6.221490141598494
8.749564968538351
.0009770414896394589
18.587122658290895
3.132119882185404
2.6255309211645956
.0001355019707625265
27.09434715972596
2.878228487041438
.8535450817010604
.6405067758532778
1.1416777626130483
.0012888847377692616
12.529692285782891
6.499790366356465
3.502528613806938
8.981456464902932
.03828057032721216
5.480051767420579
.386826343375745
4.896716780462322
4.31862394128945
.0009770414896394589
2.2935682433438846
5.520979908312864
2.344584567009447
4.52823377987309
7.012289585430871
.5742085549081833
.3828057032721222
.17685093432665377
5.648373556412372
.0015520202908883513
1.2988993205696089
17.163323922809184
24.666158182058076
8.500663699616576
.11533573807510646
.1212099246178631
18.709805906405155
27.06532090454641
2.6586501490821903
11.146562889998007
33.45259450378372
.20702689135115895
8.027716764802912
8.027716764802912
8.027716764802912
8.027716764802912
8.027716764802912
8.027716764802912
8.027716764802912
8.027716764802912
