.2242790961001366
7.101179985256367
.6374868612108627
4.183593397187706
.1541442339043786
6.089317243391327
.003546368990975738
10.418124973396763
3264055356816207e-23
.2806261025884886
1.1059846094242225
6493230903544423e-20
7.838430096968342
6.734754341897815
4.567566457647456
.0683427495908228
7.565557079894495
2.6870690073867345
5.2425198591474125
.0036536087045010222
28.417816161467485
3.5033463403399447
.26225545377929194
16278261525208339e-22
1.781707292824964
3061493248955993e-22
14434736839095317e-26
1.0596566797801654
4486961602749772e-20
1.7987814453229476
11.551933616762975
.54517234717023
6.21609044864436
134.193051626527
164.15660264878855
4.683320754941968
2.3295819787937444
3.68899244253745
5.356970982511982
17.532891048142616
10.712482826853499
.00038754874298197074
.2522499358264322
.061451793310823774
44.691084087917275
46.4797046746147
47640387754407616e-25
3.040349549847494
1.6646942570941972
.6743139276046529
1.1684259829575248
7.428675513836551
19.942148691730466
22.640391915177545
5.899575826323634
4.790232609786767
.4698506519619405
1.0426914626192272
3.315788982225461
6.624398616918958
.0006305068470689143
14.502056349449646
13.26745630819629
2.0654192969514673
3.9576654125312554
1.007500580742231
.2407041547495509
1.3206387044796941
.6265314730610092
.4333499720308594
1.920826708083724
.007368218844864328
.001639718429724769
.0030269311768281056
.02667671572055368
8.08365168530813
.04179839899972388
.014710695249058077
.04503418071173387
8.439781986170596
13.197836118055044
10.220296887701439
.457490485201742
.0037617457005161715
21980159150008076e-21
.08482183314939659
.9364977496123138
.0796780964844531
19686618388801174e-22
5.837433253565649
.08478745053147337
.33833096630830195
15.633997651299525
.0009165681306835766
12067545779774606e-23
2.584621325106748
.00047639568684467674
3.2212906797314997
3.407653577989598
.00873332301519677
9080309542270755e-21
.005475522196639158
.001604553130266796
.025407558320567288
.001241841140153689
6391513406689008e-20
.0023192668792337613
.08808816414183587
.7010163727579595
.24705999142913673
6454859569323724e-20
12819828537842857e-22
1610836758411508e-22
.02420537583673145
12730966234111077e-25
36815676694115673e-22
.4480860565320398
68335335094514315e-22
.4536489610549187
21303137962836585e-21
35787421891384333e-24
64.50540310264469
224.3924011824769
10.344278872900995
19.119475990616685
51.16391296070641
4673426108764224e-23
6.465519338614468
2.946757530104302
.023992328430980828
.045228212704112175
3.13000196016807
.20819318975014675
.0014674825416894958
.0017940934005521287
.3171420662335627
.30846784852942266
5.683522197515263
.3286172760452084
2.2438317531335925
.0012770963159019245
8.815914035210273
21.8668387520556
2.7500990295905714
2.4712134149198866
.4731905851593868
20.362986453824785
3.3990386217321373
18.66980395593184
5.835602411913216
1.529067450149436
10.05308125945771
4.667101593108611
.0012770963159019245
1.9122706564669252
5.108385263607701
2.2536085701641926
1.5981841604266196
8.99974014681606
.09888486872126061
7.769788802489694
1.2808822309700134
1.3497143720738338
15.499189770761854
8.488518479747734
.40053981990453935
10.669064457435805
9.213070231248146
1.9779499872197648
3.7189588288059627
11.029589324381433
16.428263425049103
7.938342484106616
5.548985310079386
24.04179569896828
.0012770963159019245
1.6482828207958113
21.68380365604018
5.613419531333211
24.20747781576355
25.523930726182474
2.7236215095145972
4.500452641769581
10.977733815672986
.03824541312933846
3.703393660476967
5.140576887971288
10.25775112599978
2.674343774159251
4.708493614089757
10.84326710068506
13.61978042956879
13.515612789487816
6.322169598906435
.4029791280039587
9.579379592196814
12.45900982455863
1.4599487639734983
1.3779555898283358
21.835326770953973
14.254632427031588
6.829843380765218
.39553947488504243
.08939195041015466
.09561353282334632
1.8367179017505126
3.8647804463496502
1.8583115305710078
7.682160993340773
9.526754158417747
6.1594199856234875
2.886652578093492
21.40609257155091
6.114141866557045
8.681774584029489
13.545447526603404
6.164587031271051
8.697464826223952
.0009712236003112088
18.476443814349015
3.103472828319145
2.6098969399169105
.000135415017044642
26.846536331356827
2.861089793366103
.8457383715965576
.6399185290412361
1.1348795304582826
.0012770963159019245
12.415092978176558
6.461086727453431
3.4816724638273935
8.927975501941386
.03824541312933846
5.447420261968646
.3832883449873049
4.867558800373853
4.2929082716815765
.0009712236003112088
2.2621741016156705
5.44540926583331
2.3306235083684084
4.486817562777169
6.97053421968818
.5736811969400779
.3824541312933853
.17668851294057925
5.635413703565924
.0015307763862787479
1.2811201114795874
17.061123228010995
24.328530179008517
8.450045664307458
.11428085217494192
.12021171549865603
18.538681927186943
26.817775556659168
2.6343335530076
11.044613986525443
33.146629753785916
.20695156206299573
7.990920802133107
7.990920802133107
7.990920802133107
7.990920802133107
7.990920802133107
7.990920802133107
7.990920802133107
7.990920802133107
