.2518440083816658
7.090631310267748
.5407364585655078
3.8703199553969583
.14871712318296035
5.9966310572974555
.003385944592685844
9.599570833982034
23298429046666528e-24
.2451734895270748
1.0390911457509355
7188466277266541e-20
7.898660672324372
6.862254649029107
2.471449418518161
.04663462473251514
5.7289627775883964
1.7996375017471824
4.408409738203273
.002892183963832185
18.861668242422056
3.1477669657768144
.18347581867183907
12863514931135359e-22
1.574647778847349
9391183511354478e-23
9134247367780342e-26
1.0230986750354019
29965144912360017e-21
1.3046182566518734
10.747286612656866
.5099543354675845
5.76828587482732
128.3300101097715
159.57044820006695
4.691610643039109
2.073361633978474
3.434577763456482
5.410865691442853
15.96873584621778
10.169912724349276
.000362872261854295
.2452433211835679
.05069324198884201
43.57610880922726
45.776518827245916
4596092230774839e-24
3.499789619301633
.8760911516789734
.4937495726825482
.9730378202759293
7.0339035060155695
18.245450329195084
18.1860570737105
5.910428321680335
2.408173072786482
.3228038926777732
1.0405775069702952
2.9388749949693853
3.7847666436394944
.0006337916218465924
13.718888973375702
12.578538124444728
1.5259994081702086
3.0410022253383384
.7134674753080481
.16401260040940757
.6662011418844702
.4682066819411155
.2897900507920446
1.9515580837790263
.005007418270439538
.0010922478743262108
.0015138803854632386
.017933147655980843
6.0115132224159105
.027392779872660464
.010006101261869913
.031222318247244057
6.1443687315056605
10.098943760659585
9.082025411688253
.39928097058349526
.0025083603051780073
13175405959884591e-21
.036702104803311486
.6515638321816986
.042864579078178665
14908790254473764e-22
5.566352563108627
.04829515218770206
.2536854802608703
12.178369001213037
.000391455365687376
7949512837719535e-23
2.059406777008252
.0002892706787462284
2.6731112055752995
2.870440201961543
.008918783978636166
4394882053309381e-21
.005275010403438058
.0007065497271925481
.011331308195666768
.0011967215589678442
5099102520668456e-20
.0019296729392583398
.06873931203038915
.6632261525633062
.0867545220623591
5969642397757245e-20
7478183885811172e-22
8161641375860096e-23
.015068689709951844
8765039363667793e-25
23810411140688638e-22
.27480653606362987
2641271310610462e-21
.3257448653088571
10501642442463975e-21
31910330914152525e-24
61.04548094166539
212.3565064470981
9.789435433588663
18.09395106550334
48.41959779049541
21505321642140335e-24
4.781126498480663
2.2790414376297767
.017229558627955152
.03268387486170677
2.60216901174813
.17504106052390492
.0009632779842482526
.0011833391674690426
.3167925792110916
.2976098007856653
5.605726640738278
.3170499697935747
2.2253529557797154
.0012085957929602595
8.633166108322074
21.09712748293376
2.7071813486343053
2.338663184279749
.45428283602589237
19.270762474025787
3.265507450325243
18.01262809891294
5.372443428639317
1.520660921936769
9.513856993540408
4.416768947270511
.0012085957929602595
1.901757348357284
4.83438317184104
2.241218649743388
1.5547319843052962
8.682949892462476
.09874867496043321
7.496292753619312
1.235795261665735
1.2425904982808391
14.953619322098266
8.033213779841793
.37905578085377734
10.096800262846422
8.718902233987043
1.9645082665448097
3.5736616110416595
10.437987401218454
15.547088981409322
7.512547965180841
5.2513504404120885
22.75224881254341
.0012085957929602595
1.6034685389374224
20.92053521011951
5.472664675220414
22.90904411986218
24.154885509702027
2.5775326864760966
4.259058664199695
10.388913303292972
.03803514696714563
3.5047521020896033
4.864848111164674
9.707548836957702
2.62570488894771
4.542754952162118
9.98266073801237
12.889246584815483
13.039864118584113
6.150279504083303
.39746318480129533
9.06556359934527
11.790737057899776
1.4519222374313288
1.3040452063135497
20.66412982692697
13.123273469408124
6.589433348198533
.39499469984173285
.08816836117941693
.09508786741786424
1.6909416243606965
3.558041286318134
1.8480948796913212
7.0724446994824985
9.015760873367498
5.942608811957932
2.6575452848335264
19.707137884187958
5.898924479669961
8.2161040690788
13.068648674938345
5.833932694473242
8.391314643042762
.0009370365942024109
17.826074221448255
2.9370096500701557
2.5180287412861504
.00013489446527543806
25.406549577834955
2.7603796230075126
.8003749013517295
.6364003760861996
1.0949318464974576
.0012085957929602595
11.749175810626136
6.233656904547414
3.35911782476018
8.613711358312395
.03803514696714563
5.255671431201521
.3627296355601828
4.696221054472711
4.141798186154968
.0009370365942024109
2.0826302974055144
5.013219058028053
2.2485857159461826
4.246154939631927
6.725171878952529
.5705272045071856
.38035146967145694
.17571711238611448
5.558276651663635
.0014092820169500269
1.1794404139262897
16.46057282557837
22.397628018975347
8.152604619163236
.1081510888683474
.11439274384850595
17.544309466121106
25.379331465254836
2.493033931564128
10.452206174878508
31.368720410836666
.2065001615843835
7.77365992152649
7.77365992152649
7.77365992152649
7.77365992152649
7.77365992152649
7.77365992152649
7.77365992152649
7.77365992152649
