.2610323124755089
7.086634317495522
.5080409352323153
3.7594922146767447
.14693045328933238
5.961615579427734
.0033331226558368605
9.338807982056066
20802822516613154e-24
.23111473747651723
1.0178017063360008
7438795587715861e-20
7.919634367723927
6.904529714911238
1.9159275506543527
.040949672865127844
5.199381090706945
1.5555827765768255
4.143604620412628
.002625819158556886
16.15332512578051
3.014198228119022
.16203353445901653
11846584255147427e-22
1.4930307721702973
6299421841904371e-23
7691102576956072e-26
1.0111527747504445
27321608382523428e-21
1.197339278393487
10.49058212929793
.4983810490223854
5.627351065128293
126.3952902312008
157.87643582850927
4.692751404278762
1.9939965311559096
3.354122474810894
5.428418457808839
15.487391312884624
9.990143616949574
.00035497432675375993
.24295210984260504
.04669757112723647
43.21094177058898
45.60483754775121
4576260176616967e-24
3.7135542493147433
.6712407975295671
.44237927599108157
.9087022493165285
6.899108725210765
17.705814306645202
16.624487918466784
5.911291458068949
1.8263416527917085
.2839972860824009
1.041893660285238
2.8242778396912365
2.973862259098079
.0006349908805189862
13.466886836257814
12.375376749080383
1.3753619792360907
2.7632173852294737
.633297773649405
.14398497744361277
.5060385563482127
.42352841499696814
.2395475549112565
1.961881386491718
.004394589159195843
.0009521403394809166
.0012188238059945736
.01567334175977538
5.210550971737148
.024190558745292835
.008780372346869496
.027551036811103
5.44988407579394
9.163902561909671
8.641746741393046
.38394791270607004
.002184887975177612
11027585717456962e-21
.028117974961966535
.5788242861093502
.032452038046019635
13266215509549608e-22
5.469566474211993
.0407867435432888
.2280646347947495
11.145830820709996
.0002992734207268375
6900599591056665e-23
1.8952200357456381
.00024317132659937486
2.4692683497398966
2.667819050188404
.009160401977478045
3558066441870694e-21
.005316938841886037
.0005392110672989553
.0087639831671214
.0011820064111288944
4795849044402998e-20
.0018339390504179235
.06406409306132067
.6510468167573578
.056943869159726455
5988612994498273e-20
6082767799640682e-22
6772168276893693e-23
.01308043535854283
7889969690371803e-25
2109381914969388e-21
.22371118036011803
19614706443804953e-22
.2906942500056438
8085352496628422e-21
31613162808343624e-24
59.93391694381906
208.4897526164487
9.611181714896254
17.7644822125603
47.53793577614342
17173278022893584e-24
4.302509226942221
2.074887744510735
.015126251909848686
.02875969194337034
2.562772221436898
.17347891061758314
.0008388865680289374
.0010322088933341174
.31667616914252583
.29407605974129425
5.580032147692048
.3132854012598152
2.2192272365060277
.0011865887328031458
8.573095875749207
20.84662570137965
2.6930248117834714
2.29607897069614
.4481496615610359
18.919865315927474
3.222173133399273
17.79875085743069
5.226375024109336
1.517869029004246
9.340621223233615
4.336344953997642
.0011865887328031458
1.8982657725407042
4.7463549312125854
2.237103832022888
1.540512062919483
8.579850813264777
.09870331873718038
7.407283731355413
1.2211217514955086
1.2088063898060173
14.77606395187558
7.886938722508589
.372153635884599
9.912949804262102
8.560141623462847
1.9600480230689128
3.5265018204844076
10.247924339609435
15.26399539091796
7.375753599383828
5.155729732710324
22.337958020498824
.0011865887328031458
1.5888028622815817
20.672130239090176
5.426535114625088
22.49189827587995
23.715054408521215
2.5305989496398373
4.181506383460619
10.199743821350117
.037965315450814045
3.440934826871773
4.77626514102592
9.530786173644284
2.6096893069471223
4.48881546634345
9.711247674974341
12.654549073352912
12.885032177810603
6.094027692239398
.39564136656210536
8.900490706777711
11.57604206951631
1.4492565468919187
1.280300128372606
20.287861143183054
12.766472017080396
6.511192137659749
.39481327494872154
.08776423135140166
.09491328862703524
1.644967544129896
3.461303662023425
1.8447018267373
6.880155896984755
8.851594827897179
5.872047827023903
2.5852907502110707
19.171331369548728
5.828882191087981
8.066498801909654
12.913474953860675
5.727703872142692
8.291678364626957
.0009259104664194234
17.61441207198261
2.883530274725977
2.4881303256745047
.00013472139308045087
24.9439271955622
2.727603596323861
.7858010473759938
.63523196195349
1.0819309117280287
.0011865887328031458
11.535237602031481
6.159640090578337
3.319232537048226
8.511434399385374
.037965315450814045
5.193266961311295
.3561247698498788
4.640459352237706
4.092619556253401
.0009259104664194234
2.0260068096371437
4.876917407002402
2.221886596443905
4.168837620030784
6.645318944551958
.5694797317622118
.37965315450814097
.17539450045000363
5.532799651101868
.0013709658246098093
1.147373258303578
16.265124283043654
21.788671250338645
8.05580272122435
.10618178901421385
.1125163679588572
17.224848918529542
24.91720469172439
2.44763881433368
10.26188420668623
30.797534145623793
.20634991366205702
7.702560314597423
7.702560314597423
7.702560314597423
7.702560314597423
7.702560314597423
7.702560314597423
7.702560314597423
7.702560314597423
