.2610323124755089
7.086634693648542
.5080054977719836
3.7594960527119494
.14693744662663416
5.961612078582117
.0033331227276787046
9.338795820739106
20800029297656493e-24
.23111168442875196
1.0178016740227671
743880078925808e-19
7.919635800609936
6.9045325905252914
1.915856334668687
.04160930776667293
5.198914976523867
1.5554411017791911
4.14360943885045
.0026257062434701236
16.15201420671186
3.0141789876457716
.16463529725769785
11845403827563373e-22
1.4930148343817853
6298954238013521e-23
7689928380398062e-26
1.0111528027003445
27762553292280986e-21
1.1974098534795592
10.49057981448479
.49838101610965463
5.627349513863601
126.39529275365766
157.87641464382193
4.692753347754922
1.9939939261323392
3.354121641432699
5.42842163685986
15.487382930256294
9.99013667726016
.00035497427264656893
.2429521099545127
.046696717635811354
43.210941711228024
45.60467966179909
4576218100400377e-24
3.71340185580615
.671216504968878
.4423219204232537
.9086440153183533
6.89910827151305
17.705789935103013
16.62420343271073
5.911297961259705
1.8262718916906466
.2885068176773269
1.0418887995782429
2.8242765171730526
2.973761725753823
.0006349925231111667
13.466885301840762
12.375393302687987
1.3752294315298466
2.7629251052155706
.6332109234109806
.14629941508663172
.5060197355877102
.430344020798366
.23954083644162785
1.9618864950206076
.00446545075483655
.0009674981016530199
.0012208253499408934
.01592566725296948
5.210180380173595
.024232630434184808
.008921965281074529
.02799508234996791
5.449211474819026
9.162913773515088
8.641639521207036
.3838816069739676
.0021845091320299853
1102671941705071e-20
.02811932060570949
.5788328211307895
.03244778438950049
13266187820110456e-22
5.4691907693176764
.040794217886651246
.22803695588653905
11.144914679202998
.00029928870335877176
6898565912500057e-23
1.8949575115653172
.000243130941016387
2.469311919167323
2.6678506596625273
.00916019401971068
3557995498253813e-21
.005316813894338238
.0005392643631314186
.00876452465414228
.001182006278372506
487296192913788e-19
.0018634250973393297
.06405495537395615
.6510468030298434
.056933291432755544
6084656665375484e-20
6180237179103524e-22
688059714849904e-22
.01308097544869628
8017013049140476e-25
214277781800929e-20
.22369978551623523
19931726489738847e-22
.290656532829961
8084848159943746e-21
3212114643506386e-23
59.933917378930374
208.4897541300533
9.611181784672006
17.7644823415278
47.53793612126177
1717394744211257e-23
4.371923028832319
2.108395652729932
.015372156706225604
.029227436760986332
2.571934509645043
.1740051571824624
.0008522761790936807
.0010486889704546675
.31667616914252616
.2940760601199497
5.580032147848123
.31328540166320484
2.2192272365140577
.0011865887414176034
8.57309587703174
20.84662572822199
2.6930248119113234
2.296078987365332
.4481496625302918
18.919865453282885
3.222173139899813
17.79875088034855
5.226375217970384
1.5178690290053298
9.340621291045137
4.336344985478862
.0011865887414176034
1.8982657725420595
4.746354965670417
2.2371038320244856
1.5405120636120762
8.579850824312285
.09870331873718066
7.407283740893112
1.221121753067838
1.2088064346440692
14.776063970901399
7.8869387797665915
.37215363858637907
9.912949876228643
8.560141685608203
1.9600480230721902
3.5265018274403492
10.247924414007842
15.263995501732298
7.375753652930703
5.155729770140156
22.337958182669077
.0011865887414176034
1.5888028629958857
20.672130265707832
5.426535116381188
22.491898439167787
23.715054580688985
2.5305989680116094
4.181506413817734
10.19974389539874
.037965315450841156
3.4409348518524485
4.776265175700895
9.530786242836374
2.609689307177068
4.488815472123297
9.711248035192014
12.654549165223058
12.885032194401509
6.094027694979189
.39564136657317156
8.900490771393951
11.576042153556655
1.4492565468929537
1.2803001376673946
20.28786129046991
12.766472490624992
6.511192146043629
.39481327494872265
.08776423135385644
.09491328862710302
1.6449676051464
3.4613037904129786
1.8447018267386175
6.880156152189218
8.851594892158442
5.872047834584815
2.585290846106825
19.171332080667693
5.828882198593313
8.066498860471237
12.913474970488204
5.72770391372497
8.291678375303412
.0009259104676116358
17.614412094663116
2.883530295659978
2.4881303288782477
.00013472139308047377
24.943927376651402
2.727603599835953
.7858010530807925
.6352319619539436
1.0819309131211345
.0011865887414176034
11.535237685775591
6.1596400985095565
3.3192325413221053
8.511434410344789
.037965315450841156
5.193266967998201
.35612477243529167
4.640459358212811
4.092619561523102
.0009259104676116358
2.0260068847874733
4.876917587901078
2.2218865993048302
4.1688376502959255
6.645318953108542
.5694797317626183
.3796531545084121
.17539450045012886
5.532799651256622
.0013709658754628136
1.147373300862901
16.265124303986802
21.788672058542158
8.055802731597087
.10618178978507785
.11251636849380857
17.224849043579383
24.917204872619592
2.447638832103174
10.261884281185983
30.797534369209313
.20634991366206065
7.702560318060389
7.702560318060389
7.702560318060389
7.702560318060389
7.702560318060389
7.702560318060389
7.702560318060389
7.702560318060389
