.270220616569352
7.082445583323143
.4752367985459184
3.646088926496592
.1452283125973922
5.924275520367402
.0032806979755084114
9.086762288524092
1854799634930069e-23
.21648864794227687
.9969989611546806
7682929351888047e-20
7.934468841111728
6.940112501546254
1.4485112335021337
.03672941750531557
4.709384035182384
1.3364022647894678
3.887568147999202
.002367345921002352
13.805508187658134
2.875025371711203
.14592201087183534
10878878557523987e-22
1.4076101900386542
4184868953844365e-23
6416986808211797e-26
.9993264406657054
25878286364476787e-21
1.108067536489165
10.2396540325955
.48690162042723445
5.490462410198337
124.47082203728513
156.10668967961269
4.689744749619861
1.9180700501594778
3.275792839979534
5.43973040477494
15.024963871594395
9.805295978841206
.00034723962452065074
.24068269987543142
.04270798999946051
42.84901007489335
45.46146647221494
4571240351176856e-24
3.9527583356568234
.5011248179102552
.3949252176516744
.8455884777786992
6.76361697355363
17.181905385937938
15.0910066931415
5.909635403974245
1.3537014120218533
.25510574879358533
1.0441755528951087
2.714910768668711
2.272980365816368
.0006360637514297152
13.219433753607646
12.180898425512817
1.2378506501580309
2.4996059101708776
.5605354475046485
.1291224248679435
.3756752937576944
.3912402354564701
.19179104369890526
1.972007307762812
.003940812567504493
.0008480870669380095
.0009845878239801238
.01399362086694755
4.392247367918215
.021459590171962094
.007871478599557852
.024828795848365438
4.797123994929027
8.278483631732794
8.181589986006843
.3690512363942204
.0019007165743533598
9189890103610001e-21
.021665533978455758
.5149078420287662
.023553632124813033
11683907527133055e-22
5.365239708850679
.03475711338666203
.2039946767044769
10.17525406736305
.0002302862829838349
5979541538370927e-23
1.7363803996995941
.00020380315964488887
2.2655853729259734
2.4629904157345233
.009497883074491965
29148942751123665e-22
.005411351246284784
.00041172549125523803
.006814805094192437
.0011674641510251275
4629322582313551e-20
.0017863858212929416
.060015223163816876
.6390755252720487
.036060124609043696
6213413264976374e-20
4964735996108445e-22
5838556796318133e-23
.011416968924637717
7329716310400585e-25
19263128449783913e-22
.17693822453497596
1498112645455908e-21
.25875305313426733
61473220769256745e-22
32389115910731486e-24
58.84259360228496
204.6934091584651
9.436173848231638
17.441012713528433
46.67232809411115
13926912195543505e-24
3.9519205809896643
1.9256934877219911
.013477316397991192
.025684981292100006
2.3002082179125205
.15586833175497114
.0007478313133229786
.000921670613950478
.31655980185054333
.29058427778929474
5.554455428466433
.3095655326281888
2.213118379480795
.0011649824029161251
8.513443617739938
20.599098339076846
2.6789423031760795
2.2542701802398923
.4420992907163115
18.57535770336299
3.179413882982203
17.587413161098706
5.084278181546004
1.515082261913835
9.17053993228614
4.257385414782522
.0011649824029161251
1.8947806071656386
4.659929611664504
2.232996568999672
1.5264222007549404
8.47797591652221
.09865798334648065
7.319331588398794
1.2066224723062504
1.1759408624626009
14.600616846544606
7.743327212364993
.36537717323727437
9.732447109686209
8.404271911672117
1.9555979061873536
3.479964380506908
10.06132216834513
14.986056699362184
7.241450145265236
5.06185019860241
21.931211119360515
.0011649824029161251
1.5742713218444666
20.426674790109605
5.380794385799387
22.082348310926264
23.28323226604335
2.4845198371334347
4.1053662652814245
10.014018958409125
.03789561214331274
3.378279611181753
4.689295193130753
9.357242211479782
2.593771412797132
4.435516449602601
9.44721426259986
12.424125208460449
12.732038687456468
6.03829037457904
.3938278988474465
8.738423654351973
11.365256498386593
1.4465957504903406
1.2569874285607137
19.918443999362594
12.419371903534795
6.43387995110406
.3946319333859226
.08736195390139534
.09473903035828196
1.6002434871952622
3.3671963085982393
1.8413150033394048
6.693095377065096
8.690418109636937
5.802324672266874
2.515000797611318
18.65009329482552
5.759671573763072
7.919617722282692
12.760143741448637
5.623409388354423
8.193225151907571
.0009149164485498459
17.405263166008634
2.831024714347227
2.4585869192066143
.00013454854294044349
24.489728782273747
2.695216747090942
.771492571165316
.6340656929984468
1.06908434803901
.0011649824029161251
11.325195030359763
6.086502140763535
3.2798208410483873
8.410371861185064
.03789561214331274
5.1316034724051445
.34964017325326485
4.585359755795257
4.044024865765854
.0009149164485498459
1.9709228997888824
4.744321762453286
2.19550449814023
4.092928184542533
6.5664141714933155
.568434182149692
.37895612143312785
.17507248082093602
5.507439427457574
.0013336914395837393
1.1161780003103337
16.071996466149876
21.196271858017738
7.960150233988275
.10424834847326467
.11067077065315883
16.91120548192902
24.46349286255508
2.4030703044491832
10.075027843312304
30.23674870744998
.20619977505896178
7.632111003774712
7.632111003774712
7.632111003774712
7.632111003774712
7.632111003774712
7.632111003774712
7.632111003774712
7.632111003774712
