.2684708704545233
7.0832565364674895
.481437094819949
3.6678612273278715
.1455539572769529
5.931567188328647
.0032906489796907202
9.134023234055523
18956761058313542e-24
.21929625473883518
1.0009234595363605
7637365337150304e-20
7.932279830897513
6.934014253352652
1.530537390735087
.037532172936274616
4.7993591100724
1.376090027352092
3.935618632728075
.00241551556177894
14.223414268497178
2.9018591545585655
.14901438247736684
11058033822266222e-22
1.4240649136903096
4527492672119415e-23
6645228539148288e-26
1.001569332679102
26142242560709536e-21
1.1238884347720037
10.28699419731396
.4890801576291563
5.516223528478481
124.83648690760987
156.44934984067655
4.690714036805365
1.9322549646630078
3.290547707594563
5.438205647928637
15.111605097710921
9.840993670724515
.00034870002106372777
.24111319737020503
.04346074511548203
42.917684483301095
45.486803972775625
4571161512337294e-24
3.905537859422318
.5308035684498799
.4035946892657341
.8574466884596196
6.789451031911368
17.280392958306578
15.378822432534905
5.910169262137741
1.4355028154919782
.26060693484625436
1.0436718867591073
2.7353398546957206
2.3971893991468423
.0006358734177773366
13.266206165929388
12.217379226357757
1.2629679123321762
2.548306343824039
.5737394987791077
.13194792523537818
.39825785515455986
.39755973295055197
.2005757683044342
1.9701018678510884
.004027032099052808
.0008677563586041842
.001025053762625738
.014311866501782419
4.547513969860847
.02194653419597708
.00804422117414479
.025348988060556344
4.917156589184756
8.441905958423236
8.27025647298189
.3718297951253391
.0019516251052052367
951659496076262e-20
.022754792673294423
.5264552488900593
.02511508880883598
11977580749944914e-22
5.385278741008326
.035808713650359855
.20841787307819018
10.35459241682918
.00024191531922200274
6144672365913294e-23
1.7658578778430192
.00021078011890100342
2.304143423916361
2.5018798456494116
.009426287348405196
30248623230000418e-22
.005389505894533626
.0004333741939129589
.007145330532014638
.0011702198776660675
4663703063632285e-20
.0017967158862463915
.060735251787503206
.6413392432995043
.039432857093983614
6170640763598121e-20
5172810183321236e-22
6004023265976509e-23
.011711583898288648
7434552749652788e-25
19602759772361546e-22
.18546208181481277
15776205727463294e-22
.2645603665040299
648246184694641e-20
3224372676997589e-23
59.04887344791012
205.410986720173
9.469253499646426
17.502154298048147
46.83594359854137
14475634665159868e-24
4.020315329069298
1.9553564133527062
.013796655981900578
.026281724306673027
2.337205795748357
.15830281613260713
.0007649499040061601
.0009424775831996734
.3165819585972438
.29124601337294126
5.559316998158161
.31027049344013985
2.214280403025373
.0011690663899656057
8.524771226641242
20.646007815617363
2.68161837357839
2.262172797652039
.443245143811581
18.640475871766316
3.1875126369124627
17.62746425127307
5.111036904192542
1.5156125565566039
9.202688371804582
4.272310195496031
.0011690663899656057
1.895443800201727
4.676265559862426
2.233778141160886
1.5290953899601278
8.497282461198134
.09866661504520999
7.3359996001625385
1.2093702638661625
1.1821298777492895
14.63386622873435
7.770472384666334
.36665804721437617
9.766565382937564
8.43373410574618
1.9564445708300078
3.4887790045973697
10.096593352985618
15.038592137948875
7.266835926663044
5.0795951281444855
22.00809363875883
.0011690663899656057
1.577028308149769
20.473191613617832
5.389475059693302
22.15976066007265
23.364854459482967
2.493229622632024
4.119758124436392
10.049124315912401
.0379088760040345
3.390122579922787
4.705734085934626
9.390045158472697
2.5967951851106053
4.445617268163334
9.496935260784591
12.467679485611303
12.761032833719133
6.048865098033093
.3941725990257901
8.769057257870717
11.405098782902867
1.4471020741375913
1.2613939503817746
19.98827051960494
12.484735464761066
6.44853156039602
.39466646018083995
.08743841796394242
.09477219001008638
1.6086656210974166
3.3849179730904098
1.8419594828547856
6.728321357321597
8.720883423898755
5.8155380667860825
2.5282373292085394
18.748249346872328
5.7727878361413145
7.947380902339041
12.789201890190888
5.64312293171652
8.21188324541866
.000916999950020314
17.444899453516353
2.8409492147012343
2.464185757733957
.00013458144201571411
24.575580495520008
2.7013544529598166
.7741971319050515
.6342876226247205
1.0715189297046082
.0011690663899656057
11.364896874543037
6.100362680903991
3.2872898416943235
8.429524453935732
.0379088760040345
5.143289461215994
.35086587926905544
4.595801806333279
4.053234156699237
.000916999950020314
1.9812959315841492
4.769291283328087
2.2005042299272635
4.107276440497545
6.581367595495795
.5686331400605185
.37908876004034553
.17513375802086725
5.512259846118662
.0013407107013262251
1.1220524816954942
16.10859656042478
21.3078285312635
7.978277555607586
.10461380369733402
.11101988238857499
16.970489762967446
24.549252602604067
2.4114945587364547
10.11034707485799
30.342747295781027
.20622835781387555
7.645476949800647
7.645476949800647
7.645476949800647
7.645476949800647
7.645476949800647
7.645476949800647
7.645476949800647
7.645476949800647
