.2713152763866161
7.081935245484359
.47139036569280746
3.6324249659338324
.14502099385538464
5.919665391166702
.0032744804657905973
9.057386290108441
182983413507399e-22
.2147301147993077
.9945525456484767
7711132989935157e-20
7.935655866052521
6.943739778741155
1.398941528077828
.036875804688070384
4.653719892599795
1.3121223559285808
3.857675256262052
.0023375359435446903
13.551231206578988
2.858175921228479
.14655306715693694
10768616507948255e-22
1.397287665839559
39832874230997084e-24
6278073016652132e-26
.9979254567190877
26174857287766242e-21
1.0984112215915034
10.210144032403216
.4855405526846048
5.474418928830164
124.24225663943702
155.89100397940436
4.689031301520625
1.9092636971948225
3.266600514930309
5.440510076098067
14.971095787589668
9.782832829694636
.0003463289855861168
.24041377417539922
.042239638702283984
42.80610625069171
45.446135040400485
4571535125244729e-24
3.9827211902718336
.48322767394427113
.3896164055553717
.8381901339439048
6.747450032881666
17.120615923397107
14.912241958845115
5.909243916612373
1.3045041963237498
.2561097917998109
1.044508944237888
2.7022247597140985
2.19766935065503
.0006361788156621525
13.190256118501258
12.158192726061683
1.2223409383785042
2.4696513316345374
.5524685883507631
.12963081564487372
.3620891655981316
.394169603268922
.1863934874198471
1.9731924391934492
.003956547035373138
.0008507930962357248
.0009604991667800177
.014041671384077288
4.29583186255184
.02117031854226826
.00790257401284624
.024941703274268444
4.723396308466131
8.178003848610256
8.125955265777954
.3673557783378005
.001869746717555148
8991213968510626e-21
.02101421056864301
.5078228000814518
.02261178025429607
11502788704195786e-22
5.352951055345075
.03411839072137242
.20128059265452908
10.064049806113237
.00022333554792774857
58788488182640705e-24
1.7182611491999928
.00019957092206834254
2.241527321097422
2.4387790891075873
.009544420597340137
2848839301018467e-21
.0054259190952842
.0003987449615005796
.006616810170956918
.0011657434117632534
46896238395229114e-21
.0018114697639483393
.05958012665720525
.637663143433684
.03408445597114505
6351643812795947e-20
4922902309666223e-22
5839206928753991e-23
.011237663319642897
7394528165196639e-25
1939314415557753e-21
.1717109549838043
147625560305077e-20
.2552024577724131
5945674460313184e-21
33060769734588546e-24
58.71390914097298
204.24575959920696
9.415537624126475
17.402870490550544
46.57025911599028
13598434200245148e-24
3.978756855943483
1.9409938409282013
.013514053340311472
.025762413692219398
2.333927194357019
.15826111216377525
.0007503558102340774
.0009249629605448126
.31654594114220674
.29017105355114664
5.551416140658095
.3091253161706764
2.2123917152740744
.0011624346713533314
8.506364599538896
20.5698054716772
2.67726948309235
2.2493402557407016
.44138393916040636
18.534734750610586
3.174357680237175
17.562403048852506
5.067608843882343
1.5147505982863123
9.150484630184696
4.24807482333576
.0011624346713533314
1.8943658245328205
4.649738685413328
2.2325077481871403
1.5247522017004798
8.465919843957666
.09865258364775165
7.308923161479141
1.2049065995286712
1.17208541738093
14.579854096340751
7.72639312040738
.3645781200032934
9.711162957562966
8.385892381854266
1.9550684100864888
3.474461183014554
10.039318790450697
14.953283286167949
7.22561362185569
5.050780301336296
21.883249159901535
.0011624346713533314
1.5725489729310107
20.39762711694484
5.3753707740758
22.03405582545049
23.23231353492812
2.479086373424792
4.096388128629141
9.992119029185394
.037887316490656374
3.3708915600216613
4.679040046494296
9.336778605108373
2.591881499178511
4.429208940746221
9.41624058277726
12.396954552616666
12.713933141531124
6.031684116355647
.39361240403486486
8.71931335903976
11.340401511197339
1.4462790791080484
1.2542384887159892
19.87488381482084
12.378653694098098
6.424730677229513
.3946103345910066
.08731415117350876
.09471829122664106
1.5949969215905404
3.356156603404375
1.8409119247549794
6.671151363997449
8.671412798950376
5.794073499111787
2.5067551045113747
18.58894701378239
5.751481055280247
7.902298095835275
12.741998228840952
5.611111402090116
8.181574008056533
.0009136153951848894
17.38051207945206
2.8248334697398083
2.455090695273443
.00013452796501797407
24.43617153125718
2.6913840246345386
.7698053731706521
.633926890945836
1.0675640608142658
.0011624346713533314
11.300427654679737
6.077846854148449
3.2751567846217444
8.39841192470357
.037887316490656374
5.124306095714653
.3488755356906817
4.57883916285011
4.038274075988371
.0009136153951848894
1.964461022969303
4.728767007457691
2.1923823895371877
4.08397724906582
6.557076427847914
.5683097473598465
.37887316490656425
.17503415605433545
5.504425865872176
.0013293187927395423
1.1125184940214259
16.049141346300413
21.126777664310058
7.948830533414626
.10402036493711028
.11045292086204872
16.874221908732245
24.409992987581774
2.3978149649290907
10.052994492106155
30.170623142938954
.20618189539732387
7.623761008502407
7.623761008502407
7.623761008502407
7.623761008502407
7.623761008502407
7.623761008502407
7.623761008502407
7.623761008502407
