.2713152763866161
7.081935282024976
.47136538974324926
3.6324266254661057
.1450257642558407
5.919666841190015
.0032744804763361235
9.057383745774095
1829662125493696e-23
.21473074652383817
.9945525386150564
7711134428162773e-20
7.9356587947997195
6.943738338531562
1.398887126654723
.03624930227425712
4.6537777276936465
1.3120355499444283
3.8576835315190916
.002337526707271125
13.551137709642909
2.8581802119001707
.14406807630055754
1076784529721162e-21
1.397291059325254
3983123295013911e-23
6277490969288178e-26
.997925462068328
2573001886636069e-20
1.0984195117932183
10.2101438915819
.48554054771179644
5.474418754275683
124.24225697650968
155.89100074282473
4.689030631655087
1.9092631655580186
3.2666004211225386
5.440508821526787
14.971094862136924
9.782828758901742
.00034632898162167616
.24041377419301801
.042239806330547434
42.80610618382138
45.446094141842025
4571527581279473e-24
3.9826927958210265
.48320947997902386
.3895795942089871
.8381978694932332
6.747450216543278
17.120611664786765
14.912292510441393
5.909244202693057
1.3044526515238055
.25181433543820875
1.0445076701883473
2.7022251072119894
2.1975886096301136
.0006361786867850287
13.190256361275617
12.158190251035492
1.2223571577696695
2.4694588133076167
.552413605532219
.12743262924422222
.3620748960642056
.387479039991127
.1863876948857647
1.9731923604004884
.0038892649430828847
.0008363210956568572
.0009601381808958521
.013803232280731083
4.295660554946187
.02116207841246977
.007768179938888881
.024517745592058195
4.722996270300927
8.17735455943013
8.125960929334406
.3673182641246658
.001869575928286093
8990619922683564e-21
.0210125374323473
.5078238737821141
.022609589849302596
11502140715304293e-22
5.352629016805696
.03411899648079797
.20126235919312124
10.064165418272383
.00022331799410786813
5878436051585972e-23
1.7180906825533464
.00019955389256599525
2.2415893634164137
2.4387560584316184
.009544438755798775
28486242999138125e-22
.0054259290693032805
.00039872997723770114
.006616339013464995
.0011657434318522693
4609868919955541e-20
.0017806611844604602
.05957502600918766
.6376631410662216
.03407996167511771
6243740548626144e-20
4839023479742303e-22
5740779643249494e-23
.011236992547339775
7268786828446839e-25
19063349477716556e-22
.171708179848637
14510526714248771e-22
.25517829399595937
5945448637002167e-21
3249816612034509e-23
58.71390920857776
204.24575983438103
9.41553763496778
17.40287051058868
46.570259169612534
13597493020963087e-24
3.9111153221929587
1.9080022335138278
.013284793333679023
.025325232546630425
2.274823018791458
.1541815296694157
.0007376141289019947
.0009092537375171594
.31654594114220685
.2901710536105509
5.551416140682852
.30912531623396106
2.212391715275351
.00116243467269179
8.506364599741607
20.569805475888284
2.6772694831126107
2.2493402583306525
.4413839393120895
18.534734771951978
3.1743576812548304
17.562403052447912
5.067608873589722
1.5147505982864848
9.150484640720812
4.248074828227108
.00116243467269179
1.8943658245330366
4.649738690767163
2.2325077481873947
1.5247522018095858
8.465919845690824
.0986525836477517
7.308923162975437
1.2049065997753416
1.1720854242519392
14.579854099325566
7.726393129303758
.3645781204230785
9.711162968744661
8.385892391510009
1.9550684100870104
3.4744611841036246
10.03931880201024
14.953283303385563
7.225613630175457
5.050780307151901
21.8832491850985
.00116243467269179
1.572548973043537
20.397627121120678
5.375370774352745
22.034055850821098
23.232313561678435
2.479086376279279
4.096388133345833
9.99211904069059
.03788731649066069
3.370891563902997
4.679040051881869
9.336778615858991
2.5918814992149017
4.429208941652976
9.416240637977225
12.396954566890855
12.713933144133941
6.031684116787254
.39361240403662023
8.719313369079412
11.340401524254982
1.4462790791082132
1.2542384901601533
19.87488383770532
12.378653766664346
6.424730678544795
.3946103345910068
.08731415117389814
.09471829122665186
1.594996930940745
3.3561566230788653
1.8409119247551893
6.671151403105128
8.671412808934875
5.7940735002979595
2.5067551192064963
18.588947122754675
5.7514810564577
7.902298104934195
12.741998231449514
5.611111408550901
8.181574009731479
.0009136153953719263
17.380512083010228
2.824833472992398
2.4550906957760534
.00013452796501797773
24.43617155939365
2.691384025185523
.7698053740570269
.6339268909459083
1.0675640610328194
.00116243467269179
11.300427667691356
6.077846855392717
3.27515678529224
8.398411926422908
.03788731649066069
5.124306096763709
.3488755360923864
4.578839163787498
4.038274076815092
.0009136153953719263
1.964461034485383
4.728767035178709
2.1923823899860158
4.083977253768222
6.557076429190291
.5683097473599114
.37887316490660744
.17503415605435538
5.504425865896724
.0013293188005322862
1.1125185005432412
16.04914134958602
21.126777788159636
7.948830535041925
.10402036505688214
.11045292094539588
16.87422192816168
24.409993015688098
2.3978149676899996
10.052994503681445
30.170623177678223
.20618189539732443
7.6237610090479375
7.6237610090479375
7.6237610090479375
7.6237610090479375
7.6237610090479375
7.6237610090479375
7.6237610090479375
7.6237610090479375
