.2965094427125147
7.069697343404407
.3859295373076505
3.31189677826327
.14043170735864308
5.803963307310258
.003133201102932046
8.423776736885772
13402046732349717e-24
.1755868040693143
.9400658281101885
8266724602645183e-20
7.916654750704806
6.978782375581339
.5834669108948661
.02726411456218519
3.5427273172995615
.8468976378318518
3.210318355393715
.0017362347326169588
9.054724960717623
2.4684723655586427
.10863711713094516
846079439045673e-21
1.1633259600038572
12303703470080206e-24
3742649175042098e-26
.9661549591512222
23696279380172366e-21
.9218071329703748
9.553324631467923
.4546266126563942
5.1199617217982984
119.02711391458557
150.66213033399703
4.646367170551633
1.7209678460978373
3.0628659386027364
5.413810380486301
13.798034458448761
9.234679271126724
.000325998461962594
.23430816305948254
.032416031629559784
41.831217536727785
45.143681988712785
46151746031643345e-25
4.69948521810936
.19436908213522525
.2836783371634239
.6799929624756169
6.375918820959578
15.779655442408982
11.19810814524319
5.887570491660696
.5223880326575163
.1900381824192083
1.0542764448153714
2.4301440727874413
.9330454657667185
.000637758434854525
12.53645597164873
11.652684376768232
.917455290378163
1.8526402341308614
.39452678635863025
.09583491704584053
.1455523638566968
.31567765137193976
.08679614071817397
1.9986349656343005
.002926906266773247
.0006178396613954653
.0005523043956283702
.010255897073149844
2.3144169428023904
.015689873296124115
.005837891361760351
.018662266445879944
3.24700436724354
6.114392754189409
6.854641504597094
.3260912659401666
.0012848061560731348
5380116553869172e-21
.010734387765542088
.37122541484930655
.00764628955802134
7859151278405279e-22
5.049585770837486
.023034519186290944
.14651264920184698
7.802750100253998
.00011391711822787184
39823088084426176e-24
1.3372977508741823
.00012289165508958037
1.733141295059122
1.9185526212898063
.010912079216716834
17312046560592042e-22
.00590080930098584
.00019312375489346107
.0034538527235353305
.001126855921735023
4243078276088159e-20
.0016710436316555288
.05105240412974104
.6059637020091113
.0085056590801436
7203012488991579e-20
2516319660034318e-22
410269136255899e-22
.007883871994785477
6252424191612602e-25
154267329106421e-20
.07582525064975361
7190463214333765e-22
.18522821451219207
2654701566885773e-21
36204034261834006e-24
55.828712132095646
194.20913857885182
8.952858824714964
16.54769476439237
44.281800141448365
8262018022641385e-24
3.1278549056177303
1.560031450593164
.00954916718880561
.018323101725608713
1.802820551077151
.12281072610274824
.000550685792399517
.0006817790443675235
.3162270973856057
.2808211999787457
5.481923112966547
.29916472083786694
2.195732940684359
.0011053127204242715
8.345054186894918
19.90700790169473
2.6390560195802752
2.1388078474449363
.42523587794256035
17.623939301198433
3.0601830485705173
16.996509604704006
4.698702640090157
1.5071372199596518
8.700830514642876
4.039324751111011
.0011053127204242715
1.884844439476046
4.4212508816970875
2.221286807840011
1.4868172153005168
8.193132086777968
.09852838840901651
7.073415999426142
1.1660822573479415
1.0867612348785327
14.110063952770393
7.346718752841664
.34666277904362325
9.23395715185502
7.973810270973166
1.942921324010422
3.350179693251578
9.545987432188925
14.218480088061005
6.870547520584411
4.802585343257056
20.807907968275686
.0011053127204242715
1.533424829457151
19.740377455292247
5.2520432354257345
20.95130400580265
22.090679422995024
2.3572642584608543
3.8950919289919463
9.501107063585682
.03769688878952087
3.2052462063308886
4.449112376133444
8.877970017873462
2.548762696080922
4.28649155205174
8.730767478123617
11.787769153148213
12.304266457870487
5.881619171594367
.38868513556853646
8.29084696681635
10.78313504745337
1.4390098495677923
1.192605305216427
18.898233542793744
11.477526104532728
6.2177138492617985
.39411355363606604
.08622114633084797
.09424222197380229
1.4788860934798598
3.111838813686126
1.8316592075320406
6.185512239030979
8.24530023658969
5.607377623898051
2.324271109015481
17.23572933526581
5.566157588196963
7.513979771217872
12.331427235623483
5.335381816534543
7.917948405051284
.0008841769999282645
16.820479502227478
2.6860213688813706
2.3759830853762884
.0001340552222049534
23.235379929370858
2.6046626021167807
.7319771959536161
.6307406731898076
1.0331651518755018
.0011053127204242715
10.745125503190655
5.882007271163482
3.1696251129125574
8.127799398830643
.03769688878952087
4.959191377796559
.33173181852430406
4.431300408793525
3.908153339155265
.0008841769999282645
1.8214543543792068
4.384527438248458
2.1217397321596834
3.883290919102055
6.345795172487917
.565453331842814
.37696888789520916
.17415440644298885
5.43552106582997
.0012325485082588913
1.0315305987592451
15.532008021958587
19.588813786945902
7.692704360077507
.09890881215226181
.10555581415019798
16.04502393349077
23.21048779733137
2.2799865207687104
9.558991110909988
28.688041027022106
.20577081385471208
7.434086076502594
7.434086076502594
7.434086076502594
7.434086076502594
7.434086076502594
7.434086076502594
7.434086076502594
7.434086076502594
