.3623522536517828
7.035690056200454
.22483698182441458
2.486332678048469
.12903956598385985
5.423354461132382
.002783117012787716
7.1464323348511325
6627879449566261e-24
.11070398662424538
.8126735944057529
8603046480939291e-20
7.441143279179713
6.629392125571691
.07825254873029477
.016436599402555166
1.9298817880641141
.27658934358625453
1.9549994744469483
.0009061822188697558
4.42414533474481
1.6883845619566988
.06435286273296907
46961569503917585e-23
.7476515062758827
8725994359840005e-25
11883859690465904e-27
.8875363215310401
23595562838493785e-21
.7137367689515277
8.031436165801717
.37818237687173684
4.3083393972904505
105.90972720231946
135.14016282898214
4.316062740353143
1.345793279303427
2.5919247515670243
4.949448845386849
11.2218064410234
7.646418133707701
.00027829519584400255
.2190861326880087
.01838598863793042
39.39242076542498
43.88006180076536
48096494378111765e-25
5.871101259854896
.02420500351597809
.1335014027231226
.4089988777987355
5.442993556605266
12.883195712562927
5.877088966764223
5.731255820717745
.06751827772129541
.11511111572100781
1.0685741607261925
1.892372891737582
.1277611144270623
.0006307670605721392
10.981580828871149
10.380167654924112
.4900912137138704
.9082602744154071
.17998017554656454
.05780790995586998
.018926483994862336
.233796190081091
.012873107469295337
2.0432611441645214
.0017720201467729467
.000356507918038422
.00018095747107380449
.005992519122817394
.4317275388438326
.008799019534540176
.0035170290791461775
.011535738383665166
1.2926595965251586
2.981239453274037
4.48899508806177
.21149360495005307
.0005322154952413658
14744799585104184e-22
.0027302896235129343
.17233626135841343
.00046024319985092774
30912185598878916e-23
4.294902171169486
.010942701007925312
.06809383776464774
4.369722747428718
28902265805787207e-21
1626186562639782e-23
.7247417496254267
3736322376401431e-20
.9846954664826484
1.1280369067746165
.014335438702160985
5519275855786428e-22
.0068206302802772635
40697072868359235e-21
.0009089397613522818
.001031841054829421
3583957176184238e-20
.0014570094658195583
.03360202965530064
.5302012073337342
.00036326470518389606
9970457178352959e-20
51501804875180425e-24
2090561644856627e-23
.003382760744521967
4995663380804444e-25
9174622969402357e-22
.007264973451373405
1644194243215997e-22
.08834621806110989
42940504752280124e-23
4563263897755648e-23
48.94038110054621
170.2469731483133
7.848225511350184
14.505985489844335
38.818165276909724
29996439368091e-22
2.1788164754750836
1.1214608618528106
.004981352217038663
.009713077424434627
1.0629492338259579
.07275243369140347
.00033762562696320535
.0004223175303977893
.3153953419292634
.2577841339770626
5.304388875647988
.2746228507089783
2.152786525487691
.0009689355836268114
7.9377799586004505
18.2739436780461
2.5417440150670396
1.874914665900335
.38576920825249594
15.449439418425804
2.7808146297492446
15.60220706062456
3.8564956256150076
1.4874204951610754
7.62729328719516
3.5409395122799747
.0009689355836268114
1.86018645969218
3.875742334507248
2.192227409592211
1.3920743015702066
7.521011446819528
.09820455245573391
6.493150865424596
1.0704231193343254
.8919674789883296
12.952549938185513
6.44025631026327
.3038903795528503
8.09464099778322
6.989975204184025
1.911531109570986
3.0459696620097034
8.368171950786747
12.464157018950614
6.022836658514054
4.210026489788472
18.240559507498684
.0009689355836268114
1.4357119869946633
18.120982700301795
4.9429330342144455
18.36626286795365
19.36505838023507
2.066417202868766
3.414502612481666
8.328829070403287
.03720372919384356
2.8097723352054933
3.9001661856704226
7.782576733024142
2.4394321470822677
3.934850761371595
7.165843247956513
10.333355233331284
11.294890390416493
5.506830843860164
.3760974144936092
7.267894864603763
9.45267620417908
1.4201843831068626
1.0454577207821802
16.566507024612857
9.420266104382213
5.707645932965365
.39281820982293564
.08342884057625387
.093009322984609
1.213806913769396
2.554065173268609
1.8076970095042755
5.076805816244066
7.227967840496482
5.147378420034963
1.9076630404705828
14.146354829651752
5.109539855117096
6.586880111350222
11.319823043548551
4.677084773159415
7.268402359315088
.0008116438581780715
15.44061752420694
2.3546111743762093
2.1810701686846747
.00013282757818068589
20.368521954595668
2.390990043628955
.6416634301382096
.6224891748472177
.9484098207388346
.0009689355836268114
9.419356403119117
5.399478923095641
2.9096060583244934
7.4610383023982
.03720372919384356
4.55236589918624
.29080165029318683
4.0677802757039005
3.587549387510474
.0008116438581780715
1.494972397271353
3.598633959451777
1.9476835773827095
3.404157650197455
5.82522015096949
.5580559379076541
.372037291938436
.17187607739715194
5.2594895770685595
.0010116234830232869
.8466365178892714
14.257845337775152
16.07766663840092
7.061636128448434
.08670511598907496
.09375855484407006
14.065335847519709
20.346701096082317
1.9986742478764856
8.379571192646598
25.14841570352851
.20470035297413197
6.960371507851042
6.960371507851042
6.960371507851042
6.960371507851042
6.960371507851042
6.960371507851042
6.960371507851042
6.960371507851042
