.407724998191936
7.011841223115635
.1669990402300843
1.9922975514290133
.12163098310463552
5.127068273772444
.0025598715788421487
6.486107171920458
4755367871437881e-24
.09331746466024751
.7358591398550102
8213205278842593e-20
6.9282152316217385
6.192758806421823
.04689769153641015
.012910559545795836
1.4676779880125717
.15419407848642722
1.4700109160143855
.000649471178546583
3.2664023314491906
1.406371850605581
.05109465752122958
35076971127167827e-23
.6234177014091363
3577763550531159e-25
7461091643576717e-27
.83705060251119
23172716239170256e-21
.6760145078814477
7.133055971960346
.3299601060275718
3.826601991676552
97.41634312585072
123.64390993365599
4.002687055203477
1.1549029922532206
2.309786553498065
4.4737462771785275
9.753681356822211
6.6080345079385605
.0002496308584669619
.209185529266163
.015004361583141822
37.79663049192922
42.40217891849461
4900538846804573e-24
5.965764880906157
.014066225834420685
.09125769132783516
.3204895716775146
4.85578993349872
11.291798108669875
4.494214410780593
5.578974958693236
.040545308238683145
.09057805091721001
1.0594009912021736
1.644001627018967
.07807766721933908
.0006190721653996488
10.027892461109596
9.527742944889097
.37084763991278114
.6263964274882033
.12154167611877671
.045432146234980375
.011388939867476806
.21134890677085139
.008053999756715858
2.0575559625645607
.0013958846483194086
.0002718374067526009
.00011049383302825705
.00460613767137099
.27985335267832107
.0066722685258785875
.002761504274670925
.009178943123377267
.8383903775672664
2.052773108724524
3.724565064256802
.15866737762349453
.00035151511177777627
7054320792906185e-22
.0014921282101313044
.10595110471188995
.00018808144023664194
19390329863913168e-23
3.932665891197839
.007853858992983243
.04617449246210203
3.350868008524927
1571064349054717e-20
10332924887265763e-24
.5307298522915239
19799724377277025e-21
.7957805266590399
.9226197880349382
.01534785902618203
3151284993098841e-22
.006691969045907649
20733109240612073e-21
.0005021837971484763
.0009716216258653179
3113564355074252e-20
.0012844223066220775
.02562123113747345
.4835602383604413
.00013840715837886924
.00010752983386940918
35344656608563294e-24
14362516210687629e-24
.0021995433465936045
4229465134765497e-25
6382849443387952e-22
.0033729252585285342
8133145795533173e-23
.06158124842779117
2685229282166287e-22
4604205385817537e-23
44.69480968004788
155.47807132591294
7.167393013046605
13.24759321669632
35.45069470578275
1833159465546435e-24
1.8776456129098649
.9771368223780525
.0036370613249554267
.007165479767526687
.8572179542002505
.05893603376289469
.0002723600664518077
.0003429125475527914
.3148234469639872
.24301859921667962
5.185406280037548
.258892816491668
2.123681709768955
.0008848805532072803
7.668751876103636
17.227236317027984
2.4767820291838776
1.712266073012063
.36072538580530994
14.109202644976227
2.603287604408027
14.708533244714523
3.3657163513120487
1.473983882936185
6.965626629362105
3.233763490005777
.0008848805532072803
1.843382466331736
3.5395222128291244
2.1724239244934815
1.330323565093427
7.09021784351292
.09798201447658865
6.121231758811273
1.0091106966766341
.7784553180689404
12.210644983069491
5.881564949128108
.2775279303568924
7.392431989463934
6.383595803584211
1.8901955415864409
2.852568842514668
7.642234169405651
11.382893088628057
5.500356395534829
3.8448072629936227
16.65819344500656
.0008848805532072803
1.3720255354414237
17.08303674208618
4.740576814664207
16.77299205599683
17.685142193099168
1.8871557908805423
3.1182949741106762
7.606304278557619
.03686764932663467
2.5660249663415806
3.561827298217593
7.107439257333464
2.3668334022566992
3.7094677061866643
6.253914987065515
9.436938068815206
10.647933985065142
5.262554471630717
.36766118411384485
6.637405971169218
8.632657825956043
1.4073551482632307
.9547644053465432
15.129364787884422
8.221439031497313
5.380719511533013
.3919280579063546
.08155745063233319
.09216912331658678
1.0593373294330575
2.2290337525317243
1.7913671795632315
4.430729347824384
6.600942610986156
4.852543381845086
1.6648930302057787
12.346083694579104
4.816872159955505
6.015469155363916
10.671438528752255
4.271348303650152
6.85207787094116
.0007651539698514064
14.556199343545195
2.15034897446036
2.0561413497783354
.00013198814924059065
18.601555438528656
2.2540372915093294
.5859992146312466
.616865919228632
.8940861586919923
.0008848805532072803
8.602228513117376
5.090203901018379
2.7429476657756564
7.033679881602558
.03686764932663467
4.291612392407588
.26557464658469465
3.8347831934868437
3.3820592963685954
.0007651539698514064
1.3047215738651208
3.14067027050812
1.8361228342121059
3.1088474359010703
5.491559233600241
.5530147398995209
.3686764932663471
.17032343494652422
5.141514116344212
.0008828838481152806
.7388931943682401
13.44117478596448
14.031615940749486
6.6571549367197775
.07918345894071782
.08640555669714096
12.845169871058324
18.5816275365308
1.8252895280428334
7.652644528580748
22.966794053252475
.2039659335408347
6.651617825467143
6.651617825467143
6.651617825467143
6.651617825467143
6.651617825467143
6.651617825467143
6.651617825467143
6.651617825467143
