.407724998191936
7.011842566602951
.16700981354765584
1.9923517338538732
.121628712826352
5.127026356667489
.002559871543734046
6.486156113188064
47556738621079695e-25
.0933138469398638
.735859008596154
8213002901413842e-20
6.928107803390119
6.192728928816305
.0453865268065104
.012894371267718282
1.4679215104244319
.15424975405924019
1.4703820887620191
.0006483825287359199
3.259917949003829
1.4063351732007647
.05103450623664399
3507911090610542e-22
.6233959525857461
34625707304280785e-26
7461293357820971e-27
.8370508753975826
23139072604584173e-21
.675955015797064
7.133060845515521
.3299599708049177
3.826587876233722
97.41633818801186
123.64382800411929
4.002675570051669
1.1549113787368035
2.3097787208771043
4.473723357071373
9.75361732252434
6.608049023354374
.000249630915183457
.2091855291937312
.015003706348833547
37.79663012559502
42.40147028999107
4900349591817256e-24
5.964932624784461
.013613498403592071
.09126450280434062
.32053812027008943
4.855791512188999
11.291615070096462
4.493971983393478
5.578979832275592
.03923804969743801
.09046523845834147
1.059374921477746
1.6439968533945812
.07556694908157537
.0006190705077465777
10.02789474435325
9.527681869730095
.3709103850034772
.6264431277020593
.12155067503620162
.04537518842370058
.011021781786330623
.2110840980658595
.007796837250791656
2.0575481409245544
.001394128959773498
.00027149538193051734
.00011049415406579603
.00460035740109558
.2708581063790061
.0066711713324035275
.0027580358165544432
.0091674181764201
.8384349215082108
2.0529272477514446
3.724449954619608
.15865779711724465
.00035144647463599186
7053608439020083e-22
.0014912418424143697
.10593378092779202
.00018212096319120415
19393431406634856e-23
3.933083677938683
.007848510933836643
.046178102415988714
3.351408789728625
15701203549932092e-21
10333530449952e-21
.5307674341161721
1979637963124458e-20
.795735514577838
.9226334578559063
.015344234898675181
3148099834790466e-22
.0066903827819814726
20719646336816336e-21
.000501883870782786
.0009716220162493259
31091933074307425e-21
.0012826280981232748
.025617408845899338
.4835603241472858
.00013395924371673268
.00010735504692393855
3415653278105099e-23
14330456326892455e-24
.002197949699552494
4223126889824068e-25
6372974221514451e-22
.0032669763424335186
8116793285384739e-23
.06158561948411318
2598019560578628e-22
4596704243726867e-23
44.69480904879633
155.47806913000306
7.167392911817222
13.247593029592629
35.45069420509136
18316192416148965e-25
1.8752822778421967
.9759050616124063
.003632779194543309
.007157036915535821
.8614192777595722
.05923881425037433
.0002720118401580026
.0003424739889964153
.3148234469639873
.24301859887150304
5.18540628001203
.25889281612394416
2.12368170976934
.0008848805407095825
7.66875187556087
17.227236292558917
2.4767820291537417
1.712266048828704
.3607253847785029
14.109202445703511
2.6032875976549725
14.70853322382295
3.3657159516835673
1.4739838829363556
6.96562653098239
3.233763444333399
.0008848805407095825
1.8433824663319496
3.5395221628383333
2.172423924493733
1.3303235646442282
7.090217833442179
.09798201447658873
6.121231750116853
1.0091106952433224
.7784552256390136
12.210644965725846
5.881564866059245
.27752792643719926
7.392431885056191
6.383595713424866
1.890195541586786
2.8525688353344627
7.642234061469802
11.382892927860643
5.500356317850002
3.844807208691108
16.65819320973292
.0008848805407095825
1.3720255349781436
17.08303671782193
4.740576813652429
16.772991819101822
17.685141943321316
1.8871557642271113
3.1182949300691294
7.6063041711292305
.03686764932663894
2.566024930100074
3.5618272479117734
7.107439156950845
2.366833402180553
3.709467700917844
6.253914244506637
9.43693793553168
10.647933969941127
5.2625544698537565
.3676611841120355
6.63740587742516
8.632657704031848
1.4073551482633937
.9547643918618338
15.129364574203345
8.221438055324382
5.380719503890394
.39192805790635493
.08155745063193183
.09216912331659746
1.0593372036525925
2.229033487867302
1.791367179563439
4.430728821741536
6.600942517757091
4.852543374952674
1.6648928325246302
12.346082228666305
4.816872153113759
6.015469070403844
10.671438513594854
4.2713482433233425
6.852077861208667
.0007651539687646039
14.556199322869992
2.150348944089694
2.0561413468578515
.0001319881492405958
18.601555175807754
2.25403728830776
.5859992063548288
.6168659192287035
.8940861574220582
.0008848805407095825
8.602228391622953
5.090203893788401
2.7429476618796524
7.033679871612123
.03686764932663894
4.291612386311907
.2655746428338249
3.8347831880400287
3.3820592915648158
.0007651539687646039
1.304721418948946
3.140669897600496
1.8361228316041303
3.1088473919929567
5.49155922580019
.5530147398995849
.36867649326638985
.17032343494654395
5.14151411631891
.0008828837432860277
.7388931066357236
13.441174766873022
14.03161427470494
6.6571549272641475
.07918345782236243
.08640555599804418
12.8451696896383
18.58162727409135
1.8252895022631765
7.652644420497867
22.96679372887869
.20396593354083575
6.65161782322115
6.65161782322115
6.65161782322115
6.65161782322115
6.65161782322115
6.65161782322115
6.65161782322115
6.65161782322115
