.4173268296958122
7.006788537306922
.1584341133393113
1.8986819053490642
.12010840433506924
5.0640126633952995
.002514581745317565
6.360157981270459
44999717358155696e-25
.09108668813369207
.7206221520368274
8102892426010053e-20
6.8144116893261915
6.094244455952765
.042785152286686515
.012323199475040908
1.40330588482575
.1396803978604827
1.3981134064899357
.0006099510491119302
3.0967336253829014
1.363353189820036
.049083282906218904
33401970819844947e-23
.6062532591186601
30247422599705936e-26
6955158696205276e-27
.8267378440149044
22935309620808585e-21
.6723404103619834
6.957206879971396
.3202948190828187
3.7315778687250463
95.68398330426714
121.20282092579451
3.934668829918433
1.119139537540716
2.2539275263562284
4.37066559881134
9.469005552601226
6.4025032455697515
.00024396948794696497
.20714935992376762
.014575050305563482
37.46725115125282
42.05260034863529
491570798471015e-23
5.9412649230677985
.012765541770428731
.08540219186475735
.3077198420336027
4.7383617381211804
10.987789521087972
4.304318605523893
5.544848470058953
.03704825806727446
.08648432952086337
1.0561531965414253
1.600708061075274
.07157703964707404
.0006161583062887594
9.837272605243076
9.351908800891051
.35435606781186174
.5867631295684181
.11350765869584477
.043370745027459766
.010409408518914056
.20780406881270005
.007421557114692618
2.0592780823812955
.0013331198938397373
.00025785159742968165
.00010159957834141729
.004376477780971189
.25792603358139093
.0063368739136315895
.002635630522252748
.008782308975026501
.7811177587875169
1.9224872945235942
3.6140521334592135
.15041307279112678
.0003285813629822177
6143684425202794e-22
.0013498569087346342
.09597536224018205
.0001620102781949284
17879972478366095e-23
3.872197544291815
.007411685933826629
.04315151918400493
3.207683770652277
14190559695392702e-21
9537361536829624e-24
.5026675380558984
1766223731853426e-20
.7710061476174969
.8953648644263962
.015460709384630459
2869486348061965e-22
.006618230605630406
18601717367651315e-21
.00045502927872854304
.000959382033020458
30140157788122997e-21
.0012466880291411382
.02436545081850236
.47423083448865194
.00011813160965480957
.00010817674642371002
32887399085034194e-24
13411136108289222e-24
.002043511250286656
40723555960295817e-26
5938754985236932e-22
.0029615246327585327
7197438139847908e-23
.057904762450611554
24577857464133405e-23
4566383904879642e-23
43.84469373983903
152.52080653983887
7.031065884824097
12.995617870038929
34.77640610545972
16847158442044896e-25
1.8271089449546534
.9525800270103351
.0034272066611613587
.006766585311353369
.8372857389726617
.057657043973019045
.00026167979955990647
.00032991327427151754
.31470255491352667
.24000400192910565
5.160571244476537
.2556813027026666
2.1175731418256154
.0008680497160508542
7.6129993595563725
17.013535884052466
2.4632490007995584
1.679697980811501
.355637679746338
13.840839088715562
2.567197178627851
14.526076821351745
3.2701478620212026
1.4711560101045753
6.833137191023419
3.1722558136245853
.0008680497160508542
1.839845893608552
3.4721988642034205
2.1682560779749855
1.3176111507885109
7.002265104305888
.09793498542694656
6.045299098857657
.9965928796088511
.7563513167322646
12.059174365741681
5.769694865053009
.27224922083472414
7.251824515886112
6.2621768605945105
1.8857111042892136
2.8132424708573187
7.496875342894733
11.16638520036076
5.395737074362033
3.7716772515963317
16.341346905462967
.0008680497160508542
1.3589146220507922
16.87112507609759
4.698827648972426
16.453961993806754
17.348762613661663
1.8512612154036685
3.0589835622769206
7.461628855179159
.03679691787217099
2.5172179853413983
3.494079696557315
6.9722524772581345
2.351749160024478
3.6634524986204196
6.076336978379713
9.257443144538911
10.515848486205757
5.212266124869859
.36590030404220564
6.511159441468763
8.468460683676007
1.4046551042300002
.936604345018745
14.841597276097552
7.987993777642009
5.313972758416387
.39173994170778625
.08116683858048354
.09199229468042758
1.029257769049471
2.1657410189581663
1.7879303993940798
4.304920139314248
6.475389631251503
4.792348548347168
1.6176189003862533
11.995520413484634
4.757119820855544
5.901052151389237
10.539061460713091
4.1901052844917555
6.7670792106305235
.0007556623873572044
14.375632591864957
2.1094483429712283
2.0306353261410917
.00013181118957607596
18.24774525555273
2.226076408157286
.5748532386918909
.6156824474187111
.8829951980925234
.0008680497160508542
8.438610150433426
5.027060936147914
2.7089219466749053
6.946428484544519
.03679691787217099
4.238375796035244
.26052329404525726
3.7872134722771005
3.340105524870815
.0007556623873572044
1.267674402700249
3.051491896045245
1.8133460964088683
3.049715720611169
5.423437535822687
.5519537680825656
.3679691787217103
.1699966654208546
5.116889298341344
.0008578146305174362
.7179125474680543
13.27443969168699
13.633192485592897
6.574574256558332
.07767735294925573
.0849250142592226
12.600848802454426
18.228196391462507
1.7905716774826999
7.507087692226151
22.529955014000905
.20381085299357263
6.588055753942563
6.588055753942563
6.588055753942563
6.588055753942563
6.588055753942563
6.588055753942563
6.588055753942563
6.588055753942563
