.5037433132306982
6.961344845829895
.11062216760716455
1.2251082720497612
.10722337036368691
4.522844288347408
.0021373986295068754
5.362545560286721
3185344038092568e-24
.08116416304675464
.5976358617046196
6990405770125838e-20
5.812171460379294
5.214836391927938
.030906077194262513
.008470573363687974
1.0516899412922125
.0754223037725021
1.006751285589562
.00039239924657544966
2.235236204785597
1.1041891902657897
.037363030996959354
2461014529311566e-22
.5166507019626587
11558652853135775e-26
4801331475687444e-27
.7394126755202372
19482814471841195e-21
.6567857978362169
5.571678663801734
.24274411435323756
2.9722663681499797
81.18088854192769
100.28767610402292
3.3445777290744263
.8482514716996883
1.805287940348646
3.496651777791346
7.2538183291730665
4.789395055046737
.00019871803317164985
.18970615246485795
.012596508414922847
34.62677861813385
38.70145622438868
5024142155336348e-24
5.4096766514905745
.008875135601813217
.0542259664852096
.2358986020074311
3.7913634743338704
8.668268041880593
3.279404253991515
5.227834641825412
.027369948987187174
.05958132702456636
1.0179455066164194
1.305862833509794
.05423908312592676
.0005860858827243431
8.279781217566617
7.867822916192602
.26478463941914515
.37399211386742065
.07102832585609664
.029849717832139723
.0076913334075274405
.18631034819157383
.0058936990095848525
2.0602604635285258
.0009203387627928226
.00016767599824914098
5676834214715944e-20
.002888012090583285
.19426102682746407
.004211708305208016
.0018099738955072555
.006143340324098034
.5076904176374132
1.2241860792809598
2.9920819214810654
.10208797128850544
.00021947865805972238
21826045077925185e-23
.0007271664224272303
.04202473730135295
8733207812680155e-20
10307843216030142e-23
3.4433444519100362
.005013913836832617
.027177714450316172
2.419973207626763
7502159871550771e-21
5448082687199261e-24
.34520437693393485
7785274051082774e-21
.6493394143424642
.7567142921221998
.015734423015440813
1634333833275138e-22
.0057123052795599455
9896657168106354e-21
.000247372755819484
.0008564055590589031
22267695567881774e-21
.0009393324106528018
.017056332449353954
.3980125178506063
6128114177562574e-20
.00010746484673609839
26882362687232398e-24
8574288765744233e-24
.001296739206334681
2883874932215948e-25
3389942631496875e-22
.0018126062984670285
3215788272894562e-23
.03861648212568762
17601886278768096e-23
39851101269667464e-24
36.88558155027245
128.31241748706094
5.915081893806606
10.932928978494411
29.25662957163665
9918854877309376e-25
1.4902631736673297
.7871823013548573
.002158142271526126
.004344015071932804
.6895949929531785
.04809824607416094
.00019290753424740787
.0002461782245102048
.3136166133336572
.2145009503353036
4.942340665393307
.2285123663433356
2.0633806779935777
.0007302712337568759
7.129117226277991
15.205661515473562
2.344731197358284
1.4130931605699486
.3129589197085016
11.643995096882863
2.2640860258037714
12.982522198708853
2.5233457963331247
1.4459480500966804
5.7485688142617
2.66874940913215
.0007302712337568759
1.808320507185751
2.9210849350275065
2.1311034496167043
1.2085289535588577
6.258197810455751
.09751273845854841
5.40291991526524
.890693980330547
.5836237369547448
10.777755124578315
4.85391805284126
.22903731285441106
6.1008013000654655
5.268232380508261
1.8458269164296195
2.482826969078255
6.306957199276941
9.394035555901556
4.539315545483382
3.1730295499510692
13.747617613646476
.0007302712337568759
1.246412999146269
15.078383414280227
4.339247915291434
13.842358223526059
14.595134407361108
1.5574255561416355
2.573455942395699
6.27730510033179
.03616641014371496
2.1176804159942466
2.939492800548622
5.865603460820025
2.2202443253674904
3.274170581099072
4.688686878525787
7.788084370734943
9.398424508519213
4.780753807213588
.3504270877149771
5.477695978222704
7.124330688828163
1.380586623763542
.7879447431773817
12.485911063996575
6.163779550778435
4.749305001476303
.39005095383419364
.07773444992685676
.09041602535928751
.7942066764127722
1.671151803134849
1.7572945744405997
3.3218076354426267
5.447603619506837
4.283109071915094
1.2482040643372594
9.256109291488169
4.251623782231096
4.964426063824926
9.419170850463138
3.525043899095909
6.0480029916471665
.0006753649894081523
12.848064314931934
1.7746327375997308
1.814858101284355
.00013022919094596977
15.351428834835293
1.9895314296041773
.48361145230081426
.6051328534901989
.7891672955866106
.0007302712337568759
7.09921808832121
4.492880700029863
2.421069345825192
6.208294442569983
.03616641014371496
3.788001986717941
.21917254720199633
3.384780596975482
2.9851827617300333
.0006753649894081523
.9781762202017633
2.3546241862198825
1.6206582300298926
2.565659109976581
4.847137948398704
.5424961521557254
.36166410143715005
.16708380701972572
4.900505944293672
.0006619159234626649
.5539632106019351
11.863885210866684
10.519786994542363
5.875953795546945
.06534825750682934
.07269110384786762
10.600818399223058
15.33498280319247
1.5063687757358877
6.315548625329976
18.95395821268544
.20242042335220925
6.042644767794294
6.042644767794294
6.042644767794294
6.042644767794294
6.042644767794294
6.042644767794294
6.042644767794294
6.042644767794294
