.5421506392462033
6.941189365697511
.09845944243314693
1.011511905445381
.10194856046258534
4.302331653410624
.001986779187894506
4.9781629698732095
28840911908936783e-25
.07955770110546805
.5502749756640963
6497111003987395e-20
5.39939571217122
4.849615507461992
.028020616655989764
.007557405935805801
.9587222254487152
.06338394115568118
.9107103601562483
.0003358088604580678
2.029951916059775
1.0270036780328438
.03539555156551732
22575146581241359e-23
.49476245118660117
8079284280060407e-26
44425017206918724e-28
.7035995398696486
1823052589734763e-20
.6485898265728296
5.056089521493942
.21386771333498056
2.684463635285744
75.37066491274372
92.00389910083973
3.104510383746636
.7510691238762348
1.6342102329917594
3.1550854747061603
6.44331784444516
4.200718085220772
.00018155793634651941
.18243975302612916
.012216327342234896
33.43291469789494
37.19105925841015
5065471786777442e-24
5.091942539335878
.007933149624080938
.04662564215738063
.21630481663364476
3.431611952819537
7.836950718003793
3.014383376998761
5.086318709582857
.02512115933372271
.0531896396600508
.9989525583873073
1.2120561020853187
.05029565001018447
.0005714759794043244
7.670350362020856
7.2704966825571775
.24123967479907493
.32192897100815193
.06076162220981108
.026647467503982763
.007052721785502499
.18695773161241824
.005586707452611032
2.0543511361173303
.0008224537329822566
.0001460559215406361
4662220821038933e-20
.0025315194737016086
.17657004643639534
.0036038942488951244
.001614141549256267
.00551417903053765
.4501924463240979
1.0535984321062382
2.820629720117901
.08900022011272546
.00019627442101604527
15015204560220192e-23
.0006085654960619218
.03010803168711028
7517556934374948e-20
8627464979059973e-23
3.2825489042076206
.0043979732537411526
.02333428020092739
2.2100913850709976
6214427727690079e-21
4505032711981034e-24
.3036678438707102
5828103487479757e-21
.6224458703906063
.7238449161686261
.015608034610549397
1397057632428717e-22
.0052687164665326195
8395771150095123e-21
.00020752636001290914
.0008144570432356735
20147235786190986e-21
.0008557637560761338
.015088185144018293
.3682269708604798
5246036050158695e-20
.00010907006425213551
26283025645417853e-24
7754265450021272e-24
.001139208033019472
2566210569607911e-25
2838386955062684e-22
.0016289527716160349
25813662383775183e-24
.034022003455090495
15695290971727227e-23
38163733149874196e-24
34.15831630931215
118.82518747771158
5.477729503837491
10.124564410775802
27.093437735020846
8490837245197338e-25
1.4335798208175814
.7609053426892987
.0018753684939627952
.0038077051108515343
.6580023900990595
.046127901691250396
.00017840292729129253
.00022890822246219325
.3131351762221023
.20405399599482738
4.848335134985668
.21738300652608875
2.039742441413501
.0006762760608846833
6.924049817652815
14.465092061955653
2.2939036450337764
1.308611146268274
.2956729440870012
10.783055354063322
2.1411211150916167
12.350227486624272
2.2487257994270293
1.434883600461493
5.323528154646874
2.4714260325049024
.0006762760608846833
1.7944831696861805
2.7051042435387354
2.114796164729061
1.1629926493989686
5.953401460242383
.09732565797074151
5.1397786211507235
.8473140357228203
.5201069771552181
10.252840360782178
4.495026544788411
.21210263334069815
5.6497170924057105
4.878707085019037
1.828372458932043
2.3487164135091714
5.840630129921429
8.699454487441592
4.203685280631123
2.938420446978758
12.731139139188624
.0006762760608846833
1.1994492575902005
14.344012854098832
4.188396361983606
12.818874768765003
13.515991797068018
1.4422718183902248
2.3831784234884044
5.813170463232344
.035889663393723556
1.9611022641185092
2.7221510587608995
5.431909432866364
2.1641830952094163
3.1147069026855103
4.178409144120329
7.212244953128833
8.940688020361787
4.600619223894131
.34376180774338105
5.072683254711926
6.597568234879426
1.3700223222558745
.7296852764820765
11.56272130216109
5.492964982428578
4.517997063577381
.38930263188296604
.07625590591480842
.08972415848430901
.7077718186393265
1.4892775219033911
1.7438476893247856
2.960289684199662
5.044815880407173
4.074506523350013
1.112359901882554
8.248751239854968
4.044554678544517
4.597363757196144
8.960423942134232
3.264407376779985
5.753443871950798
.0006424723276438378
12.222318176969464
1.6434190227195808
1.7264680979350762
.0001295321886960106
14.216366935288999
1.8926342178597666
.44785393815690083
.6005023538124324
.7507320593272704
.0006762760608846833
6.5743124228408725
4.274061531830152
2.303154712480094
5.90592856273413
.035889663393723556
3.6035129029399187
.20296725384252864
3.2199298198863473
2.839793811419926
.0006424723276438378
.8717196453812264
2.0983664479129143
1.5417264467246297
2.3759580773046265
4.611065200237193
.5383449509058542
.35889663393723603
.16580527535498052
4.807296128996073
.0005898784923988904
.4936744561225982
11.28607207341982
9.374900758144577
5.589774079732774
.060516504183032754
.06783551125015236
9.817009595598003
14.20113689885531
1.3949901006692325
5.848586318663298
17.55253062934592
.2018055032816537
5.814963246994848
5.814963246994848
5.814963246994848
5.814963246994848
5.814963246994848
5.814963246994848
5.814963246994848
5.814963246994848
