.6093634597733373
6.905954110371075
.08379049433943238
.7329046376148367
.0932851623604111
3.946993899623825
.0017466994244086048
4.3732992796159715
2549427477067064e-24
.07822347532603785
.4766187007182252
5689794356649057e-20
4.736478239048616
4.262884311927057
.0245139399306625
.005395346991577889
.8430719182917092
.050685296498105714
.7881377078518015
.000262400441848191
1.768060486660402
.9155720819512784
.028519342913293742
20349895086979327e-23
.4658864999549892
4607714536022638e-26
4153077714478624e-27
.6450204886866414
1358916535051051e-20
.6264300099477321
4.276498009860513
.1710208917350633
2.2442738387910293
66.11242075750175
79.26123119631188
2.72227856671019
.6074160661333854
1.3714386214527263
2.631441353414163
5.2379706305398805
3.333464513460623
.00015523777945550355
.17039609936308156
.011793647338843522
31.439593931877262
34.61720336978637
5140068556423507e-24
4.520085082585793
.00678189649989243
.03753868312288701
.1915478275483171
2.8835478267179924
6.612610929946188
2.663276386573127
4.842757583031872
.022483261945779418
.03803905240754343
.9663041516288823
1.0813532199059357
.04579131041977118
.0005453076134414093
6.71070702583563
6.318958429028161
.2120401794795782
.2597682368879095
.048539970102698095
.019046985992746436
.006294827877816984
.16385952471499465
.0052911503361417495
2.0374661806035554
.0005885700679159557
.00010010306640046069
3457118226799935e-20
.0017540679466888623
.15339584243713464
.0027766281679781762
.0011513613470320047
.00397097690678027
.38730434283067805
.8500749580041449
2.578758635718249
.07266108644175605
.00017053709445619862
8558108814317798e-23
.000481915620727271
.017557405480373
6398462220668012e-20
676168801167381e-22
3.039702735491714
.00359654453429614
.018781048070097086
1.948060622071918
4826894211446088e-21
3416816160107015e-24
.25182178537228983
37698356494705996e-22
.5890658056035832
.6815590244086989
.015225438135361974
11411424821637364e-23
.0045275595791159015
6872932242343877e-21
.00016482044171268678
.0007461171004757117
14556133833504121e-21
.0006246203506983867
.012642564098232577
.3214096666999276
4455685361868744e-20
9523807122656023e-20
22365240827413294e-24
59157033188875364e-25
.0009657400843540239
18042513080136703e-26
18628965208672963e-23
.0014612607320222757
1640831157300897e-23
.028653465693860576
13221548526707135e-23
3008327926905835e-23
29.861810836908226
103.87910337817917
4.7887290690247815
8.851075225808412
23.68556767372578
6918575072875515e-25
1.166756376895766
.6241031419930837
.001300054835358338
.0026805534922444826
.6147330433593796
.04373970328762316
.0001363606498878383
.00017665622255392678
.3122944389589631
.18698118147215662
4.688107414278207
.19919497873125686
1.9990252755150746
.000591212623619929
6.579273384035579
13.254824982288238
2.2075922629017435
1.1440112608325383
.26768807569495995
9.42673978164334
1.9417833674330351
11.316907153131405
1.838086810432474
1.4157241502597504
4.653923492583917
2.1605648244422544
.000591212623619929
1.7705221244025005
2.3648504944797173
2.086558102915594
1.087393700453935
5.455291543726503
.09699913035002145
4.709742999164084
.776420862061482
.4251304338512495
9.395004468097067
3.929632572398172
.18542391426662147
4.9390836939311615
4.26505296052328
1.7982233760964204
2.131217666029424
5.105983284677084
7.60521865117375
3.674936830357781
2.5688196910063086
11.129789456547865
.000591212623619929
1.121480490346847
13.143876244301484
3.9369152561622864
11.20648951255597
11.815921682510355
1.2608598101315447
2.083417186853874
5.081977553103879
.03541044248804995
1.7144306619988277
2.379753125128326
4.748672343761056
2.0694605682412757
2.8541052272182976
3.415391391140236
6.305073486337658
8.19263744907785
4.301561462864898
.3324011716925564
4.434630396184473
5.767712109389132
1.3517289398169818
.6379039148028672
10.108337693181133
4.489896672569859
4.139984736475574
.3879965214000858
.07373580166148551
.08852610622012502
.5785258678351222
1.2173211028137234
1.7205627601832885
2.419712276602659
4.410268239324213
3.7336002166373015
.9092322703929699
6.74244981774975
3.706154386421147
4.019097593180331
8.210722103350179
2.853803293385298
5.272064031220296
.0005887178748955081
11.199699775133531
1.436706292483447
1.5820177554085775
.00012832139911429384
12.428202150407037
1.7342810682277503
.39152191995364427
.5924840762739629
.6879197181984936
.000591212623619929
5.747381462712478
3.916458832428628
2.1104540842395947
5.4117906143733485
.03541044248804995
3.302013747669745
.1774376021771308
2.95052434060169
2.6021935978655213
.0005887178748955081
.7125352423929886
1.7151845246519246
1.4127330911115734
2.0771050311268593
4.2252660369726485
.5311566373207501
.3541044248805001
.16359134112691612
4.648424664860558
.00048216099842517785
.4035247457371551
10.341787624298446
7.662953587782729
5.1220881830580085
.052904609936293444
.0601055836617474
8.582205307582496
12.414887780257647
1.2195252871461877
5.112938727124568
15.344736099292845
.20073388468231784
5.436968502269681
5.436968502269681
5.436968502269681
5.436968502269681
5.436968502269681
5.436968502269681
5.436968502269681
5.436968502269681
