.6477707857888424
6.885820430991192
.07744100761210333
.6155444785764282
.08867600244912302
3.7591473460550433
.0016220948622221046
4.062209856489514
241359751494984e-23
.07786732109648324
.43922522974112005
52638684283578985e-21
4.389707030416436
3.957872164811232
.022929463779922037
.005083797132236839
.787964081742979
.04573617715547397
.7325580692634753
.00022969043483681012
1.6490386520672704
.8601230193143927
.028854872112606775
19465355622450973e-23
.45203857290876837
3421663762427594e-26
407881561930756e-26
.6137487290915987
1292170994501262e-20
.609739700065496
3.891743380759385
.15042244445792777
2.025244058533499
61.31464095924205
72.90472519161725
2.5248982211695656
.5381598008628833
1.2401611799962797
2.3715880915266077
4.65496440800806
2.9190556656345406
.00014206828087097586
.16387930040810253
.011612720186476138
30.353198423896853
33.201635500616426
5186768179055926e-24
4.202956246935613
.0062639905557881565
.033646611379634137
.17961673826683472
2.612274846987066
6.022789234070383
2.5008901861004236
4.706849154655438
.021313156907653945
.035850277420748505
.948644079980098
1.020596249657148
.043820763206054644
.0005303100658177014
6.217595939846313
5.826816976829056
.19814703363781366
.23324958172706928
.043332246902072546
.01795790573383016
.005954863019986991
.1735341995708187
.005181195824808179
2.0248540228305765
.0005552691187920562
9222649825900595e-20
29279631687190534e-21
.0016258529838522257
.14232915012470607
.002389889138669736
.001084388654830788
.0037572964320427126
.36189027646564104
.7632843727960702
2.458354418537131
.06542758146406491
.00015984318819445243
6446268466484426e-23
.00043208280029702426
.013202380321920053
60056193686298556e-21
6021066259805031e-23
2.9063338968592127
.0032336309212819274
.016848854977389544
1.8228040173162894
42787742947459e-19
29718817634952673e-25
.22864438912322718
3017450956130913e-21
.5738807195742756
.6616178464910736
.014953662155478357
1037794588015801e-22
.004137140077696898
6295886196722716e-21
.00014796238650723455
.0007097522005759972
13749454898809846e-21
.0005929578700540533
.011554842905128147
.29740350504596746
4186398735981933e-20
9980732266902933e-20
23334594977974844e-24
58568607984112104e-25
.0008952648982916516
1679036613463114e-25
16848890279407987e-23
.0014025413836825835
14767677426012011e-24
.026381141788495033
12064698158512164e-23
29731961513963805e-24
27.653872718725783
96.1984361445693
4.434657525711675
8.196639817162373
21.93429183840461
6280660442774018e-25
1.1846250451791103
.63636289661489
.0012134032340957409
.002524499225795362
.6539602728946158
.046880724479909305
.00013395667826845785
.00017451872102119438
.31181503153520174
.17787453707633213
4.59893751402596
.189493479241002
1.9761242990268486
.0005474992368206358
6.390022106263761
12.609268158375643
2.1597375188673213
1.059424760562428
.2529025901038885
8.729740587329506
1.8363230545494664
10.765733776790979
1.6380446747888735
1.4048909750589722
4.309819274172603
2.0008158574842905
.0005474992368206358
1.7569740215697651
2.1899969472825442
2.0705916807200406
1.0464216656134844
5.189599564602585
.09681303523148019
4.480361869194605
.7386064219310652
.37886276062057944
8.93743454520682
3.6390813531691784
.17171394434658374
4.573895152074701
3.949701253989557
1.7812190658817957
2.016099378909339
4.72845443397835
7.042900034638799
3.4032174375193924
2.3788849631531557
10.306869288622728
.0005474992368206358
1.0792240953500811
12.503723016061228
3.800050574969138
10.377898255953328
10.942269912804946
1.1676337009823663
1.9293724020933465
4.706223650685569
.03513948043139525
1.5876681950378688
2.203797699466717
4.397562535457335
2.017206632067589
2.7151002152277655
3.043688496551862
5.838885679963229
7.793627049607375
4.139482423735588
.3260787527067451
4.106740384916825
5.341256008298203
1.3413854584076175
.5907382430047505
9.36094215758789
4.001253527914114
3.938352847627773
.38725214092592075
.07233331372805014
.08784870107848824
.5155639068058844
1.0848379623065647
1.7073969483112652
2.156370845334379
4.084179529895449
3.5517606902133436
.810278965177372
6.00865745638945
3.52565156893206
3.721931462661872
7.810830917299026
2.6427972995534654
5.015295879546756
.0005600452336493233
10.654234812354245
1.3304783545619427
1.5049678993056426
.0001276346075950426
11.509279268662539
1.6498154506377116
.3625733683774891
.5879503655219288
.6544155965687865
.0005474992368206358
5.322428579561338
3.725713445128117
2.007667511240282
5.148217284256716
.03513948043139525
3.1411940076648937
.16431812835869905
2.80682337700988
2.4754575725699426
.0005600452336493233
.6349888116147342
1.5285180552627575
1.343927996472235
1.923526957823105
4.019480647376133
.5270922064709295
.351394804313953
.16233953394439896
4.56000954825438
.0004296865911765183
.3596084565476859
9.838106015432107
6.828981224596478
4.872624385258067
.04899292134031779
.05609067374552541
7.947649742946116
11.496949343345815
1.1293553914796646
4.7348956013005745
14.210169011847361
.20012408803982706
5.232108328067431
5.232108328067431
5.232108328067431
5.232108328067431
5.232108328067431
5.232108328067431
5.232108328067431
5.232108328067431
