.666974448796595
6.875749040574894
.07414398882699094
.5657928424799675
.08649336242478166
3.668865443997463
.001563017916259843
3.915325477594821
23377498802190916e-25
.07774352853169124
.4216873069632724
50661436613732644e-21
4.228330723668281
3.8133474486547456
.022038345651396153
.0044776351871963355
.7579124307791406
.04335743168791748
.70772315799514
.00021515621655868647
1.5948695708763723
.833978985790257
.02624519757783161
18955648820162643e-23
.4454972318145428
29401618639376796e-27
4025900074525998e-27
.598682501871047
11398577654273106e-21
.6005297675966289
3.713963838583461
.14105471937809014
1.9237729894847624
59.042582327595234
69.94989850251223
2.431648176054737
.5065862163406302
1.1792168610165896
2.251479759429901
4.388918896226816
2.7313228467150927
.00013594032178274073
.16071622679763337
.011528988953216527
29.823864327011727
32.510609558491524
52116868599053125e-25
4.049427226324412
.005983311724645019
.031700312681335406
.1730889252112172
2.4869532379694124
5.753379060684765
2.4267674307096363
4.639915144772656
.0206232767190239
.031595524153665074
.9401770531649732
.9931597887072827
.04260122034053761
.0005228464452731634
5.9848661572847375
5.594134377145395
.190564501662382
.22004148758867137
.04074432885655152
.015822738894248588
.0057554691943115304
.16203215184008077
.005095903908481765
2.017875847532528
.0004893242040722081
803360286309198e-19
263291998084958e-19
.0014206048127444087
.13615237156105586
.0021777692250806624
.0009548379273056981
.003315522945639658
.3483493797441792
.7200436858419914
2.401067850177476
.061750023461363324
.00015399947488490412
5602817259779652e-23
.00040770463879266145
.011515222372729287
5760690373307195e-20
56702231794536517e-24
2.821782029576177
.0030694944694485927
.015885622037557962
1.7543697941212726
4014420985169127e-21
27613314948803013e-25
.2166358386083569
26953168446745054e-22
.5669983382322309
.6520663235831571
.014810404035046182
9855227053488415e-23
.00395255996862257
6010668763202199e-21
.00013970635666239457
.0006922575450519722
12115177085293728e-21
.0005236848700067623
.010988621015128614
.28608726029789144
40171923369951184e-21
9256747469476505e-20
2146251060801215e-23
5267982049832897e-24
.0008585334832132352
1468720540865771e-25
14455721455809762e-23
.0013688729074461973
12660862999368373e-24
.025196911805234912
11447514241897386e-23
26775557023541602e-24
26.611899176550853
92.57376388687968
4.2675635400917304
7.8877976556651355
21.10782706096008
5959948806769178e-25
1.0830111332601349
.5830341444866312
.0010662713843326386
.0022285065400979875
.545167504382354
.03901756255668004
.0001205639138718376
.0001575170328246495
.3115756038732831
.17348891239671108
4.554990613920155
.18482138118331334
1.9647723826509331
.0005268699482963645
6.297447774756901
12.298377580464535
2.1362005753203
1.0195065696580647
.2458189747039717
8.400811658836663
1.7857606204120602
10.50029686534894
1.5463421854919626
1.3995055131691312
4.147429083803262
1.9254268800536196
.0005268699482963645
1.750238896351804
2.1074797931854596
2.0626543440982634
1.026518257383096
5.061646253791692
.09672012160050297
4.369895324009779
.720395549223875
.3576529250248044
8.717075666649986
3.5019639762870325
.16524391432035593
4.40155481545643
3.8008799931118555
1.772777304528255
1.9608934688877553
4.550290439889779
6.777529770917752
3.274987205022432
2.2892506751568535
9.918515541188
.0005268699482963645
1.0586967702308798
12.195434729566058
3.7334129690210327
9.9868681996544
10.529974830071058
1.123638292608639
1.8566753510715401
4.528897292911032
.03500477792703603
1.5278462572641456
2.1207605451951794
4.231866256364264
1.991576546146879
2.6481574661009617
2.87329399139946
5.6188816155709755
7.601469567742209
4.060747616105411
.32296278291413016
3.952002028044046
5.140002191184155
1.336243436432896
.5684797468504291
9.008230110445517
3.7772517564941364
3.8412499248063914
.3868804864020119
.07164210518193845
.08751194481759023
.486701144774175
1.0241055884229757
1.7008518701812165
2.0356509544743
3.9302912461484207
3.464189475158415
.7649171998511199
5.672275393943948
3.4387240930459657
3.5816923667013265
7.61824926169897
2.543219027407829
4.891640151489946
.00054623691550122
10.391546988095921
1.280347103218212
1.4678618330315256
.00012729259148894088
11.075619773320748
1.609138063778052
.34891192353071493
.5856965363331524
.638280509230179
.0005268699482963645
5.121884163362328
3.6338532997542012
1.9581670243775098
5.02128428333934
.03500477792703603
3.0637456095415523
.15812676615815163
2.7376191273410844
2.4144233852036043
.00054623691550122
.5994402972201172
1.442947183625246
1.310792484859165
1.8510501579875898
3.9203774602863066
.5250716689055412
.3500477792703609
.16171722702607358
4.516434639161253
.0004056314902169127
.33947653270873857
9.59554043380818
6.446675059633013
4.7524863255348775
.04714691126029379
.05418493735619279
7.648189307915779
11.063754428718909
1.0868022760587788
4.556488909706349
13.674742372302848
.19981988474404686
5.132591286915488
5.132591286915488
5.132591286915488
5.132591286915488
5.132591286915488
5.132591286915488
5.132591286915488
5.132591286915488
