.6704788734373331
6.873910616010042
.07398366325374532
.5572688473680419
.08607507881370077
3.6526835908488255
.001552461815210398
3.8891206465549177
2339403791438786e-24
.07772724073781019
.4185662733235007
5071799120392425e-20
4.227574541911606
3.787490251036454
.02202550419756236
.004794808696951211
.75433713110847
.04318842433060337
.7030837528245354
.00021262250613315512
1.5853348746144507
.8293339425501567
.02830870213375558
1898148981911308e-22
.4443427085321626
28797273640331397e-27
40430613692412505e-28
.5959730391229214
12207304728578107e-21
.5988205579889487
3.6825086163350855
.13940789287543376
1.9058068600007327
58.636802801104785
69.42569503169199
2.4149894229123534
.5010303077079028
1.168417598311744
2.230204112727378
4.342089551804665
2.698349454613926
.00013485316959862835
.16014571666795296
.011514597390930163
29.728247740862894
32.385802639771995
52163804760904626e-25
4.021813862723015
.005973120392290069
.03156271484813233
.17230607864546213
2.4647868030590203
5.705911370431855
2.4137975077778298
4.627779875826341
.020636939243185083
.033820584390584
.9386633470733295
.9883457409728829
.04266515458695756
.0005214893847309583
5.9433488685920075
5.5526177772831184
.18966609442486407
.2190922554717207
.040555151813965774
.01694347913378511
.00575802208342649
.17536099119517828
.0051142473237370785
2.0165597848986283
.0005240539694935194
8585848287498531e-20
26282864383279475e-21
.001519011037452892
.1359464176982642
.002173995979403901
.001022463254815511
.003551621008580485
.34818124971788617
.7169503057612064
2.3909254303618965
.061499847587092454
.0001539562137081669
54971571598528e-21
.00040614956251112705
.011235940973631155
579115378536012e-19
5641856327733927e-23
2.8224286915048666
.0030410976691609476
.015818698692845273
1.7462283653939672
39949256939008665e-22
27421483006254383e-25
.2159176787661442
26580346953940727e-22
.5656759705245162
.6505448497387525
.014782686335750006
9827523882706511e-23
.003919338326567726
5996967599608222e-21
.00013917600640560787
.0006891129327871206
12974065913331188e-21
.0005610397568911093
.010957501139313435
.28406954977875276
4040544386490745e-20
.00010004474792062206
2331617575799312e-23
5690953450450766e-24
.0008573974862171505
15706684581709998e-26
15500998100588835e-23
.0013713018014170797
13579463559674822e-24
.02515070572029304
11412928046621272e-23
28785143795463863e-24
26.426032448271407
91.9271966312315
4.237757397070551
7.83270654270614
20.96040268020164
5942114793753224e-25
1.167644420666105
.6288140021229993
.0011406427079497926
.0023859419427538597
.6288737835463569
.04517086037624049
.00012960353328745743
.0001694156072715507
.31153193120535944
.17270033753041114
4.547016291631626
.18398129582026304
1.9627078490657923
.0005231901059495659
6.280699412921089
12.242476650991625
2.1319331402798376
1.0123859823860104
.24454787725030092
8.342137478254479
1.77668497147453
10.452568915001498
1.5301702009762048
1.3985249645140911
4.118462001466772
1.911979031316382
.0005231901059495659
1.7490126100816412
2.092760423798265
2.061209167266957
1.0229271974181695
5.038639094644173
.09670317566632047
4.350032443014849
.71712107008821
.3539125125729017
8.677453153122228
3.4775050459977392
.16408979354456865
4.37081283092297
3.7743333297483854
1.7712411125270038
1.950983424704902
4.518509634199339
6.7301931537158115
3.252113559180164
2.2732617549230865
9.849241190612755
.0005231901059495659
1.0549931404520339
12.140001715556807
3.7213791400141707
9.91711645041948
10.456429835873319
1.1157904132885226
1.843707686843921
4.497265904374555
.034980252201632776
1.5171752494090613
2.1059484184324684
4.202309435546316
1.9869346389976177
2.6361205561283145
2.8432444549035334
5.579637398705914
7.566917919655568
4.046541937748514
.3223973790447375
3.9243998760054746
5.104102634212047
1.335307211679173
.5645092872474061
8.945313508849031
3.7377484321385968
3.823789943623547
.3868127026652819
.07151668291775119
.08745063050408208
.4816111178377467
1.013395268369715
1.6996601864057437
2.0143616719182713
3.902840729736174
3.448443380987486
.7569175286089532
5.6129534982467195
3.423093748982737
3.5566765856972844
7.5836213433496615
2.5254563041693894
4.869405736476566
.0005437540553768538
10.344313348414966
1.271404715245131
1.4611898276985125
.000127230276848466
10.998263805703516
1.6018239027981258
.3464750017141207
.5852861742834435
.6353792750229054
.0005231901059495659
5.086111148976744
3.61733601723499
1.9492663904516347
4.998460585111676
.034980252201632776
3.0498196891409646
.1570223540121323
2.7251755791771157
2.403448887918011
.0005437540553768538
.5931712195892299
1.4278565266351055
1.3048344210600729
1.8381217820583187
3.9025578135499144
.5247037830244924
.34980252201632833
.1616039215707073
4.508527815973147
.00040138930744492503
.33592621293997266
9.55192495481225
6.379254322993574
4.730884419009687
.04681762088961052
.05384421639508468
7.5947717027124355
10.986481332781239
1.079211672246643
4.524664811754147
13.579233231525558
.19976442141780018
5.114635987090857
5.114635987090857
5.114635987090857
5.114635987090857
5.114635987090857
5.114635987090857
5.114635987090857
5.114635987090857
