.6966913857265621
6.860153727331142
.07044323718465793
.4986502344921612
.08315479803111542
3.534494777595964
.0014756467961240312
3.69880969300229
22661859860432197e-25
.07761633695858176
.3959696302834329
4839578530836736e-20
4.034729551879579
3.5997776839774827
.021078921409762565
.004393127944345302
.7233292857942408
.04067191085233497
.6718426723874578
.00019466470880824158
1.5165228228295817
.7954171452984484
.02727691631779221
18512662606568447e-23
.4358225857424061
2374787161690983e-26
4021200997224567e-27
.5760895748753835
11175321977277614e-21
.5855242806427331
3.4564354914696382
.12767135252877293
1.7766140987994037
55.68596503160208
65.64395713912126
2.29415716196775
.46138720552862733
1.0906819005237065
2.0776162680827017
4.007852784531176
2.464128614289538
.00012701331850198334
.1559429654092688
.011407129564973115
29.02251653879241
31.46424537878048
5252742531016786e-24
3.819566951409831
.005668673315808309
.029433086814924854
.16552214845830562
2.305584423169058
5.366453645529441
2.320272723712215
4.5377577217762735
.01993326157201569
.03099919749407339
.9276218949234809
.9540180199736262
.041470893708288416
.0005113764362406306
5.641843765230249
5.250965834111863
.18186069032668836
.2046435962522981
.03772216172600967
.01553111246063116
.005552187010935337
.17397713143615942
.005050892242585131
2.006289883761829
.0004804954225569193
7751158144472879e-20
23067563106055265e-21
.0013770127129793179
.12916960742502048
.0019212990513717567
.0009365001002360575
.0032618511559293793
.3344767695936981
.6696702370585549
2.316096522247528
.057458809494535495
.00014801396019063407
4621222357423326e-23
.0003801410810504465
.009386787701912832
5591999801478799e-20
5278045854082312e-23
2.730098747456592
.0028363558735385788
.014769224075685641
1.675547795891853
37102013430930736e-22
25118995143021578e-25
.20276701496543165
23141097395442753e-22
.5566485825367626
.6384670126548286
.01457880266895632
9270103881635537e-23
.0036801600392962434
5699741470048862e-21
.0001303521578728788
.0006660510186667625
11885547044409516e-21
.0005154816934966388
.010341738891978904
.2694255717735711
39073950209451504e-21
9819902662192173e-20
2286173482891197e-23
5413414175284078e-24
.0008192060017383823
14246906805108596e-26
1384169333898107e-22
.0013422406580672313
12137291754140017e-24
.02390186063662678
10725565978955808e-23
27141469647150167e-24
25.076335099677355
87.23205770715238
4.021315903857101
7.4326546895306835
19.8898598365754
5600223470451025e-25
1.1255842001872467
.6078854039519204
.001045375364451962
.00220041571229239
.6132630646058406
.044230531264044824
.00012239810045257124
.0001606233657600337
.3112054610043431
.16691449470396238
4.487810760341112
.17781751596989087
1.9473341247960922
.0004964684139894488
6.15682900588628
11.832326637841632
2.100282633176464
.9606788379686667
.23524641425324985
7.916066676364442
1.710247476707104
10.102384765163496
1.4144509435953518
1.391212378822638
3.908113465244162
1.8143255892347296
.0004964684139894488
1.739867400013047
1.985873655957796
2.0504315486715785
.9964620796004315
4.869833553915695
.09657651702645183
4.20429674634428
.6930959300195952
.32714784736990654
8.386739302785967
3.299893088943906
.15570898345845463
4.147575593148237
3.5815610057968654
1.7597927903191863
1.8784290829955297
4.2877288507119395
6.386451660441053
3.086013367759285
2.1571559653276973
9.346195765740326
.0004964684139894488
1.0276984142687449
11.733284839125327
3.632589708663552
9.410604328138893
9.92237253261132
1.0588019355308376
1.7495411720109884
4.2675701345332575
.034797348000260894
1.4396862273438562
1.9983880798838014
3.987678430523855
1.9525553446436104
2.5478046939393164
2.628223840423026
5.294660006890058
7.313409452967964
3.941850020858214
.3181995255758283
3.723962972817842
4.843412959898166
1.328325177995411
.5356772372699462
8.48843577100209
3.455080874916804
3.695684533225808
.3863060681058073
.07058548255762204
.08699337000065238
.44518923426754564
.9367571611747123
1.6907730295263084
1.8620253915344795
3.7035049499432313
3.332912909631066
.6996755732674504
5.188473391317444
3.3084125462993557
3.37502097897997
7.329553275068109
2.396469794961098
4.706269887106842
.0005255370932930328
9.997755999209286
1.206468309202514
1.4122367404980853
.00012676514014542254
10.436532583782348
1.5481592634015362
.3287789517269325
.5822258389929987
.6140926656680268
.0004964684139894488
4.826340381425235
3.496147269456842
1.8839616601696432
4.83100111321248
.034797348000260894
2.947643992076844
.14900251012164184
2.633876176980991
2.322928040618289
.0005255370932930328
.5483125934136782
1.3198747499652905
1.2611195853929769
1.7442405647210801
3.771813505500409
.5219602200039143
.3479734800026095
.16075892948651432
4.449823433238911
.000371034205412152
.31052176324452313
9.231914367288958
5.896822648118805
4.572389339788053
.04442643262077443
.05136271259008193
7.2068722611147
10.425351895198837
1.0240914367192577
4.293569655428445
12.885680193459523
.19935005291565946
4.982310398002166
4.982310398002166
4.982310398002166
4.982310398002166
4.982310398002166
4.982310398002166
4.982310398002166
4.982310398002166
