.7097976418711766
6.853270511361482
.06900496408242503
.472388834575928
.08172121572985798
3.477145635756558
.0014386242955226212
3.607301988120695
22403088702291028e-25
.07757809358679851
.3851500425318379
4581503979866676e-20
3.8412589244468776
3.509653982486221
.020833541816138893
.0034738240682719097
.7100520524855944
.03964932099692366
.6569842711466287
.00018631347084124527
1.4837554459656852
.7790612100638418
.022154035508303044
1835964081490987e-22
.4316885784269975
21815114845513254e-27
402877667871076e-26
.5663966012780629
882475719713556e-20
.5786657978164915
3.3492360869316316
.12217008956348198
1.7153355559250283
54.265040060464834
63.840923972132
2.2361977818523093
.442773412222167
1.0537604435855283
2.005526737261729
3.8508918761780104
2.3548687163002184
.000123279338871175
.15388366959247293
.011355199812753179
28.675837260167544
31.011572587171848
5271870570531021e-24
3.7213794162231224
.005579002760134559
.028545579751634288
.16260437949571735
2.2301792628334898
5.206502738581897
2.2760394402650452
4.4932774355083644
.019791489768183037
.024540769698165273
.9223012490168203
.9379012386444823
.041304259907915634
.0005063591252099883
5.496893211753488
5.105962075570894
.1785231296634678
.1986237442853082
.03654013635753507
.01228563494621137
.005507740080054911
.14315991836665273
.00507069177729332
2.000916228055942
.0003800504812546035
60841305730993415e-21
22984856721131214e-21
.0010832304134151172
.1271651478501776
.0019163110640848394
.0007403525298707133
.0025820810140391973
.32928100691373496
.6499805287203899
2.2797621942740838
.05577123064949692
.00014575697707116923
4265055842515222e-23
.00036952965801907294
.008600726007100077
5574914323676869e-20
5105104130185872e-23
2.692678732400315
.0027402727347452345
.014333668661724136
1.6452628391798576
3592729441918016e-21
241394967723309e-23
.19730269066909112
21718528655006667e-22
.5522559985633423
.6327098824627859
.014474810622595853
9043847592249828e-23
.0035654300525525427
55817395508376774e-22
.00012674641408290022
.0006548170804288481
939522672175672e-20
.00040804379281625814
.01008816039678295
.26239149144162904
3899954943340825e-20
803335765195651e-19
18882565852927276e-24
4379825058756357e-24
.0008041948385389245
11205991927653011e-26
10851913771722331e-23
.0013418226839698095
9520336390080883e-24
.023403769721276696
10502295987025756e-23
217587481667032e-22
24.427561503526526
84.97519459085777
3.9172766345686045
7.240357446225134
19.375270450135233
5461402855530747e-25
.9128446420282181
.49366969756196316
.000823011124521948
.0017378147409322863
.5176759749465647
.03746530957867941
9821856652632405e-20
.00012914476996864788
.3110423542230429
.1640946738071312
4.4584977126434975
.17481350155973546
1.9396924796929853
.0004836238098222562
6.095812968983284
11.632433620936814
2.0846340233871
.9358242066209245
.2307292051652662
7.7112626240744895
1.6779662570772587
9.931717048622993
1.3599156332636593
1.3875704369725372
3.8070029633732347
1.7673854549432786
.0004836238098222562
1.7353127425112955
1.9344952392890258
2.0450638905184833
.9834874027981728
4.78756353630113
.0965132499301
4.133270177664025
.6813869026493585
.31453439515974124
8.245055365844388
3.2145184320126807
.1516804889934628
4.040269739953254
3.48889905163458
1.754096407536543
1.8431700957291561
4.176796959957624
6.221221725766863
3.0061721954981726
2.101346141941589
9.104391490388023
.0004836238098222562
1.0143170171756637
11.535065015038038
3.5889926001851533
9.167133677916254
9.66566144286307
1.031408668668064
1.704277136685742
4.157159789002238
.03470625485022587
1.4024387425208165
1.9466858907107178
3.884509428140515
1.9355894151908017
2.5047625786948804
2.526890525607389
5.157676847293095
7.189858141027453
3.890524204180754
.3161211407310419
3.6276168026058064
4.718104439687927
1.324847863438752
.5218182245307108
8.268823416207901
3.3218674124154224
3.633250360008144
.3860529997204
.07012443913857791
.08676563712556482
.4280246000629855
.9006397244255497
1.686346892188122
1.790233483138769
3.6076880686012696
3.2766073294202833
.6726990106002044
4.9884275658864174
3.2525208704449633
3.28770261730895
7.205729232547828
2.334468457015835
4.626763082156629
.0005166587722080009
9.828855860620418
1.175254625843601
1.388378688630318
.00012653320986183363
10.166519172779045
1.5220049629598336
.32027280032950095
.5807016772751211
.6037183040266805
.0004836238098222562
4.701473562049165
3.4370840398296076
1.8521343795754845
4.749387123272228
.03470625485022587
2.897847069766298
.14514752517496352
2.5893799869006187
2.2836849476658876
.0005166587722080009
.5271719539478923
1.268985901953808
1.2398144772500241
1.6991136664232183
3.708093224283228
.5205938227533888
.34706254850225926
.1603380917467223
4.42075850748554
.0003567286788561081
.2985493432748073
9.075952207760462
5.669465839074099
4.495144286674781
.043277034339846886
.05016518259669544
7.020416448682077
10.15562775037063
.9975961980192384
4.182486651687909
12.55230256691521
.19914319109561837
4.917437013990873
4.917437013990873
4.917437013990873
4.917437013990873
4.917437013990873
4.917437013990873
4.917437013990873
4.917437013990873
