.7294570260880983
6.842939156763886
.06662950569249984
.4363757759105096
.07963766022190967
3.392617309712937
.0013847663920199917
3.474511124497094
21919682744944525e-25
.07752052985309768
.36949223549058446
4473080676040086e-20
3.743399002029584
3.3782656364104606
.02017293806573442
.003755764530668775
.686602572911551
.03802116787083999
.6356565837112882
.00017450735963611458
1.4364894266414345
.7551086302283714
.024830207614631304
1805387391068296e-22
.42553383072786594
18964436232788978e-27
4021148711808855e-27
.5521604252688517
9512513790537288e-21
.5680749883585445
3.195317982019901
.11434814742279448
1.627369746300728
52.19955387031978
61.23931890675953
2.151871082617636
.41628017677497364
1.0007010385342523
1.9019010836228398
3.627395872459331
2.199787697330406
.00011789902041617882
.15084624862129337
.011275995603166214
28.163423647782658
30.342632104915847
5301776722663342e-24
3.5779115437391504
.00536859851233778
.027135649599490032
.1574547257114369
2.122047383794821
4.977914860280785
2.2119750543707646
4.427196264134502
.019297539012499365
.026520932131374266
.9145769670892844
.9148923992667314
.040461860670464075
.0004988759830954631
5.286444070009663
4.895420150073209
.1726181257099334
.18908044819872488
.03467128865411295
.01328589741611711
.005362720879654637
.16427462592188924
.005027403712131619
1.9925345648575035
.0004111182620752435
6507753826194637e-20
2059689717084e-17
.0011621301982096687
.12240222787069029
.0017299345682949912
.000800288812698321
.0027962099240795768
.32016351564716616
.6187535577707939
2.22605698350939
.05307405471931604
.0001417251727440666
3776111443586786e-23
.0003525834196038067
.007565571115409044
544590532397462e-19
48756692233691155e-24
2.6239078995041814
.0026023424713875727
.0136415514497459
1.591718092858371
34083239778189603e-22
22665565932709985e-25
.1884354706103407
1968761335269948e-21
.5458143973873096
.6240415545923479
.014317007546240337
8672078680211367e-23
.0033993689718816696
5387352558931196e-21
.000120987598861393
.0006383279710138728
10151334875432671e-21
.0004417717654098819
.009672720212150087
.25218592732323863
3814880041747658e-20
9134192337901609e-20
21472030501201222e-24
4873134443929799e-24
.0007787472147888861
12018892144631227e-26
11516038204180829e-23
.001322652532012067
10124350804065895e-24
.022571632380694814
100270210127545e-21
24006907257503583e-24
23.485736879017196
81.69890642240557
3.766242828147971
6.9611995396072395
18.628241041824015
5234943183342197e-25
1.0252556668125543
.5556416578893707
.0008917180887384081
.0018919339952370997
.5765439232029783
.04182805362138864
.00010871128589615465
.00014336863886510679
.31079785432401535
.15995401073646678
4.414886745201271
.17040236624761257
1.928286200902387
.00046497729805218606
6.005420827382645
11.338908016487398
2.0613794495073385
.8997427384858323
.22411550647028292
7.4139485829507645
1.6306832878524327
9.68110626975118
1.282029675390397
1.382125392539764
3.6602208485900096
1.6992424623557907
.00046497729805218606
1.7285031026285467
1.8599091922087454
2.037038738457714
.9643414614053214
4.6667571318439
.09641842698863105
4.028973805401223
.6641932087946103
.29652018012177506
8.03700476019791
3.0905800432065935
.14583232360982284
3.8844938337008608
3.354381693494582
1.7455863877827833
1.7915186499169042
4.01575713500842
5.981357430879558
2.8902667663448485
2.0203270217640577
8.75336422573114
.00046497729805218606
.9945709033877657
11.243996349508897
3.524576042708228
8.813687336873006
9.292993955863
.991641863375455
1.638567336954518
3.996877091249657
.03457006205257089
1.3483665690915805
1.8716298230884318
3.734738988179357
1.9104165299470541
2.441558955629247
2.382168835368797
4.958818395566711
7.008433726711245
3.8147858183216323
.3130289895929745
3.4877510680549086
4.536194061868865
1.319648952240537
.5016990958444596
7.950012162453422
3.1316152974933873
3.5415711772343883
.3856737079545242
.06943851423084395
.08642515513142736
.403510501427896
.8490577101301124
1.6797294019963684
1.6877020861605447
3.46859070269896
3.193927455349873
.6341717626449377
4.702727152017346
3.1704487791189173
3.160942552347152
7.023904336966598
2.2444611152007132
4.510014216477317
.0005036217256751506
9.580840617073948
1.1299417219531243
1.353345203199427
.0001261861098333013
9.774540706116
1.4835996351251053
.3079244204117045
.5784229126440098
.5884844513453587
.00046497729805218606
4.520204401327646
3.3503547961295967
1.8053987711033297
4.629544038707909
.03457006205257089
2.824724596819264
.139551243557716
2.5240411807168264
2.2260598602182213
.0005036217256751506
.49697942465207656
1.1963077298056275
1.2085297688477388
1.633602948513586
3.614525503161355
.5185509307885642
.34570062052570943
.15970889987972647
4.377516687535028
.00033629788581721043
.2814506343515284
8.846935267320587
5.34476056566953
4.381716607925019
.041608452864323055
.04842103468941093
6.749738547217186
9.764069211411735
.9591330602035476
4.021227456017781
12.068338269041856
.19883330077714034
4.8217073070266165
4.8217073070266165
4.8217073070266165
4.8217073070266165
4.8217073070266165
4.8217073070266165
4.8217073070266165
4.8217073070266165
