.7294492102947688
6.842943254376119
.0666471575480579
.4363888469920034
.0796372162078791
3.3926653143668206
.0013847874112817972
3.474568099633522
2192607651305487e-24
.07752013319089295
.3694983277946311
3958202230114626e-20
3.381881239219045
3.3790728457534733
.020191034693304275
.0037926620791343068
.6868092722774319
.03803155484946152
.635658923766613
.00017451175042358804
1.4365065463862974
.7551152657301984
.02507824519874555
18058849465696542e-23
.425534186993767
18978599748468762e-27
40222711734822305e-28
.5521660138764262
960598745964753e-20
.5680766712609026
3.1953775897678556
.11435115854268024
1.6274033147083657
52.20035955893785
61.24032973114678
2.1522711241588572
.41629100010900577
1.0007213144313267
1.9024368075517122
3.62748029658746
2.200291385919003
.00011790110838645347
.1508474440352254
.011275956717206869
28.163625566070362
30.34289749652941
5301765870465009e-24
3.577967275308298
.005372427157347453
.02714388764138191
.157499606063534
2.1220890716349046
4.978003118960062
2.2119868762821695
4.427223304796309
.019311219930550162
.026780086672758312
.9145800742886587
.9149008233722098
.040490421070401274
.0004988792508112515
5.286525935742579
4.895504278812626
.1726706076255423
.18913589847912632
.03468192471094675
.013416316788251514
.005366526445045623
.16588396781523193
.00503090769179419
1.9925390554588531
.0004151586637709685
6571747737798744e-20
2071097069410535e-20
.001173548348916868
.12248914305017347
.0017390043248290345
.0008081543493877722
.002823684467905269
.3202552594965696
.6189356081637573
2.2260701232265014
.053090140145210234
.0001417661389810901
3777294709538768e-23
.0003526925477424
.007565952034231883
54511583848594234e-21
4875365571080888e-23
2.6245876493820783
.0026024218792108722
.013645667537452694
1.592190976425102
3409385404595175e-21
2267158768583783e-24
.18849267272937031
19693765953045122e-22
.5458073562723461
.6240519034642187
.014317063986275518
8674665720886972e-23
.0033994315949835634
5388818883972051e-21
.00012102451850223579
.0006383344209739928
10251092115292777e-21
.0004461127494791807
.00967558082488838
.25218990418267834
3818640869413935e-20
9223726904892762e-20
2169766803618359e-23
4921928761205381e-24
.0007789702980254183
1213705043553162e-25
11632310336199392e-23
.0013235463167729296
10226765774862594e-24
.022578354094053354
10034208550362537e-23
24242685161309186e-24
23.48610400291465
81.70018352182547
3.766301701231364
6.961308355554516
18.628532234409935
5236543208964764e-25
1.0353146117119394
.5610916255456235
.0009001527548519521
.0019098288514140447
.5845699120694462
.04241921962581184
.00010977396284202124
.00014476999871918095
.3107979514893024
.15995563596379125
4.414903998156475
.17040409763640676
1.9282907222336259
.00046498456647551753
6.005456496062073
11.339023226497156
2.0613886428681854
.899756803067351
.22411809778421843
7.41406447617197
1.6307018184461775
9.681204635514991
1.2820597366908602
1.3821275530227384
3.6602780643610284
1.6992690245419686
.00046498456647551753
1.7285058045552635
1.8599382659020713
2.0370419226749608
.9643489985304907
4.666804548855655
.09641846466796333
4.0290147421572815
.6641999573903266
.29652713298909095
8.03708642091828
3.0906283544772473
.14583460322878028
3.884554555258086
3.3544341284548818
1.7455897628129635
1.7915388941801407
4.015819908444835
5.981450930149494
2.89031194636221
2.020358603073777
8.753501056404453
.00046498456647551753
.9945786767809968
11.244110595160004
3.524601421067778
8.813825110503988
9.29313922191012
.9916573645039756
1.638592950680418
3.996939569557361
.03457011609110522
1.3483876464626077
1.871659079996094
3.734797368801621
1.9104264723559514
2.441583763311847
2.3822246929628044
4.958895910730298
7.008504936541757
3.81481563402422
.3130302128803308
3.4878055878160747
4.536264970661388
1.3196510150628458
.5017069382948951
7.950136435303149
3.131688728265078
3.54160716169156
.38567385867185333
.06943878558991716
.08642529022776321
.4035199630266846
.8490776190132101
1.6797320276819925
1.6877416597527
3.4686449229494896
3.19395990754128
.6341866328373116
4.702837422549009
3.1704809927530917
3.1609919635091446
7.0239757039876585
2.244496200125514
4.5100600408883755
.0005036268427696578
9.580937964079443
1.129959384954758
1.3533589539868784
.00012618624763717308
9.7746934995965
1.4836147093746006
.30792923381883436
.5784238168115052
.5884904306953352
.00046498456647551753
4.520275060173296
3.350388837715277
1.805417115022315
4.629591077612635
.03457011609110522
2.8247532976913314
.1395534249922051
2.5240668264676023
2.2260824783025948
.0005036268427696578
.49699107792976216
1.1963357810799484
1.208542048224753
1.6336284846372529
3.6145622288776136
.5185517413665792
.34570116091105285
.15970914953027257
4.377533794451621
.00033630577140050447
.28145723386497745
8.847025157413794
5.344885890735207
4.381761128756517
.04160910327854941
.04842171590410388
6.7498440576525205
9.764221841204124
.9591480531615737
4.021290314965058
12.068526918663709
.19883342388140135
4.821744992652463
4.821744992652463
4.821744992652463
4.821744992652463
4.821744992652463
4.821744992652463
4.821744992652463
4.821744992652463
