.744408600782659
6.835075658984755
.0650408316035623
.4114503009553566
.07808197422928617
3.3299167235464244
.0013451166146877104
3.3769593558873727
21620522618680713e-25
.07748776090947161
.35802651966284643
417766447712133e-19
3.5220649492980645
3.281992606393874
.019786812511169424
.003561706465118703
.671017007629409
.03693899189382465
.6200873282194963
.00016605961393676612
1.4018673448536954
.7374210758478483
.024239997647688364
17873283363181338e-23
.42094546794328275
17157770466142077e-27
4027172976819388e-27
.5415721527679788
8994182160211644e-21
.55989554969303
3.0835319734258912
.10872719585432844
1.563522520043952
50.68020222151076
59.33934724104089
2.0901053681402217
.3972159920934847
.9621450273565575
1.8270078208026177
3.466556268024284
2.0889270686959946
.00011397710325216095
.148576900726693
.011216605572287423
27.779744998786683
29.84192130501322
5325558841837268e-24
3.4719073733878982
.005240583263860394
.026182144956787935
.154019127129961
2.04363108102098
4.812644309206873
2.165343060481434
4.377480548986316
.019026830853785766
.02515621993959982
.9089129124574296
.8982743883496386
.04003507443561831
.0004932296848779408
5.131814713070338
4.7407936510763244
.16869777646686765
.18263087753021898
.03340747144054421
.012602729035970331
.005281602793798413
.16300514409494252
.00502010615637111
1.985940208984821
.0003900150065317634
6121715505906657e-20
1951692037237751e-20
.00109576701486998
.11948466656233904
.001644184196614925
.0007587973081501346
.002654813833979979
.31428787394931945
.5976547131636697
2.1861202097930863
.051247235964763896
.0001391131984860472
34592093144043726e-24
.0003412594793811316
.00687830966694892
539183436968428e-19
4716090532022213e-23
2.576954322033104
.0025026639958014617
.01317482515366433
1.5561079812285405
32845817137748856e-22
21667409023249725e-25
.18243235602021157
18349498809099494e-22
.5410035392250221
.6176553288453156
.01419586966415269
842338332797204e-22
.0032778297321022533
52591163794650715e-22
.00011713503197585702
.0006260711661612899
9620440430336376e-21
.0004192828237617415
.009392709617489052
.2446929272601087
37818646034287484e-21
8997485691054189e-20
21259309858906332e-24
4735491544491539e-24
.0007620166427789569
11326525720418336e-26
10796632593448741e-23
.0013151985054115677
9507368537090867e-24
.02202106932666715
9728146007554436e-23
23110298900883287e-24
22.79383591949159
79.29201784841503
3.6552875262119193
6.756119295980455
18.07944421600981
5083594065666621e-25
1.0007905862358715
.5432438368100728
.0008459816913973154
.001801471954634355
.5714787111235019
.04157596678027828
.00010494646840968542
.00013871907504611506
.3106120332025681
.15687499746126235
4.38200505212255
.16712222875442348
1.9196562954221483
.00045127884607951813
5.937573199233619
11.12064122750011
2.043867443295254
.8732358902105827
.21921279152222362
7.1955301375410246
1.5956171230295908
9.494751113128446
1.2257951997648384
1.377998575647095
3.55238900451116
1.6491819726114372
.00045127884607951813
1.723342054404224
1.8051153843180738
2.0309564495986403
.9500302918060436
4.576925016381813
.09634637355913994
3.95141861453627
.6514079107094713
.2835137285851002
7.882297515061672
2.99953008772081
.1415360341148301
3.770054800995433
3.2555600161378204
1.739141903154152
1.7532073156244992
3.8974510231224215
5.805143801006671
2.805118135104513
1.9608072284480147
8.495485959528152
.00045127884607951813
.9798111181389315
11.02755654992471
3.476360379008246
8.554031923174259
9.019217941593173
.9624276232470887
1.5902943652131436
3.8791271944170695
.03446684108808445
1.3086430497592907
1.8164907198470683
3.6247118043268607
1.8914911654382414
2.394560493996657
2.277678262428105
4.8127292511774975
6.873525821722933
3.758173042644268
.31069757686268734
3.3850002655995826
4.402555631013177
1.3157086805272074
.4869188022732562
7.71580102946759
2.9942512820606786
3.4733981778855205
.38538549423655977
.0689213422070627
.08616710272021126
.38581106599923165
.8118149566888049
1.6747139846480672
1.6136733459143422
3.366404373704397
3.1324463771963242
.6063546869458011
4.496448467147401
3.1094196505943055
3.0678196839338425
6.888698632541236
2.178338225072759
4.423199302740812
.0004939273268170316
9.396415510683894
1.0966531023260402
1.3272941662332414
.00012592276701283673
9.486578095944461
1.4550412829424604
.29885282078331166
.5766958295154524
.5771564988320013
.00045127884607951813
4.387037033463422
3.2858625908611487
1.770645989615259
4.5404282516907895
.03446684108808445
2.7703504395702008
.13543999766332637
2.475454988555669
2.1832096195180735
.0004939273268170316
.47518010293708524
1.1438333299038184
1.185266337161161
1.5854762300127818
3.5449481793008446
.5170026163212675
.34466841088084504
.15923203331646762
4.3449133234005
.0003215466397065025
.26910518779825776
8.676637373522638
5.110319964547669
4.297371341795916
.040382648087172464
.04713526679691305
6.550888044828266
9.47641509644607
.9308765448518633
3.9027601858775305
11.71279929356735
.19859794240290793
4.750151459030227
4.750151459030227
4.750151459030227
4.750151459030227
4.750151459030227
4.750151459030227
4.750151459030227
4.750151459030227
