.749396028757518
6.832451342769841
.06452236618730044
.4035731434156313
.07757019177967629
3.3092808314200806
.0013321368662761728
3.3450660824144776
2152283729750268e-24
.07747786542413301
.3542843497533696
4337840698983244e-20
3.6273153061497436
3.250125158220315
.019656294001173427
.0035020775053604966
.6658850329575258
.03658981806214624
.6150250819922327
.00016333817679272931
1.390557995326338
.7316134572734654
.024065020214955286
17814431874752105e-23
.4194272022827242
1659713094833842e-26
4029409162393456e-27
.5380853229487684
883376725149623e-20
.557144025733946
3.047217704056356
.10691254064018625
1.5427924823933643
50.18306270801173
58.72006832394572
2.069732022606084
.39105686564689396
.9496183258688456
1.8024675391795664
3.4145885036246155
2.0530001815194105
.00011270040453996288
.14782762401391378
.011196784162338224
27.652905916139186
29.6764276719185
5333695350759336e-24
3.4371492020917667
.005198176985212851
.025872557466238552
.1528865593100271
2.0181813793411205
4.7590827285937785
2.150140091706953
4.361000353595067
.018935912271742256
.02473677958175069
.9070643189599887
.8928891282407125
.03989050459219329
.0004913549461362196
5.081249742335213
4.690244888607312
.16740693030465575
.18053809089453313
.03299757599074047
.012392814597334155
.005254368270141308
.16271521383423826
.0050172993330525086
1.9836989235974305
.0003835301046410575
6003114158366711e-20
19142729164994125e-21
.0010753805073838222
.11851473938959046
.0016143215622622332
.0007460479174506332
.0026113517750759666
.3123681264891735
.5908083761593498
2.1729444465254555
.050653218729974456
.00013825558756588874
3361120968586256e-23
.00033758965062242313
.006666096536871472
5373809631437694e-20
4665353660289385e-23
2.561193361469736
.0024703247951929335
.013023408003703548
1.5443773854096452
3244588540859499e-21
2134677001317342e-24
.18047406781899386
17929478600576524e-22
.5394155301231706
.6155438138810762
.014155311531514909
8342291215953474e-23
.003238191198248943
5217424979347335e-21
.00011588600870301831
.0006220361679787974
945703938845834e-20
.00041235844827470066
.009301303179680023
.242243707069879
3770871447755667e-20
8959068524600511e-20
2120323725816788e-23
4694290548349862e-24
.0007565534544843743
11113322623650045e-26
10575403529837059e-23
.0013127081392744393
931802124924547e-23
.021841580796692846
9629488868595557e-23
2283580185372326e-23
22.567600830879517
78.50502277011728
3.619007792501631
6.689062954388875
17.900000761265613
503433482138474e-24
.9935646203598433
.5396069192793352
.0008321150680773826
.0017741152133688616
.5695160007597828
.041469104190205476
.0001038100723506539
.0001373216639047524
.3105500731774478
.15586116403026404
4.37109119845299
.16604217071256744
1.9167861988618446
.00044679977945413064
5.915112045172124
11.048772044819412
2.0380590789593103
.864568783906106
.2176013543955948
7.124112522531987
1.5840885559275408
9.43338954338643
1.2075910135577872
1.376624727228521
3.5171305669204567
1.6328133880945972
.00044679977945413064
1.7216239025875624
1.7871991178165239
2.0289316098377115
.9453038800983703
4.547345799375443
.09632235052465493
3.9258818473259627
.6471980676638508
.27930328893873135
7.831356722308399
2.969758926886499
.14013125006124355
3.7326359705279284
3.2232476878691485
1.7369974992078936
1.7406108217856462
3.8587677501230178
5.747526152671162
2.7772765663530232
1.9413456775863718
8.411165925566122
.00044679977945413064
.9749365464752464
10.956288944038064
3.4604241326744916
8.469130804425967
8.929699723710282
.9528752644691694
1.5745102563907396
3.8406257904556593
.03443247805175122
1.2956544076821273
1.7984615500127716
3.588735543063004
1.8852199842488262
2.379085207809251
2.243852645214929
4.764961590111069
6.829104400976051
3.739476088219322
.3099237512168853
3.3514032072657134
4.358859055903143
1.314396934403524
.48208599928352447
7.639219582808933
2.949783896399688
3.4509507053825903
.3852894020986197
.0687496862106386
.08608119512937817
.38008141679882823
.7997587578718512
1.6730443144466365
1.589708812465349
3.332991884710484
3.1122023682120665
.5973497621175776
4.429672071561853
3.089324456052205
3.037370730081054
6.844179154722808
2.156717619259984
4.394613566341395
.000490735230915743
9.33568945280055
1.085768518763285
1.3187162843510212
.0001258350454937172
9.392421200030066
1.4456378118986186
.2958866243681631
.5761208705369891
.5734265191481558
.00044679977945413064
4.343494484700871
3.264627101470276
1.75920286529471
4.51108490171719
.03443247805175122
2.752446541965927
.13409571844761178
2.4594569068667815
2.1691002271039563
.000490735230915743
.4681232413362143
1.1268463528530068
1.1776063361622915
1.5697399425069762
3.522038301796501
.5164871707762692
.3443247805175127
.15907328084674507
4.334091850660402
.0003167713763471813
.26510872823559767
8.620563013807676
5.034427012584661
4.269598791662154
.039981839201793976
.046714009680794
6.485868679832217
9.38235907109599
.9216373392019106
3.8640242179780406
11.596546540172312
.19851949540011307
4.726519400491861
4.726519400491861
4.726519400491861
4.726519400491861
4.726519400491861
4.726519400491861
4.726519400491861
4.726519400491861
