.7708348788421975
6.82116267387529
.06238632382935971
.372000677805991
.07540817861202281
3.2221406557496075
.0012777128881499246
3.211560899694746
2112581794534821e-24
.07743982518577121
.3386534808402885
40832739802893396e-21
3.428141969992747
3.1180114494954165
.019125668895633885
.003258861185202921
.6443557460301284
.03516814210642398
.59394618128959
.0001521595779182214
1.3432324246358334
.7071560465096699
.023340353599090508
17578059341636636e-23
.41296366939248313
1441872863698643e-26
4042406966641511e-27
.5233495146724868
817607545611538e-20
.5452159926129986
2.896448247788541
.0994407949475569
1.456807971655499
48.09985597652412
56.137267779877156
1.9851311964514398
.36567253348735856
.8976152941645992
1.7016490345787163
3.2003917400025004
1.9062596429560832
.00010738571274844519
.14465011775862038
.011111329184772107
27.114127329997967
28.973651835473742
5369859739312237e-24
3.2911755043149924
.005023424049751658
.02460130639040657
.1481277519847113
1.9126620783450548
4.537328417745685
2.086668228703119
4.290754312400039
.018563269440776412
.023025543986256055
.8993518071268491
.8705845460493816
.039302327383548094
.0004833488627947671
4.869516714183702
4.478691534763613
.16199223518215283
.17195054662770853
.03131626295779371
.011536442923646835
.005142327628704601
.16156622756259983
.005008856300913289
1.973840222589744
.0003570672318254168
5522865902669708e-20
17621777032273356e-21
.0009926901452766094
.11450061985260976
.001492472442164847
.0006940533825060138
.0024337940131041883
.30449406389981726
.5627157807174863
2.11710342558473
.04821068971906146
.00013471715280938224
29794942568035205e-24
.00032256595868015644
.0058398213083959965
5305056812769118e-20
4460328794589397e-23
2.494265180682221
.0023362531238068545
.012402412787650974
1.4951396191907302
30812336398550183e-22
2004382853939404e-24
.17239634293114336
16269015730901155e-22
.5326630101626837
.6065794007950984
.013980359502523805
8008178629077203e-23
.003072847564410027
5046406197829619e-21
.00011076976372916011
.000604990489303135
87897732691827e-19
.0003840275867309053
.00892422886665687
.23199372339789062
3729951427044078e-20
8798249668937229e-20
20985298477060038e-24
4526176370199672e-24
.0007340871027763154
10246432732855187e-26
9686246682929054e-23
.0013033648235191643
8557669137636576e-24
.021104159253310863
9222232761737579e-23
21698133476152642e-24
21.62040465743391
75.21004880627578
3.4671125884692673
6.408312914461524
17.148710787962607
4831831564351522e-25
.9636449065200939
.5245469496598731
.0007760361959413171
.0016633316535116086
.5611478345381998
.04101159294556707
9914664976999893e-20
.00013158574512700386
.31028387387539175
.1515772084166229
4.324485850589903
.16147838284564797
1.904497651429533
.00042804692023055665
5.819524622670395
10.745088639657274
2.0132787615207355
.8282815307801178
.21080827801370314
6.825102797435068
1.5354731679573508
9.174106082099005
1.1323675663137418
1.370734713526999
3.3695113033814974
1.5642817526432231
.00042804692023055665
1.7142577786363213
1.7121876809222278
2.0202506420001995
.925253346809645
4.42235874640682
.09621915382336457
3.817976175743283
.6294093656972218
.26190488502160447
7.6161062793792995
2.845113674930701
.13424973058414694
3.5759716208416386
3.0879631310881037
1.7278096814461998
1.687486348228951
3.6968094598057473
5.50629382942218
2.6607100887746786
1.8598644775720181
8.058136631995358
.00042804692023055665
.9542574843333851
10.655147503073511
3.3927486977790053
8.11366863764632
8.554906786184405
.9128816554435617
1.50842569112922
3.6794289454911544
.0342851555727264
1.2412738420978047
1.7229774118880736
3.4381109109024464
1.8584987397734756
2.3136943486126262
2.104078227232595
4.564968980414036
6.641401580220636
3.6601592765910533
.30661928933752486
3.2107397704482823
4.175911180793138
1.3087731679552332
.46185212430429995
7.3185900391027845
2.7660354991187086
3.356098856054351
.3848766152934583
.0680166648903653
.08571288893181613
.35640532606611053
.7499400609328173
1.6658860426675268
1.4906824238575314
3.193101198811641
3.0266612593088857
.5601395578245623
4.1537382498933395
3.0044121629341203
2.9098877089824238
6.656061993574523
2.066196934696539
4.273824468079198
.00047724702196790805
9.0790913484083
1.0401971798368597
1.28247042372054
.00012545866305954274
8.998207145699364
1.4059034222698303
.2834678174034557
.5736558851607441
.5576654809767839
.00042804692023055665
4.161191483769494
3.1748964897120255
1.7108499158143027
4.3870945054657495
.0342851555727264
2.6767935793561226
.12846751931643866
2.3918569740147815
2.1094809553484346
.00047724702196790805
.4389628355754761
1.0566526645725276
1.1452389834233998
1.503855594498974
3.4252325590169175
.5142773335908969
.3428515557272645
.15839267139291105
4.287880996390857
.00029703900450145826
.24859453410159826
8.383620671271482
4.720821702066974
4.152245813931377
.03830374123369105
.04494565734015523
6.213647009436412
8.988567339461197
.8829548329160787
3.701845305793367
11.109822027879213
.19818263754053242
4.626266734048234
4.626266734048234
4.626266734048234
4.626266734048234
4.626266734048234
4.626266734048234
4.626266734048234
4.626266734048234
