.89764504611975
6.754069490666205
.05216734386791371
.24211053712840158
.06379281710380075
2.753708335489145
.0009974677218724398
2.5302561156789065
19367854179687817e-25
.07724487282533446
.25967543612725774
321522007454704e-19
2.702294943167682
2.441489921045652
.01663403422518071
.0021314707678178387
.5351610298271952
.02867665257988671
.48693374972816356
.00010028371611372474
1.098732229650007
.5775356251204117
.019543033949757146
16614024630273682e-23
.37626714523096405
6687687629066321e-27
4209431624651012e-27
.44405032285429513
5110947699596569e-21
.47414044852186576
2.157728776994745
.06456001978542325
1.0395172418400893
37.408122509288184
43.1536968520838
1.55359484641002
.24646238922557662
.644117410427864
1.2140014548407851
2.193990062312628
1.231603371724797
8099873779510768e-20
.12721870483574826
.010583712412933296
24.132163571866894
25.085890018016915
5625381702205276e-24
2.538579646695253
.004195133629759127
.018636524017647236
.12379639943621766
1.400200248883491
3.460867152024532
1.761688130324047
3.8951861532245338
.016865758813686023
.015084127095228926
.8614123306769426
.7612712496641425
.036766831530898304
.0004379509903505909
3.78602175961586
3.401205231621203
.13454777934458162
.1317762221399846
.023471081025220112
.0075619347001105374
.004619391806282909
.15496111416469918
.005068361071079114
1.9091748431935602
.0002341063331167624
3390218362562553e-20
11085611588569933e-21
.0006216614401276468
.09517776929509661
.0009552383704617183
.00045327607474819875
.0016040182750559394
.267414436461225
.4313046881302184
1.810260650864298
.036719666604293266
.00011757641834797998
16039775408398422e-24
.00025251010504739657
.0028723866611495602
51291566928759784e-21
3574680237182194e-23
2.1279390940623344
.0016809565502222304
.009503996675749617
1.2447524896570994
23308638297562644e-22
14246148576602628e-25
.13377438939908626
983477482608626e-21
.4942429822917261
.5563305546413638
.012947512001655358
6402790794108208e-23
.002248415790966791
4233016859320529e-21
868461829203773e-19
.0005134218374640374
5694385186546178e-21
.00025129384281710607
.007116581129883364
.17969768785916396
3656456519206904e-20
7856169498733482e-20
20065816757150407e-24
3702163485532061e-24
.0006271979801812613
6327479735418278e-26
58700088223463535e-24
.0012828774663591583
5280235398798695e-24
.017623340640040747
7281084056161658e-23
15930643972235982e-24
16.777499965232945
58.36322729503675
2.690489944761615
4.972870369593728
13.307451882030811
3868305258995439e-25
.8044909154392313
.4438016593728891
.0005246791394426656
.0011613746775484793
.5137050907193912
.03839070351118769
761720273854093e-19
.00010314319579638064
.30871397283270424
.1285407063790106
4.058803599624168
.13693711351952587
1.8334056234275629
.0003321657158168378
5.28489700692856
9.112064394604273
1.8727447082834452
.6427489944823337
.1747503404294662
5.296300590160647
1.2769460144281635
7.779837671556298
.7741370528610709
1.3364072438161334
2.6147510498096707
1.2138874117493907
.0003321657158168378
1.6713274206377708
1.328662863267376
1.9696572689446823
.8150575399580259
3.7502545604487336
.09561100549670275
3.2377252470527274
.5337525694886286
.1790498790782336
6.458620601576355
2.2078168905049376
.10417820044980487
2.7749648859470857
2.3962688092731548
1.6744493396590485
1.4048143993463373
2.868735417587954
4.272900808076626
2.064719145141592
1.443260507942128
6.253138607036323
.0003321657158168378
.8406073432202534
9.035792392040207
3.018669839693624
6.296231612816743
6.63863376203898
.7083989492860936
1.1705429376306917
2.8552480854621507
.03342654841275538
.9632322878600686
1.3370357274099682
2.66798455450282
1.7080121684725478
1.9620621663538789
1.4384418684133284
3.5424298538211816
5.632050223024266
3.224241691337111
.28778160416632814
2.4915438559355145
3.2405198145300496
1.275997408475284
.3583986572977429
5.679248195032513
1.8909854300819173
2.8460434265901506
.382444021986811
.06383794370694666
.08356637103188858
.24365460205030992
.512692526582208
1.62416706370895
1.0190970959313355
2.477856270540618
2.5666733165596587
.38293642398905614
2.8396810212399077
2.547805608187275
2.258081738516336
5.6444825663032985
1.6033751240690381
3.6242943237009126
.00040471565588158916
7.699263150408969
.8071961845796581
1.0875622786383792
.0001232552830344597
6.982636193269712
1.192236094641083
.21997189099770206
.5592897537510813
.47291222471204414
.0003321657158168378
3.229097284738617
2.6923799542878193
1.4508372266811322
3.7203497318281524
.03342654841275538
2.2699780601283472
.09969118686796166
2.0283457401614555
1.7888848523207197
.00040471565588158916
.30009460351655093
.7223749637349152
.971187089667231
1.1669965287049824
2.9046702815522623
.5013982261913318
.3342654841275543
.15442602520236337
4.024447627811581
.00020306913264761054
.16995032859628287
7.109489179513927
3.227364601601428
3.5211930313099433
.029723820039399388
.03577358741607207
4.821809033483761
6.975155674223456
.6851756437157417
2.872643249435693
8.621255783128959
.1962017904755408
4.075287699790137
4.075287699790137
4.075287699790137
4.075287699790137
4.075287699790137
4.075287699790137
4.075287699790137
4.075287699790137
