.9404878760990094
6.731249052853177
.04937805896842106
.21281428889878304
.06028546238047463
2.611537497020591
.0009171051945189447
2.3370751663057123
18927155150311504e-25
.07715061714852368
.2374881530878749
29554714538388776e-21
2.4844659794202957
2.2492885254606136
.01597395083689254
.001848882107731926
.5035743167252058
.026974768727381353
.45604505649151195
8709132489907498e-20
1.0269556492947087
.5388672617895235
.018434077680250186
1640211840606531e-22
.3643004284290202
5268098925836202e-27
428961457876004e-26
.4200574347601492
4355061579532625e-21
.4509581256413939
1.9572530618051462
.05568178344025523
.928322472862821
34.353939696702476
39.49056488418473
1.4313957396498307
.21593404056468282
.5762127520081869
1.0845670169776058
1.935853379433185
1.0638246110670648
7373218804037711e-20
.12182225187902813
.010393250768910595
23.19960612759701
23.864622594640057
5727280595928141e-24
2.324246124103771
.003972096824649067
.017057825153557568
.11669925141417618
1.2628794380483115
3.169372393350456
1.6668297236949718
3.7692504985021626
.016429174720352397
.013090742388184643
.8512836168108423
.7310080665135962
.03616576186779023
.0004234401182708481
3.4772405663614667
3.0966720060066133
.12661262180833252
.12116600776150305
.021409087991816227
.006564117560865827
.004480308487571307
.1529790726226177
.005120299950829558
1.8853292416492475
.00020320539561904377
28827592436814765e-21
9526576305116623e-21
.0005322014426413395
.0899321249481995
.0008242729731995182
.00039299743718121556
.0013942563395122815
.2573005957995868
.3965995550220972
1.714771485649547
.033685555313928334
.00011277129543833173
13348151381000083e-24
.00023385903856565726
.0023058876871015145
5128661781707803e-20
33626095968012393e-24
2.0142705984992757
.0015031038233204632
.008740038625460878
1.172112898230725
21358099673845388e-22
12808354454107712e-25
.12337126908843353
8472878506090834e-22
.48157684813627993
.5401032257563495
.012607327095726005
5962116429234103e-23
.002022231345486203
400756935822893e-20
8045821997787975e-20
.0004857592015873102
4922111685177667e-21
.00021782880906058645
.006626567868790882
.16484615722287888
3675292574905403e-20
7561490718954678e-20
19892523617977502e-24
3477040846219774e-24
.000598007506671777
53800413720672685e-27
4988652906357775e-23
.0012845645466441665
45122957308100576e-25
.016685670172133883
6760624646077292e-23
1434850842819278e-23
15.398990901821934
53.567862195179
2.46942811900947
4.564278690865786
12.214056378034254
36058170567035265e-26
.7578612905210458
.41997160181482585
.0004635942763741461
.001037720375675998
.49837440196262034
.03752976578523187
6995999070396003e-20
9539657477212817e-20
.30818537867938417
.12157623039592369
3.9727822357473226
.12951771101921625
1.8099918871707978
.0003048736013327502
5.115601422713754
8.618362785050028
1.8275168054250666
.5899380681686108
.16401602829127782
4.861134541511224
1.1998149402272533
7.358317562151362
.6805719383496092
1.3250050644248328
2.3999122461621982
1.1141493814990473
.0003048736013327502
1.6570677141299743
1.219494405331003
1.9528522227106047
.7808733734526088
3.5470616688545733
.09540641240442266
3.062301753918624
.5048332718137449
.15740923756995
6.108685477282581
2.026413487124206
.09561848691516071
2.5469622482565337
2.199381413725639
1.6567965229206643
1.320420678699659
2.6330282036485517
3.9218215350505
1.8950732467136926
1.3246762316682994
5.73935477378167
.0003048736013327502
.8053515974875077
8.546223282959952
2.901839557265462
5.778907079269395
6.093176046133466
.6501939500832645
1.074366269355952
2.620649046734512
.03314135428259945
.8840891233995205
1.2271793201884615
2.4487718650648675
1.6599739760909409
1.8557554933953209
1.2645863764965366
3.251369107577033
5.326899585387847
3.089014410529363
.2816824260510465
2.2868282669376834
2.9742652507542022
1.2651106436649375
.32895113541289145
5.212617581029338
1.6624338220028705
2.6918416826471496
.38162564961769063
.06248497679194902
.08285338570649875
.21420559084763918
.4507265803952416
1.6103097277003766
.8959251897076426
2.2742653103946657
2.427608150565462
.33665328816856693
2.4964664974725874
2.409762715257506
2.072548366505098
5.338658330717898
1.4716351660802234
3.4279260954244513
.000382787719239826
7.282108656638087
.7408735942831247
1.0286369655367484
.00012251965024058801
6.408913809191386
1.1276394397665253
.20189808703021897
.5545179133308092
.4472893234234537
.0003048736013327502
2.9637812434409208
2.5465038652480434
1.3722292797884508
3.518777116538469
.03314135428259945
2.146988167453545
.09150014500090647
1.918447750717566
1.6919611155414918
.000382787719239826
.26382404155531036
.6350660099100445
.9185671115170598
1.0711112481135363
2.7472920705207544
.49712031423899283
.331413542825995
.15310846781093912
3.93915439661721
.0001785254338545638
.14940949296826378
6.724289284184712
2.8372931828466763
3.3304109437581495
.027281587560875842
.0331174366758
4.425629181392063
6.402047920651878
.6288787677301586
2.6366149518049804
7.912897609404796
.19553704538074568
3.9043668672630516
3.9043668672630516
3.9043668672630516
3.9043668672630516
3.9043668672630516
3.9043668672630516
3.9043668672630516
3.9043668672630516
