1.3260733459123437
6.521063384463623
.03201919591788994
.08883270158886658
.03621751605238116
1.610553488894069
.00042914083534028886
1.1812322436925404
16558938406097507e-25
.07502826869918225
.10718413920044355
14934481692116088e-21
1.2132167484175491
1.0987516173599445
.01208738708002684
.0005233404129716737
.2953946172741995
.016736937456790467
.25380598366203616
24165714623152456e-21
.5559781627076594
.282836954232242
.010906281541800466
15720045499922895e-23
.26583069632738354
8541296759714076e-28
5309225572387322e-27
.25472978038619803
10488447834896805e-22
.27936843313721554
.8440384287156749
.014362082576956628
.3480436089357999
15.936247798921961
18.055059720465856
.7021358205211383
.06784729541925696
.2185810312392909
.4080942480668977
.6711083691626543
.2971416609222314
3244932285651554e-20
.08254198969847928
.00848019188849382
16.257324746523462
14.497926468803348
6827942426892859e-24
1.0556282938609116
.0026078457991763337
.008124092420182234
.0692829881909385
.522217626125914
1.5012144302421362
1.020330831067884
2.7981483015858206
.013900268673515185
.003718767276739851
.7903709555538962
.5392098072146918
.03335465412676015
.000311879439094889
1.6178549007535792
1.3113869025816811
.07431794862751799
.060955914609280244
.009901209853293324
.001869292707883229
.003603780005143177
.13756247033461869
.006010927404278323
1.64272960100453
5774744548589645e-20
7061873691134938e-21
25958317755887217e-22
.00013816965745920166
.058115419779061525
.00023048370890322862
.00011087975070137963
.0003994049656318403
.19103703280599937
.19963488321922357
1.024915019800014
.016698054216595537
8017392644976808e-20
4157866005182084e-24
.00012473878942165556
.0004905355019673818
5732062492091009e-20
2385790830423136e-23
1.2015217845161785
.0005373520162141842
.004411557944672486
.6908868933250188
10584947312664594e-22
5544855167073362e-25
.06306051816947719
30839857950880207e-23
.37279249523158836
.406924474265663
.009857648187377412
32623000383203304e-24
.0007775866846936668
2530335294751093e-21
4294114072255309e-20
.0002953846981395115
13580384622825394e-22
6116998232127437e-20
.003699569464465092
.07600335182149685
433383751151442e-19
53892912567874835e-21
19889940005783285e-24
2097750631698541e-24
.0004164333615004553
12672917649443521e-27
12612573503757203e-24
.001360502798601882
1173592122500966e-24
.010951644219377438
3708555220044427e-23
5610441551107058e-24
7.122578875021468
24.777034163089812
1.14219799634826
2.111140605935538
5.649433816226988
19942337350429658e-26
.44734977175794305
.25840552106690945
.00017580188317110993
.0004374511019921976
.3718883821157306
.03005604973855593
34480980639396464e-21
502706341452906e-19
.3034685746494492
.0736485292594023
3.2761679366613707
.07845932464385286
1.612275904254206
.00014101484222238343
3.8163049860847456
5.2208375080869045
1.4665878955974794
.27286725790666994
.09272028698753482
2.2484469543983434
.6849499299842743
4.457526479569523
.21420249929283974
1.2266651170206126
1.1100444422236913
.5153335630159602
.00014101484222238343
1.534082560164914
.564059368889672
1.807914373017978
.5310391398126616
2.148741363774809
.09358466351589334
1.8550831818860438
.3058182332945608
.04954281861978983
3.7005235286947524
.9372880331882107
.044226937940641795
1.1780602781425284
1.0172918274580172
1.5060648876134213
.7561710375822895
1.2178688318093573
1.8139814092525917
.8765385186418118
.6127096901399486
2.6546549269776127
.00014101484222238343
.5476857504893198
5.177136792798
2.0342485685995424
2.6729492695952155
2.818309801252313
.30073773814508187
.49693246414250275
1.21214303314568
.030681651203298244
.4089225426593957
.5676139142861797
1.1326437470523676
1.2840944717059066
1.124180790180248
.3980145920710826
1.5038734075617666
3.226932754031834
2.1007087848104113
.23229033905902735
1.0577390952915657
1.3757030560505288
1.171215972996238
.1521515547963
2.4110203131443013
.5232326805082559
1.6306656348900765
.37433865406357336
.051528441616258115
.07670412800824572
.06741884338257724
.14186121198718196
1.4907948834342535
.2819825561437026
1.051928282787489
1.4705980710623099
.10595790343063399
.7857352515243154
1.45978765145865
.9586270494507255
3.2340559745548707
.6806834040289491
2.076571337306275
.00023188539773575688
4.411360598383263
.3426802863478758
.6231283813202825
.00011609341828833267
2.9643497031873753
.6831021656391365
.09338501845721929
.5133624008759786
.27095922217928575
.00014101484222238343
1.3708538312220266
1.5426227957399603
.8312699606986281
2.1316071289654244
.030681651203298244
1.3006039120916173
.04232205889335784
1.1621585472853253
1.0249573236307816
.00023188539773575688
.08303570260580215
.1998800110238777
.5564501923523505
.4954269014933155
1.6642564075307862
.4602247680494747
.3068165120329829
.14174498017158854
3.2484366285252344
56188908129078845e-21
.047024987379753386
4.073444409998295
.8930066856273569
2.017498544233682
.012618700827676422
.016545201573724085
2.047010295481903
2.961173986480377
.2908787111144883
1.21952782990918
3.659995496607309
.18965477857991933
2.655195699063313
2.655195699063313
2.655195699063313
2.655195699063313
2.655195699063313
2.655195699063313
2.655195699063313
2.655195699063313
