1.3933559228969064
6.483285809242585
.029843840081828853
.07859095794324629
.03313154045313942
1.477185344375515
.00037571583407997766
1.0554061808337787
16289174733018456e-25
.07440524972068768
.09339677270392696
13229392483309243e-21
1.0640462707423606
.9739842582431814
.011618611124302602
.0004203331290785989
.26910656281194373
.015459199250666546
.22863817518323495
1924832565553226e-20
.4981372717127726
.25182500817360215
.009917999653540496
1571285342759686e-22
.25050911349454613
6498476426103836e-28
5518945382939974e-27
.23343110565408728
8219685015086322e-22
.2565071833048743
.732514496312347
.01128932626168998
.29557012863337245
13.93503601297909
15.77024922210483
.6230791955704801
.05579272391277077
.18589194130345937
.3465026448167222
.5647428141417167
.24003679161935182
28219471600948575e-21
.0771319179815044
.008129877435840573
15.276663497745021
13.120585073866541
6978890398908615e-24
.9212160949010302
.0024371112904510643
.007163437651620057
.063217030201423
.4507474191411952
1.3227936692562126
.934513470864392
2.655899736937178
.013575195539617876
.002988310709119282
.7758237379227669
.5135301686516481
.033064720338785145
.00029570483129447443
1.4157063926286482
1.1257230918789858
.06771143485711913
.05439812453516701
.008686423452612679
.0015028164975271748
.0034809489597589123
.1350256925701071
.006214856035965574
1.5972012262721433
46401251530251365e-21
5564045085389773e-21
2082745580467374e-21
.00010984994282084906
.05422757972558948
.00018586213860998844
8902014523936319e-20
.00032120041313744954
.18185366063506717
.17817633643329067
.9333024489566749
.014886549989420341
7558499028508007e-20
35872349775829957e-25
.00011232478213823184
.000394172797207359
5885553087144277e-20
2307000518677515e-23
1.0929106480766424
.00044698887934039265
.003940040963800683
.6298020882649791
9445226286472883e-22
4856387835312028e-25
.05638753233842067
2668923030108287e-22
.3549719282494541
.3859840859531721
.009437454530363596
29412094204111888e-24
.0006581618235339486
23352881134440565e-22
3866125585731679e-20
.0002708558024980212
10877317464456166e-22
4909803127096044e-20
.0033589275116999327
.0664175192637819
4494618738244519e-20
508219241534502e-19
20016781796459273e-24
19298364518852635e-25
.00039355565796447313
9854986840225523e-27
10007031071036793e-24
.001372122469337246
9322957400252702e-25
.010240965991731334
33580351526280585e-24
4762371229095799e-24
6.226442290020421
21.659679175387357
.9984908602389612
1.8455246870026933
4.938642905224855
17994643471731382e-26
.4080509637646437
.23744977640421253
.00015143230031109658
.0003840016978595365
.35211764153143427
.02882232199097715
3069375457903061e-20
4529560235100814e-20
.3026529467874255
.06748152563425122
3.167787805365918
.07188948619125726
1.5800587941355797
.00012327287525213342
3.6260904517731625
4.783667558293316
1.4113501122964336
.23853610665519281
.08393826028327671
1.9655556574923565
.6211350418026845
4.084272835061704
.17514604280592982
1.2102690540888115
.9703827476172304
.4504961961857056
.00012327287525213342
1.513577441163784
.4930915010086909
1.78374911599387
.4964878397476267
1.968815221146237
.09327036162515213
1.6997466826688536
.280210360709323
.040509464919238763
3.3906579788201867
.819361912332047
.038662467848189906
1.0298410821036246
.8892999244965872
1.4812049896913386
.6860960306745505
1.064641070479255
1.5857529636478918
.7662556774826638
.5356208184049248
2.32065604225357
.00012327287525213342
.5120513625736268
4.743626148523747
1.9119926533028373
2.3366486582064225
2.4637204642884853
.26290002593843925
.4344102556549945
1.0596356706698085
.03027154882327564
.3574734176530264
.49619882662306003
.9901386913252892
1.2278362355278207
1.0300468396712352
.3254428917048479
1.314661606138086
2.9567236107895916
1.964029180367614
.2246058558662829
.9246582663799522
1.202617175183944
1.1555610639803042
.13300840775500689
2.1076746362905197
.4278294313103652
1.4941208731290183
.37308144650060854
.049823810054082686
.07567887205818923
.05512607774420106
.11599505136150698
1.470868363646551
.230567472424332
.9195785488577196
1.3474566624478863
.0866381463857108
.6424687874881858
1.3375514597923157
.8380161323295743
2.9632503641837635
.5950423304997497
1.9026883949877678
.00021246833533360875
4.041972681534844
.2995655175340676
.5709503537998415
.00011500712559734985
2.5913861647874405
.625902197436
.08163566011400296
.5065006077795652
.24827028972874846
.00012327287525213342
1.1983780619251398
1.41345035374775
.761663073600426
1.953115731731579
.03027154882327564
1.1916970660023434
.03699725365183611
1.064844506581727
.9391319094097668
.00021246833533360875
.06789544833055966
.16343503499027595
.5098555028458328
.4330941173414122
1.5248989023418313
.45407323234913566
.3027154882327569
.13985036396141612
3.1409738869591535
459437445449828e-19
.03845072060202593
3.7323521071929724
.7301809628905066
1.8485620975572592
.011031062464482799
.01465896976799667
1.789463015508874
2.5886100050349796
.25428142529970754
1.066091339561367
3.199508372070175
.18864663983205565
2.4824391987381382
2.4824391987381382
2.4824391987381382
2.4824391987381382
2.4824391987381382
2.4824391987381382
2.4824391987381382
2.4824391987381382
