1.6816667084169108
6.316536668498364
.022117631672848793
.04843450465716449
.02260409482480324
1.0103313451139881
.00021223123432601357
.6653559858563627
15280105959884916e-25
.07099497582953547
.05186856467044298
8459205975312252e-21
.6338054298820673
.5893308721504286
.009882331543471904
.0001629334885508496
.17930651098017777
.010880193125573805
.14416456768926358
7156450135950729e-21
.307620258643757
.15144511116210907
.006451598782131584
15786660644591453e-23
.19175648686404095
22111040711729967e-29
6453941056045088e-27
.1605428993590572
29105656056775176e-23
.17775280114076772
.4030605955310384
.003975582959492967
.15035679144921285
7.8350490023595665
8.842392949586898
.3789268325824126
.02463092506370931
.09499973381141663
.1753101237408276
.2791268883153655
.09917682335658891
15618156922145422e-21
.05770550288993454
.006662262887995916
11.694422574647167
8.175370724479423
7095743508750954e-24
.5157836475782644
.0018153341070127275
.004152737009703507
.042359376255096635
.24354691271111384
.7700434178975677
.6315905937712938
2.123341503619786
.012215144336232006
.001160490306428915
.6632832356633225
.4104041473602796
.03171840289152944
.00023577292912741355
.7985952944659966
.5791566669391698
.04513310287553942
.03350286054779028
.004926276440860698
.0005847809373616615
.0029629874433750093
.12370367948509385
.007137220619229062
1.3976437240967239
18010720697768244e-21
20211769777953013e-22
8237847986069134e-22
4123704016586583e-20
.04027112620671521
7567518766784255e-20
3446317313845552e-20
.00012499525003463357
.14638118848777634
.10978464047766512
.6208237196183664
.009164265864717072
57966957748647e-18
2112705927053366e-24
7179413752976249e-20
.00017106660079822258
6500774676306165e-20
21064195450412584e-24
.7158015384021145
.00020011507414130573
.0024353812419009593
.4205721718103553
5861113011700429e-22
2809395178893559e-25
.034992956677309936
1481707114387591e-22
.28394369240342937
.3043387011074239
.007811974900332539
18693828864687106e-24
.0003216576288925303
1637295292586699e-21
2468300909053197e-20
.00018681661713599142
4185959355744022e-22
19029354066904427e-21
.002222024800510974
.03727348984808709
51858875460759344e-21
39246981673234214e-21
20361021732235888e-24
13433795317890198e-25
.00031114395560908676
33216944040816002e-28
37048728708801686e-25
.0013766106451369162
3446015217847942e-25
.007714234436594507
2182306999171296e-23
23394958415824032e-25
3.498054224009276
12.168543238824915
.5609584106950232
1.036827312642073
2.774560474636701
1141054514627399e-25
.2732548599662604
.16409229148460097
8346363128799173e-20
.00022920496070560244
.274620101777134
.023750742399282366
1884472523671515e-20
29291835158575205e-21
.29918267125520503
.04638870215201919
2.7425229208234394
.04941885844227697
1.449137925673487
6925547237025415e-20
2.9126465084118895
3.28842786926119
1.197256787884527
.1340110767269827
.05479382087120869
1.1042614626392688
.4084516796407496
2.8076442296244477
.07375194552052458
1.142456240214152
.5451670972119612
.2530915808042722
6925547237025415e-20
1.4287698977867471
.2770218894811425
1.68380353249463
.3721327299609389
1.3534190584416437
.09193546381827103
1.1684537635317493
.19262449745589189
.017058060815589932
2.330833833416217
.4603226473357869
.021720816265131396
.5785711614295967
.4996142600218272
1.3792417840627236
.45222965010791627
.5981220125677441
.8908859336276813
.4304872324257229
.3009151260088939
1.3037590798986898
6925547237025415e-20
.3837980634764443
3.260902275936388
1.4660016206602624
1.3127438315724145
1.3841335670448662
.147698878973016
.24405439879888824
.5953099476467413
.0285753979557349
.20083080198084172
.27876760444717263
.5562661099577716
1.0133650548524031
.7080832212822061
.13704018677518037
.738585113342499
2.032535121836999
1.4720995804945924
.19445327329722858
.519478797653051
.6756378512109086
1.0908136038285645
.07472495542468681
1.184104793861409
.1801539584026965
1.0271007881232024
.3677418552730841
.043135130719493125
.07143849488933739
.023212945136645003
.048844156405848035
1.3884538606555752
.09708925986933895
.5166249805761547
.9262796771346271
.03648230784941585
.2705360752339183
.9194705617297376
.47080270480979036
2.037021796024798
.3342985031765687
1.307961614880679
.00014605672044147117
2.7785659121960635
.16829778148869776
.3924873609047027
.00011046620509657794
1.4558569561152237
.43026280660162275
.04586342447103828
.4781207765951539
.17066799268652766
6925547237025415e-20
.6732562908670884
.9716456000423751
.5235886582194843
1.3426267870525377
.0285753979557349
.8192061416904068
.02078528851395815
.7320041180124199
.6455857365049539
.00014605672044147117
.028589977404823434
.06882057740893069
.35048903888559796
.24331498406210306
1.0482584726384487
.4286309693360246
.28575397955734955
.13201438181382752
2.7193086809987035
1934637226403938e-20
.016191147716701524
2.5657240051957526
.307470644113028
1.2707536729070072
.006197319890212018
.008724284750867695
1.0053315149394348
1.454297292201679
.1428568952261135
.5989367828092276
1.7975038158809633
.18438702041652716
1.8606636498046973
1.8606636498046973
1.8606636498046973
1.8606636498046973
1.8606636498046973
1.8606636498046973
1.8606636498046973
1.8606636498046973
