1.7723846577026925
6.26215788939588
.02010525220593961
.04194778856516678
.020036610898772185
.8934617134631373
.00017727117428940052
.5794771645110234
1498094199516301e-24
.06970553628865471
.04313098679425383
75426211918461324e-22
.5473597221765536
.5053458867960278
.00939242811857881
.00012068020763221095
.15731901200248125
.009683233258185698
.12408386691450646
5217756725261955e-21
.263325690084295
.1286491195328776
.005589603501200115
1581508416966127e-22
.17559906507098474
16138964988569515e-29
67480179760062044e-28
.1427007772873799
21047234949710326e-23
.15837430137701425
.33483727664671203
.002854617127744628
.12246488861970148
6.536059875208038
7.3754901939121496
.32546795965638936
.019175091547467743
.0774570013571467
.14232770030853867
.22590760647457095
.07585833450570421
12989013429975303e-21
.05267550262249742
.006223690063719024
10.749358648375429
6.959585527746433
6940348601360695e-24
.4301695857689769
.0016487148679708021
.0034838859136433926
.037219211502258244
.20145888517825694
.6492267373071157
.5553611166156548
1.978870376455017
.011773814325631715
.0008599631593207264
.612464522010477
.3791498870473664
.031194603835153566
.00021970834048606517
.6668945911875385
.46816564377079456
.0396020164742249
.028742102203813416
.004103707420965755
.00043361475825644144
.0027978197628778117
.12004694094678961
.007427037976113796
1.3342064162289091
13344000896436394e-21
14742406377606889e-22
6153925779085534e-22
30329144818603297e-21
.03657296584605417
57236286014656795e-21
25518830416571477e-21
9265903222726728e-20
.13624042378445828
.09419700982084869
.5455252062740661
.007868027123407324
53005981028268845e-21
18334035372470116e-25
6230490530920825e-20
.00013506292535711318
6651779938087227e-20
20741726593321797e-24
.6228917405302677
.00015470187007092295
.0020917346778360213
.36920593254047834
5052209204517092e-22
2374758135291578e-25
.030085618978620658
12354074434640482e-23
.2635733212601417
.28139006027541363
.007354103240193561
16132477146364757e-24
.00025663096308641453
14573315130832806e-22
21411179323200165e-21
.0001662092568024301
3096992579462849e-22
1410338889375526e-20
.0019477495316830007
.031081537588000977
53800258017374705e-21
3608675570768049e-20
20349109640195926e-24
11950157247327464e-25
.00028914154459664857
23529301074231655e-28
2703800310062698e-24
.0013593565658487222
2510380025250067e-25
.007052344162539595
18977316313917203e-24
1865048534418218e-24
2.9176273310575596
10.149435102826777
.46787942262214366
.8647881111128977
2.3141818148244373
9818565186069589e-26
.2403816891814157
.14575585183481313
7008405424393798e-20
.0001971578338330033
.2528952584492603
.022253127788345393
16213511014816293e-21
25607174422977307e-21
.29809898909685484
.0412282031293841
2.6209039968260015
.04392127047666903
1.4102309153122163
5776401567073573e-20
2.7186176214512474
2.9226075721182214
1.1368576499862622
.11177481968102833
.04791235695718604
.9210330137013293
.3579795872121173
2.495308582565322
.056179514858937074
1.1219148931215115
.4547083381102881
.21109647424754993
5776401567073573e-20
1.4030806351674174
.23105606268304799
1.6535287687187303
.33985961231824197
1.2028583097184813
.09151939830965088
1.0384694306021545
.17119603568088537
.012993739680906332
2.0715408340162416
.3839420005995026
.018116713787069902
.48256971603314697
.4167140149002778
1.3486339629370634
.39664082527107336
.49887652375344543
.7430625663165713
.35905713135488737
.2509847302955503
1.0874282904245762
5776401567073573e-20
.35051327271129257
2.898144056214439
1.3484609876191935
1.0949222157234177
1.1544663594195856
.12319142542173803
.20355881830337497
.49653106054881196
.028061612703348296
.16750724810261222
.23251211378201808
.46396570831131867
.953963548765242
.6293126887633939
.1043884490757633
.6160327928051597
1.806426284488232
1.344432113706456
.18583011916180647
.433282459584149
.5635302755057351
1.0712007906100762
.062325955602038144
.9876280606784453
.13722976270726372
.9128412299254361
.3660775932386035
.04122227590075618
.07015403175837086
.017682136884930245
.03720635423523743
1.3634894798154857
.07395638825493464
.4309021720962531
.8232359370257668
.027789888679535697
.20607707839046419
.8171842998809243
.39268311784901205
1.8104138397809784
.27882885373963345
1.1624577675620675
.00012980867882527158
2.469465074944233
.1403723829257815
.34882520722538973
.00010907481261954169
1.2142887940723863
.38239833335838397
.03825337520904036
.4695241717725459
.151682076534623
5776401567073573e-20
.5615438838992242
.8635551397200637
.4653421750531761
1.1932666217337775
.028061612703348296
.7280737689916379
.01733641675306409
.6505725116012561
.5737677203133552
.00012980867882527158
.02177801614716684
.05242311404611891
.3114989775407862
.20294209354530118
.9316452333675549
.4209241905502258
.28061612703348343
.12964076508996084
2.5987192072375667
14736828979944052e-21
.01233338073068918
2.280300710149165
.23421147059540975
1.129389013349247
.005169007892126168
.007409907943123914
.8385183639031601
1.2129879228536986
.11915286477864205
.49955610039029935
1.4992467026093323
.18306671383934273
1.6992980615912125
1.6992980615912125
1.6992980615912125
1.6992980615912125
1.6992980615912125
1.6992980615912125
1.6992980615912125
1.6992980615912125
