1.797071573362397
6.247178077988421
.019586603784162493
.04035453913977635
.01938937721863018
.8638130118635527
.00016879400568659532
.5584005353021563
1489976105434965e-24
.06933898456191069
.04102082384443601
731175656599973e-20
.525811038539412
.48480036360327877
.009261837171000993
.00011115953484559255
.15177869779774703
.009375221779610808
.1190712330944393
4786115820308958e-21
.2523384988256157
.12303380143631024
.005370459815705706
15821837309935445e-23
.17139102654010038
1483676448350587e-28
6827233345565718e-27
.13819810801294088
19267232156691607e-23
.1534776597884555
.31840805706606623
.002608018474509457
.11587703875087357
6.2214217720576475
7.020414045055844
.3123770783058334
.017921907541518543
.07330893884558434
.13453929931462855
.21342342922868549
.07057889627733822
12354894519168251e-21
.051384626474078085
.006106893880919245
10.505517562889855
6.656367824829108
6885018454704417e-24
.4094619332521076
.0016053517039631756
.0033198158926652853
.035921866094543335
.1913695447435732
.6197169608249896
.5360171771209139
1.9412814747929068
.011651258464295395
.0007922205276941935
.597902392634388
.37074268664360166
.031039677183833863
.0002155437977765188
.6349721128303871
.4416887315021462
.038208143165726426
.02756379051987354
.003902863923126105
.0003995246553269616
.002752484775518135
.11901003535787051
.00750445911215614
1.3169487078807147
12292166427279015e-21
13527707758612537e-22
5686583340766944e-22
27888603669544983e-21
.03561250292797378
53082247215672085e-21
23504022528744072e-21
8536665329934342e-20
.133556722382561
.09033858985750423
.5266565255758408
.007547403823553715
5170154464053758e-20
1766544993844346e-24
5993928992579522e-20
.0001268588404286267
6687426802271142e-20
20671643113883686e-24
.5994765545226528
.00014418772957762926
.002006611125624159
.3562542294964622
4852291981047696e-22
22690097938124803e-26
.02886880072548701
11756557201341993e-23
.2582013473261768
.27536974187946156
.007233614374919111
15491198932976725e-24
.00024131895842564136
14112987680548137e-22
2059569436547588e-20
.00016100566533728208
2852011721909471e-22
12993481873271926e-21
.0018787130267508482
.029582477399689205
5429137863181784e-20
3525223835043248e-20
20325858121701612e-24
11568336426864683e-25
.00028342019455693355
2141016883622982e-27
24801071125526576e-25
.0013529586728577934
23014816136907648e-26
.006881314275720182
18260060228322994e-24
17524776814531437e-25
2.7770670154479857
9.660473477698622
.44533875109396887
.8231258712032601
2.202693235454791
9419093365303286e-26
.2320347570917089
.14106134769814946
6686962682558447e-20
.00018933081495280395
.2471518336831875
.021849981371385625
1556194403606044e-20
24683602762374715e-21
.2978047686045416
.039926062441436344
2.5887518069025615
.04253407266029687
1.3998252190321434
5498116256707633e-20
2.6680913201778913
2.8303007058059473
1.1209553391754878
.10638992910082057
.046194110719236306
.8766611058450338
.3453583191197446
2.4164974147793616
.052168725718441424
1.1163892216959967
.4328021999154831
.2009266397630516
5498116256707633e-20
1.3961701621707832
.21992465026840538
1.6453847849597178
.3315722116033056
1.164867550286034
.09140650141747075
1.0056706861472149
.16578902526677988
.012066085710638608
2.006113834972588
.36544511849068445
.017243918628959073
.45932132139850557
.39663830035311376
1.3404229199116175
.38273341073922806
.4748425284304121
.7072646055121464
.3417591086883608
.23889322959976442
1.0350400837205165
5498116256707633e-20
.3419660848679128
2.806609839132804
1.3181388936787999
1.0421729798728498
1.098848510589717
.11725652569916234
.19375211974346562
.4726100608249029
.027923403243415613
.15943737865439175
.22131055429964128
.44161358482451957
.9384102046323757
.6094366428705139
.09693590949799127
.5863546489035004
1.7493725934159199
1.3116484369867842
.1835504304391285
.4124085396633464
.5363815054974952
1.065924897014267
.05932332538369722
.9400478538315635
.1274326036644861
.8840102934087045
.365626005669883
.04071657769683775
.06980850810853916
.016419767090941968
.034550104143031626
1.3567740017486567
.06867646585567613
.41014292547761577
.7972350704340808
.025805902452325766
.1913647457868638
.7913745665998575
.3737651215744839
1.7532342068145743
.2653959278599281
1.125743008191809
.00012570883576840407
2.391470141683146
.1336097692647133
.3378080039316993
.00010869921825718098
1.155788925251197
.3703207653085052
.036410471410025985
.46721166454453905
.14689138985666372
5498116256707633e-20
.5344908107704874
.8362808420702961
.4506449305952195
1.1555788036434933
.027923403243415613
.705078479202843
.016501213372423107
.6300250010741094
.5556459920462662
.00012570883576840407
.02022323179411718
.04868050329102275
.3016606760354535
.19316510646557863
.902220396168287
.41885104865123557
.2792340324341566
.12900225652248262
2.566839171337747
13684731720177494e-21
.011452871355973948
2.208280294267272
.2174905568388146
1.0937186887855483
.004919984525443394
.007087839405497121
.798121701649544
1.1545507251170304
.11341252772435484
.47548936561985966
1.4270186330912848
.18270906040461699
1.6578610580165305
1.6578610580165305
1.6578610580165305
1.6578610580165305
1.6578610580165305
1.6578610580165305
1.6578610580165305
1.6578610580165305
