1.8837773347549254
6.193903905598985
.017855650101261118
.035260255695871934
.017275768953878248
.766496442523987
.00014209450593842332
.49117905406072887
14613504009032902e-25
.06800208335430703
.034397849815506636
651522405069561e-20
.45390565450993836
.41949441098598766
.008811017204193956
8323921134442492e-20
.13369193280787206
.008350391870641625
.10287058938903704
35296827595160736e-22
.21703345004077465
.10510103065798775
.00465643841885083
15839897841981228e-23
.15723785907682705
11095077951756587e-29
710105451196466e-26
.12347895920663879
14132942511747782e-23
.13745113488951766
.2669479927428673
.0018976717667611512
.09558348539545851
5.231393210409281
5.903893976230491
.270724952819887
.014160464783510338
.0605193399334117
.11056669295895925
.1751812416958254
.054928850366783015
10366276499070983e-21
.047097382427406354
.005706007290178466
9.691648042884115
5.680273513088967
6653574991754541e-24
.344366678190209
.0014593975720808827
.0027975974045740554
.03168045356200274
.15988760959885015
.5261371877526964
.472533526720109
1.8148203786502162
.011212123444742457
.0005934899302227765
.5453138143698585
.34165850591690783
.030451203083798516
.00020158162276833565
.5344596524810185
.35960054285223253
.03365724641464762
.023778995098895913
.0032663932442395173
.0002994790781976844
.0025921287609339443
.11537311742708767
.007769596497538398
1.2564519134270582
9206843082522474e-21
100065886319095e-20
43131689814056353e-23
2077088944967427e-20
.032384491880824436
40819952734182274e-21
1759670248424757e-20
639666926315547e-19
.12437735945464871
.0779439188368468
.4654271580288275
.006517748425488783
4727162056895575e-20
15567237243623634e-25
5229233319326355e-20
.00010228934472889839
6791598732767055e-20
20474901411170765e-24
.5231182867944516
.00011248673692302391
.001732970207591771
.3139479003912411
4210720777810729e-22
1934244901134177e-25
.02495371604009359
9869791009910367e-23
.23991834450910215
.2549748842369197
.006823923195636404
13411827133702502e-24
.0001943803059458728
12590401825641684e-22
17960226212396414e-21
.00014398529422323262
21343881424760986e-23
9738101120579247e-21
.001653493200475011
.024867464825871134
5586323494105704e-20
3244705891843391e-20
20196839622291893e-24
10310521966315143e-25
.00026415150603675754
15356600668306193e-28
18288096922414935e-25
.0013247997701654236
16939376307936775e-26
.006308884477293745
15919011980098622e-24
14070974913818983e-25
2.3348587496242508
8.122181027481766
.3744249143986777
.6920548304128914
1.8519457920643883
8122042955153705e-26
.20487127258229434
.12567534212742576
56871009760748326e-21
.00016463140747760525
.22781609392479168
.02047341293565651
134847470943754e-19
2170791682460716e-20
.29677370205670867
.03566987411816925
2.4789196599569676
.037999865870852426
1.363882815503125
4622619755668306e-20
2.4979568242447017
2.5285856836182377
1.066844911199095
.08944885213469841
.0406327625914517
.737065343418599
.30445090123530244
2.1588945496063907
.04021266989682486
1.0971966350197122
.36388462997399784
.1689319416037494
4622619755668306e-20
1.3721676760023866
.18490479022682632
1.617097885115589
.3040335475478161
1.0406906251772123
.09101108564142373
.8984644261332148
.14811562422701186
.009300773882177614
1.792258579597014
.30725320191014044
.014498070829644725
.3861809600526622
.33347931499815875
1.3119780830861663
.3376372991942551
.3992306365068318
.5946428167896429
.2873388509337417
.20085289417007776
.870224730711736
4622619755668306e-20
.31356415973669793
2.5074203049080035
1.2169418389956186
.8762218150092242
.9238725767833738
.09858509839924467
.16289986144547808
.39735365748798046
.027443353520047682
.13404925286194722
.18607000883173605
.371292927662422
.8857653555812038
.544469627228506
.07472008710407305
.4929860441824375
1.5628864049503817
1.2027097370564594
.17576299489039643
.3467383688965002
.45097041024967655
1.0475998759743135
.04987693295063831
.7903586569479988
.09822753296503334
.7897732447647797
.3640443425656949
.038989108445904995
.06860838380011933
.012656676288666607
.02663189322090245
1.33344880107256
.05293715752305301
.3448335214169879
.7122484128427495
.01989169224307831
.14750767334711135
.7070126490019628
.31424836331211015
1.5663363635839302
.22313541618959812
1.0057368279306425
.0001123080532666542
2.1365352277430705
.11233432145052756
.3017970778868577
.00010739026881138176
.9717460435164205
.33084392184362954
.030612623777799244
.45917951930909884
.13123250991543503
4622619755668306e-20
.4493807816589116
.7471318367003685
.40260539014836944
1.0323920752277653
.027443353520047682
.6299158759641215
.013873630779415159
.5628632303166959
.49641315418036264
.0001123080532666542
.015588460963620501
.037523880108130514
.26950311857998793
.16240632164957367
.806042118612932
.41165030280071657
.2744335352004773
.12678449327143412
2.4579367047898266
1054845775340498e-20
.008828096313757533
1.9728737395450893
.16764595736976212
.9771263571731851
.0041365472469142425
.006063513341409517
.6710322178022127
.9707050090721661
.09535320220981397
.3997744741106881
1.1997862935304417
.18145843226810437
1.520167737739083
1.520167737739083
1.520167737739083
1.520167737739083
1.520167737739083
1.520167737739083
1.520167737739083
1.520167737739083
