2.024712393667756
6.104903619494414
.015319801601700397
.02838709447366818
.014315631870641665
.629084281364674
.00010737259152305782
.401169021870432
14140851244354086e-25
.06567921828169712
.025841657693811554
54326535774300074e-22
.3577674949866896
.33266434824821545
.008099634820702807
5181489781774187e-20
.10843452149942029
.006864878839761601
.08072822742762412
21431384551566788e-22
.16931894238079576
.08115070935267547
.003661347682211996
15844600823955901e-23
.13624606509506154
7014826079217458e-29
7525837338304277e-27
.10282009621521057
8535477467156696e-23
.11489840588588789
.20066062895550058
.0011295518199909132
.07024697486249724
3.946269299765417
4.456086976237372
.21523206999304387
.009712570039979489
.04452522748592636
.08070547396334406
.12791165756909342
.03685522135993162
7799444916462216e-21
.04088119797486901
.005087437342455675
8.499878250475433
4.36442385782474
6184908864308061e-24
.2599723173087958
.0012423016730153742
.002104976616619812
.02574135810397693
.11961493627746184
.4027414404181961
.38302476175119793
1.6266052706059626
.010471188218787793
.00036967202763493154
.45904198436545196
.29639345744346673
.029346037933248532
.00018095055932014045
.4038075633200517
.2564244584091253
.027300885524216174
.018654092411107045
.002429928011846026
.00018671334762638409
.0023293603021656358
.10933862494539331
.008171336322186588
1.158920273012215
5732874017923542e-21
6126789259393049e-22
27610273397221373e-23
12838128686826582e-21
.02759263455660111
2680815047040754e-20
10950609398567018e-21
3985241510965169e-20
.11026768144942907
.06115714402452542
.3808856086825498
.0051229986775669974
4057575789724072e-20
12810915219927374e-25
4180953316317954e-20
730711329170333e-19
6884006986140064e-20
20285687131624443e-24
.41687780538161157
7489189479283629e-20
.0013618081043544723
.25480522565812475
33425642839083926e-23
1492834775670743e-25
.019634475771444324
7397608075164385e-23
.21214116539460662
.2242598199319912
.006201163674232986
10550250101134813e-24
.00013664603870294794
104090802144938e-20
14349446599499818e-21
.00012006676724326802
13280786396183007e-23
6071745750577892e-21
.0013388778142108802
.018751288093862725
5782295539936906e-20
28243904533875543e-21
19796146695086666e-24
8508335561749473e-25
.0002353652637072949
890652381018557e-27
11071140132726561e-25
.0012612301441490678
10226907647239018e-26
.005464816737740524
1265191801148692e-23
9806391770677534e-25
1.7610070231259394
6.125945663650079
.28240033963317934
.5219645158155287
1.3967823735799036
6335563444397347e-26
.1669063501421415
.10384367856823433
4403565042484135e-20
.00013192949831129439
.1987468216508562
.018335878696865253
10694126950245964e-21
17618466536372055e-21
.2951053762135753
.02969743569865199
2.310247717347291
.031637301817171525
1.307419119556913
3486491787258232e-20
2.2442475178692183
2.1052081792891593
.9844079848936428
.06746449087984738
.03298422407770265
.5559125349538601
.24803039314964992
1.7974168300876694
.026315600854531863
1.066701725205796
.27445060181688613
.12741256216993055
3486491787258232e-20
1.3340303647915186
.13945967149039076
1.572153111687635
.26406441205651054
.8664410426850313
.0903720073589099
.7480286987900059
.12331566441404546
.006086525807655376
1.492169098960396
.23173780706382202
.010934796187088142
.29126703401637905
.25151817679484023
1.267024933023728
.2753828842693195
.301109416082977
.44849401566003044
.21671792119873456
.1514881177739823
.6563445701920362
3486491787258232e-20
.27234210221437016
2.08758665723942
1.0687569394257972
.6608677164285574
.6968070751392353
.07435526910763467
.1228630212075521
.29969375304339574
.026680607295830324
.10110319340416818
.14033850758574126
.28003811937478756
.8064209338568469
.45330554548414725
.04889762338815793
.3718220154636888
1.301202195487134
1.0445980127916825
.16380363764863223
.26151847640130227
.34013280666314255
1.018483432559107
.03761839093358152
.5961076428704097
.06428114713760935
.6575363870143525
.3614880294356396
.03633619122215587
.06670151823957593
.008282664200420696
.01742819548665618
1.2963876220347188
.034642641518830466
.26008179429367784
.5929920406164315
.013017335947433761
.09653059756409221
.5886329346807079
.23701372722761024
1.3040745051662512
.16829413560081724
.8373397864620633
9350358734875237e-20
1.7788012745322561
.08472526616194784
.2512652353326009
.00010529619733857776
.7329144033242606
.27544857777438503
.023088782341839923
.44641732374378273
.10925939945499323
3486491787258232e-20
.3389338702765426
.6220347065234841
.33519455791327385
.8595319727875791
.026680607295830324
.5244449744911155
.010463828376229986
.4686193882851729
.41329547946812406
9350358734875237e-20
.010201255417947894
.024556028086988535
.2243784631283187
.1224907815391259
.6710812577754446
.40020910943745625
.2668060729583037
.12326071133051884
2.290692495344279
6903023464540923e-21
.005777200556302654
1.6425426910002945
.1097093058069401
.8135197524240082
.0031198841276716674
.0047043293461798575
.5061087521819646
.7321292299308328
.07191769471967004
.3015195915764335
.9049078833986842
.17944385032010254
1.320322060282555
1.320322060282555
1.320322060282555
1.320322060282555
1.320322060282555
1.320322060282555
1.320322060282555
1.320322060282555
