2.3065825114934158
5.916139450470347
.011152392189979928
.01849600985897596
.009817548812082967
.41888330777143706
6133174664430803e-20
.27351212287300797
131715841944696e-23
.060590582436321136
.014612692801645974
3872528956924226e-21
.22420169287714342
.21146885463039738
.006750774375441652
19983860940694074e-21
.07053653910551917
.004516288377113038
.048999829868466425
7803882655192241e-22
.1018685198730885
.04803219992220096
.002198112629077697
15746403959138074e-23
.10118876317971008
2921875820449807e-29
8270317417514396e-27
.07129951119953949
313231100715197e-22
.08030831544500526
.11383425119756768
.0003988918703431901
.03855716286661522
2.247265764895653
2.5427398776700887
.1374814223047202
.0046732821902796765
.02447504675912745
.04362118417942124
.06959225569805433
.017112362434718743
4429029488965917e-21
.030810148296368012
.003983294044274649
6.535435363133304
2.5440485262184254
5109849631211889e-24
.14842882572758992
.0008799981995793098
.0011639364466163903
.016792705205096837
.067382131505627
.23524951399079988
.24746512028461543
1.3069867471274579
.00892607366173746
.000142728746007352
.305400966106563
.216750677861421
.026643740476181912
.0001463815169018648
.2306449732546342
.1286080053742727
.017760906034507966
.011372211090596674
.0013126363555768564
7221562893240813e-20
.001813786905409289
.09712256453273158
.008828376671831305
.9700226316432108
22120072251139276e-22
23089488908388985e-23
11496758392771784e-23
4904730389524722e-21
.019604206408114506
11886967649135208e-21
4221883441031581e-21
153881614614409e-19
.08518350229116142
.03729661711792996
.25600332288968053
.003136311369876693
29115552833620816e-21
8899678680209971e-25
26567246323015233e-21
38729569292138985e-21
6767512507223808e-20
20214197734318645e-24
.26009263621135625
3290689827441535e-20
.0008328089177509913
.1659207648351642
21026477439044988e-23
8889335296691451e-26
.012033503324904828
4078188754231407e-23
.16370701507746968
.17144077159935817
.005105281198288114
6399044260984989e-24
6742937039204529e-20
7005988299643479e-22
9105431489096565e-21
8348516150383635e-20
5124932955141383e-23
2350546371777039e-21
.0008662244105462492
.010672677499983038
59175061236952956e-21
2110766358494543e-20
1833905945764138e-23
5697592111303535e-25
.00018620925548662386
29750269507507355e-29
39900442151808023e-26
.0010829567153024975
36783759732764375e-27
.004059635769676637
7798867373443479e-24
4696603190536963e-25
1.0026242546039787
3.487789443256639
.16078381647909504
.29717898720845626
.7952540039666556
37559534669045606e-27
.10991403347433251
.07017123063554348
27009681094285997e-21
860348970230346e-19
.14897614392379965
.014449166026184014
6749506363760264e-21
1159543580142211e-20
.2917968075242603
.020587892682253126
2.0065585286039327
.021932714365556553
1.2014079895988048
1985024013803138e-20
1.8115424092810442
1.459445876364816
.8381556396039221
.03841071272991087
.021740389304153174
.3165071937044588
.16465469281578504
1.2460680167345508
.01133090363918548
1.0082310885993153
.15625765624931987
.07254197370890479
1985024013803138e-20
1.2609062638000377
.07940096055221796
1.4859764503857131
.19920755158692657
.6006644945141619
.08910728209269654
.5185745574198782
.08548918804838783
.00262072060618923
1.0344535327866036
.1319392501106769
.006225694578360768
.16583204327774062
.14320114639900794
1.1816868028148646
.18323215747586188
.17143577503652088
.2553487704707417
.1233877215410298
.08624932164939728
.3736878824503751
1985024013803138e-20
.2054521582580804
1.447229669937439
.8243484058744377
.3762631226761248
.3967250925975083
.04233395738116398
.06995170572231985
.17062977138005633
.025218125276000702
.05756281070645251
.07990132334094438
.15943889320800536
.6684232214504148
.31425628856977295
.021054212740867773
.21169578894581503
.9020647920728013
.7880342939822909
.14227114420336498
.14889478805230633
.1936536295815143
.9626558537076755
.02141792206042402
.3393921621252335
.027678010776089442
.4558403192751942
.35642912837078616
.0315596868016902
.06304531319000188
.003566328219107011
.0075041875256746365
1.2253268861626476
.014916339361780901
.1480768172502056
.41109463515720684
.005604970985622397
.04156389608079168
.408072663627194
.13494307999450528
.9040560348193554
.09581777928485499
.5804899061720643
6482181967748911e-20
1.2331626917130663
.04823808520703708
.17419085446637772
.0001012297605046291
.41728269545284885
.19095607500399314
.013145531438095406
.42194721697009724
.07574461355290171
1985024013803138e-20
.19297101861792343
.4312286054759609
.23237526822247673
.5958747479843143
.025218125276000702
.36357404599279786
.00595755041759851
.3248726850606976
.2865191144343795
6482181967748911e-20
.0043924302841628175
.010573271328749176
.15555146801123135
.06973977214387415
.465230367239392
.3782718791400119
.2521812527600075
.11650424690399641
1.989573900854169
29722860643714186e-22
.0024875321361370996
1.1387007616239284
.047238350333692905
.56397655096396
.0017762970032942115
.0028332266184000745
.28815155404902804
.4168356592524669
.040946131454469556
.1716693072673544
.515206685812769
.17548153704530275
.9960377579346342
.9960377579346342
.9960377579346342
.9960377579346342
.9960377579346342
.9960377579346342
.9960377579346342
.9960377579346342
