2.3770500409498307
5.866264391374013
.010276135319866955
.016625342923857946
.008930795546618934
.3775591293134869
5330497645693522e-20
.24962043261725256
1292561312972921e-24
.059249579410978435
.012671595002438132
35419546740959585e-22
.1983588571046974
.18918139782732876
.006429977414259746
15689477207741203e-21
.06321266927184388
.004044449045976975
.04311875839644566
604579685963706e-21
.08951614664078482
.04205852177383785
.0019231056483699212
15698246529896892e-23
.09373400274075368
23644361147331583e-30
8429233038276702e-27
.06506152074340639
2433567517444462e-23
.07342769415929835
.09881742786907982
.00030715708890728004
.03326315424947009
1.9518040666480911
2.2099340133453653
.12313206005614437
.003908375458746254
.02112012300317791
.0374859141283771
.05994313483149443
.014206727728588824
3845266198393781e-21
.028707806310963212
.003735533449676186
6.119392654520708
2.2184405568190426
4838789011376085e-24
.129010800328078
.0008032009418168864
.0009982863322807608
.015057903630457859
.05841359024901693
.205459274713906
.22105173928588384
1.2375347581547207
.00853568967323779
.0001120840569385709
.2730371732167043
.1994811415875972
.025886417435494684
.00013895658526546885
.20046104204038845
.10787878952015979
.015916988016721586
.010025150047462152
.0011191909129968948
5673358367261668e-20
.0016906844377208529
.09403940679021083
.008956932681799944
.9247135249378713
17368032621456022e-22
18051959881410036e-23
927336133025357e-22
3844368068121776e-21
.017909888575579066
9760828237196074e-21
3314426028012229e-21
12083872074721145e-21
.07957866193853948
.03288133560998689
.2320087211223635
.0027675847385797672
26653513565476187e-21
8149138815154725e-25
23696074262415853e-21
3321894051985635e-20
6677791346741007e-20
2023200007584245e-23
.23030286561693297
26758976389987484e-21
.0007346819863074925
.14872339119337497
18719186400126256e-23
7801979598402373e-26
.010620630374597448
3498621510436153e-23
.15302349458192419
.15991111039565495
.004860457384518296
562561373645292e-23
5648214332136217e-20
6328154957729885e-22
8118735194080955e-21
762295591337552e-19
40248641198103894e-24
18472015762732408e-22
.0007747451719317914
.009268632679709022
5895241500930628e-20
1956286469000777e-20
17850040290741386e-24
5136029950853934e-25
.00017551711742984862
2252372090578902e-28
30720873551739513e-26
.0010314054996435676
28337314491710384e-27
.003760687288647914
6873409561032272e-24
3893630132418062e-25
.8707714791822928
3.029118394687473
.13963951207163022
.2580976722687058
.6906720061676362
32802756032511636e-27
.09882443108319615
.06346149699119269
2397853009705851e-20
7742980440389533e-20
.13808498872580383
.013552133873247886
6016382043895636e-21
10433969230647101e-21
.2909754776038915
.018785551693387817
1.937090722981306
.02001264266573714
1.17627648039894
17239781391427374e-21
1.717085176373628
1.3316805356084904
.8051220593035524
.03335940955615707
.019587893966226396
.2748840714438553
.1486185634652862
1.1369825704416117
.009166936890886304
.9941212380560848
.13570857660881144
.06300214807216584
17239781391427374e-21
1.2432603102756743
.06895912556580089
1.4651807162898414
.1856526757662444
.5480800821254047
.08879387603880207
.4731766046014122
.07800514535871238
.002120217519322138
.9438936084663893
.11458822729802212
.005406968016226755
.14402385834743375
.12436909789273312
1.1612659196035597
.16548170241937102
.1488906564226983
.22176844969506532
.10716129028981017
.07490687468035857
.32454506128254385
17239781391427374e-21
.1914723745094497
1.3205337815001172
.7725316114059909
.3267816376772603
.344552701696152
.03676671746086901
.060752520182360256
.14819064842575555
.024865206205513437
.04999285983216688
.06939368681212083
.13847145652061507
.6377835746822386
.28674511981444806
.01703329633968498
.18385616987675582
.8230946723787788
.7344132996360615
.13734566405895854
.1293139820221532
.16818669277685452
.9491838130475808
.01860130112345188
.29475949108509253
.022392086821040585
.4159343558778173
.35517550415520827
.030467078658444984
.062163015513783705
.0028852337604944223
.006071043903966749
1.2081788539051062
.012067629019405151
.1286035806509544
.3751058760024105
.004534538191879928
.0336260570598276
.37234845914245246
.11719703052530946
.824911594301146
.08321700678664319
.5296716525671975
5914707557518098e-20
1.1252070257536364
.04189440721763056
.15894153673698866
.00010023792983783616
.3624068221850061
.1742390672769597
.011416793282653876
.41604220944166326
.06911364729524935
17239781391427374e-21
.16759385038774993
.3934772433906814
.21203226968543182
.543709647888964
.024865206205513437
.33174541662825385
.005174086868149804
.2964321173209828
.2614361614576691
5914707557518098e-20
.0035535675260071438
.008553996582017616
.14193391176097417
.06056845749412691
.42450236398613855
.37297809308270286
.24865206205513482
.11487380966589185
1.9206941093872592
24046412926408745e-22
.002012465274801363
1.0390146456915224
.03821680866117585
.5146039381254778
.0015427003305806069
.00249562346955326
.2502574157724279
.3620185746718595
.03556140128236332
.14909347737498657
.4474530571444998
.1745047055344002
.9282633788312232
.9282633788312232
.9282633788312232
.9282633788312232
.9282633788312232
.9282633788312232
.9282633788312232
.9282633788312232
