2.4475175704062457
5.815136147164405
.00945984924347537
.014946286969812617
.008122853474319815
.34004743903235873
4632848802968508e-20
.22820275784893407
12679981826357018e-25
.057889303662421225
.01098928544428977
3282536471809751e-21
.17710226162502343
.16934318101973844
.006115605451448462
12315073943454922e-21
.05662472184859658
.0036147804736685195
.03790599397593228
4680055526324653e-22
.0786044550274993
.036808259338459444
.0016800942138045622
1564154562779141e-22
.08675964943071136
19175853788151374e-30
8576524523025604e-27
.05936932404143121
1891570046530285e-23
.06713629077868012
.0857939180009278
.00023648436806790292
.028719425649007185
1.6952225869900654
1.920910658313999
.11034416631802163
.0032742698840397036
.01823934224336785
.032238095135515586
.05168414589365407
.011820214793809776
33388155364759357e-22
.026749313068132156
.003499144781850145
5.72972265118862
1.9335666521157104
4573576488556545e-24
.11213708191477233
.0007316467319575017
.0008544946234184732
.013495823260192547
.05065251708086983
.17939191322948703
.19720312808673188
1.1718390134947387
.00814659704711849
8799743675408946e-20
.24336482155773673
.18331839741356484
.025103342853395386
.0001319636130993748
.17422681624156128
.09038387453728579
.014258288152307114
.008830758461701919
.0009523326300137839
4455920764094157e-20
.001571014207870173
.09100858320057809
.00906941356035535
.8803735031712985
13633596050488853e-22
14117361765063293e-23
7502924463374443e-23
30132023176178424e-22
.016330430003725704
8043197350517322e-21
26014389152908876e-22
9486670963603037e-21
.0742469608005959
.028966040590717095
.21035212057505717
.0024402018194821006
24351325568039366e-21
7467653276588886e-25
21130321948744942e-21
2854024808378767e-20
6566110175796e-17
20257847030319494e-24
.20367589979373305
2175460975255686e-20
.0006475925793716255
.13324832062449285
16664688963827823e-23
684556826167546e-25
.009365816150534046
2996611165109412e-23
.14289021595345408
.1490148530031346
.004626620534292472
4939292251662645e-24
47307849393297444e-21
5710855302087332e-22
7237365655997478e-21
6960319992604995e-20
3160322751164835e-23
1451292330698637e-21
.0006922523748047712
.008049552936937434
58511630087302716e-21
1811855280926518e-20
1732864270339058e-23
46266735140185483e-26
.000165421438293479
1704669596842069e-28
23625369662645996e-26
.0009783520110300422
21815945119964922e-27
.0034809721999733145
604542210640653e-23
3225583448490306e-25
.7562771211820151
2.630831388052888
.12127885526516952
.22416141230351053
.599858228011791
28604741128777746e-27
.08883669476831024
.05736750021673415
2131885868313609e-20
6973990439079805e-20
.12786274026570643
.01269420563167144
5365560114524973e-21
9389388763253317e-21
.29015645950786406
.017141047483637453
1.870028003253132
.018260717800862244
1.1516706877634721
14972989529654508e-21
1.627553569162032
1.2151040153872803
.7733904674155505
.028973110427495306
.017648615639329054
.23874063308266452
.1341449360252906
1.0374500864335843
.007417799466284647
.980208851038222
.117864783230845
.05471824044701784
14972989529654508e-21
1.2258613070773063
.059891958118681976
1.4446760128434155
.17302028890925425
.5001006553272737
.08848157228968793
.4317542960675477
.07117650428293669
.0017156601567648645
.8612643070748259
.09952146657775819
.004696026803122387
.1250867208866352
.10801628850618544
1.1411979350494323
.14945157032047143
.12931360259526453
.1926089780316087
.09307106865583756
.0650576608149935
.28187189234894316
14972989529654508e-21
.17844399720625737
1.204933058229432
.723972377661287
.28381439000481296
.29924880587374836
.03193240465653144
.052764407386435765
.12870563592960524
.024517226141546077
.043419492963908436
.06026938059541222
.12026438279954763
.6085485033584075
.2616431923141653
.01378318384883875
.1596816365603741
.7510402192627555
.6844415290939411
.13259071186937296
.11231098903715
.14607247811315952
.9359003099368025
.01615548832294794
.25600271103077177
.01811946691107799
.3795230856428499
.35392628915875174
.029412298346522935
.0612930653538653
.002334704133290741
.0049126318602191535
1.1912708037006927
.00976501236619923
.1116939955816398
.3422687678750376
.003669305830290814
.027209890400928978
.3397527377844597
.10178724840641756
.7526980861943962
.07227512594359488
.4833037163655288
5396928700844696e-20
1.0267053835929816
.03638587441326233
.1450276506539862
9925581696920611e-20
.31475535744026906
.15898602151515936
.009915643499305536
.41021984088947605
.06306337601318672
14972989529654508e-21
.1455575862660289
.3590318891227715
.19347077275460822
.49611281286229536
.024517226141546077
.3027041223870762
.0044937662922367155
.2704821812852376
.2385498030948536
5396928700844696e-20
.002875513556119736
.006921813909714311
.12950888857257414
.05260454638581332
.3873410425611265
.3677583921231924
.2451722614154612
.11326618995402123
1.8541990458297037
19458132099645897e-22
.001628468049804849
.9480583625479541
.030924683595642793
.46955504329320813
.0013398566590094472
.002198280930076526
.21735204066691838
.3144181590839273
.030885570818508838
.1294897554086572
.3886191934526034
.1735333116354426
.8651014445462725
.8651014445462725
.8651014445462725
.8651014445462725
.8651014445462725
.8651014445462725
.8651014445462725
.8651014445462725
