2.5179850998626607
5.762649527078598
.008700097036714573
.013438778327092553
.007386750742973502
.3060413140954589
4026522595358589e-20
.20897000545175864
1243490364861011e-24
.056513829656862
.009531162116630423
31239725830127837e-22
.16110186524726403
.15165301039115603
.005808505743180568
9678903237237103e-21
.05068838283621932
.003224654000910571
.033292818410058336
3620062458184858e-22
.06897371260494181
.032197362959437356
.0014674919253730293
15576209618942674e-23
.08024299544742432
15590350526520797e-30
871160111205585e-26
.054175202757765765
14731457056674997e-24
.061383521704513416
.07449648405075933
.00018204458803678452
.02481460975129511
1.4724111509624094
1.6698025990550378
.09892869902306521
.002747671847739161
.015762635342866187
.027741496070463414
.04460356022261555
.009854527344419318
28993658463905475e-22
.02492477921943128
.0032740318231719904
5.364778608044483
1.6845979026799613
4316073317139638e-24
.09747351690486293
.0006652589270334649
.0007299545178968457
.01208693050219022
.0439333717025801
.1565915178039557
.1757093822947533
1.109704075437061
.007761620252117583
6917507538493603e-20
.21634231301564347
.16824947041354882
.024302742152514486
.0001253772268343172
.1514264519547844
.07563871590795677
.012763595801321541
.0077726462995506675
.000808736874617811
35041590777455566e-21
.0014555174588126603
.08815803851691424
.00916678242720307
.8370929453672737
10715874636348243e-22
11059573514206009e-23
6084382317666653e-23
23652339746996852e-22
.014864103811495489
6647670618658836e-21
20444800825429714e-22
7457142536410484e-21
.0691849450797291
.02549711669697937
.19079969815029893
.0021497695495573616
2220492740240595e-20
6846984445320109e-25
18838785334491243e-21
24556457003511965e-21
6434926333506246e-20
2028852851874523e-23
.17991650536791998
1768419613867656e-20
.0005703675802550669
.1192991692827711
14835568218835757e-23
600433359714551e-25
.008252403859354968
25626408460349058e-24
.13329402727316317
.13873167426047495
.0044034198140375635
4331452771680256e-24
3962115904058614e-20
5149592100879362e-22
64505197712853164e-22
6355160305535819e-20
24847655808287914e-24
114169206895485e-20
.0006179551925343385
.006991077510098447
5786902373273328e-20
16793634794211947e-21
1680582370294529e-23
4171216497755224e-25
.00015589412663769055
12917003097912078e-29
18175137495365642e-26
.0009245613319798485
16810612618936225e-27
.0032194801398347747
5307417539586148e-24
26741077805446207e-26
.6568577937190605
2.284985295473058
.10533567532723515
.1946934088029281
.5210015497761611
24909646985122718e-27
.07995832638096309
.051909905542772944
1900635416239715e-20
6294331737686934e-20
.11843432494041901
.011890260943034218
47942046231471806e-22
8461624041639234e-21
.2893397467290151
.015640561282013955
1.805287104138038
.01666221834404112
1.1275796145636086
1300465740978427e-20
1.542690751728833
1.1087367230519438
.7429095493412922
.025164338388074383
.015901441400608465
.20735606185286443
.12108161731283733
.9466341931194355
.006004201040049855
.9664911641153344
.1023704133072113
.04752504298959031
1300465740978427e-20
1.2087057982247218
.05201862963917264
1.4244582671780905
.16124761868758689
.4563230429347071
.08817036696835633
.39395956010643507
.0649458837413233
.0013887094878309329
.785871294486151
.08643848813221777
.004078692477597052
.1086429632787558
.09381659046222743
1.1214767506734624
.134975087803206
.11231418394072806
.1672888215401487
.08083605216139665
.05650525495294477
.24481733498742336
1300465740978427e-20
.1663022862809727
1.0994561070991646
.6784659348346953
.24650447411779408
.25990989928670527
.02773460717421579
.04582805859388426
.11178613987924016
.024174115964494383
.03771161595910515
.05234643658773116
.10445456425449809
.5806536228397918
.23873957453987865
.01115654409056897
.13869007080968154
.6852959590625783
.6378706647240234
.12800038387118223
.09754671456152982
.12686995680438
.9228027058607445
.014031706260903165
.22234888672949396
.014666468481302599
.3463005446197129
.3526814678734253
.02839403624740851
.06043528991123606
.0018897832233257669
.003976439300998938
1.174599377087646
.007904109253955155
.09701083036170192
.3123073805132971
.002970051965234856
.02202454420466491
.3100115976647533
.08840641286683956
.6868087002976849
.0627739203506271
.44099646773956
49244945013306796e-21
.9368300558054327
.031602628877997196
.13233227781473092
9828332668567254e-20
.2733779772768347
.14506876635544988
.00861214431831243
.40447895481104673
.05754295926935184
1300465740978427e-20
.12642275205200107
.32760309831604245
.17653480514744332
.45268428663839316
.024174115964494383
.27620612923642995
.0039030209027014
.24680481960760509
.2176677252471924
49244945013306796e-21
.0023275314414767812
.0056027346741789365
.11817199096020785
.04568921273800531
.35343413633265924
.36261173946741704
.24174115964494425
.11168106844538368
1.7900061497037973
1575002634157918e-21
.001318133444132057
.8650676064290638
.025031415078562505
.4284513205459898
.0011637206313487851
.0019364006270217373
.1887791893924646
.27308510663171376
.026825388918138283
.11246717990620926
.3375317576832309
.1725673250795756
.8062380934379355
.8062380934379355
.8062380934379355
.8062380934379355
.8062380934379355
.8062380934379355
.8062380934379355
.8062380934379355
