2.5884526293190757
5.708688905008738
.007993242054201545
.01208500399618497
.006716118784668761
.2752533683435422
3499485109157521e-20
.19166953992342145
12189931058269037e-25
.055127142882863314
.008267011386003803
3043173615190139e-21
.1488196797294458
.13586329768450633
.005510368101359312
7612129319009086e-21
.04533836888997221
.0028712136468129657
.029215407851999345
2797901480415927e-22
.06047852408444742
.028150075748586148
.0012809338706587516
155014617712462e-21
.07416120949375772
12708512184753624e-30
8833482542569672e-27
.04943543749347893
11487542072966257e-24
.05612298743593583
.06469240770254987
.00014010810018563283
.02145426329272687
1.278889908216238
1.4515349686275503
.08872876220942193
.0023095173272189803
.013630507003703878
.023884096722986112
.03852314328266503
.008231506185728904
25179218003887364e-22
.023224979138230645
.003060040954395649
5.0230104555322495
1.4671573109254263
4067479125517008e-24
.08472756073307589
.0006039455471729443
.0006222819854800294
.010816100792842509
.03811284036455505
.13665229167126203
.15636729500457994
1.0509434915682876
.007383917739295036
54414423050381216e-21
.19186767526852916
.15424677605771306
.023494465679404664
.00011917321234308392
.13160722681271653
.06322607001613781
.011416491623741826
.006835556276780358
.0006853904573378591
2757463633530071e-20
.0013449181765139671
.0854428618032793
.00925101250263727
.7949539978567601
8428163129341721e-22
8673344654337806e-23
49377985318650154e-24
18581556006610047e-22
.013508897110540962
5502891399953841e-21
16078514307898134e-22
5865613722043265e-21
.064384894949861
.022424635821007892
.17313970068997842
.0018921919786817573
20208509382343065e-21
6279936974481093e-25
16792311647039136e-21
21155038912181115e-21
6287049590112718e-20
2032022454649098e-23
.15873896708742444
14375558266576243e-21
.0005019114222155873
.10672389376040675
13206643784018253e-23
5264064248517694e-26
.007264799490884823
21881334395883863e-24
.12422044545028561
.1290398982739136
.004190507906300437
3793932258007802e-24
3318123830474705e-20
4639837656695469e-22
5748117665867096e-21
580248177167044e-19
19549685757216818e-24
8987206735825636e-22
.0005510941884010948
.006071863484242371
5704528256063478e-20
15571544675752957e-21
16280841261450352e-24
3762235797823833e-25
.0001469013181490196
9793663918326181e-29
13978082043656958e-26
.0008707954060255694
12957383716086647e-27
.0029750889218273357
4652220154703961e-24
2217671041405727e-25
.5705122596771973
1.9846184923356176
.09148904790382162
.1691004927740979
.45251464517944184
21664392040185893e-27
.07202871920661287
.046999149356991766
16982028011988102e-21
56895514668866895e-21
.10966480575268095
.011129206342270796
4289910523041362e-21
7633200278545084e-21
.2885253327781439
.01427143542222222
1.7427875702694697
.015203659817592405
1.103992488544505
112951639702368e-19
1.4622528868280202
1.011681374982254
.7136299597155027
.02185642568961004
.014327255405125906
.18009860967870642
.10929058480280095
.8637687939695111
.004860368579779474
.9529654517106
.08891357669566764
.04127776198518286
112951639702368e-19
1.1917903750778513
.045180655880969665
1.40452346221582
.15027601982120112
.4163779497097507
.08786025621118061
.359473571290027
.05926072402652976
.0011241528916310834
.7170785771182359
.07507594133607384
.0035425385588364684
.09436158491360967
.08148417440062283
1.1020963710889986
.12190102115271446
.0975502148052998
.1452983043030194
.07020995902456152
.04907750352526359
.21263550851854754
112951639702368e-19
.1549867580859623
1.0032131551491963
.635819969349789
.21410086915956542
.2257441190047567
.02408882647282324
.03980385026259851
.09709158340347065
.023835807501556974
.03275433349902514
.04546537181910147
.09072376099708013
.554037417750544
.21784105821654773
.0090311626801122
.12045892801913852
.6253072922720687
.5944687148599066
.12356897553252552
.0847239647313841
.11019259637890375
.9098883984472796
.012187204784022243
.19312059172890234
.011872427673129939
.31598647709043254
.35144102484472245
.0274110269376746
.05958951875389254
.001529769396460945
.0032189063139467728
1.1581612616085357
.006398334101886299
.08425852379623014
.28496896834542207
.0024042411564618982
.01782875055694745
.2828741511534016
.07678517763950554
.6266876128665767
.05452213780590644
.40239301501351554
4493419641125523e-20
.8548228801992509
.02744838743686696
.12074832373696819
9732036468795843e-20
.23744178580744932
.13236989987079747
.0074800572706724446
.39881841054569955
.05250582842960412
112951639702368e-19
.10980417776492525
.29892574680896145
.16108149995445012
.41305771876894914
.023835807501556974
.25202790779335205
.0033899594342334718
.22520029693394628
.19861377276400005
4493419641125523e-20
.001884124234206757
.004535383707110351
.10782758414453064
.03968325602783057
.32249561647642794
.35753711252335585
.23835807501557016
.11011813019107655
1.72803564666197
12749561956839656e-22
.001067021962305504
.7893422913924393
.020262796422760132
.39094603080321894
.0010107467603675416
.0017057252102250016
.16396371170468058
.237187413711798
.02329912713946064
.09768309908376868
.2931623977518718
.17160671576310985
.7513800991060067
.7513800991060067
.7513800991060067
.7513800991060067
.7513800991060067
.7513800991060067
.7513800991060067
.7513800991060067
