2.7998552176883207
5.53662430442306
.006165313613825985
.008797687514493927
.005041248631385152
.19960251773343696
2296907839687229e-20
.14931126731380767
1146944029845318e-24
.050939496043426465
.005395858737522738
22154171910607397e-22
.0985107302200909
.09817271120466496
.004671187264001853
36138362194397408e-22
.03238485900731878
.002007199420970736
.01964873757645014
12864176924229155e-23
.040620445714243725
.01876002665714632
.0008281692131382465
15234823705236786e-23
.05830470348926525
6964166510551125e-30
9125272550852342e-27
.0375616472096855
5333875267387608e-24
.04289133985966069
.0423775093813731
6381718827856883e-20
.013907344620549829
.8379468275290327
.9537537724068003
.06430315997472257
.001384470245832469
.008839357083863377
.01532924254620439
.024911903626560854
.004863529455631914
16494828252729188e-22
.018791210798397295
.0024828529216839854
4.122664771687771
.967496897121219
33820645875857143e-25
.055638935461043
.00044648466951802997
.00038122371846207394
.007734684576442494
.02490344130642905
.09067299610416028
.10944294989292012
.8931721813927934
.0062862523278381715
25848040407198113e-21
.13229357023056076
.11822702932806343
.020999481187987692
.00010263039040152439
.08638142559516918
.03668131448731545
.008154754180479645
.00463013054565694
.00041262601137821253
13111382144678911e-21
.0010417922840462845
.07593917687473584
.009399456333640081
.676068500774525
4001797330682082e-22
4090671848821807e-23
2715694071743603e-23
8799751089545041e-22
.010023424744306104
3217864979188961e-21
7632530134679429e-22
2785585789636564e-21
.05155668163970177
.015192343214471889
.12970774428194842
.001284475304148679
15081476067741167e-21
4852352383521205e-25
11893966243285037e-21
13604814290147142e-21
5751141466911968e-20
2041441829519031e-23
.10837155312706945
7732731562795674e-21
.0003405461246206966
.07626107111481918
9324958830243681e-23
353939624744166e-25
.004934334679062189
13524210805711396e-24
.09997864393730713
.10329382639249252
.003610042243428336
25361582550386288e-25
19484155687145588e-21
3383009853207956e-22
4068097716377578e-21
44158007946760606e-21
9292896615502223e-24
4277615909189918e-22
.0003890905413360622
.003977819653323025
5351719239217615e-20
12109472888202248e-21
14277611235402932e-24
2696842765166583e-25
.00012298956766004017
41653093134635354e-30
61774272548986e-24
.0007123601331275671
5785433156785291e-27
.002338109392868309
3096770602867737e-24
12335519370455924e-26
.37378709070250005
1.300278407381227
.05994161294002692
.11079092545031449
.2964776476803555
14182196298785656e-27
.05149671561418475
.034061684246718155
11925023678058871e-21
4120422522758257e-20
.0846744804560417
.008855988187399815
30154142794602648e-22
5483098303214648e-21
.28609581927759575
.010842051097390065
1.5679743393685817
.011550264688371852
1.0361504601681601
74003431264238045e-22
1.2452402726773335
.7685772900430143
.6325348092802405
.014319849631797901
.010479445745011863
.11799664986946247
.08036972900031118
.656207671021377
.0025766945769618963
.9135134806888318
.05825422082223436
.02704428222433259
74003431264238045e-22
1.1424512523875225
.029601372505708413
1.346377368009291
.12164050368062758
.3163235423081714
.08693645289376974
.2730931201229439
.04502054481243788
.0005959627571438795
.5447666856169014
.04918810633384305
.0023209933864665644
.0618236360405148
.05338663976254739
1.045941667143621
.08979760913742127
.06391275624840886
.09519625481871535
.046000021694504935
.032154501416025764
.13931411071545668
74003431264238045e-22
.12545359758552957
.762143958747483
.5233016579931928
.140274182793744
.14790258413329838
.015782469549047703
.026078607665385892
.06361227103623719
.022849025047750406
.021459919254719257
.029787912129328083
.05944021378239274
.48128782553827765
.16549448702375652
.004787815475211566
.07892204153314904
.4750477729680785
.4811910375585594
.11117418214493352
.055509279165437006
.07219576673204403
.872219781327793
.00798478865746528
.12652836624043365
.006294094675862578
.24005584787667325
.34774581157507894
.024661517896509437
.05712256261937612
.0008109978581172248
.0017064834295483166
1.1102143560313225
.0033920375607940385
.055204332496729305
.21649175605424126
.0012745936954936346
.009451802701788881
.21490031732620654
.050307960384907986
.4760964065479284
.03572170610475903
.3056991466475807
34136640015369295e-21
.6494114342490777
.017983580037888684
.0917328535742033
944877193587188e-19
.15556663826714426
.10056179884476722
.004900769086144876
.38230766259827575
.03988883093414342
74003431264238045e-22
.0719412833949537
.22709476134276613
.12237408513448877
.3138011531826002
.022849025047750406
.1914663363160395
.0022210268982451094
.17108532213258398
.15088746220997917
34136640015369295e-21
.0009988569008531638
.002404405840982452
.08191693003653686
.025999596973845282
.24500086004504368
.34273537571625723
.2284902504775045
.10555933189102129
1.5547021322060592
6759102033843683e-22
.0005656751455452957
.5996656400295863
.010742197181047125
.29700283937033095
.0006622190576737425
.001165839108467152
.10742541941789861
.15539997926205654
.0152650759061587
.06399981910640079
.1920735582808412
.1687568527451196
.6082025184031388
.6082025184031388
.6082025184031388
.6082025184031388
.6082025184031388
.6082025184031388
.6082025184031388
.6082025184031388
