2.83877829693548
5.503050665793955
.005872739637202005
.008298965711002857
.0047806644812265426
.18803212504385755
21254043572679034e-21
.1428228954005824
11340908818236129e-25
.05016934795967183
.004988152704572216
18808513431227332e-22
.0846173709748671
.09258719004151152
.004528172423942984
31758957683091016e-22
.03038735686507043
.0018764882472615762
.01825092462133915
11141690049456188e-23
.037728266131229315
.017401121099698127
.0007692151694327456
15180691235238291e-23
.0557434983506871
6244677556105192e-30
916776748703313e-26
.03570895765939936
46706752972742695e-25
.04081887082367364
.03920147919321513
5520272087428837e-20
.012845051492414121
.7751458926484183
.8827726455994788
.06066849220000224
.0012618659823763069
.008164658143372775
.014146665985108624
.023001080304418595
.004426002762705601
15258584810740672e-22
.018072542187731494
.0023867904061174784
3.975402342804731
.8958465416543953
32660629289210023e-25
.05148914458259171
.0004215172088990334
.00034774364871031964
.007258944051469322
.02302803593310275
.08405318764048512
.10237018265672027
.8669080748938797
.006092043146855394
22717348236469652e-21
.12333988282438921
.11250066188112352
.020535779309701123
9989169474326447e-20
.07993116887080161
.033146493539800675
.007651756677830531
.004307174931266489
.00037520482472981024
11525477371381384e-21
.000991088667924737
.07493916274100261
.009410223190293983
.6554912652719562
3516921380382825e-22
3591545220463122e-23
24421811531171967e-24
7730632973866289e-22
.009469898927440046
293166144498526e-20
6707512043850454e-22
24481334854789198e-22
.0494462876117419
.014133109677025498
.12304005982319303
.001195284467167902
14269946882741122e-21
46282286596241436e-26
11164519326586345e-21
12551770257264994e-21
56412922069397914e-21
20431467035823087e-24
.10093126077659158
6900575429232166e-21
.00031688403229371466
.0715615565358769
8748961130379677e-23
3288927526032998e-26
.004592287944807704
12365235276504645e-24
.0959766747040064
.09906487177844145
.0035120802893755087
2353435634759088e-24
17663476072026995e-21
31908765146630734e-23
3818070628866331e-21
4199128501857869e-20
8168654254128573e-24
37608941076911984e-23
.00036472056760772473
.0036796237857194985
52726993544524094e-21
11658454548433904e-21
14028748942803482e-24
2558689598745014e-25
.00011906362166681692
358711014133274e-28
53544802172017976e-27
.0006842910662831268
5027479674839451e-27
.0022354864624422733
28678539485623243e-25
11164722279475964e-26
.3457704209360264
1.202817923458203
.055448776197444295
.1024867521691193
.27425559519430714
13110938291606827e-27
.04883703895040601
.03237511632523959
1128183758896912e-20
3917945125113357e-20
.08138724391911036
.008556725333555386
28520402027407937e-22
5204598992571696e-21
.2856507366373524
.010307023026029484
1.5377540886497927
.010980288049780643
1.0241217721260363
6845661130473383e-21
1.2089468039286142
.7306499254245014
.6186409828670647
.01324652605209465
.009892942658474714
.10915238195551627
.07594687929205877
.6238254657094031
.0022913676391723846
.9064297366153785
.05388786011081398
.025017217237346904
6845661130473383e-21
1.133592234475486
.027382644521901863
1.335937026511456
.11699664009495081
.3007137676219217
.0867674257012741
.25961665851538057
.04279889366486147
.000529969592858721
.5178838138679095
.045501283097110296
.0021470266903009507
.057189734983485105
.049385121536332614
1.035918883275709
.08488285861404107
.0591222682133344
.08806095747805698
.04255215672237802
.02974440735423132
.1288720234127906
6845661130473383e-21
.12066416169952568
.7245340629182758
.5048688592611599
.12976013467959627
.13681676025027864
.014599517412781017
.024123923415703
.058844305434833245
.022671844689509675
.019851422102384136
.027555202338327388
.05498495868715035
.46897411088206825
.15732774851479997
.004257642927621165
.07300655426798833
.45160535497058263
.46282063074949825
.10903147382788979
.051348661578485846
.06678443764824417
.8654562448969236
.007386300393596477
.11704461588837142
.005597126251252767
.22820969292364912
.3470697028050964
.02418620574679751
.056679611723774295
.0007211930603444601
.0015175181964604293
1.1016053157368442
.00301642467336513
.05106657174546185
.20580843002425608
.0011334532129123418
.008405169567422852
.2042955248122239
.04653720011044015
.45260224110921576
.033044237384395464
.29061365928192917
3245208231442367e-20
.6173646062029123
.016635646854339048
.08720606696460871
9397523726609697e-20
.14390636631174306
.0955993258952149
.004533439040502234
.37934309809384814
.03792041701579771
6845661130473383e-21
.06654902874093988
.2158882035534794
.11633523047812334
.2983158520832165
.022671844689509675
.18201795208233087
.002054553045353112
.16264268991138559
.14344154379716847
3245208231442367e-20
.0008882497752133819
.002138157073302731
.07787453467282435
.024050834856059987
.2329106811246423
.3400776703426463
.22671844689509718
.10474078316953242
1.5247376825026138
6010641621522991e-22
.0005030358407157246
.5700736423564283
.0095526738847739
.28234649299181247
.0006125833877605388
.001086913911796993
.09937350276475866
.14375219899089844
.014120904260692266
.05920280540095033
.17767696303430608
.1682373234889522
.5849832004747548
.5849832004747548
.5849832004747548
.5849832004747548
.5849832004747548
.5849832004747548
.5849832004747548
.5849832004747548
