2.83877829693548
5.503050659173639
.005871904634364244
.008299231917147432
.0047806854074171875
.18803829441461187
21253711449576126e-21
.14282229931055115
11338963117272882e-25
.05016920241099252
.004988074684952377
2109970748424385e-21
.09189293639431263
.09250605873650941
.004526454821020418
31951919597973245e-22
.030429783243658994
.0018761805682341488
.018250725747049123
11141589875909251e-23
.037728517368770774
.017400825828507355
.0007750343854877917
15178317443722398e-23
.05574327990588057
62471434610008895e-31
9166160913307377e-27
.03570889939273052
46990573554683625e-25
.040818709790439785
.03920086421736735
5520092578710614e-20
.012844860471671885
.7751337814671028
.8827576030296526
.0606235353158156
.001261841137062523
.008164536496920493
.014132970712924084
.023000742287727114
.0044222970611406155
15258345721025337e-22
.018072534611527708
.0023867767994258347
3.9754013293615738
.8958325138006124
3266011072469329e-24
.05148838008953156
.00042167939107194403
.0003476795623699852
.007269039814160566
.023027673671390483
.08405186805242519
.1023682134547834
.8669081315813414
.0060944906312977035
2285501733546371e-20
.12333792358621053
.11250045653284743
.02054396666816361
998917026480893e-19
.07992991972710208
.033145984563993626
.0076624473890345764
.004306417620968279
.00037513485808230357
11595478107001184e-21
.0009914865432977173
.07540469582329103
.009413875954452783
.6554913961943469
3538294086002357e-22
36133721026049583e-24
24369477187610447e-24
7777598027841432e-22
.009473465159525761
2921292090847678e-21
6748274219093666e-22
24630095696075855e-22
.049438002816292355
.014130612415124519
.12303968948907683
.0011950644871068109
14267578207414943e-21
46275034496572134e-26
11162555683223388e-21
12551562627748553e-21
5642517674407445e-20
20428310193953358e-24
.10091521017559434
6900756845523127e-21
.00031682569500665473
.07166138047838101
8747424823580895e-23
328833809387671e-25
.004591431413927333
12363602810652208e-24
.09597657505603985
.09906465416284972
.003512112536576363
23530449897739444e-25
1766336288302846e-20
31903880700143137e-23
3817414094547834e-21
41991216415128804e-21
8218298998481216e-24
37837511406211413e-23
.00036466292769025434
.003679566271941381
5273879170089745e-20
1173100326409019e-20
14121612463339803e-24
2574253162054565e-25
.00011904481115745282
36089430044390625e-30
53861352163839425e-27
.0006845474665240584
5057204351244243e-27
.0022351047437970555
2868992786685976e-24
11234121274194942e-26
.3457650175824991
1.202799127025433
.05544790969955371
.10248515060889407
.2742513094027876
13109225051118806e-27
.04914058140855218
.03257639681554346
11352125405200475e-21
3942354802690377e-20
.08186722368121412
.00860676880540549
2869781888619933e-21
5236975188104992e-21
.28565073663734347
.010307006232035914
1.5377540701636456
.010980270158786675
1.0241217712060784
6845554153343455e-21
1.2089466806594282
.730648734922635
.6186409682878198
.013246319048664258
.009892911027570627
.10915067623151041
.0759466575001628
.6238244492645155
.002291054710646723
.9064297365109504
.05388701800535496
.02501682629335395
6845554153343455e-21
1.133592234344887
.027382216613382675
1.3359370263575452
.11699659113850808
.3007132776467784
.0867674257012655
.2596162355027916
.042798823929464186
.0005298972157331117
.5178829700415775
.04550057204866979
.0021469931387201064
.05718884127963578
.04938434979515878
1.0359188829254515
.08488261789382319
.059121344309792545
.08805958134968893
.04255149175992879
.029743942538449596
.12887000952999442
6845554153343455e-21
.12066411120843366
.7245328823814352
.504868720841032
.1297581069182869
.1368146222151004
.014599289266158048
.02412354643121066
.05884338587501561
.022671844686897695
.01985111188425922
.027554771733247833
.05498409943733406
.4689740865698013
.157327492169084
.004257061467928159
.07300541339474326
.4516046191366358
.46282043708537524
.10903147251716536
.05134785915307594
.06678339400799867
.865456244797216
.0073861849678981475
.11704278683244246
.005596361860399241
.22820932108474795
.347069702805062
.024186205456042466
.05667961171724434
.0007210945681263723
.001517310951353152
1.1016053156099301
.003016012724924316
.051065773728269294
.20580809468538655
.0011332984189644573
.00840402168644528
.20429519193844245
.04653647287372758
.4526015036509693
.03304372100217817
.29061318576363837
32452029437850066e-21
.6173636002851803
.01663538688912612
.08720592487332542
9397523726433696e-20
.1439041174873064
.09559917012817516
.0045333681964614065
.3793430980501447
.03792035522926255
6845554153343455e-21
.06654798877942893
.2158878517908904
.11633504092454347
.29831536601517405
.022671844686897695
.18201765550704327
.0020545209388576494
.1626424249056432
.14344131007727096
32452029437850066e-21
.0008881284683188474
.0021378650685064723
.07787440778609553
.024050459013722436
.23291030162607387
.3400776703034666
.22671844686897735
.10474078315746543
1.5247376641729438
6009820757516025e-22
.0005029671418908682
.5700727134933545
.0095513692909105
.28234603294382643
.0006125738149214357
.001086904178314496
.09937194985527256
.14374995257563378
.014120683593355778
.059201880238855274
.17767418647683655
.16823732348877596
.5849829556925412
.5849829556925412
.5849829556925412
.5849829556925412
.5849829556925412
.5849829556925412
.5849829556925412
.5849829556925412
