2.8387782969354802
5.503050655328358
.005871559375246592
.008299281979616232
.0047807024510366685
.18803943591224176
2125374628889791e-20
.14282225350837485
11338161723515972e-25
.050169166393887965
.004988082863332617
22127244809507994e-22
.09500770406849747
.09246976452823284
.0045258614320693585
3159205812067912e-21
.030438000679238734
.001876064754229125
.018250775579098422
11141687864352046e-23
.03772878827819174
.017400848476537424
.000766497710278799
15177325138402298e-23
.05574325772396454
6248487846781391e-30
9165500392711716e-27
.0357089057285517
4646132789810069e-24
.04081869300138621
.039200928716503707
552008233119021e-19
.012844886910448293
.7751350523525451
.8827544902106144
.06060343306815422
.001261842788888562
.008164553174200584
.014126942008964697
.023000791859770345
.00442067708561693
1525837080942176e-21
.018072535455094196
.002386774761414309
3.9754014443183125
.8958339848670095
32660164179838193e-25
.05148847816158633
.0004217721501658613
.00034765548659538296
.007270995213505802
.02302771166944254
.08405200661533362
.10236828935726089
.8669081592880138
.006095832208651138
225982578990316e-19
.12333812871641991
.11250047214203021
.020548437918916758
9989170312633284e-20
.07993005081420725
.03314603830043432
.007664518040465691
.004306135201613764
.0003751085312340369
1146493154570425e-20
.000991704512474184
.07455459085537941
.009415868926185305
.655491354407416
3498436904113038e-22
3572667055225427e-23
24326947889817173e-24
7690011186715664e-22
.00947550539031933
29154063255022842e-22
6672256801209547e-22
2435267119216388e-21
.049434579284697744
.014129680550219226
.12303963549134331
.0011949819199209965
14266580250278097e-21
4627205277875118e-25
11161752705959065e-21
12551583400963192e-21
5643307062706583e-20
20427030495849945e-24
.10090933326266599
6900794016795509e-21
.00031680382924049994
.07168071506231614
8746796968170605e-23
3288119691700314e-26
.004591109797740942
1236282356176059e-23
.09597673785416146
.09906471004151418
.003512119846354783
23528823996066175e-25
17663428996758744e-21
3190190316861434e-22
3817145779895825e-21
4199122391559115e-20
8125731669422003e-24
3741132311792672e-22
.0003646384258206397
.0036795723029925177
52746468241816854e-21
1159876264871948e-20
13965383669390252e-24
2545151054393053e-25
.0001190370345945484
3568297023852721e-29
5325167118381308e-26
.0006846854317283814
4999897822356334e-27
.002234946543737395
28696348385013603e-25
11107450172387102e-26
.3457655843488488
1.202801098613153
.05544800058789673
.10248531859909653
.27425175894627746
13108402723583898e-27
.04858640829876154
.03220903719351801
11224197359371106e-21
3897925640417518e-20
.08093027775853318
.008507955330886175
28374255756061963e-22
5177927424546566e-21
.28565073663734447
.010307008069149455
1.5377540722817569
.010980272115902315
1.0241217713125907
68455653743447036e-22
1.2089466945776917
.7306488651529517
.6186409699517565
.01324634076158348
.009892914450925409
.10915085514761821
.07594668154077859
.6238245604545469
.0022910856115068044
.9064297365230923
.05388710633513644
.025016867300091335
68455653743447036e-22
1.1335922343600713
.027382261497388427
1.33593702637544
.11699659658958514
.300713331245701
.08676742570126648
.2596162817766066
.042798831557896405
.0005299043627817107
.5178830623486748
.04550064663167167
.0021469966579988485
.057188935021655014
.049384430744319016
1.0359188829661008
.08488264399881928
.0591214412195044
.08805972569398379
.04255156150889857
.029743991293716084
.1288702207693654
68455653743447036e-22
.12066411683038693
.7245330115216668
.5048687363245772
.12975831961339682
.13681484647701417
.014599313196820543
.02412358597371412
.05884348232910848
.02267184468720138
.019851144423531922
.02755481690010039
.05498418956541354
.4689740893296976
.15732752021102556
.004257118885526047
.07300553306275426
.4516046996303252
.46282045864899385
.10903147266734592
.051347943320753486
.06678350347708391
.8654562448088085
.007386197075083194
.11704297868502721
.00559643734196269
.22820936176061687
.34706970280506594
.024186205489356682
.05667961171800354
.0007211042939707927
.0015173314162558872
1.1016053156246859
.0030160534037368507
.05106585743356233
.20580813136847684
.0011333137044550316
.008404135036633655
.20429522835187378
.046536549154744186
.45260158432234343
.0330437751663303
.29061323756232804
3245203522207699e-20
.6173637103236341
.01663541415729088
.08720594041684808
9397523726454187e-20
.14390435337007876
.09559918716770392
.004533375627405652
.37934309805522604
.03792036198815991
68455653743447036e-22
.06654809786264557
.21588789027058908
.11633506166001947
.2983154191866945
.02267184468720138
.1820176879497421
.0020545243065590185
.16264245389491477
.14344133564414904
3245203522207699e-20
.0008881404470521275
.0021378939032032614
.07787442166637513
.024050498436423564
.23291034313984224
.34007767030802183
.22671844687201417
.10474078315886842
1.524737666273126
6009901815652773e-22
.0005029739257169977
.5700728151027139
.009551498116078472
.28234608326898514
.0006125748190317689
.0010869052116720028
.09937211274241967
.14375018820570273
.014120706739503957
.059201977280580714
.17767447771436617
.16823732348879647
.5849829829479265
.5849829829479265
.5849829829479265
.5849829829479265
.5849829829479265
.5849829829479265
.5849829829479265
.5849829829479265
