2.8662961519345815
5.4789174601316075
.005671482705319407
.007964568075442038
.004604444316939707
.18026144095237548
20119963987992283e-21
.13844274903404716
11246100960142415e-25
.04962552366923192
.004718828763154901
2164710430848953e-21
.09122857058386628
.08866176253911132
.004425025943659055
2935443977728386e-21
.029113744928032006
.001788241011095515
.0173219394454296
1006469317265939e-22
.03580678696644576
.016499502848355743
.0007406366946297425
15135676702912899e-23
.05399490854167838
5792160395692596e-30
9191786706847217e-27
.034454654063940916
4306474315777104e-24
.03941418614349517
.03710219454128793
4982535290389571e-20
.012144591976286853
.7336314136234072
.8358212312495285
.05813012777528383
.0011821419894934417
.007719729530864801
.013338735627540796
.02174182304344039
.004134401471108914
14441433670955791e-22
.017581148179214343
.00232071038289629
3.874477625722625
.8484144009119086
3186124641440914e-24
.0487449221233875
.00040497956001577814
.00032564160859614803
.006955510630258566
.021789111304416908
.0796662162683649
.09763150615848512
.84882577021259
.005962325316764894
20997806460544045e-21
.11735232656334954
.10860977169349453
.020227647349705977
980084084891312e-19
.07566581486523809
.030850337230307216
.007331054346054678
.004090669525446949
.000350579417383611
10654727265771365e-21
.000957176210205649
.07515848695510327
.009423631388954239
.6411999321481736
32507079409807785e-23
3317552192409801e-23
22544127389413892e-24
7143663654376692e-22
.009103053007351158
27252829486825065e-22
6199646924114801e-22
22628567048831e-19
.04797966464450235
.013422955994521894
.11854280680654386
.0011354361162944282
13713810092006004e-21
4474454754793489e-25
10671913970287716e-21
1185868326917331e-20
5564943940783306e-20
20435264637605807e-24
.09593728960582353
6368003396401296e-21
.0003010094712965606
.06856485873278023
836031518242484e-22
3121304090767811e-26
.004362733022110097
1160117950068166e-23
.0932303650279496
.09616587810784716
.003444504275983173
22311516524560773e-25
16480893434220186e-21
30603980272897787e-23
36492889248857267e-22
40523865966419664e-21
7551468013313541e-24
34772283022651624e-23
.0003482514925871878
.0034825081667479254
5217423717509294e-20
11490328541049082e-21
1403592180121072e-23
24951908503404974e-26
.00011632501102212478
3268467987453245e-29
4898638471305671e-26
.0006653560981118943
4608281126951769e-27
.0021645653198213086
27182332078239555e-25
10533704047428945e-26
.32725027580807237
1.1383926251789138
.052478830475760074
.09699735976034864
.2595659250617292
12398287053417718e-27
.04762489388515155
.03162037945704272
10984977207411771e-21
3828083892233318e-20
.08004935558453778
.008445566734494855
27762472911890123e-22
50787195419121925e-22
.28533648979500376
.009944810275677727
1.5167411145171632
.010594415201323693
1.015702082546324
6478994030118127e-21
1.1839283830138383
.70497318846913
.6090028931331144
.01253701601285564
.009498274331756082
.10330596527995338
.07296810795156695
.6019027886082235
.002109543614763138
.901454838516278
.05100152013070365
.02367724578264868
6478994030118127e-21
1.1273705654098773
.02591597612048156
1.3286047973212187
.1138209940082236
.29014598674436765
.08664812512053259
.25049312559219694
.04129484104489418
.0004879155799883496
.4996841726999398
.04306414470862237
.002032027709791561
.05412654007844964
.046739957107465785
1.0288909793185756
.08157188390060593
.055955563020215246
.08334423906071821
.04027297935413382
.028151238281369766
.12196938388082351
6478994030118127e-21
.1173889678768797
.6990722515892039
.49223063717903703
.12280992615804709
.12948858495722923
.013817538490030047
.022831798538436494
.05569248847589156
.022547411308197502
.01878814081494149
.02607929140021363
.0520398559453242
.4604591806402968
.15179888568483615
.003919791524657507
.06909617935311206
.4357348929288869
.45025826550803966
.10754158961551903
.048598326075565655
.06320733156095514
.8607062279307217
.006990675588913051
.1107754756107526
.005152984506936409
.22018987378459667
.34659250048213036
.02385570809475085
.05636852827049384
.0006639651313265122
.0013971004769817532
1.0955592054098786
.002777066106863335
.04833134552989128
.1985758433407492
.0010435117207096996
.007738204681263967
.1971161051349888
.04404457596531944
.436696746171102
.03127432291240275
.2804008196916359
31311640699025733e-21
.5956689787246521
.015744608826257455
.08414144303946164
9361460056559238e-20
.1361984577471074
.09223974333904585
.004290619111800653
.3772610908721291
.0365878054065006
6478994030118127e-21
.06298453161862776
.2083013901952353
.11224694002918682
.2878323395322385
.022547411308197502
.17562141810053622
.001944507135497583
.1569270476848538
.13840067448288973
31311640699025733e-21
.0008177656040794952
.0019684905749014795
.07513784248585884
.022762624746077972
.22472565833160033
.3382111696229637
.22547411308197535
.1041659181777525
1.5039025738737666
553368671030399e-21
.000463119068121961
.5500399292872421
.00879465252673146
.27242418084402176
.0005797722143421115
.0010343799966992975
.09405086212911858
.13605254793177105
.013364560801532414
.05603178647735694
.16816023476014622
.16787099184966336
.5691049700411188
.5691049700411188
.5691049700411188
.5691049700411188
.5691049700411188
.5691049700411188
.5691049700411188
.5691049700411188
