2.878244775234819
5.468332651737114
.0055865436453666414
.007823546963215803
.004529885824781253
.17698190624125815
196466671455902e-19
.136592718366894
1120639134632383e-24
.04938981842872712
.004606496414248845
21437040851319993e-22
.08961690957801438
.08705929060749712
.004381609879809184
28029637228904637e-22
.028561773214056126
.0017513034586411956
.016932990129248957
9629828206463009e-23
.035002183584453256
.01612251842990668
.0007194448782760873
15117434789966965e-23
.05325148091114249
560049038941022e-29
9202711268871564e-27
.0339238479629516
41078250332463144e-25
.038819467265133245
.036226289547365315
4765716707948381e-20
.011852719725177745
.71630897582367
.8162286980445513
.05708896286373032
.0011492014766806486
.007534323902847944
.013010645758227963
.021217268728678663
.004016290450541564
14100481096638572e-22
.017371970003439076
.0022924984238521687
3.831456910104792
.8286066330647028
3151937981367164e-24
.04759955987999693
.0003978583765364733
.0003165000135312792
.00682398921502489
.021272344502435408
.07783302502437638
.09563914452224062
.841096822293406
.005904724651588985
20050926777389095e-21
.11483739588381224
.10695993548956047
.02008816219512538
9720397496364062e-20
.073885694093256
.029902298319166375
.007192061782922089
.004000426829973565
.00034041181568594554
10174671632081862e-21
.0009424241850263411
.07435267821788315
.009426118074464147
.6350610273758024
31040158474576243e-23
31669913597673224e-24
21819324212975283e-24
6820603355990808e-22
.008945070677409767
2647157775384594e-21
5919823766291287e-22
21607586006867357e-22
.04735973773865823
.013126955472491517
.11664391368193273
.0011104896581785784
13479754272567872e-21
4409746890983713e-25
104661636663303e-19
11570194524328656e-21
5530501614400904e-20
2043880794810655e-23
.0938525342127606
6149829681737917e-21
.00029439321752811336
.06726604849368598
8198049060025384e-23
3051507868847498e-26
.004267054645600238
11284950909649577e-24
.09205894124407676
.0949301936337422
.003415550043265122
21802399806086414e-25
15992408706715575e-21
30056846729722015e-23
35787885661268777e-22
3990274531005014e-20
72111736888585074e-25
3320731103897966e-22
.0003413608953088657
.0034002607135277998
51920006725888094e-21
11281229532026386e-21
13865794860520932e-24
2438834751601811e-25
.00011516906287079111
3101628238416714e-29
4657209519386256e-26
.000657034015279457
4384889477588306e-27
.0021346605296129694
26547572756270252e-25
10147805673579839e-26
.3195225693964523
1.1115105577251478
.051239592422436926
.09470685865357531
.2534365207139876
12102010464816199e-27
.04654420352802186
.03092319197630175
10728826209474849e-21
3744338047493172e-20
.07853631711471831
.00829859122704983
27111696149380446e-22
4964854833382305e-21
.28520014725049436
.00979152884790809
1.5077066441319191
.010431121277817186
1.0120677277527277
6325998700828456e-21
1.1732269394485537
.6941072901892862
.6048648034483186
.012240966211871061
.009331855493444494
.10086649240775722
.07171141762203101
.5926255358242224
.002035263509028017
.8993031816086852
.049797167366926125
.02311812996955342
6325998700828456e-21
1.1246796766810827
.025303994803322655
1.3254335883294048
.11246908202914044
.2856739063449478
.0865963742905114
.24663222298341048
.040658355076895136
.00047073536118760436
.4919824366886797
.04204722557431756
.0019840432932077363
.05284839291793095
.04563623713251289
1.0258542340402115
.08017481543609697
.054634225209118245
.08137614351375266
.03932197095543499
.027486473357872583
.11908919199249036
6325998700828456e-21
.11599467719028198
.6882973056759774
.486841980789792
.11990988565712256
.12643083423193277
.013491250359275845
.02229264716409885
.054377362921874804
.02249359353362161
.018344476601429276
.02546345354685721
.05081098386124284
.45681019739869094
.1494591779089605
.003781769951235867
.06746453828913736
.42901882045835027
.4449103106063495
.10690101799966172
.04745072247131871
.061714750079827664
.8586518327224344
.006825597382526198
.10815961730165363
.004971540410996422
.21679604149433523
.3463854971620456
.023713611539024747
.05623398383405409
.0006405859511975907
.0013479065326487095
1.0929442463112322
.002679281561140927
.047190046419260084
.195515152594112
.0010067681519075656
.007465731214537965
.19407791363671795
.0430045048721971
.4299658484566255
.03053580929284207
.27607894357749535
3082902787292741e-20
.5864878089480599
.015372814748239696
.08284455348941867
9345843850214535e-20
.13298225970850783
.0908180330032848
.004189300190867099
.37636061710743446
.03602386995713539
6325998700828456e-21
.06149721134786467
.20509079757351234
.11051685461242164
.28339591985818197
.02249359353362161
.1729145286811155
.0018985894346757249
.15450829848220307
.13626747612103637
3082902787292741e-20
.000788970885111625
.0018991771523114071
.07397972730251234
.022225106845562177
.22126191505137052
.33740390300432527
.22493593533621636
.10391728751118266
1.4949445762722575
5338837534837879e-22
.0004468119706496434
.5415620495334513
.008484979991393759
.2682252503223533
.0005660814406766422
.0010123705190745274
.09182993978306732
.1328397954157542
.013048969311381739
.054708648721257545
.16418928952220344
.16771217419787454
.562345410145703
.562345410145703
.562345410145703
.562345410145703
.562345410145703
.562345410145703
.562345410145703
.562345410145703
