2.896491130763997
5.452042250415301
.005458950582784436
.0076130935427975435
.004418277768409505
.17208508594872682
18945277216212214e-21
.13382605811064183
1114580571214176e-24
.04903026506147852
.0044401037435750565
2110702107572648e-21
.08716891226761322
.08467018999984452
.0043159681247831845
26271743754513037e-22
.027739355539810648
.0016962236443945928
.016355271735275716
9001465687472943e-23
.03380732310954417
.015563052455221042
.0006922144375199621
15089077193812034e-23
.052134222527372605
5324848740380105e-30
9218593834875808e-27
.03312900209244168
3844160645787826e-24
.037928508688776216
.03492849422144281
44526624834992666e-21
.011420693864942913
.6906420475483868
.7871936445858241
.05553627900962174
.0011007502052216445
.007259877929512033
.012525526496666132
.020441008057450794
.0038428021762066415
13595300066818946e-22
.017057340447221854
.002249960834190049
3.766681499045059
.7992395175089142
3100317493550015e-24
.045902144084101947
.00038719865325502543
.0003030013087262985
.0066280040381628625
.020506848262780243
.07511377511961932
.09266968098671083
.8294353440171474
.00581749537773549
1879425124574369e-20
.11109270584788905
.10448589467585337
.01987594812325525
9599083655242455e-20
.07124767122685739
.02850895290240691
.006984967749086133
.003866279775012064
.00032541888089823127
9537681983892751e-21
.000920224530518681
.07356071928940908
.009429327281328784
.6257647597389004
2909371852120852e-22
29672143157284008e-24
207608468502668e-22
6391928901857975e-22
.008708538998044094
25325667937831017e-22
5548529780484029e-22
20252847970824317e-22
.04642563435780276
.012686938508850098
.11380515478870505
.0010733970743015506
13128850532521466e-21
4312684468809078e-25
1015958963353883e-20
11143501533241586e-21
5477576495088871e-20
20443734849974698e-24
.09075114913314829
5831196969971788e-21
.00028455643330144436
.06533079217248261
7956346673523281e-23
2947831342288705e-26
.004124789441724791
10818021462345293e-24
.09029424929722729
.09306970438738366
.003371802978235903
21046391786527796e-25
1527426755925846e-20
29239426866149473e-23
34737493768117594e-22
3897251628246135e-20
6759657842312675e-24
31130880334532046e-23
.00033108611626293875
.0032783950066358814
5152651530167478e-20
1103248837795315e-20
13687632666721836e-24
2368807678509185e-25
.00011342634528062971
287966642441312e-28
43359498741922636e-27
.0006444406286401954
4087895511252112e-27
.0020896979739757873
2560519780042265e-24
964088166375737e-25
.30807236664842946
1.071679189109901
.04940340375172367
.09131300533279069
.2443545345763258
11662903352335114e-27
.04520112485528477
.030060642734907286
10409454017113418e-21
3640950307528734e-20
.07671749531735847
.008125168183505378
26299135604619867e-22
48236365200324644e-22
.2849920686618803
.009562003359936977
1.494014120334592
.010186602956054966
1.006542898240823
6099304330396234e-21
1.1570714468658054
.6778365609743034
.5985998478626656
.01180230691709144
.009083330465892762
.09725190646244418
.06983399403070681
.5787336638390564
.0019268444513988714
.8960273612654049
.04801266850130433
.02228968371673774
6099304330396234e-21
1.1205828952619894
.02439721732159345
1.3206055365654272
.11043553671451777
.27897735836220383
.08651740690600547
.24085086011260995
.03970527319008428
.00044565915654565664
.48044976282250285
.04054044857660125
.0019129444096108903
.050954552320190055
.04400084665348928
1.021234203544553
.07808741884998383
.05267638868818894
.07846000102076789
.0379128544077618
.026501485995727072
.11482158925009901
6099304330396234e-21
.11389738584526725
.6721627696491307
.4787267367557733
.11561287307093893
.12190014117856948
.013007786695880054
.02149378237560763
.0524287311506219
.02241165790523975
.017687095882472595
.02455096180542214
.04899015452785114
.45129366904178014
.1459556708188859
.003580314005868364
.06504692302279945
.4189620912545618
.43686591955026843
.10593017613289947
.04575030927714891
.05950318047993251
.8555240898222087
.0065809997190374335
.10428367968137284
.004706705059733788
.21171407544111523
.3460696276240219
.02349825187898583
.05602914476309944
.0006064617580151164
.0012761031738238201
1.088963065026259
.002536555481351499
.045498974642359385
.19093203677001902
.0009531373302490065
.0070680296200258935
.1895284884627932
.04146342343686967
.41988691975092035
.029441547913627325
.2696073133318558
3010635751407732e-20
.5727398128354126
.01482192456853305
.0809025751874837
9322047096122812e-20
.1282167940375575
.08868914652749105
.004039175156981803
.37498967815031364
.03517942610582754
6099304330396234e-21
.05929343732432341
.20028321684504394
.10792620351207094
.27675277068251786
.02241165790523975
.16886119929922766
.0018305528199121593
.1508864337912472
.13307319875770562
3010635751407732e-20
.0007469421849058775
.0017980074530508212
.07224555143755466
.021428662387948903
.21607526342521113
.33617486857859735
.22411657905239776
.1035387562534163
1.4813679536142876
5054436162831428e-22
.00042301017172760103
.5288671685177703
.008032982728833701
.2619377203132306
.0005457957147578632
.0009796605662779493
.08853918185369483
.12807943500243701
.012581354943638401
.05274814520780615
.15830550905050092
.167469938771439
.5521776835725897
.5521776835725897
.5521776835725897
.5521776835725897
.5521776835725897
.5521776835725897
.5521776835725897
.5521776835725897
