2.947710695363438
5.405466545087508
.005114356097281571
.0070526558353190974
.004118985818665954
.15903127186206298
1710715144752493e-20
.12642141590262337
10976746026531223e-25
.048023992314834556
.004004483620133423
20192385220617126e-22
.0805835576074626
.07831931080530931
.004135192299972188
21930389877803826e-22
.025550382563727665
.0015499589150923694
.014833565431517953
7446751317533e-20
.03066145073145522
.014092210664056148
.0006217288487964167
15007071425320037e-23
.04911160333922862
4627559110213117e-30
9258581782068591e-27
.03099585807484044
3195307958215773e-24
.03553499261780682
.03152868444062182
3679350323203679e-20
.010291377365171913
.6233982534947909
.7110981757325949
.05140647077591427
.0009758854919266071
.006542414636019208
.01126009594614325
.018412871421654476
.003396962305180093
12271864802710092e-22
.016204301903028566
.0021340291948319834
3.5906444606996772
.7222009770875376
29591572736243324e-25
.041453279060825965
.0003585694537745704
.0002679439424229924
.006106229625188062
.018502514791586204
.0679722583115457
.0847877346549851
.7975924180396446
.005576548591646549
15690379168678182e-21
.10117647375306922
.09782637089188323
.01928276143116934
926816958673082e-19
.0643341213919365
.024926410993116693
.006433757650721445
.0035124913776133373
.00028660287208716404
7964154689882669e-21
.0008598804477651108
.07146811155906986
.009433238729739724
.6001777552111232
2428662561315538e-22
2474352486771365e-23
18076952969996235e-24
5333672121044362e-22
.008072994415827884
2239727280691844e-21
4631583951351531e-22
16906971293968705e-22
.043886177965189246
.011526430865547032
.10621470018190109
.000975520867362607
1218574650259319e-20
40513671037533076e-26
9346699401203368e-21
10029948277809095e-21
532667951744366e-19
20455408218677614e-24
.08255768620641511
5023422246153567e-21
.00025860490457866334
.06017940405977285
7315918643169638e-23
26748443538128242e-27
.0037493827207946222
960543389175786e-23
.08549431396662435
.08801515207621267
.0032519729194199665
19057607214531902e-25
13426168655778882e-21
2705901061798928e-22
3195280202636872e-21
3647517392284459e-20
5644351878415035e-24
2600074233279649e-22
.000303799493515086
.002959133033559132
503858382071988e-19
10375401315571876e-21
13208239941445021e-24
21856506047539054e-26
.00010868255023204344
23406881839331107e-30
35511254125241066e-27
.0006097739547309572
33613993325173906e-28
.0019680466642242496
2312252186384464e-24
8358903732916682e-26
.2780747702242088
.9673277337655062
.04459289970084181
.0824216831020574
.2205612655064842
10512801574509064e-27
.04168872692333206
.027799526951836365
9577614232026881e-21
3370229113773917e-20
.07190053692583137
.007663493931103509
2418078031446818e-21
4454092870215381e-21
.28440877959508154
.00894603913797567
1.4562384922854281
.009530403336784335
.991194710134342
5505403385101371e-21
1.1128999789010403
.6341717499320058
.5813579814594935
.010653093686364624
.00842048535647656
.08778230205330972
.06482230334424126
.5414528537879932
.0016523443027872285
.8868953879879147
.04333758300557844
.02011929451944478
5505403385101371e-21
1.1091623365858645
.022021613540413165
1.3071464224899492
.10492146126929038
.26100622145501834
.08629612118514067
.22533575233932085
.037147542682399906
.0003821701164142023
.4495001957486834
.03659294744727864
.0017266773483818555
.04599300996211732
.03971639993535282
1.008376138736285
.07251365328124293
.04754718782494834
.07082020043861809
.03422120715556874
.023920985543217532
.10364119117485446
5505403385101371e-21
.10821045936082868
.6288634523561686
.45666186155319033
.10435542617442946
.11003049094374887
.011741193590109372
.01940089161637472
.047323645176179006
.02218324673171725
.015964869478426444
.022160387629368346
.04421988934543775
.4361615287382904
.1365535123137473
.00307025896433459
.058713179536801996
.3919734311530454
.4150530890836045
.10325176842689822
.04129551403241547
.05370924182385193
.8468049106271982
.005940195171108324
.09412937804521052
.004036183244944668
.1980758982884351
.3451844847405627
.022904106742936282
.05545811682929319
.000520064621711979
.001094308265260142
1.077864763746765
.0021751953019725967
.04106865233242329
.1786325950056201
.0008173524522269424
.006061111194576222
.1773194603396054
.037426050477531156
.39283868413538625
.026574768000759523
.25223977509323414
2816696904241612e-20
.5358451141075768
.013378685383291547
.075691000802474
9255570217922373e-20
.1157320792149023
.082975977531326
.0036458729352861095
.37116792463224335
.03291324118467269
5505403385101371e-21
.05351992176104771
.18738139165297688
.10097382361079592
.25892493705266056
.02218324673171725
.15798351464147128
.001652308385585436
.14116664586645464
.12450090211115514
2816696904241612e-20
.0006405320693347266
.0015418615494678645
.06759164438415954
.019342112486645538
.20215614768023712
.33274870097575987
.22183246731717277
.10248352825908869
1.4439120794976816
4334376234362274e-22
.0003627477281664838
.49479865361410336
.006888596137970483
.245064241187396
.0004926505405914961
.000893375816996586
.07991795212811938
.11560809509212967
.01135628431437344
.047611957274807576
.14289099841492975
.1667918247036417
.5246073063464527
.5246073063464527
.5246073063464527
.5246073063464527
.5246073063464527
.5246073063464527
.5246073063464527
.5246073063464527
