3.019360851863332
5.338087032367187
.004664327028288291
.006338481670788466
.0037328220507533228
.14237430974823242
14829353827250292e-21
.11689360855555712
10742592803465844e-25
.04662548188203708
.003465620424274098
1903099351155053e-21
.0722735615540396
.07024478122820063
.0038907781490478605
17166567171364858e-22
.022767502823690545
.0013646079831799954
.012931764563937983
5708532128850762e-23
.02673411850029197
.012259753123667155
.000539166432007718
14886387967878577e-23
.045152291101994
381382430646106e-29
9302999447580662e-27
.028239781505768766
248729549687178e-23
.03243690132630654
.027318330882725107
28169264326417678e-21
.008897808499903936
.5401159971293468
.6168109228865319
.04615090672728792
.0008255735291604451
.005656947195511518
.009703848772126173
.015912193801974117
.0028627062947834837
10632879230392439e-22
.015082117149248666
.001980222567960495
3.3581056096286965
.6265816301527245
27705485719432757e-25
.03593921283612833
.0003215540451713078
.00022525032151464062
.005442602720269844
.016022445994385154
.0590901618312357
.07480352247719127
.7551738544368863
.0052494516253274665
12283717905190274e-21
.0886746959896395
.08918300527278471
.018460851839747314
8828068227251292e-20
.05576666686871394
.02063855626291764
.005732991552287721
.003069308224923417
.00023959407960249857
6236799608574121e-21
.0007803199756898086
.06921318036806426
.00942638060633068
.5656551690873801
19011590039680628e-23
19343999315080557e-24
14940905905703218e-24
4173125681131281e-22
.007250607676006854
18924872001094962e-22
3625435343186571e-22
1323521803562523e-21
.04053216137216503
.01007259468691304
.09646826047104298
.0008528044269665964
10965684132959692e-21
3711730259851561e-25
8318776993453568e-21
8659437980673706e-21
51108524826730875e-21
2046581751764305e-23
.07226457711117745
4080185424031269e-21
.00022607695501228388
.053629406168759795
6507019915754865e-23
2333784267618695e-26
.003278670134363962
812893066865636e-23
.07914796859728956
.08134568908002499
.0030914909496922915
16579261776784992e-25
11209199597623034e-21
24273464094879173e-23
28432474115888983e-22
33246599582161264e-21
44201078457087695e-25
20367666839529664e-23
.0002692158464249476
.0025637418962697668
4871029828463246e-20
9600442315326612e-21
12653835903277602e-24
1969810550859718e-25
.00010239926517864787
1765367669280438e-29
27051441482122764e-27
.0005630764283936331
25765239440074285e-28
.0018086738473477248
20020728984667587e-25
6902639464097201e-26
.2409230820731145
.8380896217433578
.03863514415867995
.07140987981969758
.19109356749237885
9090885630758233e-27
.03754830878609081
.025127740487754246
860222271695388e-20
3051082087548347e-20
.06616914382750455
.007113053423838774
2169234759254142e-21
4018299231209279e-21
.283594829198838
.00815023783569556
1.4049915439874356
.008682619499748287
.9701162397585248
4769863697180917e-21
1.0539221674641963
.5777585488849843
.558068382168844
.009229805934796562
.00757338276841714
.0760543027513947
.05840759096038657
.49328752838285
.0013319099794302422
.8742767696922794
.037547541831590425
.017431291738020847
4769863697180917e-21
1.0933813365459109
.019079454788730275
1.2885485337363198
.09766620830406932
.23778822657107096
.08598751776979488
.2052908495173919
.03384305648608215
.00030805697761257094
.4095145847274358
.03170401138524518
.0014959876733246045
.039848195163331275
.03441016052466227
.9906603755747445
.06537599177799398
.04119472983996122
.06135839274073837
.029649143262923047
.020725064552428257
.08979439302401204
4769863697180917e-21
.10072777424905188
.572922454712086
.42748975653103194
.09041320391895073
.09533006169100376
.010172532174225814
.016808869784967012
.04100105321164749
.021867626730918174
.013831911311249903
.019199688210827494
.038311969192476515
.41584050328203637
.12440629707645827
.0024748525759023805
.05086890896614905
.35710515457166603
.38635242938187614
.0996182028630974
.03577829987402737
.04653351350638397
.8347566937993757
.005146565895155856
.08155338887448235
.0032534579710054145
.18045591525716267
.3439500710791795
.022098081095155993
.05466906682729551
.000419210002684132
.0008820922471265535
1.0625290610108513
.0017533660055106442
.035581747630462277
.16274220490753824
.0006588456691478743
.004885697534630774
.16154588107379964
.032425809157733305
.35789343835685417
.02302429309555325
.22980160570786584
25661356189674937e-21
.4881786291916908
.011591249770808757
.06895785375488339
9163371506123099e-20
.1002698993393115
.07559479017466815
.00315877252620892
.36588700150652603
.029985420302933653
4769863697180917e-21
.04636948721592775
.17071274609927148
.09199162499905893
.23589208430952674
.021867626730918174
.14392997823821863
.001431554644348092
.1286090660385114
.11342583542443326
25661356189674937e-21
.0005163155486739394
.0012428528250262691
.06157898137267885
.016757943736967408
.1841732031495185
.32801440096377377
.21867626730918205
.10102540755826368
1.3930989138817016
3493823261539721e-22
.0002924011166107858
.45078348591368267
.005552710730412886
.22326437654659062
.0004268308359244052
.000785220926771533
.06924065539694153
.1001624798961058
.00983904802190944
.0412508458819584
.12380029914569943
.1658478273462148
.48833104152034745
.48833104152034745
.48833104152034745
.48833104152034745
.48833104152034745
.48833104152034745
.48833104152034745
.48833104152034745
