6549121079092745e-20
7.165878990898534
1.118249737720072
5.000948394803597
.1902197961673483
5.855572378713905
.004474130965407044
37.79275870754218
14948869894041278e-23
.680096784291347
1.8597878220498059
.016113027336025577
88.99166690917792
1.4137305323308618
3.374407029198302
2.1268695035746545
12.540898394951183
67.37640462915131
21.62403470588005
.007229029718055447
63.472298815792314
7.030298825347646
47.105492269979045
4312358961714376e-21
2.8692755248346886
.00011236610343415984
387557796882195e-26
1.328364394572717
6.490143497172308
145.3408320955181
5.824333971374174
.5231747577155297
10.63590353152286
211.63649156106607
79.87626936123048
1.2687685328235212
11.03406172413685
6.265222691114043
1.1656187175116675
33.0749042362114
6.114174310173874
.00027143456461920645
.31739558342799823
.34613019806017725
46.48550666876237
266.2052072536606
1788798851256761e-22
19.823428255547
1.1026295533752963
23058375790990423e-21
.9648992793300789
.01810217466779318
36.27495397489686
107.94210216597888
.023949779013929064
.18522474730666538
2.2967207912994585
.00013819490218988092
.00017102013717269424
.06120385691044302
17938650323063776e-22
23.688561469231487
.0588272890774599
3.6407631521630446
10.31505576123811
.01105507799222528
5.824683575389559
.022971242195720488
.05960752228135932
13531078353755036e-28
1626311339299534e-20
7.740410302100668
2.216465387128685
4.711818870175202
1.1714561100463425
153.12366500065747
5.194173897555293
1.51146411254065
1.7618457522620317
25.7242330759553
34.309044709927434
22.517721632298823
10.66603256414646
1.9047587758569213
.0003252582023163313
19.901647258382717
16.086709233739203
.0021548489834025044
3065543791512407e-20
24.43686996918964
.16856596061401763
.15423563899200635
24.518827551077973
.39330757467111194
13362185952395055e-24
7.803967611318381
.21009888995646553
12.775104188504894
35.106377605391145
.01152531117183642
2.1721647571904286
1.9350824213730078
1.0565901156947168
6.9434009983522165
.0012413567471056344
.7545262412479364
11.894153627839659
5.563589833708295
.832569882045322
8.881772157302368
.019275585553919197
.003974569425605877
.000866942684223592
.9558962622097639
.0003386069627459662
.528728897978009
101.75033474371874
15.787712439526324
1.0447749734211003
.011062834235763005
.00013599080783023977
101.00562311412062
351.3642766861583
16.19756304074257
29.93818336387592
80.11488435053124
.0007237932360827443
850.6232194735809
187.11436576609142
118.05695007606325
257.48307723317004
0
0
.03817588885616651
.04875279633503491
.31999916171360016
.41285453025123336
6.357771660771911
.43982259992695466
2.39995284679158
.0019997380523172482
10.453568659419453
29.266659342613142
3.12544387241745
3.8695433067020595
.6593070789812848
31.885331093274623
4.709037859815594
24.987735930520053
11.434307521721298
1.5991956128322746
15.741592225127684
7.307969284351513
.0019997380523172482
1.9999738036872952
7.998952209268994
2.3569666191609637
1.9998690218686146
12.045286108132299
.09999967254448233
10.39911459653211
1.7143376021045407
2.6446368527905624
20.744173963635173
13.291725299326062
.6271842689998925
16.7061277309317
14.426262836007629
2.0907580119652245
5.142858493436469
17.270654686542386
25.724154940781577
12.430233601123092
8.68886468322358
37.64578529169931
.0019997380523172482
2.062559393473045
29.02168448074277
6.901363294509772
37.90521821732795
39.96658269412482
4.264775886413531
7.047022443285674
17.18945686873077
.039999476073745904
5.798949643305511
8.049359383265354
16.06207378601284
3.1049608447640478
6.301865586651383
21.24634987405652
21.326498910130805
18.089347061171352
7.9111728453606025
.45078547964961313
14.999847426995775
19.508909179468382
1.526906911842342
2.1576682925726933
34.19079147356297
27.930595553774616
9.14108810398879
.39999869017792933
.09999672549308845
.09999869018436473
3.598873918550705
7.572669453505334
1.9435399312661752
15.052463315510867
14.917444023949864
8.243790906921996
5.656120989138672
41.94320106556072
8.18319050183293
13.594334883867752
18.129277985693147
9.6528030891296
11.640719680595225
.001299889324566512
24.72894198877517
4.859565118030641
3.4930958940142207
.00013972450820762
42.037581352520775
3.829293355135823
1.3242973007811425
.6692673394576653
1.5189270378510924
.0019997380523172482
19.440142096082077
8.647542810351709
4.659883538575679
11.94923603714556
.039999476073745904
7.290847795184726
.600171090415766
6.514759031059683
5.745644599157248
.001299889324566512
4.432514849322432
10.66976118867479
3.11931528140491
7.025671989159423
9.329389252685823
.5999921411061881
.39999476073745893
.18479204086439643
6.303955944241889
.0029994106370180053
2.5102329276262085
22.83467158551222
47.66943941389228
11.309572942433812
.17894638477919128
.17997878209870324
29.02874844127951
41.99254636583979
4.124964564418926
17.2941810159496
51.90256678323009
.21066011036334156
9.999345109343075
9.999345109343075
9.999345109343075
9.999345109343075
9.999345109343075
9.999345109343075
9.999345109343075
9.999345109343075
