6549121079092745e-20
7.165878990870699
1.118249548386965
5.000948406457838
.19019057648855744
5.855568283914458
.004474130965286491
37.7927587077465
14948860858800734e-23
.6800946558060097
1.859787822045887
.01611302735711253
88.99166690917798
1.4137305341395678
3.37440981593303
2.126926855289875
12.540900144905166
67.37638502785327
21.624034704369393
.007229029718056312
63.47229881582505
7.030292470560578
47.10614801174689
43123576944549e-19
2.8692697153009616
.00011236602926124869
3875550547698799e-27
1.3283643945312567
6.490339038265877
145.3406087123536
5.824333976949524
.5231747577155677
10.635903531524308
211.6364915529947
79.8762693612386
1.2687685343765887
11.034061723954679
6.265222691080132
1.1656187190340557
33.074904235841046
6.1141743178864205
.00027143456484193557
.31739558342799823
.3461270864450943
46.48550666884885
266.2052072536606
17887988512063666e-23
19.823428256733248
1.102629595659586
23058363443540165e-21
.9649002523732015
.018102175383548642
36.27495397517516
107.94150357424478
.023949791333373528
.18522484220500376
2.296729010618789
.00013819490373442813
.000171020128038472
.061203888404156026
17938659531358022e-22
23.688562616575265
.05882729173877478
3.640763758440652
10.315052035385452
.01105507021952665
5.824763032924089
.022971243229356803
.059608570417868136
13530997432218246e-28
16263102625385237e-21
7.740805946331174
2.2166213597975415
4.711835299108028
1.1714810815289758
153.1236649984667
5.194174346506415
1.5115471507846592
1.761909435047516
25.72420204664565
34.30903676106001
22.517806256404622
10.66602578890507
1.9047470853610908
.0003252580666177084
19.901633541435036
16.086709234144173
.0021548440321442707
3065609456590641e-20
24.43686539116032
.16856587114474714
.1542387823961043
24.518830375282175
.3933073115086774
13362209236543926e-24
7.803961882174828
.2100969961650819
12.773557888701967
35.10634144227624
.011525303033101082
2.1721559373098165
1.9350824204625774
1.0565878699782465
6.943397439862046
.0012413567473844934
.754555605093511
11.894630520373
5.563587121796373
.8325698821790014
8.881725458183519
.019276005095802566
.003974726034628756
.0008669459219872618
.9558959960987424
.00033862540440592764
.5287327750146124
101.75012401833675
15.788593354544123
1.04477431669852
.01106283426912453
.0001360024311797347
101.00562311412062
351.3642766861583
16.19756304074257
29.93818336387592
80.11488435053124
.0007237926060959019
850.6834131463713
187.12992399939517
118.06548034111047
257.5065619490076
31.048757139475306
6.642974893594711
.03817809695850488
.048756262575815355
.31999916171360016
.41285453025123336
6.357771660771911
.43982259992695466
2.39995284679158
.0019997380523172482
10.453568659419453
29.266659342613142
3.12544387241745
3.8695433067020595
.6593070789812848
31.885331093274623
4.709037859815594
24.987735930520053
11.434307521721298
1.5991956128322746
15.741591990559684
7.307969284351513
.0019997380523172482
1.9999738036872952
7.998952209268994
2.3569666191609637
1.9998690218686146
12.045286108132299
.09999967254448233
10.39911459653211
1.7143376021045407
2.6446368527905624
20.744173963635173
13.291725299326062
.6271842689998925
16.7061277309317
14.426262836007629
2.0907580119652245
5.142858493436469
17.270654686542386
25.724154940781577
12.430233601123092
8.68886468322358
37.64578529169931
.0019997380523172482
2.062559393473045
29.02168448074277
6.901363294509772
37.90521821732795
39.96658269412482
4.264775886413531
7.047022443285674
17.18945686873077
.039999476073745904
5.798949643305511
8.049359383265354
16.06207378601284
3.1049608447640478
6.301865586651383
21.24634987405652
21.326498910130805
18.089347061171352
7.9111728453606025
.45078547964961313
14.999847426995775
19.508909179468382
1.526906911842342
2.1576682925726933
34.19079147356297
27.930595553774616
9.14108810398879
.39999869017792933
.09999672549308845
.09999869018436473
3.598873918550705
7.572669453505334
1.9435399312661752
15.052463315510867
14.917444023949864
8.243790906921996
5.656120989138672
41.94320106556072
8.18319050183293
13.594334883867752
18.129277985693147
9.6528030891296
11.640719680595225
.001299889324566512
24.72894198877517
4.859565118030641
3.4930958940142207
.00013972450820762
42.037581352520775
3.829293355135823
1.3242973007811425
.6692673394576653
1.5189270378510924
.0019997380523172482
19.440142096082077
8.647542810351709
4.659883538575679
11.94923603714556
.039999476073745904
7.290847795184726
.600171090415766
6.514759031059683
5.745644599157248
.001299889324566512
4.432514849322432
10.66976118867479
3.11931528140491
7.025671989159423
9.329389252685823
.5999921411061881
.39999476073745893
.18479204086439643
6.303955944241889
.0029994106370180053
2.5102329276262085
22.83467158551222
47.66943941389228
11.309572942433812
.17894638477919128
.17997878209870324
29.02874844127951
41.99254636583979
4.124964564418926
17.2941810159496
51.90256678323009
.21066011036334156
9.999345109343075
9.999345109343075
9.999345109343075
9.999345109343075
9.999345109343075
9.999345109343075
9.999345109343075
9.999345109343075
