6333323895471426e-20
7.16588051253947
1.1179898182605341
5.000920208609688
.19018357986090278
5.851515952151978
.004474109753328945
37.79366402475545
14936280565642774e-23
.6800626279130702
1.8597974555803496
.01603637628300279
88.99206573076054
1.4071055301893947
3.35913962101271
2.1144390389186363
12.526474625147848
67.35206290922024
21.62419125150309
.007229062547754919
63.472387848648346
7.030223867086554
47.11230744673233
4310581378417371e-21
2.869063670366534
.00010624818030309564
3744617753812069e-27
1.3283612435001382
6.493951102172942
145.33927893843898
5.823099991568175
.5231325253270424
10.635978999733913
211.63818754488537
79.86684345597737
1.2630779661640734
11.034356787871925
6.265268776654621
1.160043492778039
33.075257666036144
6.086079736508005
.0002713878112850237
.31739628695652744
.3460828282862043
46.48345500332017
266.206758978777
17888035009537818e-23
19.82237140151922
1.081438229338803
2177924805144825e-20
.9643383270178801
.01750613473308322
36.275153559564465
107.93265982061261
.023159713238860753
.17913843438493135
2.2824642136952376
.00013813274836382082
.00017096353644736352
.059184216618624955
17347754690191753e-22
23.688709079852895
.05750147956280241
3.63576400619357
10.30992527366618
.010794733529285758
5.790121831795298
.022454208144294406
.05732365859447568
11403477176378655e-28
15375506804098018e-21
7.74783491347517
2.2193499648178694
4.705520964061261
1.1647248508743528
153.12553006716976
5.162230515921226
1.5037297774677523
1.7521731421404856
25.707339033051277
34.29129493907046
22.519032831279972
10.656735790340358
1.9028361221815715
.0003251412408905166
19.883122970763782
16.08702470673766
.002117754536632837
3126560102112487e-20
24.436884877978354
.16568591187751935
.15975155787003967
24.495556466928054
.39295906682431087
12951330130008062e-24
7.796281125041001
.20990594971276674
12.77187696033452
35.11608035977706
.011148671249075207
2.170320738676622
1.9351320317653953
1.0563057380576777
6.938597092999908
.0012413047767239618
.7550988782423317
11.903233072613094
5.559847205673922
.8325461676645539
8.872459626274365
.018651480310573783
.0038473385234138297
.0008384931927023436
.9555373873747568
.0003389554737819046
.5284082407615462
101.74795901799328
15.797080724104488
1.043792124235787
.011062799711997291
.00013174583471541165
101.00605904964131
351.36579315785747
16.19763294866314
29.9383125756678
80.11523012260558
.0007229995082159225
880.9486687246637
194.53560528728892
120.61965373642884
262.95442117223496
30.547039417774307
6.540782548760677
.03707482068586412
.04735890139970036
.3199991893355685
.41285568845984133
6.357778520721705
.43982383379090406
2.399954400501278
.0019997466830926664
10.45358580214576
29.266741446342888
3.1254477209933875
3.869560007469049
.6593091837585962
31.88546870886457
4.709052634637632
24.987806030297882
11.434381546701708
1.5991963030362422
15.741659930530641
7.308000825203369
.0019997466830926664
1.9999746668649097
7.998986732370668
2.3569676364147
1.9998733375342965
12.045319899584332
.09999968333430677
10.399143769868378
1.7143424114512287
2.6446539740015185
20.744232158662935
13.291782665787558
.6271869758977112
16.706199833793566
14.426325099079794
2.090759128089322
5.142874539023162
17.270729225876053
25.72426596502491
12.430287249426922
8.688902183955054
37.64594776913876
.0019997466830926664
2.0625638444229293
29.021765897228043
6.901377014791688
37.90538181446771
39.96675518801674
4.264794292985753
7.047052857903231
17.189531057618474
.0399994933372982
5.798974671299541
8.04939412392202
16.062143109168158
3.1049653063734217
6.301883265699168
21.246487421575704
21.326590954297462
18.089397808434477
7.911189917467215
.4507859660410602
14.99991216563207
19.50899337900321
1.5269075708469066
2.1576776049676036
34.190939039411525
27.93077637467565
9.141113748098647
.3999987333372271
.09999683338820534
.09999873334324545
3.5988972174317975
7.572718478486242
1.943540770087243
15.052560764202003
14.917508406936944
8.243814033783618
5.656157606506591
41.943472603179536
8.183213458688154
13.59439355637799
18.12932884497718
9.652844750173918
11.640752337089824
.0012998929712335456
24.729011362540938
4.859586091685223
3.4931056934312945
.00013972455033796265
42.037762784745546
3.829304097710268
1.3243030163860323
.6692676283097415
1.518931298999369
.0019997466830926664
19.440225998821408
8.647567069885726
4.659896611260683
11.949269559141865
.0399994933372982
7.290868248690881
.6001736807259759
6.514777307351779
5.745660717800851
.0012998929712335456
4.432543545141945
10.669830264030818
3.1193240322300677
7.025702311629424
9.329415425049566
.5999924000594725
.3999949333729818
.18479212061961758
6.303962746125252
.0029994300550119004
2.510249178714693
22.834735645153692
47.669748022814346
11.309604669940173
.17894715710337503
.1799794812005182
29.02887372799303
41.99272760369568
4.124982367572056
17.294255656821797
51.902790792268185
.21066014637464814
9.999366687671483
9.999366687671483
9.999366687671483
9.999366687671483
9.999366687671483
9.999366687671483
9.999366687671483
9.999366687671483
