9343861976405008e-20
7.165859253716945
1.1206525597213168
5.001323195700131
.19030041523326707
5.90127258272182
.004474405500685415
37.780951377963014
1506671499945231e-22
.6804078773037637
1.859663067845993
.017101898640675944
88.98650193270343
1.4991172802759751
3.5709745219547764
2.288826534029032
12.726924384065924
67.59745175629563
21.622006390502882
.007228604559103938
63.47114569782481
7.0308772685003005
47.05125215473457
4328940896313133e-21
2.8716596054903487
.00020643923325096243
5572853104235815e-27
1.3284050410204293
6.4515758812114
145.3471504323372
5.840302258266986
.5237207664168764
10.634928284793459
211.6145267767689
79.99820692273457
1.341906402897276
11.03021775089882
6.26462697121179
1.237572601764124
33.07034191482578
6.47579679695207
.0002720392479031866
.317386472332213
.3465521961601009
46.51199202730282
266.185109574931
1788738354639173e-22
19.83710256267193
1.365299029891165
4281633586912024e-20
.9721538125342645
.02581827734864329
36.27236974605104
108.02751008447483
.0341801538442319
.2638881729073539
2.4801912823404515
.00013900302140986006
.00017175492260158178
.08735954280098392
25584696609086895e-22
23.6867427432265
.0760416231899551
3.705438482403449
10.362678958647507
.014428546041004504
6.271055301434773
.029681622795776283
.09115033879102788
8371901593417398e-27
29932458491911355e-21
7.666300814906578
2.1879088611645106
4.7945645485121595
1.2586834545086885
153.09953418786625
5.603929801171707
1.6137551807463515
1.8882657101787237
25.88156721699996
34.47389665280056
22.50476353926533
10.752560354949802
1.9226026179410103
.0003263233434636245
20.073253050978238
16.08262407848092
.002633035460247988
23665286181660097e-21
24.414592628199102
.2057782234526384
.09605278308506922
24.818119917505726
.3965106927349561
18436572237507467e-24
7.875189093056721
.2119013231233732
12.792222617382562
34.97866022572282
.016388462049067357
2.1896236578817647
1.9344391197676782
1.0590932134121676
6.987760165353679
.0012420291227911637
.7487335776050333
11.802946680741698
5.5984280911972295
.8328766769339131
8.968135450979727
.027331810039247794
.005613587654294227
.0012346378884682855
.9592027651408512
.00033512425662890965
.5316285952367692
101.7680892916087
15.68666463390516
1.054221476892956
.01106330419262847
.00019052859905256559
100.9999775809846
351.34463779274137
16.196657706207223
29.936510021333177
80.11040646880203
.0007317926742752899
531.223278077629
112.2490989960259
89.61242006561064
196.54503562735815
16.806270770525522
3.5616306157425357
.051680794330155745
.06583103926028243
.3199988039879024
.4128395308449871
6.357682819770251
.4398066207445328
2.3999327251368143
.001999626280446637
10.453346650357672
29.265596056441414
3.125394030802261
3.8693270253279564
.6592798210896561
31.883548918305646
4.70884651859868
24.986828101793623
11.433348884103115
1.5991866741824918
15.740712141730912
7.307560818154487
.001999626280446637
1.9999626249013709
7.998505121786549
2.356953444975774
1.999813131492167
12.044848491183833
.09999953280799267
10.398736786594213
1.71427531855367
2.644415129842434
20.743420307638388
13.290982381523085
.627149213629074
16.70519397106
14.42545650520783
2.090743557346333
5.142650695166397
17.26968937342112
25.722717134007688
12.429538834896027
8.688379034286706
37.643681146189955
.001999626280446637
2.0625017510876256
29.020630094745815
6.901185608681759
37.90309957126771
39.96434883169245
4.2645375142037265
7.0466285622572
17.188496094019914
.03999925249802744
5.798625521129379
8.048909478361837
16.061176024413072
3.1049030640414403
6.301636633751228
21.244568607442893
21.325306902670622
18.088689857615574
7.910951751667149
.4507791805505447
14.999009036685678
19.507818763016065
1.5268983772478082
2.1575476934667557
34.18888043890707
27.928253888610783
9.140755999375767
.3999981312319707
.09999532817815966
.09999813124506854
3.598572193595795
7.572034570649996
1.9435290679154722
15.05120133637018
14.916610239434258
8.243491401988027
5.655646787238566
41.9396846015954
8.18289319857056
13.593575052229843
18.128619331408085
9.652263562536774
11.640296761938183
.0012998420983242748
24.728043562284117
4.85929350111413
3.492968986446222
.00013972396258815438
42.035231735230504
3.829154233187385
1.3242232814932753
.6692635986105103
1.5188718537558972
.001999626280446637
19.439055523245944
8.64722863671877
4.65971424047881
11.948801909789506
.03999925249802744
7.2905829115999605
.6001375448994495
6.5145223435338275
5.745435854306036
.0012998420983242748
4.4321432329854
10.668866649636632
3.1192019536497617
7.025279301477345
9.329050306909096
.5999887874704111
.39999252498027416
.18479100797553488
6.303867855239895
.002999159170292665
2.510022472930089
22.833841979705532
47.66544286947776
11.309162054659534
.1789363828831216
.17996972843329537
29.02712593001559
41.99019926570155
4.124734006719113
17.293214387865188
51.89966577978508
.21065964398954784
9.999065657460836
9.999065657460836
9.999065657460836
9.999065657460836
9.999065657460836
9.999065657460836
9.999065657460836
9.999065657460836
