.0001251370746015701
7.165836819908803
1.1218386490105245
5.001763310826852
.19038981680622052
5.940662544159156
.004474716492044417
37.76737476807974
15127026464406427e-23
.6805882426941139
1.8595215874412268
.01821496392291371
88.98064388447474
1.5950467933431327
3.7912214282910135
2.4726783045987375
12.935355479086729
67.69716268998936
21.6197044323192
.007228122360860988
63.46983763488564
7.031018174356152
47.03473184343595
43374133373420825e-22
2.873889565760733
.00034647311194047477
748912635580115e-26
1.328450785740594
6.422398105842577
145.33619361900645
5.858383411318682
.5243379685833973
10.633826883695985
211.58961722844035
80.13620756613051
1.4236225911740605
11.025807442610988
6.263953820534897
1.3186265944742956
33.0652006184407
6.881012832417656
.00027272320553197826
.3173761386874933
.3467787994540362
46.54184169744856
266.1623107434937
17886700077013414e-23
19.852582514656458
1.639001518847878
7233392108042172e-20
.9802714349828733
.0345627046078482
36.26943962900267
108.07588556430788
.04577579234121637
.3527210955605948
2.6853613499084106
.00013992608587284105
.00017259229506073382
.11701440538134748
3423925821008803e-21
23.684811590637253
.09566720331327255
3.778348261156208
10.386419331910398
.01824081666828483
6.771815538203887
.03732563924978008
.13125268974261045
3792137361513958e-26
5033902939255594e-20
7.611939201568632
2.1673042913760727
4.88970189405949
1.35686728336155
153.07221922463964
6.059800405041984
1.7315252526935054
2.031982544832543
25.961116135099182
34.55615475098106
22.49497831375105
10.795687004607245
1.9315435761316935
.0003268115458716806
20.15678362414421
16.077991441436644
.003170031320620717
1753006303004767e-20
24.354380738172612
.24772414712954927
.055009034707330234
25.15161887724337
.39801424603110697
2361437977315235e-23
7.909832540910487
.21284767301368873
12.804615277694504
34.83129472116679
.02187417811784062
2.1991499777608574
1.9337080104656768
1.0600814131826197
7.009205256858294
.0012427901417980834
.744358640632014
11.735153014227585
5.615916269493412
.8332238827670221
9.011014983338015
.03642428234023582
.007457515139458288
.0016498964046587367
.960806856159778
.00033256107137271345
.5328385713850408
101.77113329260428
15.592678961257326
1.059599357914743
.011063869590349232
.0002516821784910197
100.99357469749238
351.3223643345161
16.19563092070944
29.93461219927003
80.10532787758429
.000737071675609071
305.2796049624097
62.72691613328893
65.70494882926629
144.89040513684688
36.98695033031226
7.799233970034328
.06540292550140095
.08315932203569164
.3199983982494542
.41282251890771265
6.3575820562078995
.4397884975705487
2.399909902997598
.001999499514338284
10.453094849386106
29.26439010486165
3.1253375005062307
3.8690817297276023
.659248906061774
31.88152766390607
4.708629505352703
24.98579846601363
11.432261677318364
1.599176535865315
15.739714260856656
7.307097556066201
.001999499514338284
1.9999499457965735
7.997998057353136
2.3569385026666723
1.9997497415106225
12.044352157398661
.09999937431658457
10.398308284368216
1.7142046781667608
2.644163670178253
20.742565530567
13.290139801022333
.6271094555673072
16.704134946956493
14.424542004833304
2.0907271627780832
5.142415016786303
17.268594563187957
25.721086444923817
12.428750865522886
8.687828235365506
37.64129472878304
.001999499514338284
2.0624363740051983
29.019434237513284
6.900984079750945
37.90069670805564
39.961815295789364
4.264267164273899
7.046181841943218
17.18740643102659
.03999899891593148
5.798257917843555
8.048399218549273
16.060157827762982
3.1048375294061272
6.301376961314046
21.24254844350289
21.32395498696921
18.087944474399478
7.910700990694715
.4507720361054137
14.998058176005696
19.506582066793765
1.526888697214642
2.1574109159461954
34.18671303824597
27.925598167402438
9.140379334943017
.39999749726633826
.0999937433420218
.09999749728982865
3.5982300023319795
7.571314539498752
1.9435167465808523
15.049770104945562
14.915664602417799
8.24315171126518
5.655108987017338
41.935696521627634
8.182556004926504
13.59271328889695
18.127872302812477
9.651651658252167
11.639817098573667
.0012997885355460251
24.72702459027545
4.858985446687908
3.4928250511763186
.00013972334373930388
42.03256691591256
3.828996444684196
1.3241393324905908
.6692593556995686
1.5188092653873582
.001999499514338284
19.437823186262357
8.646872309138258
4.659522226971252
11.94830953380948
.03999899891593148
7.290282487512828
.6000994992397242
6.5142538986849186
5.745199101313492
.0012997885355460251
4.431721776748671
10.667852138112085
3.119073420251148
7.024833934597618
9.32866588340603
.5999849837389718
.3999899891593146
.18478983646136427
6.303767944596395
.002998873977718596
2.509783792776959
22.832901062330933
47.66091032232896
11.308696036410007
.17892503922899847
.17995946015408193
29.025285758266094
41.98753730121252
4.1244725196186796
17.292118086266083
51.89637560565601
.21065911502123708
9.998748707553114
9.998748707553114
9.998748707553114
9.998748707553114
9.998748707553114
9.998748707553114
9.998748707553114
9.998748707553114
