.0002491948360713947
7.165748837305829
1.1206670827382896
5.003535039930386
.1908146113174625
6.0220244601867465
.004475929495219991
37.71239924776528
15081628959975775e-23
.680549745908389
1.858968079757097
.02248587344328469
88.95771893489507
1.9613875016718998
4.625594737564482
3.1811572055424344
13.715109370554762
67.51547673267521
21.610690285336258
.007226235437114104
63.46471633295296
7.029349257791711
47.16737461806252
4331350427199059e-21
2.880543730710094
.00123541749581285
1480899593708933e-26
1.3286264177288334
6.3764354020081155
145.2151494728672
5.928811839795927
.5267323450279221
10.629563789951364
211.49222558316922
80.6732225796922
1.7313543429567606
11.00804596577607
6.261344864266694
1.6302789843397936
33.04541579647252
8.418126761376254
.00027537982695896866
.31733569937303635
.3465756481758863
46.65675264804161
266.07304542702036
17883980645238673e-23
19.912838183130106
2.5160244977498754
.000259054267230298
1.0101197493088805
.06870471345322171
36.257978070758064
108.05566789445496
.09101191811514296
.6959725005753885
3.456995215388089
.00014359599761131666
.00017590691326722278
.23279058420653323
6788376687824988e-21
23.677854307190408
.1735797604403363
4.05535741802751
10.364219565539159
.03296031793820197
8.659937413844014
.0676070203590561
.3299027863769183
14141910520918072e-25
.0001809266022348352
7.536174132590474
2.1402871721782852
5.2609516065181055
1.7284495747500856
152.96589148757684
7.755367605582612
2.1912100525152165
2.583987654330825
25.894069212822018
34.48025414256734
22.4763024517205
10.753321276887435
1.922625367018401
.0003259944900250442
20.056796986262924
16.059865928799034
.0052223808760168315
52464050506207775e-22
23.992859543571228
.40824337612994405
.009713113364109004
26.38227361376627
.3957302889680838
385353306479885e-22
7.868017206130738
.2122593922761634
12.826894497888613
34.24680584714732
.04307572455830674
2.196643569180768
1.9308371684670236
1.0568775398973274
6.982877065149408
.0012457511741020316
.7374550170437015
11.635647002647119
5.600236017357913
.8345743863415638
8.96506626669278
.07185755772038259
.014621567332623984
.0032593065501628753
.9590446631442148
.0003289066694808831
.529952327709962
101.70939282887794
15.362399154564164
1.060079184559826
.011066144415698987
.0004903582396776698
100.9685197322842
351.23520661540744
16.191613031745128
29.927185878641016
80.08545496775834
.0007414986313964018
54.46804020457539
10.856582012313735
19.589749996741393
43.75710083414279
28.067463855187015
5.868113532716707
.10595937914310143
.1344472691101266
.3199968103219957
.41275594628725565
6.3571877147391795
.4397175763601273
2.399820586424582
.001999003469011484
10.452109438065712
29.25967086827418
3.1251162685762184
3.8681218695739608
.6591279283248841
31.873618343250815
4.7077802800680875
24.98176920403806
11.428007686601639
1.5991368583053012
15.735809477860572
7.305284776633566
.001999003469011484
1.9999003245495004
7.996013876045938
2.356880024089235
1.9995016724219572
12.04240986004786
.09999875403358205
10.39663143148567
1.7139282419449011
2.6431797662033505
20.739220541185055
13.286842720081056
.626953879278043
16.69999090590059
14.420963496010758
2.0906630008413325
5.14149274973562
17.264310488312194
25.714705435756404
12.425667482035871
8.685672917714617
37.63195649778521
.001999003469011484
2.0621805286355954
29.01475450301991
6.9001954156189935
37.89129412338398
39.951901379038816
4.263209264642567
7.044433791718942
17.183142497687875
.03999800649099002
5.796819458507555
8.046402533482857
16.056173547606374
3.104581060798703
6.300360788121962
21.234644005481012
21.318664839037524
18.085027574746018
7.909719667709778
.45074407608772077
14.994337386570171
19.50174278135924
1.5268508132058665
2.1568756952096217
34.17823183626534
27.915206939602015
9.138905338306621
.3999950161343282
.09998754103440487
.09999501622747503
3.596891086423771
7.568497222796815
1.9434685255116826
15.044170024740755
14.911964253570957
8.241822403426799
5.653004698136288
41.9200920796775
8.181236468878117
13.589341144089143
18.12494896431412
9.649257230713353
11.637940037390225
.0012995789289357064
24.72303705871483
4.857780006523238
3.4922617909232927
.00013972092178630727
42.022139277274725
3.8283789727310724
1.323810833722172
.6692427505420672
1.518564339037316
.001999003469011484
19.433000958857164
8.645477896474189
4.658770822698181
11.946382724492484
.03999800649099002
7.2891068413529485
.5999506237085833
6.513203396513899
5.744272618523179
.0012995789289357064
4.430072715186793
10.663882587270457
3.118570431965689
7.023091180463488
9.327161523288105
.59997009736485
.3999800649099001
.18478525159555256
6.303376941053261
.0029977580846064613
2.5088498920968645
22.829218981081155
47.64317550521363
11.306872372499697
.17888065065629788
.17991927897854926
29.018085027655168
41.97712083373515
4.1234493009060955
17.287828175563096
51.883500906556336
.2106570448187612
9.997508362109786
9.997508362109786
9.997508362109786
9.997508362109786
9.997508362109786
9.997508362109786
9.997508362109786
9.997508362109786
