.0005496864064215943
7.165535564575661
1.1130983429328605
5.007737285239391
.1917705151536486
6.073412812020292
.0044788365964528185
37.56778842035283
14748438322855608e-23
.6795284192907526
1.8576287656293382
.032299643201602814
88.90220026029534
2.7931384026377666
6.476626346571033
4.757656770737928
15.367955268628759
66.6159980401024
21.58884949690092
.007221666568186447
63.45229797680564
7.02253958250793
47.6240007881878
4284925499008853e-21
2.893814972340128
.005646205955335556
31591733421886175e-27
1.3290320103433535
6.352427041686923
144.8242037044871
6.0971130456299685
.532395631844841
10.619535399641313
211.25715365099109
81.9540218350067
2.40550375382945
10.96191664093392
6.255186673507047
2.350574213421774
32.99961048648759
11.846154764341522
.0002816799575089493
.31723776951264215
.3447333102932683
46.923032301413855
265.85657369463047
1787701680966927e-22
20.056386804214114
3.863028065849296
.0011743907593048677
1.069513542854223
.15083860867378437
36.23024398289428
107.74569295914797
.19930350592762328
1.4969343146085938
5.128688139692736
.00015284572355336287
.0001841828500815861
.5105339138633535
14769977731457427e-21
23.661705349314754
.3702955530919165
4.665662393725953
10.217963797172787
.068332760279979
12.716291197532808
.1436209972751603
1.0411953580789821
9983013675415318e-23
.0008428577457050928
7.526139304986224
2.1421028121562085
6.102378159371948
2.524771672042087
152.71190119894928
11.346722611346907
3.1973841440911768
3.783450692822761
25.426620082766238
33.978875262570625
22.447854226262894
10.4844654620008
1.8650428224155504
.00032182244969084027
19.48147025868395
16.015986726425634
.00996375827550252
26549556285262785e-23
23.060319916768176
.7724660818408656
.006070892199011393
28.905282161134465
.3838559379901751
53340265150392065e-24
7.629615111479242
.20714863819784032
12.839570946273373
32.85009568231134
.09274825759886283
2.1571933701173007
1.9238442032809957
1.0431901045505991
6.831861370140711
.0012528061880245226
.7337832741503908
11.605907578325356
5.495215299706577
.8377888552550402
8.681368911555005
.15694727768327202
.031712691460415894
.007070901093485215
.948924315131498
.00032808318086629634
.5176999322738818
101.4684919813177
15.061067186293117
1.0445436151253171
.011071231735155741
.0010684865623405227
100.90785758447349
351.0241835948014
16.181885068755975
29.909205547958337
80.03733941927231
.0007335339932071816
34.94157563789915
6.965897123722785
1.0165432522570386
2.2887918043531132
27.172574252537448
5.692670724118542
.15018584633352225
.19086979651645056
.3199929640913493
.4125947391889862
6.356232645828808
.43954583905341926
2.3996042584184685
.00199780246255687
10.44972296881002
29.248243130698448
3.1245804675306665
3.8657978919498057
.6588349891656925
31.85446859090893
4.705723929125208
24.972012255508925
11.4177102688027
1.599040755763979
15.726355362825531
7.300895742644611
.00199780246255687
1.999780137523242
7.9912098502274835
2.356738383829535
1.9989009292881375
12.037706543312705
.09999725160573712
10.392570894502683
1.7132588454140665
2.640798080163516
20.731120574137005
13.278859950608352
.6265772037657538
16.689957508169734
14.412299343842466
2.0905075965482887
5.139259528432033
17.2539380459166
25.699255974219398
12.418202108873622
8.680454542960124
37.60934712098611
.00199780246255687
2.06156095386336
29.003422420653795
6.898285494138312
37.868528935868646
39.92789817335452
4.260647917489561
7.040201477676416
17.172818821230987
.03999560275046485
5.793336714383384
8.041568234028682
16.046526957009604
3.1039599326936096
6.297900101874216
21.21551013655716
21.30585653006141
18.07796423660717
7.907343220694828
.4506763587773435
14.985328749885396
19.490026083854854
1.5267590548034466
2.155579838713171
34.15769746617596
27.89005342582393
9.135336022287799
.3999890064229485
.09997251945628709
.09998900687616209
3.59365004115062
7.561677488320731
1.943351729839498
15.030614196950694
14.903005106877549
8.238603454587759
5.6479109536453445
41.882319204986445
8.178041182648403
13.581176632780881
18.117870034367503
9.643459932011293
11.633394691502087
.0012990713618128331
24.713381161324392
4.854861439730649
3.490897843547668
.00013971505552800174
41.996892267306485
3.82688375050394
1.323015484749229
.6692025313896196
1.517971244370035
.00199780246255687
19.42132556161754
8.64210129483494
4.656951280344921
11.941716912379654
.03999560275046485
7.286259987725667
.5995901718220841
6.5106595818712885
5.742029119601285
.0012990713618128331
4.426080916189191
10.654273698532247
3.1173524345156016
7.018871689117008
9.323518681415605
.5999340412569724
.39995602750464837
.18477414664716438
6.302429956377507
.002995056899211431
2.5065892464758406
22.820302738490824
47.6002457402975
11.302456329309843
.17877317869870799
.17982198968405494
29.000650887115142
41.951900870964224
4.12097192190079
17.277441603680177
51.85232916501476
.21065203047765838
9.994504646440685
9.994504646440685
9.994504646440685
9.994504646440685
9.994504646440685
9.994504646440685
9.994504646440685
9.994504646440685
