.0006266493689832428
7.1654809702429
1.1111554505852985
5.008766701707033
.1920035683852546
6.079733771385505
.004479573572616048
37.528308396232845
1466455227047382e-22
.6792402720080571
1.8572860497833708
.03469961754689989
88.88798272076086
2.9945281552385103
6.915672131323707
5.128757394322196
15.74472532273746
66.38673186391335
21.58325381621212
.0072204967411644925
63.449114209904394
7.020716014067993
47.72253896975158
4273060626033273e-21
2.897067259700246
.007289239631124501
3570161744226987e-26
1.3291317630430892
6.348618144739338
144.72118174347605
6.139700201917841
.5338158972790691
10.617031025751785
211.19713803822108
82.27760794871782
2.5638157479007755
10.949439786505083
6.253644204034353
2.5276868377383312
32.9883343899943
12.662994642629968
.00028326337724530993
.3172126923511354
.34422520941526163
46.988620988003106
265.80107131518326
1787514263481172e-22
20.092573383048716
4.102108651864796
.0015130599575303345
1.082320649574387
.1717431729112983
36.22314650731189
107.65893787463762
.22672084781599286
1.6952126701846029
5.51682407635316
.00015529940327813947
.00018636110273523843
.5809866189570423
16775389687930587e-21
23.657545707072707
.42251798261129353
4.809383665012253
10.180755813256159
.07740464730392803
13.647761608311889
.16369907143494283
1.2656576926934524
20350987700972135e-23
.0010934358197987114
7.528172773134223
2.144333967039406
6.303446303225576
2.706699128983718
152.64759089982002
12.166120216785192
3.4282364702656225
4.059202750733518
25.308029882608803
33.85150743897351
22.44063716719201
10.416990852113788
1.8505101456448274
.00032076001252678377
19.33763859829601
16.004753559748625
.011133455841314923
12607386735464593e-23
22.832260977943935
.8608069353731099
.006135118658875199
29.46471217590651
.38088895276272683
54605633245318475e-24
7.5703435930956635
.205838356205267
12.84110785823064
32.50015532740067
.10507438109687686
2.147044280652695
1.9220456951058202
1.039687488867334
6.793770663951259
.0012545867840478336
.7331992610951925
11.603957671277886
5.468653948216831
.8385993321168265
8.610166154125396
.17849536479128617
.03601035930646474
.008027015832271098
.9464618442383748
.00032807771777972175
.5146633374718469
101.40426144087884
14.994892111392087
1.0405849648023198
.011072414682196781
.0012153466923444474
100.89232644449581
350.970156030829
16.179394448816936
29.904602100128738
80.0250205458791
.0007310722646339208
35.55452828591205
7.0941195643068555
.4859874587866207
1.0950700273652123
26.888209725135432
5.639322493700358
.15478141491739017
.19682717852530296
.31999197898860504
.4125534603865259
6.355988053287403
.439501863878413
2.3995488548622634
.00199749497263055
10.449111825529947
29.245316936213097
3.1244432510518747
3.865202891227141
.6587599814985741
31.849565739709398
4.705197393760232
24.969513884436733
11.415074350692638
1.5990161425706457
15.723934855321698
7.299772031999515
.00199749497263055
1.9997493559593753
7.989979890522204
2.356702107795126
1.9987470938706429
12.036502208736236
.09999686680224093
10.391531150559628
1.713087439269669
2.6401884196168175
20.72904649090308
13.276816147107079
.6264807647124286
16.687388688729044
14.410081088060728
2.090467795709989
5.138687703955617
17.251282421930796
25.69530049690165
12.41629077273151
8.679118498792663
37.60355851295708
.00199749497263055
2.0614022961303125
29.000520719708394
6.897796403346882
37.86270043610925
39.92175270767534
4.259992143788819
7.039117891549049
17.17017568263595
.03999498711918752
5.792445038297865
8.040330523459133
16.044057170589685
3.103800867159957
6.297270016830645
21.210612276472556
21.302577258773383
18.07615559329758
7.906734671552744
.45065901641716155
14.983022296810308
19.487026294437825
1.5267355542043197
2.1552480646272913
34.15244011562505
27.883614665758646
9.134422060728783
.3999874672089637
.09996867243967096
.09998746779796877
3.5928204030706814
7.559931782556206
1.9433218168484325
15.02714419576531
14.900711324570166
8.237779208294123
5.646607064300086
41.87265015917211
8.177222995419081
13.579086298485864
18.116057398608696
9.641975667756174
11.632230807051315
.0012989413938199511
24.710908665477525
4.85411420820282
3.490548590227629
.00013971355308082072
41.990428354306594
3.8265008828535048
1.3228118540392113
.669192230707023
1.5178193761342458
.00199749497263055
19.418336346178126
8.641236679854895
4.6564853670559
11.940522181263036
.03999498711918752
7.2855310203924954
.5994978864529291
6.51000821091272
5.741454647696445
.0012989413938199511
4.425059101257045
10.651814029094998
3.11704055323569
7.017791385944404
9.322585892775011
.5999248067878125
.3999498711918751
.18477130251590757
6.302187434203453
.002994365453682035
2.5060105696804302
22.818019639169986
47.58925664118425
11.301325554198534
.17874566298953437
.17979708006999304
28.99618727863951
41.94544388277367
4.1203376463022865
17.274782362165922
51.84434836152027
.2106507462061009
9.993735469353211
9.993735469353211
9.993735469353211
9.993735469353211
9.993735469353211
9.993735469353211
9.993735469353211
9.993735469353211
