.000841699218050637
7.16532857113272
1.1058183178112608
5.011521145372762
.19263003036872858
6.0951615825190535
.004481615912102356
37.41310111085606
14437796643252348e-23
.6784312605863484
1.8563290993886739
.04117708707903104
88.8482602282363
3.534376075241773
8.075370900929432
6.102446144929487
16.713252335729255
65.75819166810079
21.567611942614782
.0072172288055715895
63.44021132988627
7.015608541251263
47.95825688154872
4240632981157158e-21
2.9059820405520154
.012975751989881363
4678830562102051e-26
1.3294022192305284
6.338083040282699
144.43267703379385
6.257594262458448
.5377210392727244
10.610163437212162
211.02984909885424
83.17235362875321
2.979146607248519
10.913251790269374
6.249404892635853
3.0077914219575947
32.95774966024195
14.826611319437454
.00028762419502001055
.31714263252953
.3428052156196324
47.16656093636358
265.645856754923
17869708518089044e-23
20.192395542949736
4.63303980175315
.002680167135691655
1.1141350159131236
.22986449563050995
36.203326700354225
107.41569296622235
.3026095017723138
2.234842676606919
6.527036299122684
.00016234758161495785
.00019258030569733724
.776280154172101
2229581898198159e-20
23.645813872328795
.5721644519805852
5.187064102059093
10.079271824170528
.10276117717645764
16.052543119312745
.22100891559926125
1.9632188552730494
10129388271031229e-22
.0019729193758051054
7.534003317601035
2.150595480807774
6.836594257641419
3.1745617977896106
152.46935250449727
14.274550290682075
4.0224151057945345
4.7710081281504095
24.985729249485797
33.50430095409099
22.420316015840946
10.234767545098704
1.8112513859797026
.00031785165171860103
18.949905715150088
15.973377667445604
.014312058933013093
149796304558238e-22
22.219123150449885
1.0982433231312558
.006220935172883962
30.87704923600925
.37288380315682534
5571150207735161e-23
7.4112327776406675
.20227774459141618
12.84391713737976
31.540784046513526
.13862698217554625
2.119395110158242
1.9170054443051097
1.0300651079416756
6.690390079275406
.0012595065336995792
.7316013080523166
11.59880658751393
5.39654426027175
.8408367728748645
8.418380407130751
.2380227843709317
.04781312673007491
.01065187206556673
.9399163186358104
.00032805231512935757
.5064344840320808
101.22456934838452
14.814653808351506
1.0299097151066077
.011075457935587485
.0016212948130857985
100.84894201583154
350.81923633025116
16.17243719241268
29.891742905358754
79.99060920938227
.0007242636970158544
36.73643831192226
7.346788710443009
.0588150046153493
.13276296101019214
26.07621849073088
5.485908265924497
.16083556361320847
.20486418690473043
.3199892264313724
.4124381410796819
6.355304662893045
.4393790117994324
2.399394053070112
.0019966360353733644
10.447404358918822
29.237142117671134
3.1240598728170705
3.8635408260828745
.6585504403984509
31.835870196534643
4.7037264613423035
24.962534262860686
11.407712295712582
1.5989473704135773
15.717173449830394
7.296633077332214
.0019966360353733644
1.9996633486495403
7.986544141493462
2.356600748288361
1.9983173098239355
12.033137696679448
.09999579159246588
10.388626450237375
1.7126085872540424
2.6384856525821245
20.72325218906731
13.271107020324878
.6262113734613391
16.680212991134667
14.403884649173424
2.0903565882558715
5.137090249699716
17.243864245960665
25.68425133220597
12.41095167807201
8.675386415187804
37.58738871135452
.0019966360353733644
2.0609590395405024
28.99241432800735
6.896429970053671
37.846419201609116
39.904586065835126
4.2581603164161566
7.036091020043679
17.162792383149185
.03999326697299081
5.789954245118525
8.03687312329477
16.037158110192006
3.103356449580344
6.295509767837289
21.19693267273606
21.29341699677906
18.071102842724432
7.905034512271061
.45061056194550925
14.976579489067454
19.478646732463755
1.5266698907663216
2.1543212924018036
34.13775431984531
27.865631365965278
9.131868754741534
.39998316636986353
.0999579238935898
.09998316743247701
3.5905032441518454
7.5550560689411395
1.9432382364331606
15.017452567102747
14.89430391113954
8.235476537054025
5.642965333166233
41.84564475008217
8.174937251198543
13.573247193356627
18.11099349445432
9.637829548618258
11.628979299252878
.0012985783062796697
24.704001330713876
4.852026904053779
3.4895728920876747
.0001397093550297414
41.97237216700555
3.825431277403982
1.3222430353932324
.6691634493883272
1.5173951065663542
.0019966360353733644
19.409986321377648
8.638821231870862
4.655183759588215
11.937184498093421
.03999326697299081
7.283494527021491
.5992400980342678
6.508188496120538
5.73984976339944
.0012985783062796697
4.422205197078007
10.64494423235865
3.1161692602021343
7.0147736849903914
9.319979990155403
.5998990045948618
.39993266972990804
.18476335567866176
6.301509828405602
.0029924342631857544
2.5043943395072583
22.811641415591694
47.55856435543218
11.298166542932194
.17866880106416996
.1797274959356365
28.98371870880018
41.92740703912011
4.118565871371642
17.267354081051852
51.822054917485424
.21064715773703588
9.991586549119676
9.991586549119676
9.991586549119676
9.991586549119676
9.991586549119676
9.991586549119676
9.991586549119676
9.991586549119676
