.0009797861045563827
7.165230860199614
1.1024574346532543
5.013191812900192
.19301351072479464
6.104236984408263
.004482914054324527
37.33552467204146
14297695832911818e-23
.677911452233286
1.8557151361309607
.04516753590939602
88.82275679780842
3.8643983770137442
8.772215766087001
6.682950825357668
17.2771310492291
65.36335076797397
21.557561656104344
.007215131029062268
63.43448936030782
7.012327616894412
48.08437837757324
4220334065754998e-21
2.9115798111033326
.01746312545896408
536027176413749e-25
1.329569756939471
6.331173076557365
144.24720664511162
6.332450439431625
.5401804727747501
10.60585031137373
210.92274124981452
83.73968833238438
3.22675350802618
10.889040414191255
6.246735281183685
3.3051800651275474
32.93879535250805
16.130238387768635
.0002903759422355525
.3170976543738356
.34189695139674986
47.276848603099836
265.5460887543554
17866062453155436e-23
20.25548328771389
4.895772446763486
.0035975851866479713
1.1319923100663722
.26695780497378085
36.19060897907899
107.25960665393077
.3507678245827532
2.570451690746719
7.123855877700142
.00016702790288778752
.000196680205135084
.9004334007367362
25776950389442314e-21
23.63819865903297
.6709419559101868
5.4125832789046875
10.015905496914014
.11901871338566807
17.459912650014335
.2586600085705845
2.4562443460332557
2310718283266408e-21
.002678119801352218
7.537408832600583
2.1544610705375624
7.158313711123122
3.447143289295572
152.3559612476925
15.504121144831306
4.368816109265876
5.187588488937826
24.78535638016695
33.28762465957595
22.40716640427642
10.12231316899791
1.7870288252271642
.0003160280631445314
18.71115084232333
15.953240065327185
.01628627676612521
7631738399504922e-24
21.84332377126127
1.2438608129690394
.006278231703866108
31.682648422643005
.36794973290676797
553530941787103e-22
7.313750511190103
.20006607261989245
12.844704752051928
30.939462157665815
.1594728954709212
2.10215537882922
1.9137579175941613
1.0240094363433447
6.626219262960294
.0012626232008671994
.7305671979145628
11.595176177955455
5.351766271523573
.8422526702264642
8.300446857399404
.27566236892119195
.055222384132303785
.012299733012236753
.9359348250386721
.0003280075155102879
.5013309801845026
101.10925676320684
14.701358572908202
1.0233293822741547
.011077208128196752
.001878037707220148
100.82109402862966
350.7223626357114
16.167971406109373
29.88348872978456
79.9685209512706
.0007199890913292865
37.51199739057854
7.51274259292666
.03030959730965277
.06848775817729658
25.576434146446417
5.39109799008275
.1616364141531067
.20609750063894575
.3199874589836139
.4123641097362619
6.354865885923709
.4393001446548252
2.3992946576726193
.0019960846930028
10.446308114886309
29.23189414302198
3.123813724431025
3.8624739647620903
.6584159259072371
31.827079178125597
4.702782194972164
24.958053566817856
11.402987508007781
1.5989032122905327
15.71283337807226
7.294618216883579
.0019960846930028
1.9996081239549495
7.984338772011205
2.3565356660550516
1.99804138745944
12.03097778647592
.09999510118947304
10.386761724607524
1.7123011794228098
2.63739285814206
20.71953243076472
13.267442394687073
.6260384541826116
16.675606989835924
14.399907223259481
2.090285183321512
5.136064761049099
17.239102600461628
25.677158995012423
12.407524571980606
8.672990831803066
37.57700949369628
.0019960846930028
2.0606744677717836
28.987210281223334
6.895552704482612
37.83596845640052
39.89356698740114
4.256984486589637
7.034148104542922
17.158053124480915
.039992162479098994
5.78835543239432
8.034653856186885
16.03272967926472
3.103071115619973
6.294379743721656
21.188153435999062
21.287537125437254
18.06785913685129
7.903943006030624
.4505794513147513
14.97244392169706
19.473267983871327
1.5266277287301393
2.1537264075117855
34.12832766918941
27.8540901218445
9.130229613147891
.39998040475789215
.09995102269258786
.09998040619774747
3.589016147953917
7.551926954610564
1.9431845700306654
15.011232715706852
14.890191062988556
8.233998295031729
5.640628158758812
41.82831333579949
8.173469875786814
13.569499136048606
18.10774262833521
9.635168200382383
11.626891934204938
.0012983452155759382
24.699567040515657
4.850687086496683
3.4889465247772047
.0001397066594616959
41.960782099132004
3.8247446245743344
1.3218779169656973
.669144969104059
1.51712273893822
.0019960846930028
19.404626532371815
8.637270590750024
4.654348168809227
11.935041811185918
.039992162479098994
7.282187162762657
.5990746264859566
6.507020296845038
5.738819478499259
.0012983452155759382
4.420373630835659
10.640535364013834
3.1156099176639946
7.012836655965605
9.318307083189254
.5998824371864845
.39992162479098986
.18475825306981722
6.301074765488651
.002991194872127528
2.5033570823187397
22.80754679802022
47.53886679344081
11.296138557728966
.1786194642403426
.17968282906838443
28.975715271069134
41.915829387720954
4.1174285885466215
17.262585949172156
51.8077450011564
.21064485355690335
9.990206937297197
9.990206937297197
9.990206937297197
9.990206937297197
9.990206937297197
9.990206937297197
9.990206937297197
9.990206937297197
