.0011532470922335013
7.165108313281415
1.0983112944614677
5.015181274719405
.19347506226039776
6.1151392694152795
.004484529877660017
37.234336701026514
14127659048631385e-23
.6772595626000818
1.8549444472551626
.05000392673647019
88.7907231341898
4.2619462024443955
9.599728858262642
7.367865454444486
17.92957043043154
64.87711728174419
21.544927951983865
.007212496541760857
63.427295702505305
7.008209095015843
48.22070762639306
4195422941621595e-21
2.918476447741148
.024000227862081305
6183424810936299e-26
1.3297737818688797
6.322210627893608
144.01413505750367
6.4255604246174185
.5432180419665135
10.600533849510288
210.7885338849916
84.44454072156792
3.518899331042997
10.857615596910843
6.2434370169894695
3.66741096329697
32.91570371702365
17.680897908395636
.0002937802451499352
.31704116329790466
.34076186201611713
47.411202578311546
265.4206475678055
1786130446619077e-22
20.333611232713476
5.164669288018414
.0049307747421039405
1.1521164858005182
.3132995958048353
36.17464269783633
107.06405660592614
.4106192484432952
2.9803582898627847
7.822953391065971
.00017308596749294767
.0002019529635163379
1.0549749628383052
30080744980745733e-21
23.628548134797725
.7977027783720433
5.678886695116331
9.938302838331389
.13937514701240697
19.0958016939939
.30677716411442624
3.11466403791014
55789287255638935e-22
.0037202005591807845
7.5410697174437304
2.159050369904819
7.541587330930801
3.762830005806064
152.2146048790272
16.929660320884
4.770092361553793
5.671916236550287
24.540884777392378
33.0223896032072
22.3905335946522
9.985953737705787
1.7576630577427388
.00031378624649691384
18.422159895982652
15.92795434993913
.018696066060634012
18744365222681716e-25
21.390251040471743
1.4197329707170616
.006291736642006846
32.59986864551401
.3619721642674439
5436146060244055e-23
7.196272594348849
.19736985788387684
12.84466829490186
30.200838454044263
.18488260495935527
2.0810696759396854
1.9096666650139926
1.0165402103064003
6.548016183194179
.0012664923188320464
.7292407691670731
11.5899626419472
5.2971857147499
.8440086559477215
8.157876438976599
.32224027951888357
.06433237701907792
.014326873168860128
.9311501795375232
.0003279090086453644
.49511327710760517
100.96459559025918
14.561231968660673
1.015365068696011
.011079180322347329
.0021956593487784323
100.78612304198451
350.6007104439945
16.162363354366136
29.873123288947518
79.94078292575956
.0007147538654542854
38.13509080027928
7.650788648340604
.0075489491340379805
.017078701243931158
24.94972143712554
5.271166142567523
.16096786884676834
.20550422173231941
.3199852387776891
.4122711324083317
6.354314749167672
.4392010939551038
2.399169805714875
.0019953923274634838
10.444931205978182
29.22530311498732
3.123504547012351
3.8611342200713556
.658246991399654
31.816039579997692
4.70159630187947
24.95242617811891
11.397055131268733
1.5988477437866195
15.7073831963269
7.292087992442932
.0019953923274634838
1.9995387543582184
7.981569309853941
2.3564539140723113
1.997694835284462
12.028265115463668
.09999423393078317
10.384419781338941
1.7119151002648143
2.63602076087085
20.714860717790938
13.26284042567186
.6258213053544671
16.66982285869789
14.394912445449862
2.090195489843252
5.134776860210553
17.233123014219053
25.668252569299124
12.403220875613428
8.669982502549406
37.56397546436116
.0019953923274634838
2.060317052143053
28.980674423003705
6.894450865487982
37.82284460409221
39.87972943275263
4.255507901267255
7.031708227235559
17.152101651205864
.03999077508716437
5.786347672981729
8.031866941648712
16.027168537710953
3.1027127240427066
6.292960525618693
21.17713035029465
21.280153291888393
18.063785306893006
7.90257209917312
.45054037403104585
14.967250552774857
19.466513450991453
1.5265747675780856
2.1529793620828492
34.1164898558564
27.83959909866218
9.128170985025859
.3999769357231327
.09994235426694392
.09997693771791093
3.587148970962165
7.547998082832965
1.943117157857059
15.003423158104109
14.885026224441381
8.232141743645277
5.637693635568364
41.80655225670573
8.171626971976744
13.564792395086904
18.103659805692114
9.631826128550038
11.624270373989942
.0012980524726673652
24.69399793377179
4.849004568418934
3.488159858533693
.00013970327343619865
41.94622750651876
3.8238822446367693
1.3214194080055823
.6691217553972806
1.51678066741677
.0019953923274634838
19.3978958085897
8.63532311200205
4.653298734957504
11.932350771228416
.03999077508716437
7.280545219907072
.5988668303797535
6.505553133855575
5.7375255247142745
.0012980524726673652
4.418073942119253
10.634999651163128
3.1149074290667143
7.010404170785761
9.316206048513896
.5998616263074652
.3999077508716437
.1847518435111869
6.300528293860746
.002989638710212161
2.502054716836514
22.802404292385383
47.51413481268857
11.29359157375478
.1785575079705888
.17962673549608407
28.965664702172408
41.90129038748633
4.116000409834918
17.25659821745286
51.789774873218335
.21064195914426426
9.988474176422306
9.988474176422306
9.988474176422306
9.988474176422306
9.988474176422306
9.988474176422306
9.988474176422306
9.988474176422306
