.0012576646366577468
7.165034659262626
1.0958515095963022
5.01632100935282
.1937423253645251
6.121445297800413
.004485494508533667
37.171518517216
1402819972791928e-22
.6768673637805155
1.8544808131107344
.05282487736165768
88.77144149237463
4.49266237769786
10.074113233142604
7.758403126400784
18.295325536453106
64.58915009179557
21.537317480653865
.007210911037263909
63.42296220836254
7.005730365392607
48.29301511986584
418070951311482e-20
2.922555101599939
.0284050950286557
6661607654144763e-26
1.3298932825714214
6.3167046004790075
143.87374856829442
6.481120334171173
.5450192705637541
10.597385820051553
210.70792497854566
84.86470475502864
3.68545612169291
10.838183644910323
6.241480031488399
3.879661786806495
32.90217271933735
18.570729842477327
.0002958019277283939
.31700716258478967
.34008114252556865
47.48991671002845
265.3450735224867
17858347793457186e-23
20.38004084572132
5.300949530025251
.0058276565860367925
1.1631707089437184
.3410589122068871
36.165036396129096
106.94652043836433
.44629875217759024
3.2210086456146616
8.219131790413938
.00017683197054650136
.00020519478650754061
1.1472320956612407
32635009659559714e-21
23.622696769050577
.8753176050028918
5.8307612674322975
9.89255645184586
.15157482868002742
20.01682659481994
.33613029432864766
3.5281533187520275
8895710396228539e-21
.004431151679295557
7.5430233373385995
2.1617012439191208
7.761869983404584
3.940022759661983
152.13005872509277
17.730581668243328
4.995377176422586
5.944728863774749
24.397237529148075
32.866094192151856
22.38047958583962
9.906263445090557
1.7405055340248228
.000312460581573116
18.25354716347211
15.912739000392133
.020110384240148462
3481004972739773e-26
21.127258214348863
1.5220102286657555
.006341028558294847
33.10719584820145
.358482187515491
53625350886211554e-24
7.127993409927265
.19578667967311275
12.844097379336217
29.765351035520705
.19976338424575746
2.0686472449583975
1.90719772558644
1.0121116862844848
6.50211782126496
.00126879713413835
.7284334217424117
11.586571581230357
5.265142199254267
.845053726873611
8.074782749322482
.3498840218191316
.06970828462767546
.015523761431259655
.928369574116671
.00032783101928495796
.4914654164524654
100.87756960030096
14.47808228080077
1.0107135820869393
.011080245914200962
.0023841018797636886
100.76507756061822
350.5275003581617
16.158988438191734
29.86688538396065
79.92409022832571
.0007116650530449817
38.75839804251526
7.784028711933719
.00014134555336006493
.00032000950098098636
24.58668297353977
5.201476550202238
.16009474835606247
.20454118382720504
.31998390229756474
.4122151733653684
6.353983006856374
.43914147961164346
2.399094652266051
.001994975663038079
10.444102441714218
29.221336259527238
3.123318447602256
3.8603279639536616
.6581453195404429
31.80939596827893
4.7008825792470486
24.949039295606948
11.39348553285949
1.5988143545841997
15.704103286053599
7.290565307599678
.001994975663038079
1.9994969974088936
7.9799026521523215
2.3564047035599063
1.9974862517853302
12.026632475796568
.0999937118745278
10.383010266708851
1.711682735873726
2.635195149745313
20.712049015273433
13.26007096840316
.6256906255522985
16.666341978237732
14.391906596504626
2.090141499312123
5.134001743952283
17.22952450920336
25.66289269717737
12.400630918326243
8.66817209502805
37.55613160727232
.001994975663038079
2.0601019301271846
28.976740771875452
6.893787681229039
37.8149466916881
39.87140201547198
4.254619294685941
7.030239913146249
17.148520064527084
.03998993994817787
5.7851394067199156
8.030189781133403
16.02382185201024
3.10249700460665
6.292106359462644
21.17049759736505
21.275709713188675
18.061333444371943
7.901746975079353
.45051685248530654
14.96412519202969
19.462448584383488
1.526542887673247
2.152529791391179
34.10936587956012
27.83087963670364
9.12693198556125
.3999748474981112
.09993713653554252
.09997484987044468
3.586025463081139
7.545634022850881
1.9430765791763425
14.998724032336838
14.881918033228263
8.231024365450928
5.635927889768108
41.793458295089096
8.170517807669912
13.561959886235764
18.101202530861972
9.629814875302134
11.62269256998151
.0012978762833386038
24.690646128654514
4.847992031849318
3.4876863980557635
.00013970123520495848
41.93746857698828
3.8233632153524137
1.3211434780790323
.6691077819330647
1.5165747893237829
.001994975663038079
19.393845270257007
8.63415100855109
4.652667125991071
11.930731150360081
.03998993994817787
7.279557005329986
.5987417790300315
6.504670111740515
5.736746749747749
.0012978762833386038
4.4166901855668765
10.631668731254447
3.114484631482921
7.008940305266447
9.314941526374113
.5998490992226677
.3998993994817787
.18474798528470826
6.300199359600938
.0029887023446807785
2.5012710643548695
22.79930924007354
47.499253215811976
11.29205865396873
.17852022279090943
.17959297753987374
28.95961628659343
41.89254084142326
4.115140934271077
17.25299481050288
51.778960480232854
.2106402168266514
9.987431258926648
9.987431258926648
9.987431258926648
9.987431258926648
9.987431258926648
9.987431258926648
9.987431258926648
9.987431258926648
