.0019082770996961325
7.164577872465051
1.081188852812363
5.022502340736876
.19523874369864086
6.156800970825151
.004491367220623861
36.75113327111543
13456532495981864e-23
.6744283772721068
1.851596809783804
.06901125974565268
88.6513216190597
5.8021106284043205
12.687873975000613
9.883130178668168
20.204188321467452
62.87756528925436
21.48978421004769
.007201038150807474
63.39590705663087
6.990297445197372
48.62608874293445
4094055483805099e-21
2.946772662456819
.06320263983798569
9368311917232659e-26
1.330586028587605
6.2804532101746675
142.99769469401502
6.819247475000947
.5558014818440716
10.57858271742182
210.20861283018837
87.41506708062371
4.591251887522758
10.709286067898718
6.229728688293574
5.113415565196273
32.823582659168686
23.473317950338835
.0003079505868520115
.31679539257295725
.3358836410395642
47.946692975248055
264.8730869537073
1783832728276778e-22
20.659321525102914
5.876735359412031
.012902721498853163
1.21878850257428
.5116996604194296
36.105257661579685
106.21749070497347
.6626637636549837
4.623674180956003
10.34458042836159
.0002019814649362759
.00022661834414014985
1.708805048347914
4795990229255676e-20
23.58562372436748
1.3766064177142265
6.6551019245998475
9.624324662053827
.2262018751517149
24.882937548650823
.523809070086053
6.285274776767766
8099657919200575e-20
.010247875355866307
7.550830053295858
2.176268440365889
8.980903328680196
4.869617014379871
151.61139537960543
21.94515639067564
6.1771476507244545
7.389130102062967
23.561890565388055
31.950635300545198
22.317028234338018
9.448998235893088
1.6420263793128873
.0003046160541710428
17.289647163357188
15.8180352427846
.028362160938313445
1582027860793765e-24
19.642024352744812
2.104824910205288
.006393829670853628
35.67752453083766
.33848912346305726
48505334290512525e-24
6.741580369242658
.18658605054626415
12.831929807764826
27.21091552392157
.2856865975329818
1.9959021504886776
1.8917155179344418
.9856868456237733
6.2358036196629225
.0012827615477134947
.7232358062941338
11.560981557691342
5.079207846434263
.8513691317001902
7.600847763499541
.5150854181327611
.10134463767334605
.022585235957934695
.9125618516817244
.0003270303908666226
.4703152229910876
100.3359923785416
13.980694941080596
.9841868864778065
.01108484798613005
.0035077648779539214
100.63404480005346
350.0716818629279
16.137975633812996
29.828047122371682
79.82015864377506
.0006935553702833215
41.04552732883571
8.293417194646002
.0067373680410449535
.01531650232965496
22.444021963019672
4.784793669430902
.15188309589997112
.19489144777799475
.31997557498532997
.41186667073922395
6.351916352755229
.4387702124463809
2.3986264336976304
.001992381439178824
10.438939997974497
29.19663141340828
3.122159135558054
3.8553080756942806
.6575121687691796
31.768031707301578
4.696437904238438
24.927946414325273
11.371268990396093
1.59860632641003
15.683682004637644
7.281084811762639
.001992381439178824
1.9992368348024998
7.969525756715304
2.3560981022545824
1.9961870850080465
12.016464696267079
.0999904590696774
10.374232068866956
1.7102356131884835
2.6300566936710235
20.69453824919531
13.242827854555216
.6248769907900338
16.644669422122142
14.373191667713987
2.089805122582086
5.129174728114267
17.207119602520283
25.6295212181333
12.384505402013357
8.656900188667649
37.507294413675424
.001992381439178824
2.058762038058818
28.952242716227335
6.889656901136258
37.76577294046818
39.8195540935515
4.249086678378476
7.021097938907229
17.126220494298465
.039984736696049995
5.777616534658824
8.019747493384973
16.00298481538112
3.1011532220138243
6.286786769763045
21.12921652868009
21.248043233450034
18.04606369560058
7.896607672046179
.4503703203809842
14.94466616236568
19.437140030794303
1.5263442630306774
2.149730687499315
34.065010786699474
27.776611264004234
9.11921572480442
.3999618362787096
.09990463164957496
.09996184174012498
3.579032950847232
7.530920536078247
1.9428237576577723
14.969477513490595
14.86256590400255
8.22406553959355
5.6249382035195445
41.71196381842284
8.163610136393071
13.544324202469305
18.085899075225257
9.617292469153245
11.612866296847411
.001296779008608367
24.669771702934597
4.8416878062732795
3.4847377732902864
.00013968853591474632
41.88293398611839
3.8201307964427067
1.3194254912404804
.6690207216250315
1.5152926184310698
.001992381439178824
19.368625926956263
8.626851363862027
4.648733581529946
11.920644449514553
.039984736696049995
7.273402586721828
.5979631879737743
6.499170812436131
5.7318966825086175
.001296779008608367
4.408077932119736
10.610937681116765
3.1118515259028983
6.999826028583833
9.307066315091085
.5997710504407496
.39984736696049994
.1847239469803547
6.298150198809903
.0029828745729809283
2.496393751380412
22.780033823597297
47.406632816812454
11.282511911515376
.178288078895671
.1793827788729511
28.92195781841386
41.83806467362374
4.109789692652609
17.230559383539905
51.711628222915664
.2106293609914488
9.98093542504023
9.98093542504023
9.98093542504023
9.98093542504023
9.98093542504023
9.98093542504023
9.98093542504023
9.98093542504023
