.00443996449391463
7.162836113997772
1.0348594200142733
5.03487248337044
.19884784314589554
6.246125835906665
.004511914275728394
34.78110836081091
11866624486119209e-23
.6648990937708521
1.8404476182822624
.11491138009077129
88.18403402584045
9.459085576841337
19.341843771106284
15.082649166596282
24.22065740753841
57.437254162658164
21.301991990652564
.007162721404743151
63.289735252556156
6.930087291868707
49.098286891614535
38330501480737975e-22
3.0232844366851417
.28156246671299745
1656527881840647e-25
1.3325976282514198
6.119500969899994
139.55538604494518
8.014279454470232
.5915527222845214
10.51554947823542
208.31018098327712
96.34974198578453
6.807711478264486
10.117974543918717
6.189551763762556
8.843512396280994
32.58866727089258
35.560188783456674
.0003488205786288373
.315972722940379
.320086512088651
49.29985057024588
263.01666741249403
17736117657596046e-23
21.594926529973648
6.588632674334627
.0583100708079603
1.3339222758086497
1.1382391158677998
35.87374248853471
103.40333098056077
1.4110324352460692
8.821089836839276
15.351782668433387
.0003385758879236236
.00033517822869229367
3.6804957807809644
9947233088096748e-20
23.43495501143221
3.438818632609375
8.584486787235072
8.824623314435584
.48309515619230625
35.821492035759405
1.2648518822408914
17.063125990601996
.004818892737426414
.052036757294193096
7.534144473448399
2.2104816098487263
12.037953131374955
6.916218458948708
149.68376096196386
31.376214547988248
8.763369512524399
10.690739071519198
21.138484941897485
29.232880769432256
22.06097411025922
8.177755982273425
1.3650953578740759
.0002802299578102065
14.633878584411692
15.451340384874156
.05362280008817782
3564336242377259e-24
15.791492280862409
3.7328435005168568
.0061382854956901255
40.686038501196634
.28282459517274094
3473402498942602e-23
5.718743066376471
.1595878159397473
12.671803444260002
19.873464893768105
.5281018426835868
1.777024287251898
1.8300328024331554
.8999835743861654
5.464617085605937
.0013312700877913645
.7017049122528516
11.416359290798855
4.544215665757513
.8730528912990457
6.298593499027962
1.0436558025267755
.19643550249618785
.04422036902176482
.869567290272632
.00032026008626851734
.40919787823699105
98.21274407067378
12.382902041872605
.9147688135487364
.011072030444842746
.0070250807343448735
100.12578475960247
348.3036177099077
16.056469537494042
29.677398259284523
79.41702074802922
.0006399205580239164
45.45128797483373
9.360764670047013
.01741369327955995
.04006862351959011
16.320339159559616
3.555749269122784
.12491797554110179
.16244588230554027
.31994317350078044
.4105133660026624
6.34388090636145
.4373285084947113
2.396805353654564
.0019823187623492994
10.41887597726382
29.100697601836472
3.1176520710526723
3.8358365435463213
.6550542201371087
31.607584801757014
4.679182575668812
24.84603857775596
11.285230643517817
1.5977970970019841
15.604470353491793
7.244311128777858
.0019823187623492994
1.9982248025005855
7.929275049397208
2.354905423456127
1.9911397551634453
11.976981194091497
.0999778026415089
10.340144587663906
1.7046161491230616
2.610156915527467
20.626540475587355
13.175943926413257
.6217210011321912
16.560604229566387
14.30059874955238
2.088496716042426
5.110434815120998
17.120213711749447
25.50007733542989
12.321956497921317
8.613177843522775
37.317860917150696
.0019823187623492994
2.0535564883607624
28.85711191301953
6.87360659753183
37.575033978116785
39.61844235035824
4.22762633688745
6.9856373397677505
17.039723190741807
.03996449605001173
5.748436234697209
7.979243137294615
15.92216050064983
3.0959297818375715
6.266129749135465
20.969346696870105
21.140728344787902
17.98676823614591
7.876641215057473
.44980058262535394
14.86918696799063
19.338971249067093
1.5255716133519917
2.1388733060996303
33.892962810343064
27.56644529949721
9.08925195567507
.3999112105660356
.09977824800918551
.09991124012502928
3.5519529407996426
7.473939388772433
1.9418402821808067
14.856214068576932
14.787501363343546
8.197043040228525
5.582378275974781
41.39635890088772
8.136786280398136
13.47591754366208
18.026472725335022
9.568719588383992
11.574708931658392
.0012925180734579859
24.58871217258816
4.817234486870719
3.473287679195991
.00013963913094966699
41.67140098290575
3.8075786734660357
1.312761630567064
.6686820571060772
1.5103136948534013
.0019823187623492994
19.270803181019005
8.598505397456506
4.633458849142386
11.881475791930681
.03996449605001173
7.2495037600606125
.5949431285623539
6.4778159438122485
5.713062910608605
.0012925180734579859
4.3747251252772905
10.53065222329471
3.1016266553108647
6.9644728648756
9.276485309580009
.5994674407501757
.3996449605001171
.18463043799831375
6.290182768904982
.00296030527157567
2.4775053061499435
22.705183562911778
47.04794036814478
11.24544001933541
.1773876211393373
.17856718461952137
28.775885229560696
41.62675828635035
4.089032881380808
17.14353510833889
51.45045463792677
.2105871236861091
9.955698775817224
9.955698775817224
9.955698775817224
9.955698775817224
9.955698775817224
9.955698775817224
9.955698775817224
9.955698775817224
