.00805616392865096
7.160421193999247
.9959412293109514
5.034043534161475
.2004599015108716
6.296393559046351
.004534997089927836
31.528756043195916
10776017598592407e-23
.6508331982460227
1.8246999119470975
.15151348982081841
87.51561900243335
12.605493113431002
24.40307733789726
18.74191030968716
26.261997344824053
52.321723596226896
21.021622877432296
.007108266071970602
63.13553020248807
6.842522246057145
49.10597898679822
363632283013327e-20
3.0934936871929946
.6700043508342733
2221953450573346e-25
1.3341087604138302
5.858654059312264
134.51360520864094
9.44202944157867
.6298296126053197
10.442376224441288
205.70611127801004
106.92106711965722
8.405127243449968
9.15756819746144
6.141520899809708
12.434730890122006
32.36971227356411
43.11531711115028
.00039364186844634757
.3148014334798611
.29851254041203
50.50833243120749
260.2990773124361
17532338782168682e-23
22.588461419705038
6.7746919374750005
.147995917857881
1.4108782046132058
1.9375291817718514
35.54581346952211
99.35754889632877
2.2644015052551905
12.621836342975357
18.764025049561884
.000722409553249672
.0006020121209641178
5.987326426122327
.0001576732627614808
23.212113346912993
6.2282305631457096
9.683074823357911
8.20731971974039
.7759495309175287
42.734614330284124
2.1994072117847776
28.813721174824984
.04501575647403444
.14265120302100817
7.432324310350618
2.2184713773163147
14.03473181667305
8.16660568436846
147.05059440306187
37.45711188568136
10.280233408171016
12.886008373454912
19.327813521344012
27.155054841628584
21.676177556990567
7.271170486691708
1.15010125690342
.00025892916994577444
12.715778904027625
14.933277005109613
.07924692691175289
4441609487252882e-24
13.409939423642289
5.06723871918764
.005827931593726113
43.023746935367974
.24102389414272746
26478171504385927e-24
5.052686275531992
.13724636558869296
12.26082267697242
14.84324871535673
.7151711254630557
1.590514429994097
1.7383004300719915
.8146517204219196
4.865587564075384
.0013873457216496583
.6695071825915427
11.139524576004833
4.151107505216201
.8975473120642679
5.334973736470852
1.5504879395001439
.2764448279033211
.06391626878688131
.8457684038258436
.0003043814132798903
.3614852344785779
95.04542541644938
10.85559773503098
.8841841110823073
.010986760125149885
.010089390112624816
99.40424747522698
345.7936344217471
15.940761666094511
29.46353377473894
78.84471720382926
.0005999479738806262
47.68755636361091
10.01941991160858
.023798199374558973
.05534291849883827
12.156940627400834
2.6951773203006275
.10481995402515713
.13810955365967426
.3198968977147831
.40858804735947296
6.332420900586952
.4352774261175357
2.3942065657170315
.001968033561988711
10.390283891224131
28.96421455338374
3.111225573560159
3.8081943224183297
.6515592743453524
31.379810797705172
4.6546453868383155
24.729509993683376
11.163463390645864
1.5966419241934278
15.492019727611465
7.192106388594502
.001968033561988711
1.99678012910522
7.872134247954853
2.353202877671682
1.9839523998948387
11.920808832624555
.09995972729198932
10.291649033568413
1.6966214538873232
2.581993411633901
20.52980145023271
13.080994010938701
.6172406878555143
16.441263408097594
14.19754422457193
2.0866292412058534
5.083785870814893
16.996840171765097
25.31631591377265
12.233160679231363
8.551108627626194
37.04893690232762
.001968033561988711
2.0461438293509038
28.721771287948673
6.850745568431614
37.30425669490267
39.332939636214235
4.197160757678299
6.935296682684564
16.916929690275598
.03993560258210441
5.707011230337467
7.921742250400412
15.807420501591515
3.0884840045396995
6.236741433368479
20.74308816282197
20.988381736406826
17.90240981305
7.848209148152496
.44898803312287344
14.762035020952068
19.199608657990577
1.5244686580089406
2.1234599254144086
33.64871966753695
27.26900429704036
9.04662312141004
.3998389091679573
.09959800198703715
.099839006455261
3.5136274899875186
7.393295838254922
1.9404363735764265
14.695916026618228
14.680938067964407
8.158598689590072
5.522144605203687
40.949693603430305
8.098624535571544
13.378805925787951
17.941928087125095
9.499764443979084
11.52042323783894
.0012864561291960495
24.473390456223875
4.782520009494068
3.4569978672782153
.00013956859242687643
41.371104015710756
3.7897210278628792
1.3033014653935686
.6681986144140183
1.5032302833141364
.001968033561988711
19.13193183006429
8.558178177647587
4.611727803472494
11.825751353348917
.03993560258210441
7.215503393936049
.590655784893873
6.447434814142305
5.686268493075711
.0012864561291960495
4.327521990720099
10.417026845782638
3.087079943514775
6.914284725525739
9.232978345887888
.599034038731566
.399356025821044
.18449695417736578
6.278819766995218
.00292836367888973
2.4507731085870295
22.598695645998422
46.54029469984795
11.192698605502965
.17610931123399165
.1774086370497976
28.56851732593938
41.326783028194804
4.059566049355098
17.019993507178253
51.079686794174386
.21052680765642634
9.91976199947419
9.91976199947419
9.91976199947419
9.91976199947419
9.91976199947419
9.91976199947419
9.91976199947419
9.91976199947419
