.01124900883078432
7.158329073657002
.9807277984194066
5.025750902713188
.20048574775195555
6.306046638253908
.004549716775744267
28.58136841113512
10452876604640049e-23
.6377137457309507
1.8109489867414597
.16716294872623358
86.92241317904633
14.41977152656796
27.07745403398811
20.434268352382723
26.82562971478112
49.363299533082525
20.756780326731324
.007060450227527466
62.99674860978221
6.762738222705823
48.89572950846073
35774856039178665e-22
3.126878238572022
.9944147887279422
25532087797868925e-26
1.3344834858992505
5.60752014122526
129.91951708278836
10.485242906882178
.6549778854398588
10.386158112642695
203.5001298923346
114.63664561308924
9.212672266071019
8.292600113768074
6.1039132630980015
14.68969438102296
32.233473273846045
45.43229936544754
.00042376739593543306
.31377096293261475
.28012886494368094
51.18083974843884
257.81789949000097
17302422581729775e-23
23.208322875625967
6.795693862318894
.2374875234199304
1.4531142764985852
2.5612014849490543
35.2589953007002
95.70422283001965
2.8604127404111286
14.791294913543817
20.3729378234809
.0014668673531451069
.0010484164077469772
7.636697237833194
.00019995053375900375
23.01340488594427
8.364515514152234
10.002686932206592
7.983567513995977
1.0011340719567725
45.7033336784602
2.8708592506904016
36.0317366144988
.11164101433064061
.23287509279533186
7.289087775153401
2.196158670482916
14.769492536891635
8.677322882869246
144.7571083867894
40.23340649400288
10.822144767517177
13.889930843197096
18.673297298509695
26.417427140221978
21.319270174127364
6.942241662432853
1.047567162884506
.0002485348878141938
11.949790017889717
14.48210347941178
.09717383993588506
532965842714991e-23
12.72278597300423
5.750417610864543
.005793441175756032
43.626544920623715
.22259804480746187
2379852821358922e-23
4.849775177604569
.12592917425876488
11.81908675153802
13.027682180461817
.7973580569461747
1.4919378294820806
1.6538147207148046
.761832005679156
4.608015143475254
.0014267214604956992
.6399813130442564
10.845201927121153
4.013438851856324
.9143257532969236
4.9109460121791635
1.8362947416065976
.3135514987505393
.07487574295089575
.8486258226776147
.0002865687619060773
.34022219953697425
92.03777136552414
9.941346406134477
.897689828485146
.010862050261064266
.011455086274200138
98.77150518463964
343.59253877571786
15.839293224790481
29.275988228920372
78.34284340837907
.0005857345164588254
48.40306033116814
10.30570207184534
.02896827153099104
.067711576213073
10.65785221523643
2.378083564094947
.09596483797447238
.12743969605189437
.3198560450763983
.4068956363908349
6.322319746692536
.4334744651765033
2.391914364620371
.0019555063501683527
10.36510435873848
28.84424199245122
3.105562449415791
3.7839538532254093
.648488991087991
31.18006748827279
4.633087787332331
24.627077986107945
11.057044252740944
1.5956226836501406
15.393407683385531
7.146326152980313
.0019555063501683527
1.9955054542812816
7.82202540067342
2.3517006749904428
1.9776280492994185
11.871431696524384
.09994377077040556
10.249020033962704
1.6895938847336438
2.5573797677021712
20.444765039151
12.997728976255921
.6133117381718027
16.33660910072927
14.107171963008263
2.0849817828797708
5.060372300488599
16.888649426840345
25.155168838799774
12.15529239587427
8.496677874438772
36.81310765161832
.0019555063501683527
2.0396212278277233
28.602802950327007
6.8306241295727625
37.066802245728624
39.08257192102024
4.170444383084361
6.891151129346936
16.809247603103238
.039910109085625645
5.670684137179892
7.871317631088143
15.706800822749857
3.0819248036384095
6.210908250830212
20.545348314306594
20.854783453909643
17.828256310693618
7.823190994389466
.4482718303797954
14.668069580941918
19.07739653256138
1.5234954903627271
2.1099433712298206
33.43453397126602
27.009054151886644
9.009151138813499
.39977508308162224
.09943912834906497
.09977527271406408
3.4801327585301816
7.322816978616935
1.9391976666417972
14.55582270077938
14.587488838006605
8.12480498955354
5.469503068459408
40.55932809245463
8.065079254246111
13.293645215639058
17.86761089627871
9.439295169607067
11.47270453736037
.0012811275042453358
24.372019320392695
4.752077621543379
3.4426786497999995
.00013950634158715368
41.10776268187539
3.774023639069735
1.2950055024394254
.6677720597128928
1.497003758979147
.0019555063501683527
19.010150490966755
8.522729380961014
4.5926255835974645
11.77676795446553
.039910109085625645
7.185616085271342
.5868960572788581
6.42072891936748
5.662715422371625
.0012811275042453358
4.286268560364166
10.317723343126868
3.0742929616360057
6.870272920536295
9.194734462037731
.5986516362843846
.39910109085625634
.18437917775363474
6.2688041148872164
.0029004481541753616
2.427410362431125
22.505089676280587
46.0966350696342
11.146337371954822
.17498831477947172
.17639197242424415
28.386668868246424
41.063723812718294
4.0337255124957485
16.91165538329479
50.75454698530772
.21047356728594108
9.88814024649709
9.88814024649709
9.88814024649709
9.88814024649709
9.88814024649709
9.88814024649709
9.88814024649709
9.88814024649709
