.013659135736037742
7.156764049263346
.9762784449336083
5.018018709276554
.2001909339825494
6.303945901672735
.004557692684967306
26.429363941417524
10417231069245329e-23
.6272824975683375
1.8006561396450997
.17189828594961423
86.47090817313371
15.459998526880495
28.53628740398855
21.20540333819282
26.92980427195208
47.58005730874297
20.54245338451659
.00702451707919436
62.89025814802683
6.700566746359833
48.658477179784214
3574048186491023e-21
3.138215227093795
1.209426951292282
2754612894207295e-25
1.3342998539372148
5.407107636147493
126.35844059917895
11.163141014642463
.6700938427602986
10.346285893016555
201.88888141529466
119.68036830626575
9.639252340887076
7.662052534727624
6.077087839724634
16.049274401399085
32.14765522509105
45.750292758787374
.00044218131605388785
.31299539615085
.26658780572664
51.539323873022305
255.8813154200082
17098222917862297e-23
23.55025100690665
6.785350216910044
.30830132267681554
1.47801574285033
2.9874058179724727
35.04423972418555
92.88155066930827
3.2365457903522588
15.988498655583907
21.159458879837164
.0025881650921661214
.0016407209352781768
8.69382827357805
.00022823349195190992
22.86355951978399
9.77178734263001
10.062656748764462
7.924984007019782
1.161598304730115
47.00058346758936
3.295235181973836
40.11411511383566
.16876024886925245
.30106586576135647
7.1534776372815525
2.164296639563092
15.00846831484644
8.883837577716735
143.01668606879622
41.562320761929335
10.98041819668479
14.348210545711359
18.490133574389716
26.235911927225438
21.03927213627253
6.841301945636496
.9954286689882096
.0002435628230774687
11.651695668715298
14.14569157610024
.10903966195745485
60560478936648885e-25
12.597012507992464
6.087682220020124
.0058738521444249014
43.718885986110784
.21424470859843558
23059710422463555e-24
4.81380285245041
.11988772865441565
11.462055001548629
12.300012356760396
.829242154491087
1.4345930044016915
1.5878674414814993
.7293949285085943
4.498537650643741
.0014513817677994335
.6169872249439703
10.595103184610268
3.977682503090632
.9246272563630774
4.715664550637375
1.9827835826242994
.3280460886691185
.08053541470443024
.8591431041263876
.0002714761596673765
.33045411786935874
89.5981370307844
9.380686488732973
.9216501741932566
.010741105921779003
.01190278481527438
98.29654709079233
341.94032079066216
15.763127527974664
29.13521010127403
77.96611970145302
.0005808277194987124
48.61021117417149
10.433670531640589
.032449066325728915
.07598419585533332
10.064984568247976
2.246526024974659
.09196275366626054
.12263718568267602
.31982521081630993
.4056227603412846
6.314705538953343
.4321184435938958
2.390185544547486
.0019461029947487297
10.346137948920902
28.754009653944742
3.1012944544730554
3.765758124548657
.6461809662709527
31.03013330034504
4.616881133096054
24.55003804039367
10.977385941077255
1.5948537383585024
15.319386096314968
7.111961935878572
.0019461029947487297
1.9945438017933648
7.784411978994928
2.350567368739594
1.9728674538547766
11.834294751005842
.09993172763750979
10.216958416766934
1.6843083928359661
2.538955625596785
20.380808462993418
12.9352273816172
.6103625336056505
16.25805198343207
14.03933543978629
2.0837390564276825
5.042769955839694
16.807437738059935
25.034206309983908
12.096841788123491
8.45582028175823
36.63608611685357
.0019461029947487297
2.0347114008613074
28.5133258963374
6.815474563765257
36.888560781181376
38.89463731551272
4.150390154782553
6.8580139609025546
16.72841773030082
.03989087603586731
5.6434157734592985
7.833467180078616
15.631272236187696
3.0769828024819246
6.1914789042081635
20.39733337271364
20.754499994845705
17.772484858671138
7.804358814382892
.44773195973470103
14.597535894575989
18.985659914032215
1.5227613038309422
2.0997973814542092
33.27375883177634
26.81447270641227
8.980968156039115
.39972691055003917
.09931937006239337
.09972719008966827
3.455060823067746
7.270061176631767
1.9382631493962106
14.450958124431803
14.517342636634389
8.099388472998577
5.430099103881366
40.26712634990867
8.039849575423519
13.229720661891502
17.81171633281204
9.393904855541912
11.436814914756633
.0012771198020958645
24.295777264942615
4.729226519651964
3.431909049913164
.00013945936977656422
40.91008963265726
3.762217505331809
1.2887782677343287
.6674502541967986
1.4923207394024485
.0019461029947487297
18.91873723545281
8.4960680527589
4.578258648720094
11.739927141908984
.03989087603586731
7.1631375974277915
.5840738766091337
6.4006431987767884
5.645000966398369
.0012771198020958645
4.255388977263002
10.243391324285325
3.064675768601257
6.837236148195438
9.16597092605461
.5983631405380097
.39890876035867306
.18429032372688858
6.261254358038549
.0028795524430116483
2.409922559473452
22.434687865398526
45.76454088251778
11.111468711266255
.1741468563418601
.1756284012271314
28.250167170604644
40.86626253122924
4.014328718076783
16.830333066806475
50.510485878360306
.2104333875778066
9.864337269273879
9.864337269273879
9.864337269273879
9.864337269273879
9.864337269273879
9.864337269273879
9.864337269273879
9.864337269273879
