.016069262641291167
7.1552073939386345
.9751507356235262
5.0103043334951085
.19980520647024091
6.298588980687756
.00456326482329214
24.39734988593232
10477416452347947e-23
.6163499942169492
1.7904337055723232
.17178877557503547
86.0141048273665
16.316700553867403
29.697951033487872
21.689220326706238
26.895045466731315
45.92076183345658
20.31238944292064
.0069887193824521784
62.782193514072944
6.636460982346104
48.36623151081429
35900094805996197e-22
3.13959247238123
1.3936961185842143
2925091125645832e-25
1.3337795416317428
5.19823247243605
122.71696788925426
11.761324051961457
.6826339886159909
10.307443347951498
200.32217154216843
124.17464670939266
9.970017470752651
7.066688771703235
6.050977826840271
17.20753203648727
32.068286893382336
45.32607482749952
.0004576657436383572
.3122217904668864
.2533172769631204
51.80899726379274
253.8778926196206
1686624123531283e-22
23.801811005000168
6.764868549035764
.3803476182681778
1.4994406547964105
3.37939033915577
34.831037428398844
89.99929893555895
3.561970582941973
16.927252778763435
21.719025303385425
.004726428895105396
.0026434692729798816
9.618356549084375
.0002542725333808256
22.71436587566387
11.018736132546351
10.042598876434955
7.917549393616422
1.315491599102683
47.79340952288001
3.6607741635866655
43.33919608004736
.22487569613515684
.3671863967622416
6.99650203686597
2.1211234448299234
15.093642018330264
8.993516822874309
141.25332466531086
42.48789405608705
10.997702815921699
14.63434687623097
18.44670636604592
26.228064717942424
20.750056114128505
6.805155722682555
.9534999957356484
.000239897897088022
11.474086792558884
13.813024793710673
.11975409633465049
6838776231667179e-24
12.619029742191836
6.3213695210581635
.006014572842026546
43.65644848580926
.20831329757786796
22902127343490448e-24
4.829293877041127
.1148514971391003
11.092772298455301
11.760871981745284
.8435097516215687
1.3810748651020504
1.5200832021543031
.7001891549419199
4.425380358874562
.001472381200208923
.5933746086465475
10.321720122732732
3.9719771938849195
.9332489329458197
4.5726972512657635
2.0840909028384442
.334107285239444
.08445517797500034
.8733613203424094
.0002553174705365836
.32316505041410365
86.98587854769723
8.867457283430019
.9517852435699146
.010597464339207368
.011976845349887187
97.8238729055394
340.29604774833894
15.687328085554354
28.995108926773238
77.59120752805616
.0005772347218170731
48.65533947736072
10.513373534463268
.03565183984663102
.08350370083453877
9.618822547393732
2.139981782969765
.08914592367707296
.11922658995732245
.31979437952865747
.404353866180544
6.307100501291226
.4307666640010463
2.388457974025551
.001936744856801
10.327206244464442
28.66405958576545
3.0970323250638514
3.7476498928145707
.6438811558992832
30.880920093878252
4.600731170120225
24.473239095755538
10.898301511491844
1.594085163628697
15.245720453360464
7.077762964367535
.001936744856801
1.9935826127346576
7.746979427204009
2.3494346086394873
1.9681183182330455
11.797273979554555
.09991968595580052
10.184997096685544
1.6790394353377285
2.5206642164698065
20.3170519597141
12.873026335450033
.6074275107404579
16.1798726200413
13.971825118855442
2.0824970706866455
5.025228840376043
16.72661656809871
24.91382544797768
12.0386722490546
8.415159159057414
36.45991581719751
.001936744856801
2.0298133929516067
28.424128749947695
6.800358598010372
36.711176417961646
38.70760642228269
4.130432360302939
6.825036137597849
16.647976540297094
.03987165225469316
5.6162785338337855
7.795798738748432
15.556106840379009
3.072048726040195
6.172110337658079
20.25038477461359
20.654698764123587
17.71688787432035
7.785571967665067
.4471927392761521
14.527341380222438
18.894364425055727
1.522027471110423
2.0897001802213078
33.113756804120314
26.621293083321415
8.952873336997385
.39967874382320207
.09919975600513561
.09967913063673291
3.4301695132566605
7.217685443074517
1.93732908250311
14.346849023561369
14.447533743993729
8.074051465947221
5.390979017138696
39.97702971528915
8.014698821627297
13.166103499131882
17.755996622141815
9.348732807740117
11.401037564268227
.0012731246370856907
24.219773714559494
4.706485300776917
3.4211731401482286
.00013941241378139204
40.713367124511784
3.7504483042644554
1.2825809776391808
.6671286037617525
1.4876523695343802
.001936744856801
18.827763554551055
8.46949012815642
4.563936657368244
11.703201577038426
.03987165225469316
7.140729428166505
.5812652668265464
6.380620311567307
5.627341925871129
.0012731246370856907
4.224731859827459
10.169594815330502
3.0550886606587206
6.804358238224245
9.137297369926245
.5980747838203975
.39871652254693163
.184201512519718
6.253713693646323
.0028588072707421107
2.3925607438295478
22.364506289772716
45.434839200317754
11.076709128857432
.1733094441857676
.17486813540021326
28.114321862241056
40.66975077249535
3.9950251961086933
16.749401801107588
50.26759837655181
.2103932155400365
9.840591591165223
9.840591591165223
9.840591591165223
9.840591591165223
9.840591591165223
9.840591591165223
9.840591591165223
9.840591591165223
