.025278430749858027
7.14933222381771
.9839065160109515
4.98829216541822
.19809669404674857
6.274952584608359
.004566842446461421
18.13070817974553
11108540844863647e-23
.56977637509434
1.7519676890198752
.1338343552441022
84.13700303888399
18.600558560175582
32.61735476244106
21.844523750036803
26.12983318105162
38.9122170345645
19.210952637869877
.006853126494820825
62.35297864111211
6.370835654646922
46.72520468648457
3730421429473825e-21
3.0732491304168437
1.7655017760120688
33657199685891777e-26
1.3293628826688497
4.328538109784891
108.1414070177246
13.47875762234796
.7142152835935724
10.160231674843766
194.73347641526095
137.59341675818078
10.749987707761285
5.226529461747928
5.953413103024974
20.474100277800495
31.766262438544196
40.77120905552049
.0004978925339545247
.30928378824839475
.20544709894674015
52.34639439832894
245.31818602399676
1567002307158436e-22
24.115754555490923
6.652869036216829
.6553008086410975
1.561025003904193
4.615744213215828
34.03144036522235
78.53133847421871
4.469850394992548
19.107811371154614
22.677172216303664
.07071327600348891
.022839956891276915
12.242841668510929
.00034055134163664684
22.153921039352106
14.616796402991493
9.607758206153676
8.094453306472086
1.8585981505182692
48.07666758671352
4.6713571519512955
50.43769928833741
.3971061959627686
.5908558038920247
6.2113645950822844
1.8671724013250666
14.622881660934715
8.868324444429993
134.1382759117335
43.92467079270108
10.232098244805224
14.658358702884868
18.803042185365022
26.895027195400235
19.55930267431364
6.903508548336842
.8229603525520864
.00023084340343692872
11.223798805508524
12.578566855700888
.1519269583875731
10445939774318155e-24
13.005854289798386
6.6436786589184065
.006956917524990121
42.71048607767473
.19483979361652673
25195505683227757e-24
5.084714465921956
.09844537565057809
9.613279130366793
10.174968595903238
.7998779413621285
1.1568341111781089
1.2464399105062118
.5998180613254775
4.265831447290433
.0015266297656996118
.4972283218329158
9.055494360594778
4.051891209821483
.9545222692704323
4.204084949962026
2.17561906570833
.3065231439978675
.08749450316579077
.9387268749402135
.00018779169823480708
.30032096321620644
74.99301580275065
6.985964106609057
1.0910980804002413
.00982271436892571
.010097559981831702
96.03861116808392
334.085728166747
15.401038187575217
28.46595528561341
76.17518698165473
.0005529426283813118
47.95792567796931
10.51810442075158
.04563700538381949
.10559224719694953
8.390906153120286
1.784404945156242
.0830366960905144
.11114953005299025
.3196765996150396
.3995418367194543
6.278125686573235
.42564030797628943
2.381868367635012
.0019013997371961034
10.255186152230438
28.32294179083989
3.080800480596762
3.6792561995339796
.6351686498360615
30.317350860484108
4.539540299220254
24.181994328766006
10.601329821777792
1.5911518261674735
14.967489786582338
6.948595522599348
.0019013997371961034
1.9899141446418573
7.60559894878442
2.3451113235933296
1.950076787036211
11.656880045680765
.09987368768749177
10.063790128755924
1.6590579589504866
2.451977741721658
20.075268065037598
12.638096755590452
.596342107341536
15.884593904861461
13.716842730137323
2.0777582199914075
4.958763869117041
16.421359909686196
24.459154231383458
11.818969427057791
8.26158456407312
35.79453127735066
.0019013997371961034
2.011206309569767
28.085866261591807
6.742908182385875
36.0412064336486
38.001202079030875
4.0550529806793465
6.700480898561567
16.34415504314427
.039798282892837156
5.513782825214399
7.653527319842022
15.27221169800701
3.0532682350283937
6.098658890136503
19.698574845558554
20.27775556705895
17.506047337007455
7.714202457895992
.44513833618536514
14.262220955700828
18.549546898825056
1.5192267297824904
2.0515636634008647
32.50943884726651
25.895880010376914
8.846329307467075
.3994947507499671
.09874403240445251
.09949570723209289
3.3366996055574347
7.0210081682171275
1.9337641286963205
13.955906637529305
14.183869789299822
7.97796589146889
5.244078314653587
38.887681429982514
7.919319575681837
12.92582533276777
17.544690669601213
9.178120722165982
11.265359057804401
.0012579737660944879
23.93154532254173
4.620593095982621
3.380459331480127
.00013923313907278261
39.97035813936811
3.7058159432513516
1.259174188717846
.6659009947421608
1.4699485026277068
.0019013997371961034
18.484161477906067
8.368698619960727
4.5096233454633765
11.563927155577508
.039798282892837156
7.055750890168145
.570657317975663
6.304687482707994
5.56037351676279
.0012579737660944879
4.109610640463249
9.892479913266964
3.0187314550749194
6.680180365790473
9.028558594768374
.5969742433925574
.39798282892837156
.18386255622715825
6.224984137880459
.002780906615776391
2.327365006118551
22.0983565824244
44.196769125363694
10.944890305994527
.17014658924806447
.17199332626853278
27.601242369430206
39.92753777510057
3.922116964089804
16.443729317769503
49.3502270095227
.21023978758644699
9.750383935181054
9.750383935181054
9.750383935181054
9.750383935181054
9.750383935181054
9.750383935181054
9.750383935181054
9.750383935181054
