.027279456913843064
7.148074756291345
.9868855523504261
4.985740595359015
.197718388406665
6.271367266100795
.0045646865961224605
17.105476620127384
11286151557150715e-23
.5587154587519225
1.7437239665702413
.1179673823608491
83.65665594225646
18.96218696637283
33.05434037551493
21.613459170725523
25.879527373255183
37.05623099277735
18.90206767644815
.006823899518454696
62.25582276894759
6.308462669483331
46.23544905201823
37680692508279485e-22
3.046749086890163
1.7712391377437826
34265873472358424e-26
1.327994749551625
4.125080147279904
104.86641190312643
13.757869272874029
.7186416706382384
10.127746028118995
193.60049318374348
139.91026599117743
10.857353142360505
4.924190494646848
5.932279369293493
21.015695611592932
31.69551279031386
39.631904549998254
.000503761218335156
.30864914846633656
.19577536991956082
52.39743366825032
243.1810113692035
15328880914443454e-23
24.07266665334142
6.6259551038126885
.7137378279496803
1.5710304443516947
4.838890622680479
33.86100567893261
75.98574977094273
4.61494261235396
19.397516792049665
22.72980180658829
.14111039601398467
.039719829655946476
12.66755639091968
.00035737118486479826
22.03463190256716
15.206044155737674
9.468504001862106
8.151238498500229
1.9689304352653412
47.73850596526057
4.832218592392186
51.189332957353926
.4253963300153172
.6333597876906166
6.001312025530353
1.7952491683396916
14.407733770950525
8.758229440936644
132.4824105777428
43.9600966894511
9.935960387123428
14.48444678281329
18.918539238063815
27.102379560814573
19.283273903193724
6.940658384158116
.795407828448671
.00022926901662965912
11.19783329819614
12.318419527940007
.15729559723714537
1141326944122631e-23
13.062927413278194
6.637270893168881
.0072456398491215
42.40869724029069
.19269069815805318
2615426781225018e-23
5.155930157344406
.09496284898604658
9.285751563975788
9.841079344628064
.7773647743893143
1.100875419115225
1.1848537284298477
.5788599175625458
4.236870345703754
.001534103426256518
.4749551943799417
8.730045581543974
4.073136574869471
.9572372857621132
4.135436857598854
2.1478313125247483
.2932775512846163
.08618220014990227
.9527787470265966
.00017266995234296818
.2946300194267494
71.8768522007863
6.566482387091527
1.1234285825574415
.009603617188623903
.00942032358007659
95.65502769323908
332.75137146429546
15.339525597249759
28.352260700587358
75.8709391113035
.0005433691230446655
47.67245565667474
10.468463930510042
.047432627576946225
.10916109967651319
8.138425450376229
1.701100616108515
.0821326722710882
.10973921941855519
.31965101338943364
.3985038456160432
6.271847480930592
.42453451425876493
2.3804389424486767
.001893805442470347
10.23960371648965
28.249360105771036
3.077284789259865
3.664561048691037
.6332911879699581
30.196261700096294
4.526352368378343
24.119170632549125
10.53787984488053
1.5905151662862722
14.907708812324037
6.920842451376929
.001893805442470347
1.9891179299236303
7.575221769881393
2.344172985546558
1.9461785339176025
11.626596013649737
.09986369569424829
10.037644870211746
1.6547478035595677
2.4373024195045114
20.02311345259151
12.587619504722564
.59396028429195
15.821149966507727
13.662056908743907
2.07672995957616
4.944438602832059
16.35577209850043
24.36146302929579
11.77176381561906
8.228587342681971
35.65156595828978
.001893805442470347
2.0071858569801226
28.012900487718177
6.730489322913863
35.89725588049843
37.849423195887255
4.038856876903058
6.673718810741456
16.278875592425436
.03978235859847262
5.49176047451699
7.622958712399054
15.211213647739136
3.0492026995202166
6.082814858075485
19.58067698369861
20.196765100330374
17.460567440481707
7.69878157088837
.4446931921800496
14.205256863793897
18.475458992203876
1.5186188489420864
2.043369605726546
32.37959436735763
25.74089068205535
8.823346955495149
.39945478277699314
.09864528711447772
.09945589649618154
3.316729138036388
6.9789867601902085
1.9329903810122844
13.872379196291456
14.127218636244262
7.957239507251767
5.212692002416732
38.65493492272342
7.898745551864653
12.874198878198337
17.49911037949524
9.141462805143501
11.236092179084656
.001254705608776466
23.86937228119107
4.602138194000551
3.3716770554102915
.0001391942156311562
39.81071433903182
3.6961884058411076
1.2541449780194738
.6656345509991866
1.466129644806138
.001893805442470347
18.410334724238425
8.346957130293532
4.497907553818726
11.533884610830405
.03978235859847262
7.037420377619038
.5683780813820429
6.288308197948803
5.545927925058472
.001254705608776466
4.085014226185251
9.833272471134185
3.010888931198865
6.653499359410491
9.005102819586122
.5967353789770894
.39782358598472617
.1837889881921789
6.218759074463303
.0027642626226650753
2.3134355030890004
22.040946080132823
43.93224721848205
10.916455990182412
.16946701444848156
.1713749469283963
27.491001495167968
39.76806500164524
3.9064518140471773
16.37805216194226
49.153119499007325
.21020646459220718
9.73089266958801
9.73089266958801
9.73089266958801
9.73089266958801
9.73089266958801
9.73089266958801
9.73089266958801
9.73089266958801
