.030314915323403763
7.146185750501232
.9917344793921784
4.983519672356749
.19714010504573679
6.267201729445367
.004559880892166421
15.761885494654116
11573802856453838e-23
.5414437904890065
1.7312894134411256
.08834220396404
82.76595429243191
19.4429258953184
33.62297116837701
21.10551287877382
25.444632513901528
33.95946253713785
18.36230856908105
.006779711214937699
62.105335780559656
6.210775715273464
45.37090618905474
3827622533431342e-21
3.0000895197220605
1.7305141346032265
35021330215433053e-26
1.3256944015442433
3.806609456620258
99.8597543286649
14.130521032729009
.724165348505421
10.078027772703258
191.93594538031837
143.11209455423975
10.991061181249616
4.526913500307405
5.90021388057596
21.745531240053563
31.583925613482915
37.97705351062558
.0005112387145182032
.3076889719983483
.18173566411539283
52.44575273562057
239.65202951226098
14739537260948748e-23
23.942281100642397
6.584649162172887
.8015222382477032
1.5838867624870374
5.152612222469988
33.60481208908702
72.13534727990152
4.808457340556912
19.757280132298924
22.734581595950846
.4356936020532077
.09833242392801254
13.235627809434149
.00038190417859602417
21.855586837872842
15.997812477533286
9.230077837565492
8.244059637616083
2.133020384903751
46.99848109842578
5.047202317425681
51.89053442112673
.4633003742279913
.6942647608315565
5.653855583439925
1.6755876099415326
14.013768340979068
8.541962695175727
129.87486451021067
43.88437977678699
9.412168976711243
14.107418790269216
19.10261129996239
27.43993893174863
18.854615373074957
6.998854713846515
.7532031333658704
.000226998698618976
11.1630649273049
11.929551902192863
.16449179294711838
13077365673625198e-24
13.117959412234663
6.5928959544772
.007758629932770236
41.885524324089815
.18969118375546926
27968744055103647e-24
5.268821926019235
.08967257427367523
8.791797703234403
9.342385025109763
.7378278075100252
1.0122091314221349
1.0911181717046063
.5474475010283085
4.1921995899719375
.0015430789305128953
.44006558233207654
8.198091808941783
4.102729944962682
.9603226880499356
4.034261612764201
2.0790172857199187
.26988719551848106
.08314039151359964
.9731805487983557
.00014997666187224393
.2849319735153854
66.7442940806015
5.920075460667114
1.173390313737795
.009236326963524003
.008307851961596174
95.07607314755111
330.73738512464405
15.246682719176425
28.18065790448785
75.41172827687697
.0005256030994946615
47.15233648291562
10.360501882453567
.04995971488662712
.11383221807378001
7.772596968102716
1.5733140672810466
.08090671536538055
.10765846379139209
.3196122042512831
.39693440982054967
6.26233573479418
.4228625613518358
2.378272212129484
.00188234313572069
10.216011115488875
28.138105076647673
3.071959315707123
3.642381197529479
.6304537593650502
30.013498039934916
4.506420028859659
24.024181612581646
10.442353566229947
1.5895498707999423
14.8174795165847
6.878953872241657
.00188234313572069
1.9879107194548258
7.529372542882766
2.3427502895232264
1.9402799469073393
11.580806754237805
.09984854023962593
9.998113409386296
1.6482308766490985
2.415208181051561
19.94425601787555
12.511432609925766
.5903653242063
15.725392044399383
13.57936695358409
2.075171110412545
4.92278684197592
16.256778362018217
24.214014640010372
11.700514908623035
8.178783603542257
35.435783927065664
.00188234313572069
2.0011023655548343
27.902576712315053
6.711694174088751
35.6799868046231
37.62033857650686
4.014411590495688
6.6333259538755
16.180347274048398
.03975821438909653
5.45852145125574
7.576820556312909
15.119147381081081
3.0430458139001577
6.058858784675827
19.403177407574614
20.074523653696463
17.391802132813574
7.675447672082342
.4440187802519107
14.119279176762815
18.36363579560713
1.5176971878655927
2.0310020579845713
32.18361602938012
25.507548536177417
8.788597788830003
.3993941609585037
.0984956838386584
.09939553597274133
3.2866628631772667
6.915721981718044
1.9318172347704494
13.746625555126599
14.041713277617308
7.925901349155223
5.165438752610089
38.3045264782352
7.867637761701606
12.796277454281894
17.430193277386934
9.086133863498654
11.191840848862082
.0012497641761732845
23.775367047148343
4.574283632755265
3.3583983111275986
.00013913519145380027
39.56975895394131
3.6816316319107387
1.2465542328857766
.6652305724385013
1.4603555566242887
.00188234313572069
18.298905693969186
8.314084139360453
4.4801933530715
11.488460478620722
.03975821438909653
7.009704761897696
.5649379582455902
6.263542825951703
5.524086284380303
.0012497641761732845
4.047983417995524
9.744133484929002
2.999031086119418
6.61322888130017
8.969637840106914
.596373215836448
.3975821438909653
.18367744528803087
6.20932784103812
.0027392044776261204
2.2924641229099416
21.95414177416376
43.53399973878831
10.873463489659771
.16844131093111114
.17044113759422377
27.324611492833913
39.527367752779725
3.8828079127301796
16.278923574795957
48.8556189634374
.21015592532933355
9.701399734536695
9.701399734536695
9.701399734536695
9.701399734536695
9.701399734536695
9.701399734536695
9.701399734536695
9.701399734536695
