.036333582829323155
7.142421644787283
1.0434702876011623
5.057958169421441
.20455352545255645
6.317876998221215
.004546426199879988
13.785197630851059
12662256647356203e-23
.5000320170235051
1.706879930476984
.010824592456483638
72.67494734690679
20.038447793484117
35.786656635573685
20.127986430855056
24.55817817147131
26.19651917045271
16.82373855450002
.0066925417578340305
61.79289373509754
5.982307299912832
43.803025234255344
3941990997126123e-21
2.9890630713056914
1.5227487507562119
3662604145288632e-25
1.3776555431691255
3.2211076021746035
92.41751251548604
14.808732338633376
.7317548446781036
9.977063478781323
188.80333539903327
148.54550986437218
11.122131022070427
3.9381079469744695
5.836080720179364
22.652380829509703
31.341701518888463
35.00498815607879
.0005241466381055024
.3057941680370541
.15906604317657244
52.4619138154804
231.05964904572176
13239714385941618e-23
23.50217224536325
6.501622504010732
.9729930047321339
1.6054667471283706
5.733447762971059
33.11060970215076
63.54196051997496
5.093023198422932
21.07989647268365
22.653012507171837
5.697070732695339
.8986299200417596
14.066359440874232
.0004269811974640871
21.505891967610797
17.301257117066765
8.756118782709034
8.411716690647609
2.4386695907694245
45.47466208120788
5.632718204542631
52.76384577228435
.5327920747935552
.8041131391425821
5.0809597219935965
1.483373158076249
13.230030520304476
8.12706844344416
124.45846223482675
45.1630846634226
8.530890880572331
13.417379379473939
20.15532011961556
28.053999533919686
18.622001335322807
7.070787918119248
.6733373059843583
.0002313033799860748
11.424235056583203
11.179962678440544
.17879931948760802
16714118902666962e-24
13.308940945109478
6.606906144630574
.008781882190350115
40.80905171418097
.18975026773989093
32422354087762094e-24
5.496482134071408
.07962364042509189
8.021798489219753
8.581880037249974
.6304248662334785
.8325897320226802
.8872363195914527
.4983775982696263
4.221884958490909
.0016244079669217677
.3804198754745752
7.275160759014509
4.27399242603536
.9645299529879703
3.9129285709071526
1.8794984223580868
.2192866945688654
.07246559815702745
1.006082278079532
.00010922681108710781
.2598455649924177
56.08080576859232
4.78393151131827
1.3230369959426038
.008240001643542614
.006240121205333918
93.93847118693523
326.7800540600468
15.064253475098315
27.84347136930316
74.50941366604874
.000467586017102528
46.272110431209775
10.195788698834297
.05478745984546456
.12306645673291482
7.200398083361459
1.3818389425762967
.08095795287185442
.10719471783516576
.3195352679292085
.041094405118450965
.6346439929223766
.04377873264621795
.23973854072579867
.0018598205685714942
10.169392636098632
2.913122825023058
3.0614272736441004
3.5987994649815933
.6248652812741797
29.65438124971808
4.4671576297563815
2.487210550158658
10.255498408449965
1.58763762751521
14.640185764419618
6.796645977594982
.0018598205685714942
1.9855192443625649
7.439282274285973
2.339931939126523
1.9286371193380638
1.1989546700481173
.09981849700212636
1.0350992826529857
.1706404526742317
2.371990519163405
2.0648180563514567
12.36173111515456
.58330149912326
15.537234958931633
13.416887436299605
2.072083703850786
4.880135983583053
16.06226314566899
23.924289690115714
11.560516186971922
8.080923017226263
35.01178853120171
.0018598205685714942
1.9890945674905562
2.88873870064053
6.674582462824724
35.253069478318594
37.17020459950456
3.9663784487715867
6.553957040533629
15.986746569128268
.0397103848872513
5.393209280701804
7.486162563878575
14.938244119785631
3.0308747591767986
.6272703784121859
19.0559775399461
19.834328442526644
1.8005638838640659
7.629390445182948
.44268458807120564
13.950339514635207
18.14391165899182
1.5158713840269913
2.006700760647731
31.7985333952045
25.051117236846437
.9098787835516204
.39927398800850544
.009981849700212632
.09927596221812819
3.227851417656534
6.791972262475113
.1942153567536272
13.500643854664727
13.873701705134357
.8205642869770653
5.073008548346264
37.61910644400801
.8145322892282296
12.643167740779282
1.8045384983319146
8.977416671513936
1.1586852398921352
.00012938741033162327
2.461450912550238
4.519551523437292
.34769316373703324
.0001390182330841715
39.096299818778625
.38115733490337195
1.231638991938202
.6644302938701379
.15118982223796235
.0018598205685714942
18.07995606442066
.8607526416423026
.46383199870060654
1.1893941099971395
.0397103848872513
.7257109490114186
.5581783760746996
.6484612066834728
.5719056702144606
.00012938741033162327
3.9755489255735843
9.569772256092262
.31048806897728126
6.534100432971288
.9286217623052179
.595655773308769
.39710384887251277
.18345647961230008
6.190669989115181
.0026901892358406196
2.251442839472791
2.2729004434341364
42.755003668755656
1.125723803806216
.16642588097886063
.1686046122816397
26.997667703737008
39.05441583580522
3.836349432189428
16.08414338707551
48.271052877776114
.21005575266443782
9.64318559669032
9.64318559669032
9.64318559669032
9.64318559669032
9.64318559669032
9.64318559669032
9.64318559669032
9.64318559669032
