.03505215221443117
7.143200229116843
1.0396656958352466
5.0545308181745945
.20450209388889093
6.316231948480704
.004549813782162325
14.142385324176125
12502107231747127e-23
.5080839063599049
1.712053587446909
.0279482694794009
78.98369791031844
19.962423046058834
35.64743153629366
20.47546392112583
24.79840454676219
27.837800611528905
17.19241479317444
.006711051442203173
61.8609824766165
6.028826719847086
44.28014212095864
3915611109764059e-21
3.0131294654031646
1.5832415146557057
3644944418999588e-25
1.3768331176245756
3.3591529818961163
94.5714229231238
14.697270108934351
.7304733207000655
9.998624276903739
189.44793723201107
147.48314856769062
11.112195640457582
4.0450236091571385
5.849673041780695
22.539767627222037
31.394229964282626
35.61929054165064
.0005222232968952181
.30619658771655867
.1642858881342635
52.465899577063695
233.1382280792861
1360824834842037e-22
23.623165007885806
6.5189349990059355
.9348955831276347
1.6026052767289292
5.607491206433772
33.21548442510275
65.16282047733993
5.036483992763836
20.958501851626018
22.719593612116824
3.48049907397635
.570070120553693
13.90001462946023
.0004175313626639641
21.57946638913741
17.05711952183403
8.882474145422872
8.369188821166658
2.3721687284507125
45.98796392738113
5.5552491157601125
52.85537852839157
.5206719894306294
.7815431254555636
5.244396041370417
1.53919743878407
13.461829630325399
8.25982276798768
125.67542065217431
45.273680416858916
8.80107422498502
13.669827410566208
20.05350697550995
27.899742482261605
18.801718435778028
7.051023915035205
.6926133697820471
.00023193567689607278
11.434688623097445
11.337201361471433
.17666262087423903
15772631353375783e-24
13.318776711207178
6.652004130976034
.008486866400833733
41.09942149345688
.19077259410888955
3123997210281978e-23
5.446195167423976
.08195279827508163
8.224031071751497
8.789271805004594
.6513475300857628
.873483042717252
.9262586094401435
.5114789277978272
4.242039464994048
.0016204329723488182
.39541321486148634
7.523758944190776
4.265443150371685
.964226306464324
3.9543886601590392
1.932313147271496
.23108069465435024
.07474057340945205
.9992875865817998
.00011769299387058582
.2654732267360206
58.88472183275001
5.051052324095732
1.2988063453336474
.00844018339941274
.006713786877393819
94.17953122264959
327.6186200970189
15.10291058155144
27.91492184234033
74.70061586140542
.00047936375504448495
46.56973696663588
10.268927646676199
.053943122184060145
.1218376723388201
7.352483141509495
1.4371840094767347
.08134004403074221
.10798928499292322
.3195516468399681
.04110125144043231
.6346846568371668
.04378602617677927
.23974775715212038
.0018645931437158137
10.179300288707019
2.9136081508666565
3.063666614207476
3.608034517634631
.6260509548701518
29.73047878582678
4.475488198030622
2.4876249190785313
10.294999415529892
1.5880445691519802
14.677754650293995
6.8140871782169965
.0018645931437158137
1.9860281706043825
7.458372574863251
2.34053170806418
1.9311101181376877
1.1991544157236789
.0998248927309158
1.0352717300445773
.17066888134910072
2.3811266928099037
2.0651620547426224
12.393453148805506
.5847983371964608
15.57710580595286
13.451317157410708
2.0727406564797444
4.889185678983889
16.10348129280961
23.985682962267894
11.590182184402963
8.101659863020368
35.10163396818949
.0018645931437158137
1.9916450879738656
2.889219964092514
6.682466660671477
35.34353407796672
37.265588851931184
3.976556763560368
6.5707754653844805
16.02777092954437
.039720563412087656
5.407049054815582
7.505373166225092
14.976577867562504
3.033462005126465
.6273748815669972
19.12937526999695
19.885226268117297
1.8008638575481082
7.639173246324551
.44296831374713974
13.986138152819697
18.190471624650733
1.51625993061436
2.0118502521278203
31.880133143412646
25.14760639026656
.9100303692260748
.3992995709236632
.009982489273091574
.09930140853021908
3.240284102702513
6.8181328383673225
.19422033428749108
13.552644158038307
13.909303679344417
.8207009928692383
5.092548207815144
37.764003603639075
.8146679901904452
12.675611982511402
1.8048391341861554
9.00045405285636
1.1588782766864252
.00012940896625557226
2.4618609899181916
4.531149362298055
.3477510893680965
.00013904312637450235
39.196626716923035
.38122083566053766
1.234799560080651
.6646005999567545
.15121501044059868
.0018645931437158137
18.126351910547747
.8608960429085817
.46390927304486823
1.1895922628847713
.039720563412087656
.725831852351131
.559610744491722
.6485692402272257
.5720009496168502
.00012940896625557226
3.990861510101537
9.606632058179473
.31053979624490946
6.550867902825026
.9287764705572364
.5958084511813143
.39720563412087634
.1835035029876571
6.194637717096856
.0027005510125011987
2.2601147007514966
2.2732791083210575
42.91968271558095
1.1259113492299957
.16685295444839496
.1689939603410409
27.066947719247544
39.154635253443466
3.846194073255557
16.125417682157526
48.394923551672115
.2100770763603139
9.655550590688438
9.655550590688438
9.655550590688438
9.655550590688438
9.655550590688438
9.655550590688438
9.655550590688438
9.655550590688438
