.036797122019667394
7.142141532557748
1.0448560399775528
5.059284100226768
.20457145297256862
6.318506307426204
.00454514957826106
13.663133310657
12721099076871597e-23
.497126401428731
1.7050115642138517
.006744809242108544
67.49092559842026
20.007988396592186
35.765349667982576
19.993851932422512
24.46743434907625
25.596383248976444
16.682535186278436
.006685851880438399
61.768022050886316
5.965394269848192
43.62060248581658
39515852584748595e-22
2.9801737538774327
1.499387770520756
36686990649354065e-26
1.3779439579913546
3.170775767813701
91.64016777502486
14.847143737004325
.7321796231639709
9.969249900423328
188.57275936108562
148.9186263620233
11.106454329283896
3.9015042474016317
5.83116756103035
22.598815160850656
31.322536774445442
34.71390136140637
.000524794546715209
.3056487316709934
.1572279083707044
52.45962476126851
230.26693458400183
1309951490746485e-22
23.455437415722223
6.495380132287222
.9867485664938389
1.6063450564627997
5.777941596564026
33.07280771424212
62.96364464057366
5.1125459413467045
21.12161641970986
22.625443206562636
6.709582891347774
1.0570850773794342
14.1238100404142
.0004303580455215908
21.479391277120293
17.385854779518503
8.708716441343219
8.427305184636264
2.4626841792438743
45.27630121417246
5.659792411786728
52.707982292843916
.5370209911130421
.8121519989378668
5.020262806977451
1.4627202425313224
13.142527042873066
8.076303550094826
124.01167005585447
45.11737397448822
8.429787553941802
13.319891875298001
20.19232572829174
28.110529483185488
18.556811649779235
7.077685516212772
.6664025668796778
.0002310770187644303
11.42014620739706
11.123408732978689
.17953601980179473
17075216148776105e-24
13.304490717923088
6.58938965655602
.008895454250209541
40.699192944645
.1893842689866801
32881943079075735e-24
5.514791961071694
.07878995797134804
7.949700815144522
8.5081501809237
.6228437524740066
.8178989145122169
.8733345885135287
.4936685454481657
4.214369365397869
.0016257458327998667
.37493333254449956
7.183120074061069
4.276692048323197
.9645975848322283
3.8982133078933257
1.859402418507292
.2149784228570848
.07161701886818411
1.008442582273652
.00010623428338519537
.2577412839516158
55.044625824895505
4.6873101820071446
1.331858499929979
.008166707067305844
.00607067926382552
93.85142321772051
326.47724372338286
15.050294203075103
27.81767025067772
74.4403696091777
.00046321740562993836
46.15958912593276
10.167666021038798
.05508585192173627
.12347861914159003
7.146608805506717
1.3619011299994708
.08082186571091515
.1069037890108052
.31952934329935934
.04109192884031618
.6346292839746999
.04377609461512568
.23973520690270722
.001858097168120621
10.165811060095145
2.9129472852546936
3.0606176274356005
3.5954646418672773
.6244369341019369
29.626902053671017
4.464147986509422
2.4870606751310427
10.241246843829382
1.5874904478855845
14.626619454220858
6.790347873928339
.001858097168120621
1.9853351796982264
7.432388672482481
2.3397150191504648
1.9277433276191487
1.1988824231029316
.0998161835396719
1.035036909351472
.17063017017420157
2.3686942799347563
2.0646936339686404
12.350276132164565
.5827609835038653
15.522837399196009
13.404454693997588
2.0718461119237994
4.87686651296751
16.047379069207484
23.902120276390793
11.549803648813327
8.07343483981458
34.97934490026213
.001858097168120621
1.988172757869277
2.888564630217539
6.671732758674375
35.220402264685035
37.13576087496018
3.962703009042367
6.547883824273129
15.971932470009882
.03970670359396453
5.38821166993059
7.479225520512176
14.924401614177109
3.029939403560647
.6272325801786264
19.029496379840296
19.81594898638003
1.8004553849829397
7.625854743245086
.4425819991323979
13.937412449618485
18.127098625486266
1.5157308573822492
2.0048412538468545
31.769067323199234
25.01630492428008
.909823955821896
.3992647341586876
.009981618353967185
.09926675898491127
3.223365830390831
6.782533790765135
.19421355623338887
13.481882670112672
13.860845656449897
.8205148411852069
5.065958836448501
37.56682901144426
.8144832069141754
12.631451964885017
1.80442975994736
8.969097759356055
1.158615419513512
.0001293796136689341
2.4613025897540566
4.51536348655628
.34767221234531714
.0001390092293902707
39.06007128045951
.38113436701828846
1.2304976951755522
.6643686988292614
.15118071179945056
.001858097168120621
18.06320229528844
.8607007741693505
.463804048982554
1.1893224391548496
.03970670359396453
.7256672189184769
.5576611407664924
.6484221315270681
.5718712081629421
.0001293796136689341
3.9700242996452704
9.556473611572011
.31046935950055066
6.528045616811854
.9285658051558477
.5956005539094673
.3970670359396451
.18343947254705184
6.189235346297684
.00268645081141606
2.248314119459548
2.2727634823647547
42.695589130975954
1.1256559696270099
.16627166264018708
.1684639922327406
26.972650348041835
39.018226109227605
3.8327944836890886
16.069239035315118
48.22632256577747
.21004803965565363
9.638716638095744
9.638716638095744
9.638716638095744
9.638716638095744
9.638716638095744
9.638716638095744
9.638716638095744
9.638716638095744
