.036797122019667394
7.142141518201214
1.0448566593124837
5.059285820944792
.20457136635656525
6.318508089987624
.004545148931421079
13.66092261237817
1272104509324498e-22
.4971296636378442
1.7050104419111978
.0025889000127267106
51.73300886805025
20.102824493098428
35.88254550889295
19.994320603617446
24.467402914373352
25.596801918618205
16.682614860650318
.006685851889224845
61.768022395217095
5.965409114322201
43.62075427403435
395158958629677e-20
2.9801887645530627
1.4993749066221242
36687412511563656e-26
1.377943927687188
3.1707979303262825
91.6405344439585
14.847143650005389
.7321796257032772
9.96932234185262
188.57335265268043
148.91862726124535
11.137798169370415
3.900886539017895
5.8312084443861
22.75328030152275
31.32304546937425
34.84089066553391
.0005247945471632484
.30564873167110934
.15723032362860836
52.459632201362105
230.26878850858841
13099962366975054e-23
23.455438615333893
6.495365744218373
.9866358203421829
1.6063424810545648
5.777076004663484
33.072806693960295
62.96431155654237
5.11248924991206
21.12142096130603
22.62578427305277
6.709171363385884
1.0568485652028434
14.123611176898981
.00043034807182351886
21.479411856257556
17.385511958672566
8.708689963671533
8.427315073645103
2.462642045899272
45.277047801363665
5.6596890062998275
52.708774651469625
.5370204580302169
.8121340377357358
5.020313646585967
1.46273852138472
13.142456335143454
8.076438103217193
124.01158045591531
45.11789124718027
8.429973085887532
13.320148768663094
20.192397346204643
28.110561847478333
18.55688440987754
7.077715041621001
.6664189244815406
.000231077291083089
11.420165753780868
11.123408739717329
.1795369408432895
17080162516768088e-24
13.304444169499602
6.5893895109439775
.008895773444998882
40.69913222481551
.18938576700904425
3288278718090751e-23
5.514797960976063
.0787913508292209
7.949793033602849
8.508353925367516
.6228475219315394
.8179115961686235
.8733406068665062
.4936710990918679
4.214375574547004
.0016257465372983418
.37493640614029294
7.183182133179043
4.276705579806578
.9645972558317333
3.8982525058938395
1.8594160325663276
.21498109094819098
.07161740807443152
1.0084429258531107
.00010623630101170992
.25774300459597577
55.04538513500997
4.687370319800928
1.331861363622065
.008166722073077632
.00607079495402905
93.85142321775332
326.47724372349705
15.050294203080364
27.81767025068745
74.44036960920373
.0004632199721215855
46.16160792930359
10.168110975302259
.05510223577115434
.12351555333379148
7.148935162622298
1.3623524479015645
.08082463621201577
.10690751735009708
.31952934329935934
.04109192884031618
.6346292839746999
.04377609461512568
.23973520690270722
.0018580971681212708
10.16581106009517
2.9129472852546936
3.0606176274356023
3.5954646418685345
.6244369341019844
29.626902053681377
4.464147986509733
2.4870606751310427
10.241246843857068
1.5874904478855845
14.626619454225972
6.790347873930714
.0018580971681212708
1.9853351796982264
7.43238867248508
2.3397150191504648
1.9277433276191687
1.1988824231029316
.0998161835396719
1.035036909351472
.17063017017420157
2.3686942799411606
2.0646936339686404
12.350276132168883
.5827609835040691
15.522837399201437
13.404454694002276
2.0718461119237994
4.87686651296784
16.047379069213097
23.902120276399152
11.549803648817367
8.073434839817402
34.97934490027436
.0018580971681212708
1.9881727578692976
2.888564630217539
6.6717327586744215
35.22040226469735
37.135760874973165
3.9627030090437527
6.547883824275419
15.971932470015467
.03970670359396453
5.388211669932474
7.479225520514792
14.924401614182328
3.029939403560651
.6272325801786264
19.029496379891746
19.81594898638696
1.8004553849829397
7.625854743245165
.442581999132398
13.93741244962336
18.127098625492604
1.5157308573822492
2.0048412538475557
31.769067323210344
25.016304924347715
.909823955821896
.3992647341586876
.009981618353967185
.09926675898491127
3.223365830399546
6.7825337907834715
.19421355623338887
13.481882670149119
13.860845656454744
.8205148411852069
5.065958836462197
37.56682901154582
.8144832069141754
12.631451964889434
1.80442975994736
8.969097759359192
1.158615419513512
.0001293796136689341
2.4613025897540566
4.51536348655786
.34767221234531714
.0001390092293902707
39.06007128047317
.38113436701828846
1.2304976951759825
.6643686988292614
.15118071179945056
.0018580971681212708
18.063202295294758
.8607007741693505
.463804048982554
1.1893224391548496
.03970670359396453
.7256672189184769
.5576611407666875
.6484221315270681
.5718712081629421
.00012937961559684056
3.970024299656003
9.556473611597847
.31046935950055066
6.528045616814136
.9285658051558477
.5956005539094673
.3970670359396451
.18343947254705184
6.189235346297686
.0026864508114233226
2.2483141194656264
2.2727634823647547
42.69558913109138
1.1256559696270099
.16627166264024523
.1684639922327752
26.972650348051268
39.01822610924125
3.832794483690429
16.069239035320738
48.226322565794334
.21004803965565363
9.638716638095843
9.638716638095843
9.638716638095843
9.638716638095843
9.638716638095843
9.638716638095843
9.638716638095843
9.638716638095843
