.03636087956835834
7.142405091707954
1.0435610874307453
5.058034699185853
.20455438308838567
6.317897157559346
.004546351826811943
13.775934058822207
12665991921668677e-23
.49986654619501175
1.706769187095276
.009560360376754567
71.46394917788291
20.059689728400656
35.813876630160536
20.120021897841895
24.552224546579478
26.162366898720553
16.81568707097452
.006692147810605537
61.79143611923607
5.981337198011112
43.79210059496509
394261510063644e-20
2.9885672043613165
1.5214415066817641
3663099703089181e-25
1.377672618542688
3.2181145813624457
92.37236834599871
14.811014628358082
.7317802307052796
9.976654602495893
188.79011867943868
148.56757756599657
11.128813626753335
3.9353706210792323
5.835820060231457
22.68669877171286
31.340934811148827
35.01584240168592
.0005241853228855547
.30578560167064556
.1589610999656129
52.461803464440244
231.0172644549228
13232459232786056e-23
23.49947123492726
6.501250900626024
.9736109149642943
1.6055032645678797
5.734331850813048
33.10838105883231
63.508907886928
5.094101815865885
21.08218656929437
22.651417991535062
5.753030862662706
.906889717631298
14.069517312666116
.0004271674825938011
21.50435570100971
17.30586046840256
8.752999711215304
8.412781624633517
2.4401043921439456
45.462972175486165
5.63421615878188
52.76012909426459
.5330416045284075
.8045589454451381
5.07732093217353
1.4821322034758113
13.2243375102565
8.124054529666601
124.43229404857264
45.16048976615941
8.524836789364102
13.411553528330389
20.158013560959738
28.05783633756877
18.61828169074863
7.071415184302029
.6729674286216066
.00023129347175075243
11.424350735511045
11.176627453810717
.17884664709210815
16736201335598775e-24
13.30931766985343
6.6058683016506485
.008788787633911737
40.80185969570712
.18973528025667297
3245159783417766e-23
5.4977351879858185
.07957851642408983
8.017690421968949
8.577995544986022
.6299802443960784
.8317625008575121
.8864235150991111
.4981093825382128
4.2215484296038435
.001624488772924329
.380092701027034
7.269669574124523
4.274266382940272
.9645340349121895
3.9122453304909586
1.8783003265237919
.21903018126739002
.0724160373428725
1.0062361486421036
.00010904888930810367
.25972954497587225
56.02146789581375
4.778247430730758
1.323593361570014
.008235754599110244
.00622994782511739
93.93334289921505
326.7622144878538
15.063431087580891
27.84195133889915
74.50534604916811
.000467343752400626
46.265047799357596
10.194014806297568
.054806268702770194
.12309312534209671
7.197633157327198
1.3807246833760516
.08095270078477802
.10718096740719645
.31953491903856607
.0410942592920869
.6346431267373949
.043778577294330344
.23973834440346756
.0018597190372727304
10.169181690501302
2.91311248760344
3.0613795895376716
3.5986029993709607
.6248400487708458
29.652762358146923
4.466980342693072
2.4872017241184667
10.254658617977398
1.587628960072869
14.63938652760079
6.7962749351917475
.0018597190372727304
1.9855084047520208
7.438876149090918
2.339919164659093
1.9285844745525453
1.1989504154738098
.09981836076624616
1.0350956095309536
.17063984714467834
2.3717962843286187
2.064810729200504
12.361056263700446
.5832696555358851
15.536386750415586
13.416154981766196
2.072069711862802
4.879943391382846
16.06138627482143
23.92298361562374
11.559885075432087
8.08048186358864
35.00987716812631
.0018597190372727304
1.9890402724363794
2.8887284497496797
6.674414616687548
35.251144943237065
37.168175404209
3.966161916294153
6.553599247001491
15.985873820880611
.039710168095040424
5.392914854695322
7.485753879395397
14.937428611369192
3.0308196702713732
.6272681524994782
19.05441710594805
19.83324564714255
1.8005574944374836
7.629182190545724
.4426785461895997
13.949577937893313
18.142921146817404
1.515863108380465
2.0065912108675517
31.79679745010906
25.04906587973587
.9098755547832671
.39927344306498463
.00998183607662461
.099275420237601
3.227587099067672
6.791416089252828
.1942152507247379
13.499538329449756
13.872944312202696
.8205613751474353
5.072593135649926
37.61602593383485
.8145293988035646
12.642477525140793
1.8045320948011356
8.976926576507136
1.1586811282167102
.00012938695119136924
2.461442177919919
4.519304792143014
.34769192992358033
.00013901770286153147
39.094165474119485
.38115598233997244
1.2315717543193834
.6644266665239716
.15118928573032833
.0018597190372727304
18.078969043709176
.8607495872014919
.4638303527603937
1.189389889349146
.039710168095040424
.7257083737754771
.5581479040085107
.6484589055736325
.5719036407672831
.00012938695119136924
3.9752233803901182
9.568988617575126
.31048696718870317
6.5337437234507965
.9286184670260966
.5956525214256058
.397101680950404
.18345547806230436
6.190585497140209
.0026899689447148567
2.2512584759079197
2.272892377888314
42.75150259613048
1.1257198090967468
.16641679545946736
.1685963282443423
26.996193847435013
39.0522837776759
3.8361399982542697
16.083265321742115
48.26841766512484
.2100552984555377
9.642922372762724
9.642922372762724
9.642922372762724
9.642922372762724
9.642922372762724
9.642922372762724
9.642922372762724
9.642922372762724
