.03695436163640219
7.142046720413565
1.0453216295486858
5.059745050358943
.20457755346885523
6.318734101534688
.004544709947198906
13.621216792641789
12740907835535993e-23
.49613953796536453
1.7043773225100403
.0027610901391403406
53.027096541275775
20.056538862024325
35.830906957607674
19.948137598580782
24.436604334993703
25.391714081473598
16.633597983879955
.00668358318960373
61.75955317837141
5.959638784695286
43.55803904087501
3954809786143715e-21
2.9771287089508016
1.4912674950612912
3670667445449965e-25
1.378040719040506
3.1537266219941524
91.3764951020958
14.859953556949813
.7323193191679989
9.966648718076122
188.49528166064326
149.04392706555785
11.120606877997703
3.888954181445205
5.829530211358269
22.67643210785028
31.316373712096983
34.69553496917805
.0005250088427490177
.30559941348249214
.1566090074627447
52.4587456521384
229.99069391599767
13050609804107705e-23
23.439224102898734
6.493252035571988
.9915012057083211
1.6066330955686723
5.793774861119638
33.06000082588808
62.76807191951494
5.119090414265645
21.135509625839596
22.61611833421663
7.0761061644792065
1.1166579877902578
14.14304973624252
.00043150305253014757
21.470406784866967
17.414253629317788
8.692641892314146
8.432527294842517
2.4707973658766877
45.20861353888725
5.66888151488516
52.68793009251956
.5384378883746044
.8148752302138729
4.999651399194708
1.4557205762550827
13.112730456793408
8.058992416458517
123.85915786560842
45.101802401678896
8.395499487985004
13.28659953058522
20.204606237233737
28.129478465860085
18.534640134307246
7.079879694747717
.664042948868369
.0002309984589451087
11.418507468880472
11.104264194476876
.17977984872941402
17199331619722124e-24
13.302486426336506
6.583320894507715
.008934464463925037
40.66180876376674
.18925786837289896
3303986706309981e-23
5.520908446475207
.07850638690279138
7.925322570556623
8.483072896629004
.6202732780059127
.8129120856276757
.8686441629252216
.4920701729413597
4.211730527527412
.0016261876375905757
.3730746964192307
7.151844395111481
4.2774977764911
.9646157070312177
3.8931536830070974
1.8525108864092663
.21351934099260644
.07132662711359081
1.0092227092068145
.00010523132830040385
.2570167669237787
54.69010299505954
4.654657321252522
1.3348360823144834
.008141706289570375
.006013776663643903
93.82191353442326
326.3745895521863
15.0455619422288
27.80892354646143
74.41696333939103
.00046171643317480335
46.121160673562734
10.158027031061136
.055185717411705866
.1236143902589709
7.128278339705996
1.3551367741695817
.08077513393415162
.10680409246377309
.31952733359882035
.04109108888261263
.6346242945510441
.04377519979054722
.23973407602921296
.0018575129270181766
10.164596421013865
2.912887741870352
3.0603430316389177
3.594334120674841
.6242916988647889
29.617586473078774
4.463127529906676
2.48700983726988
10.236416993900313
1.5874405253926485
14.62202040933688
6.788212786272047
.0018575129270181766
1.985272746011387
7.430051708072702
2.339641441128833
1.9274402338269523
1.1988579168177471
.09981539878983456
1.0350157522228096
.17062668233291642
2.3675771856908243
2.0646514296873555
12.3463928374334
.5825777460901793
15.517956556691768
13.400239934122567
2.071765523279187
4.875757955894091
16.04233329517608
23.894604737730788
11.546172046477038
8.070896311393003
34.96834635218943
.0018575129270181766
1.9878601629236268
2.8885055852376174
6.670766371617674
35.209327920995854
37.124084285465315
3.961457017167245
6.5458249745370605
15.966910418636813
.03970545492022775
5.386517455666526
7.4768738292021055
14.919708937711103
3.0296221821325795
.6272197589543005
19.020521924567234
19.809718261700816
1.80041858198018
7.624655751034996
.44254720478821946
13.933030111948261
18.121398925671432
1.5156831915439313
2.004210872032346
31.759078182031054
25.004507044548582
.9098053581638612
.39926159515933823
.009981539878983451
.09926363730056931
3.2218456665411876
6.779335096226493
.19421294547304627
13.475524511672502
13.856487393660371
.8204980690895382
5.063569691718373
37.54911220906629
.8144665581107883
12.62748026009581
1.8043928757046355
8.966277607830742
1.158591736323783
.00012937696902785126
2.4612522784124047
4.513943721763253
.34766510559804803
.00013900617533139266
39.04778963044787
.3811265762730812
1.2301107900436143
.6643478061418641
.1511776215234015
.0018575129270181766
18.057522686383297
.8606831806353863
.4637945683912342
1.1892981282847352
.03970545492022775
.725652385597483
.5574857954910882
.648408877168368
.5718595185771697
.00012937696902785126
3.9681520059807944
9.551966705909173
.3104630132146111
6.525993004799193
.9285468243967717
.5955818238034156
.39705454920227723
.1834337038472877
6.188748768928378
.002685183860774324
2.247253797415174
2.2727170249399222
42.675453566304945
1.1256329601594592
.16621938187621366
.168416318395225
26.964169343256096
39.005957616584375
3.8315893389243185
16.06418638785916
48.21115877329875
.21004542334887533
9.637201169134759
9.637201169134759
9.637201169134759
9.637201169134759
9.637201169134759
9.637201169134759
9.637201169134759
9.637201169134759
