.03725110267042412
7.14186808167742
1.0461997018315328
5.060628244647132
.2045890036354971
6.319170920153957
.0045438728181227215
13.54676993475869
1277848717487242e-22
.4942767504988844
1.7031825903979663
.000961535215203269
31.663615728793534
20.017269529182723
35.792779720380594
19.859609856639697
24.377883464504066
25.004429449482462
16.539808884372608
.006679302623281166
61.74352785155762
5.948754130201108
43.437859253341784
3960888874191902e-21
2.9713440480673796
1.4757169417405518
36743034694792703e-26
1.3782218899931373
3.121435138595994
90.87903077559646
14.88382319687284
.7325768098956346
9.961625521547466
188.3485796898253
149.27860729534638
11.104027978225076
3.8665831996274753
5.826377675320637
22.60991716454055
31.303929752280897
34.488888766839935
.000525405695018392
.3055063628501778
.15544771659949003
52.456947126470155
229.4601659063201
12956744105867325e-23
23.408133573069616
6.48925954175887
1.0005402726051797
1.6071551141308589
5.824077927421954
33.03585494226076
62.399931830026496
5.131337427507387
21.161587730970837
22.597393786442236
7.795367103107461
1.2375482259892507
14.17909645248425
.00043366466659227574
21.45345566323834
17.467501603730536
8.662097932668194
8.442381665669298
2.4861197240668695
45.07744178238717
5.685970501709274
52.64482662124168
.5410885027186181
.8200097511407922
4.9603675470448545
1.4423927285766007
13.056061924610077
8.02561243573802
123.57034739020786
45.07070379395949
8.329877009932487
13.222245347061738
20.22768000813882
28.16524286032761
18.492727344090643
7.083902692980887
.6595784684900383
.00023084979582297475
11.415282433369548
11.068189258199569
.18023327875472236
1743746070598443e-23
13.298486557688367
6.571681174900557
.009009497946078771
40.59060415834899
.1890167974969392
3334356262895854e-23
5.5324329882079555
.07797160025778031
7.87943765941843
8.435843158072142
.615423923828559
.8035124153647222
.8598292461444904
.4890564567907619
4.206689785202726
.0016270046052193816
.36954895228072965
7.092319359895449
4.27892644921706
.9646432970954266
3.883609294758958
1.839326981115955
.21075682405036336
.07077468161064467
1.0106751810591608
.00010334772973028524
.2556350089452447
54.017186749052605
4.592909279866353
1.3404544314042697
.008094428606543684
.005906589789374557
93.76624843090528
326.18094955243936
15.036635320169516
27.792424345479244
74.37281130910588
.0004588649785557262
46.0478776986215
10.139567420758615
.05537259395610177
.12386368843127081
7.093823412311293
1.3423531113352134
.08068547299329352
.10661272225633447
.3195235409464743
.041089503769600216
.6346148786674273
.04377351113637192
.23973194187058403
.0018564108534676244
10.162304561637717
2.9127753755060404
3.059824884310705
3.5922015807023726
.6240177043969188
29.600014181544
4.461202369850471
2.486913899397162
10.227308353972361
1.5873463164396517
14.61334507700709
6.784185298948295
.0018564108534676244
1.985154927130098
7.425643413870493
2.3395025917250094
1.9268683680711651
1.1988116701658413
.09981391783458868
1.03497582587913
.1706201003079133
2.365470451654985
2.064571784539556
12.339067648578482
.5822320992223877
15.508749660076948
13.392289491470112
2.0716134457338526
4.873666584505635
16.032815282700042
23.880427925553967
11.539321633412632
8.066107800247451
34.94759942275451
.0018564108534676244
1.9872703707554866
2.8883941594293927
6.668942996951967
35.188438015752105
37.10205834379655
3.9591066609803423
6.541941297354495
15.957437155005392
.03970309854260196
5.383321602581936
7.472437755154854
14.910856984993561
3.0290236154993764
.6271955635818098
19.003596951155554
19.79796503714848
1.8003491297704748
7.622393538465621
.4424815487014775
13.924763561690614
18.11064739109824
1.515593241133654
2.0030217617119446
31.740235330632693
24.982257359782864
.9097702618850522
.3992556713383547
.009981391783458863
.09925774635650486
3.2189787813705806
6.773302661012172
.19421179285746135
13.463533626513145
13.848266256656158
.820466417892129
5.0590639908369575
37.51569999628417
.814435139582476
12.619988300388638
1.8043232701842038
8.960957861596533
1.1585470429635616
.0001293719782348913
2.461157334152726
4.511265571903794
.3476516942113501
.0001390004119247824
39.02462234287032
.3811118740903975
1.229380957940571
.6643083794608381
.15117178975740117
.0018564108534676244
18.046809049965645
.8606499792735756
.4637766772419501
1.189252250407316
.03970309854260196
.7256243931283084
.5571550358279479
.6483838644131329
.5718374587586343
.0001293719782348913
3.9646210373006987
9.543467108307807
.3104510369205897
6.522121094043114
.9285110051548385
.5955464781390288
.39703098542601944
.18342281770893645
6.187830609189484
.0026827945117528142
2.2452541303754687
2.272629353538951
42.63747979672042
1.1255895382034862
.1661207629208942
.16832638555701004
26.948171340004773
38.98281514819133
3.8293160340091354
16.054655409812284
48.18255480389821
.21004048596963845
9.634341840355823
9.634341840355823
9.634341840355823
9.634341840355823
9.634341840355823
9.634341840355823
9.634341840355823
9.634341840355823
