.037819452404640526
7.141526991719766
1.0478763256781192
5.0623714187976745
.2046106739906095
6.320040730244811
.004542240170273547
13.410466113143606
12850678735280735e-23
.49071126142025057
1.7008970242077248
.0005485249113049459
21.745508078263576
19.872999573439884
35.633778184232156
19.684963473736573
24.263750650045914
24.25981539372194
16.354940253959395
.006671107171941041
61.71267434841951
5.927843527359274
43.201499628101224
397248986324427e-20
2.960148211902447
1.4451195820370752
36809977623141704e-26
1.3785636125956298
3.0593964228550763
89.92729039073411
14.928446395776465
.7330481108251132
9.951936008816514
188.06866121346448
149.72171989193566
11.049317120292011
3.825534119419024
5.82030794497881
22.3710011409567
31.279574605566246
34.01161951025477
.0005261387355353855
.30532822331181747
.15325096535995084
52.45301330582329
228.40906767679704
12771150793586948e-23
23.346791444324783
6.4816316564776075
1.018040731827899
1.6080758378769524
5.8833049377107445
32.98969050902107
61.69919745957326
5.154359050904662
21.210547609122198
22.55936198476713
9.247250497652892
1.501824298791714
14.246882806803207
.0004377959736456913
21.42102827451717
17.567829961912558
8.602946600945565
8.461204037883007
2.515425142461347
44.81828522143414
5.718283254598314
52.548624903869175
.5460796462745874
.8298063163227429
4.884256339722441
1.4166314546781917
12.945990138154029
7.960007701909729
123.01298991959132
45.007688669301515
8.202333679292252
13.095331504483264
20.271410254301614
28.233577990423566
18.41229614461992
7.091180398513917
.6510235828675491
.00023056255043526344
11.408497562890622
10.999293912716062
.18107745225987118
17906496538980873e-24
13.289750450147123
6.548723350763324
.009157551954060717
40.4520640613691
.18854943348392775
3394376456103684e-23
5.55436975433993
.07694992809898847
7.792127276938186
8.34584064340547
.6061537664049705
.7855680227012116
.8430951341696761
.48329558000330575
4.196778585305264
.001628509321041257
.3627627402762518
6.977129634183275
4.281307142320558
.9646718445526925
3.865326785219656
1.8135494403765864
.20545604955727292
.06970528081429071
1.0133781747695403
9978767803022415e-20
.25294098496858053
52.71559617097494
4.474724333118135
1.3512044281850042
.008003493193896398
.005703081479850954
93.65972494022434
325.81039048751575
15.019552895424955
27.76085065979481
74.28831980384706
.0004533378614245544
45.905042055246874
10.103353462582776
.05572524740140642
.1243199976340198
7.02826717143727
1.3178896191745295
.08051127754294164
.1062396193354832
.31951627698426116
.04108646796464148
.6345968447637866
.04377027702960552
.2397278543578678
.0018543018711039431
10.157916393378876
2.912560171691989
3.058832718793501
3.58812064691213
.6234932569694392
29.566386976791893
4.457517418293545
2.486730159394117
10.209885147950999
1.5871658931227888
14.596743532696879
6.776478100339377
.0018543018711039431
1.9849292874995204
7.417207484415769
2.3392366757033844
1.9257735440972297
1.1987230986797197
.09981108141420722
1.0348993590334365
.17060749442808862
2.3614406446334124
2.064419248327478
12.325049805488138
.5815706523090949
15.491130888103733
13.377075131839502
2.0713222019403608
4.8696634735070194
16.01460114405277
23.85329847776062
11.52621234471813
8.056944268875883
34.90789707416185
.0018543018711039431
1.986141227073102
2.888180756966293
6.665452068764124
35.1484620615919
37.0599084142391
3.954608903326995
6.534509300932697
15.939308649956743
.03969858574999042
5.377205860316877
7.4639486648169635
14.893917451188326
3.0278775076786344
.6271492246575755
18.97122249119334
19.77547348630339
1.8002161150510403
7.6180625839889355
.44235582443086247
13.908944282938185
18.09007272365793
1.5154209735215092
2.000746221487846
31.704176719788897
24.939697675280037
.9097030455689871
.3992443256568289
.009981108141420716
.099246464374976
3.2134949406037725
6.761763686765638
.19420958526559115
13.440597198664154
13.832533882947885
.8204057995883919
5.0504453874726245
37.45178838362443
.8143749668860819
12.605651316360735
1.8041899618444022
8.95077773252839
1.1584614463382612
.0001293624198791796
2.4609754971151907
4.506140532093099
.34762600875301214
.00013898937390754022
38.980288277425316
.38108371650242356
1.2279843151910956
.6642328718542113
.1511606207719702
.0018543018711039431
18.026306906307084
.8605863920983818
.4637424121521498
1.1891643851972804
.03969858574999042
.7255707820128472
.5565220778045651
.6483359600392619
.571795209842643
.0001293624198791796
3.9578669230470997
9.527208891792656
.31042809994859283
6.514711614436035
.928442404221386
.5954787862498557
.396985857499904
.18340196923194274
6.186072433074991
.0026782241125946527
2.241429123449903
2.2724614454644336
42.56484273826686
1.1255063765688085
.16593204081846358
.1681542707495985
26.917556771045874
38.93852857796328
3.8249657254739304
16.03641645960844
48.12781683566843
.21003102970405363
9.628867720486145
9.628867720486145
9.628867720486145
9.628867720486145
9.628867720486145
9.628867720486145
9.628867720486145
9.628867720486145
