.043791753266050115
7.13804352137561
1.0646650519303864
5.084486623421922
.20481529423119332
6.3314372267036445
.0045230499315494456
12.409693163897161
13607378321331607e-23
.45373904908435037
1.677107206631879
.00044082280286313264
19.89588632825338
18.32006954209237
33.86202696124327
17.466605942878157
22.957741043798435
16.568584171729903
13.976726320251698
.00658519488726247
61.37409435384496
5.704208164983428
40.17646256700286
40876139246631994e-22
2.835173680031147
1.077826058362907
3731410212858144e-25
1.3817642956690293
2.3994924905098514
80.07400962310658
15.317899536126507
.7364468828764574
9.844788897014205
185.20296343768652
153.9156649660411
10.451229991747233
3.5173316523533638
5.754038830431493
19.891601816190242
30.982999189700248
29.89822568725758
.0005319228631035029
.3034627147284491
.13232795310426154
52.3765761673541
213.38445485978136
10289273577673834e-23
22.561020090945085
6.4027981839214485
1.2098490776735646
1.611891064542463
6.5443518790513515
32.51108082070334
54.72232962324165
5.3695534332767165
21.6655310203915
21.99222878371818
15.832756663456658
5.932927285354115
14.882586527512505
.00048140126541698663
21.081965149910516
18.521728556447577
7.945332590719668
8.647799400693806
2.819460100921729
41.45432077708268
6.032345936315398
50.43714184192323
.5925856929531091
.9318207113768241
4.026895741172774
1.1331274517839445
11.698699574001564
7.1400344660856225
116.79463848220647
44.0978214878948
6.745165820331606
11.490308312129297
20.674355605257954
28.91401957946605
17.560714997077902
7.120987308150222
.5620685376556557
.000227206768303246
11.271897897120239
10.291363280202551
.18807449390692513
24098476539875323e-24
13.11755551942923
6.260418943195736
.01113010284297026
38.84994702133301
.18290537832480291
4195392170444169e-23
5.765500536921494
.06652342454220528
6.925349564905101
7.443957174154212
.5137765165997036
.6057948933164667
.6826439690240526
.42380028016752525
4.067961839369272
.0016397215258992005
.2895210182915501
5.687838417273514
4.276875405830521
.9631728807617953
3.670019613785277
1.510585366452902
.1509465926689409
.05798311808541165
1.0343170128232768
6676380667556102e-20
.22114548534617207
38.44986187334014
3.26091879602443
1.4612274721119463
.007048775962269936
.0037715943851269924
92.54765166468152
321.9418650526334
14.841217507441872
27.431230856354254
73.40625384442254
.0003920280965018606
44.23227097542089
9.665306576530584
.059008397536858125
.1275209935184369
6.377453660857553
1.0665506826098488
.07836202329423016
.1016998724317313
.31943995620738563
.04105458084756305
.6344073728906365
.04373630701423698
.23968490639932188
.0018322847281221557
10.111919303791664
2.9102997401729636
3.048426333043547
3.545516922809791
.6180088676312501
29.215329050535626
4.418978975579154
2.4848002136075062
10.028584644094995
1.5852712184582591
14.423428392138602
6.696017259753971
.0018322847281221557
1.9825597839408795
7.329138912488621
2.3364442187314967
1.91430652138387
1.1977927723293231
.09978128077351268
1.0340961759256968
.17047508632832284
2.3195077166431286
2.0628170571065865
12.178707730309453
.5746653450312256
15.30719619600859
13.21824178304907
2.0682642448546273
4.827796500682963
15.82445100254697
23.570075184209486
11.389355304779421
7.961279751286567
34.493416469330356
.0018322847281221557
1.974314744861527
2.885939246257212
6.628879200146892
34.731125096743106
36.61987579864214
3.907653663180599
6.456921488594031
15.75005249752241
.03965119567881759
5.313359346373269
7.375325109222881
14.717073801730905
3.0158602312106204
.6266624955289117
18.6343438538163
19.540668445082527
1.7988189712985887
7.572700813935463
.44103685369623197
13.743795760049174
17.87527936993577
1.513611944145897
1.9769902644264747
31.32773564358815
24.49683473519572
.9089970270437236
.39912512309405074
.009978128077351262
.09912798919704391
3.1564317862756255
6.641692682478984
.19418638908949665
13.201927810230098
13.668292622640063
.8197690844585883
4.960762861158429
36.786743869815936
.8137429322722237
12.455977505566576
1.8027897339982275
8.84450024006275
1.1575623669673596
.0001292620219907122
2.4590655394651146
4.452636654468227
.34735621697509256
.00013887343781826737
38.51745393861056
.38078795827138623
1.2134037840120713
.6634399457970783
.15104330534791502
.0018322847281221557
17.812270679102372
.8599184928994396
.463382502689909
1.188241477343314
.03965119567881759
.7250076681308109
.549914185987981
.6478327879320435
.571351440842669
.0001292620219907122
3.8875856949093404
9.358030909142176
.31018717738557244
6.437358870885845
.927721842121245
.5947679351822633
.39651195678817563
.18318303366507205
6.167627443654929
.0026306659496950283
2.201627282043239
2.2706977931536496
41.8090039288021
1.1246328735547977
.16396183870364567
.166356270203948
26.597949858393807
38.47619007496051
3.779549809872197
15.846007292897909
47.55636887393968
.20993168764143516
9.571532606919348
9.571532606919348
9.571532606919348
9.571532606919348
9.571532606919348
9.571532606919348
9.571532606919348
9.571532606919348
