.04440314492865224
7.137699266355143
1.066250937784366
5.087098849193042
.20483362072459813
6.332795068172967
.004520902658980637
12.342739276399628
136820990100268e-21
.4500608529057854
1.674695040214164
.000433518638517085
19.797633926289585
18.166232908861534
33.68101419239449
17.20305312341136
22.81711384454863
15.837493863605564
13.690767876569167
.006576416409256904
61.33776653083653
5.681153428713132
39.80523772091132
4098302945471714e-21
2.8219379749393187
1.0376075244847374
37348301110897014e-26
1.382054543482314
2.331939480778181
79.08961441819987
15.350326495716347
.7366523072160384
9.833361588836617
184.91725932035868
154.3016232724391
10.390617148300148
3.495889081446991
5.747045902697882
19.654635043312002
30.94908341890655
29.561252525448744
.0005323395514454383
.3032723988833884
.1304172272269346
52.36544534311141
211.2828267834468
9978345710933446e-23
22.46612965756524
6.3947944087171615
1.2289589187670082
1.61175835855118
6.606689905352032
32.462741489034784
54.055617145548304
5.389196826894442
21.706660452834264
21.917592599957125
15.402154884944764
6.273669607453288
14.940705140272053
.0004859004451061527
21.047443545027388
18.60964384181112
7.876520885855496
8.66493070335602
2.8496345055167294
41.04326336886441
6.061936921901453
50.10540184718167
.5968102007124143
.942247668027536
3.9345530436314626
1.1034122944168192
11.56578770639149
7.043031053317119
116.11762695496208
43.98273936825156
6.587449825124814
11.300599170704773
20.70785582794518
28.976949178474943
17.47404760249956
7.1177961724282905
.553260895728911
.00022681416704408767
11.249296863649812
10.22056428965242
.18860957338788192
2489302391680354e-23
13.092214357939604
6.22661384820659
.011384624144529785
38.6752427198552
.18222247873378342
42976074981465173e-24
5.784118780557929
.06550644736412425
6.842871123582885
7.357077297723601
.5051859727931444
.5887408305248586
.6681339359060247
.4178493761065737
4.051777175674182
.0016404293996591772
.2819105281360776
5.549565624166823
4.273437112117591
.962848816988007
3.6495857890395054
1.4773263931878005
.14567350304762966
.056781442166951863
1.0355532297301606
6387520600544315e-20
.21757590145335193
36.99381237215233
3.1418994875836392
1.4719339024281415
.006954609397614715
.00360011908924404
92.43455509906009
321.5484404912071
14.823081004791174
27.397708903664814
73.31654875676651
.00038564630496685604
44.04649308218741
9.615811689572295
.05929952394180832
.1276932474164347
6.315285462361973
1.041844443565312
.07809040189413143
.10115416130528902
.319432144185873
.0410513179215374
.6343879796181362
.043732830950629055
.2396805101990363
.001830045610151426
10.107222294604162
2.910068436075622
3.047363018437604
3.5411841733546745
.6174501533370496
29.179626865556504
4.415052598015719
2.4846027272584035
10.01020732349779
1.5850773859880543
14.405802442843338
6.6878344853475085
.001830045610151426
1.9823173746573604
7.320182440605703
2.3361585396949134
1.9131364880455366
1.1976975744456886
.09977823054797753
1.0340139882804742
.17046153735073194
2.3152572328062555
2.062653109032514
12.163824910559518
.5739630832694668
15.288490250607248
13.202088615223344
2.067951452938145
4.82353089099197
15.805112953130902
23.541271702902023
11.375437102140635
7.951550780517172
34.45126427131063
.001830045610151426
1.9731080342088458
2.885709878277302
6.625146533068276
34.68868241021399
36.575124990687385
3.902878369577851
6.449030897836602
15.730805365760697
.03964634749314721
5.306866229766004
7.366312196143068
14.69908900716255
3.0146327025092234
.6266126897989847
18.600196531609498
19.51678904402443
1.7986760052003916
7.5680723428340215
.44090205117387243
13.727000346323328
17.853435134345787
1.513426873516563
1.9745743110753973
31.289452021624157
24.451944433969565
.9089247819983338
.39911292219191014
.009977823054797746
.09911586873286796
3.150647644152067
6.629521820880297
.19418401462522833
13.177735357508205
13.651589476469157
.819703931049992
4.951672293272571
36.71933238456503
.8136782578086903
12.440755852158865
1.8026464523127148
8.833691942026045
1.1574703665061312
.00012925174853505933
2.4588700984502054
4.4471953720097055
.34732860988187314
.00013886157475866498
38.470384221782716
.3807576940983354
1.211920960858643
.6633588264264436
.1510313007647029
.001830045610151426
17.790503442403327
.8598501485058908
.46334567408767635
1.1881470385751876
.03964634749314721
.7249500461470928
.54924217103457
.6477812996347481
.5713060311113396
.00012925174853505933
3.8804617176782643
9.340882374201396
.3101625244042724
6.429492186352264
.927648108869541
.5946952123972076
.3964634749314718
.18316063571858726
6.165742313808272
.0026258452702813922
2.1975928133885336
2.2705173231848237
41.73238918242293
1.1245434902558653
.1637614714277958
.16617329499802122
26.56544620511415
38.42917078406114
3.7749310637948743
15.826642900918173
47.498253277311086
.20992152052600568
9.56568244022768
9.56568244022768
9.56568244022768
9.56568244022768
9.56568244022768
9.56568244022768
9.56568244022768
9.56568244022768
