.046848711579060724
7.136350368691437
1.072236745565998
5.098061601419727
.20490128489209988
6.338485034190959
.00451202575163388
12.123697171821405
13969089827729564e-23
.4357549987034961
1.665088919227064
.00039782992315801877
19.128899800406487
17.55853897455538
32.95414457907539
16.08755726748355
22.255222551740435
13.115561766696063
12.493301030147501
.006541321926991201
61.18892748954372
5.589665511431542
38.18925103828008
4138041623453766e-21
2.769304370748005
.8770503868515751
3746790784959169e-25
1.3831517566232456
2.063591424735391
75.22552013548123
15.467809534626367
.7372448493642784
9.786969178843375
183.78832593068321
155.7736719226768
10.148723427528449
3.4239558307397306
5.718774143048869
18.73329985596317
30.808007223841308
28.32601560592428
.000533726418954086
.30251235455631836
.12325524353735942
52.315248909613416
201.29897587700552
86327241697871e-21
22.059898650739086
6.36265411049318
1.3019296292693494
1.610576428355441
6.834216453004602
32.270546836141435
51.50575777562966
5.462987912196376
21.859525397280215
21.588461268516255
13.087858910804382
7.114458483664913
15.158525622131911
.0005037343744465266
20.91025678600211
18.93787508681388
7.605228966237865
8.727820915077777
2.9660088431285314
39.27061714336767
6.173890613444692
48.55186687239058
.6128449514923303
.983718742458524
3.5596369064347044
.9845310493631321
11.036029339992263
6.631273540652058
113.32730294362226
43.49031006786774
5.948121008618796
10.50030908449594
20.824357330037525
29.20924772383532
17.13304073069015
7.090025043758972
.5191816636569587
.00022512377667650724
11.138617243991728
9.940518799560929
.19046942031411232
2846954248590767e-23
12.977983567094503
6.084609706584866
.012532519558353869
37.97223734535606
.17922977608499616
47523872307578946e-24
5.850604043673878
.0615936466755774
6.528465090482824
7.022814049305996
.47304360177844873
.5239484318645112
.61415945459915
.3944382934322213
3.9805133550574783
.0016425772088534904
.25145639443156964
4.989134080973771
4.254738453130933
.9612736932293005
3.5676329132174827
1.3423348346897983
.12545663077865615
.052059583010456954
1.0384772123046544
53243257481066496e-21
.2028305178126913
31.37745587305469
2.6805147979256545
1.513066996062082
.006592035838979442
.002967733136107118
91.98354923250714
319.9795441743798
14.750756358598139
27.264030243856034
72.95882329825936
.00036042980796855784
43.28434347736422
9.412273413486401
.060381030085667295
.12812347826625067
6.0768769591601535
.9458488506958103
.07686139113680471
.09877759317319021
.31940089801023447
.04103826881052954
.6343104124563057
.04371892945867567
.23966292620421178
.001821116467739768
10.088456065456416
2.909143403506988
3.0431134676464526
3.5239060587468223
.6152203426917919
29.03725388733328
4.399381943722164
2.483812938807266
9.937034188820515
1.584302293078945
14.335513778532006
6.6552032622708746
.001821116467739768
1.9813480338830343
7.284465870959069
2.335016172808174
1.9084635016315195
1.197316858566295
.09976603057823547
1.033685303015301
.17040735220793798
2.298333044941436
2.0619974470281446
12.104475283263687
.5711626076522918
15.213894783723983
13.137673100810613
2.0667007582486323
4.806506107890884
15.727996785310818
23.426409337493894
11.319934169691061
7.912753644031106
34.28316996631965
.001821116467739768
1.9682885625742501
2.8847925886397303
6.610236871286061
34.5194296967322
36.39666796319339
3.8838354798356343
6.417564843119418
15.654051758865988
.039626960677660666
5.280973014830624
7.330370550599788
14.627369341631516
3.0097275820160676
.6264135064606144
18.464231846578805
19.421562898935093
1.7981042544248413
7.549586730615894
.4403632529815029
13.660023687218608
17.766324810992323
1.5126868172590653
1.9649399855000171
31.136784803094717
24.273204337449478
.9086358592309637
.39906412231294186
.009976603057823538
.09906740169415162
3.127616875963577
6.581060997106299
.19417451705849534
13.081408061489777
13.584980761415984
.8194433691939687
4.91547630133314
36.45091949689902
.8134196113522936
12.380055025853556
1.8020734394387046
8.790590670159633
1.157102437775324
.00012921066287691275
2.4580884897103865
4.425496655546647
.34721820344875426
.0001388141326532362
38.282679862152534
.38063666145751057
1.206007766787876
.6630344481171552
.15098329197207158
.001821116467739768
17.70370017480654
.8595768252459794
.46319838894697196
1.1877693585545452
.039626960677660666
.7247196040052499
.5465623134744897
.6475753873640653
.5711244282737967
.00012921066287691275
3.85209611657716
9.272601905887058
.310063932071155
6.398121464743946
.9273532344596136
.5944044101649096
.3962696067766065
.18307107131546824
6.158207554547227
.0026066507298093925
2.1815287350230013
2.2697955867316337
41.42733159116986
1.1241860280943445
.16296244789974257
.16544340450973016
26.435828314128866
38.241667512673054
3.7565124534193512
15.7494216843666
47.26650021855371
.20988085698804396
9.542317508157597
9.542317508157597
9.542317508157597
9.542317508157597
9.542317508157597
9.542317508157597
9.542317508157597
9.542317508157597
