.06089592472552384
7.129780763212652
1.0923931392877413
5.165952663662082
.20508918128228668
6.374589454062023
.004454166312354093
11.792299555526172
14945208490717146e-23
.3718528995383219
1.6111817635004846
.00024518908983076445
15.856482411572792
14.23735489198931
28.52290229507139
9.27994485423895
19.923549530721687
5.175965933796374
7.018052114875957
.0063400880070650836
60.21518958488131
5.128788894992348
25.98754142942155
4236137821946508e-21
2.5175163718642297
.210800529612396
3798157633624056e-25
1.387737587216903
.8021944461201341
56.06852769133201
15.840795331885806
.7350551222579631
9.504866588025163
177.71055730896015
162.39319634747457
8.752110301028194
3.271320505536752
5.549922683568696
14.090324394287105
29.869933055567607
23.210435035709832
.0005350690340252845
.29818424022853723
.09596877950706309
51.845689214268724
84.51139276200435
16458418981861837e-24
18.92533791869817
6.158419869379408
1.582833387134021
1.6126186416100519
7.608165875763937
31.197101673122372
40.833041135072136
5.747762989897428
22.3169872698738
18.885997953322985
2.1075200453404808
7.408756921426556
15.939115596653947
.0005903057575244999
20.17193003765806
20.022728736394203
6.538664709745774
8.853313485449446
3.3998041690587004
26.651197602870514
6.5731961845380935
34.79704320205772
.6816559326051993
1.2071098332726087
1.6694808350503176
.4299246206207469
8.589342827980946
3.995705906287656
94.49130911156134
39.99647075698973
2.7980078930498045
5.782864575415386
20.90863010797027
29.723341116663963
15.517116681794478
6.366848418209323
.36759555937658683
.00021118371043874778
9.803957296275435
8.431421370008236
.19552852746458776
6747465941648939e-23
12.035491013409251
5.1167577634347285
.02499875974806521
34.950961033135265
.15288425684274484
8992223142918866e-23
5.921763375570225
.04458931502243492
5.246502417457472
5.608204877705257
.3512706326821891
.25734560959192565
.4096424317829387
.2766293580858695
3.36590346200937
.0016426636546804964
.10461503822234261
2.1607364949605095
4.023571599873949
.9463025441951917
3.109216510438638
.6391194797323871
.044857681047840915
.02877484743712694
.9799704768168019
17101318381785923e-21
.11375447938685691
12.539191438452953
.8201843687712524
1.671956451731177
.004993235121873134
.0008659981414010518
89.43528469486994
311.1149968505118
14.342109055405594
26.50872169136832
70.93760990010324
.000235270569144516
39.23677289032085
8.38497487073721
.06419635418637831
.12630306905169258
5.0656549922078575
.5415750795503627
.06523731506583873
.08049837133724112
.3192214807213843
.04096339566509855
.6338650541970939
.043639165524710574
.23956194959604654
.0017706652016995963
9.981336647772595
2.9038357547332057
3.018818781717453
3.4262815930853465
.602567490962306
28.23282086676758
4.310441693828416
2.4792812932778387
9.526971195511523
1.5798575331972344
13.938370140398362
6.470830963033489
.0017706652016995963
1.9757893622260025
7.0826608067983825
2.328465285232373
1.8818423143984881
1.1951323882687712
.09969598344542124
1.0317993738017697
.17009644887711567
2.2034897234713378
2.058235391775705
11.769139178401293
.555339415022208
14.792416933823768
12.773713819513006
2.0595314667140583
4.7098739050948275
15.292276520214587
22.77741624408744
11.006332584910968
7.693542821287397
33.33340680766901
.0017706652016995963
1.9408328746304524
2.8795293672298645
6.525244069071489
33.56312132105412
35.38835355227279
3.776239716181575
6.239775955387206
15.220380028428359
.03951578724452003
5.134671677578503
7.1272937670043115
14.222140288358272
2.9817069954553745
.6252706329689058
17.70228436443393
18.88351799401684
1.7948236647400473
7.4442774272333985
.4372811509142199
13.281593476209506
17.274135763518647
1.5084429745856578
1.9105043073226244
30.274187467029684
23.2715430128851
.9069780791441354
.398783933781685
.009969598344542113
.09878946811129997
2.9985522160548665
6.3094860462362945
.1941199725042625
12.541588911785556
13.208629500699834
.8179483182492666
4.71263359320079
34.9467309358312
.8119355505811541
12.037084402740971
1.7987856080895959
8.547060705763169
1.154991337536128
.00012897492172522126
2.4536037777011637
4.302894991631114
.3465847137866262
.00013854194132504583
37.2221163558254
.37994220077640206
1.17259715315247
.6611743050573005
.15070782728252372
.0017706652016995963
17.213246047771417
.8580085519607957
.46235329675999043
1.1856023073971944
.03951578724452003
.7233973738556816
.5314206346345547
.6463939046270741
.570082428120848
.00012897492172522126
3.693134998595432
8.889957464795316
.30949822931244325
6.220871226281298
.9256613050580557
.5927368086677999
.3951578724451999
.18255746544817925
6.11510626463232
.0024990843291644946
2.0915054759625127
2.2656544097280773
39.71778573731831
1.1221349829013418
.15844782076897393
.1613126102450008
25.703463838328087
37.18224019120348
3.6524439808488425
15.313107874979659
45.95705361282742
.20964744016498182
9.40921157199244
9.40921157199244
9.40921157199244
9.40921157199244
9.40921157199244
9.40921157199244
9.40921157199244
9.40921157199244
