.06144464947114504
7.129570635826276
1.0927312145308936
5.168419661244727
.2050899815341164
6.376014708861396
.004451725009638141
11.798285809750142
14957583612082377e-23
.3699982253884292
1.6091182013885916
.00024105477560793553
15.765941565903344
14.114557743175185
28.341722041521834
9.067427531995678
19.87681989260317
5.075437171211967
6.917389378020819
.006332242644109877
60.17320785725537
5.11360969383517
25.52316271755947
42354271497211395e-22
2.5099451109905644
.1971159305112311
37999901452614146e-26
1.387865418157108
.769567314345521
55.42776079729666
15.847120233979943
.73481711742016
9.493432626516519
177.4864191365898
162.59913995833818
8.697732911208956
3.270598585440047
5.54316686691995
13.930570898609922
29.829801435620986
23.048749821905403
.0005349481048648055
.29801646149063804
.09528124330854432
51.82184453069568
81.76043691238152
1571070337290532e-23
18.776854570784973
6.14947043907874
1.589415213909498
1.6136440419007656
7.627060180128595
31.15604816932961
40.5374394774728
5.755048866575282
22.32056802011485
18.76610754129247
2.009175809162171
7.395031597149768
15.955342063759286
.0005929870005187192
20.14502658844261
20.04098825474301
6.5182805934246115
8.850615074118476
3.4081368824806897
26.18595472211303
6.580642418522582
34.2619594214792
.6836188608755426
1.2152096655033096
1.6193881371353858
.41623643578563757
8.517872373129652
3.9085291040467953
93.65776616507398
39.8328560991936
2.7165667168798917
5.642228060266533
20.895944389058556
29.716825507309135
15.467518407616987
6.320288569212394
.36297254872169654
.0002105194266758335
9.732119094704618
8.375959534247583
.19562439751279825
6967533162155744e-23
11.993006373036385
5.075392439364126
.025685017876984274
34.88806500561901
.15160492606694081
9193860141292443e-23
5.915304984197064
.04408076620600024
5.2122913129408
5.569647411745563
.34785617040720684
.24986289155942687
.4039862152633855
.2726612291691028
3.3364781219106496
.0016424917978602686
.10077201195771646
2.0844856185484266
4.010572813701272
.9455971521178207
3.0925366909554266
.6184170017231578
.043006096704615415
.028007206531473393
.97498879639956
16380536899750562e-21
.11061009621324736
12.251831593498157
.7800130190475442
1.6754604993169668
.004941623418441634
.0008260859589020743
89.33718777951516
310.7737509807662
14.326377941418345
26.4796456523442
70.85980212280839
.00023103397949993958
39.11246327565699
8.357383369775075
.06428030056907579
.12622630131189405
5.036745356696017
.5319251515653785
.06469827751822262
.07975403976489141
.319214474209244
.0409604736775603
.6338476635636257
.04363605267003209
.2395580060214097
.0017687230510707325
9.977175415856415
2.9036286192711493
3.0178737074622655
3.422523482887954
.6020785504265976
28.201853752968564
4.307004161270837
2.479104441995733
9.511301025981483
1.5796841613253412
13.92308186664253
6.463733444873611
.0017687230510707325
1.975572541219679
7.074892204282928
2.32820976194837
1.8808099840915407
1.195047137476243
.09969324820028524
1.0317257738263947
.17008431561287207
2.1998653756260573
2.0580885744020985
11.756230221341214
.5547302920818108
14.776191900529577
12.759702996742174
2.059251918751278
4.706138856571945
15.275503216920445
22.75243288007267
10.994260310756175
7.685104174041034
33.296845126255974
.0017687230510707325
1.9397681836189524
2.8793239655830907
6.521946275072187
33.526307677730834
35.3495379065821
3.772097755108142
6.232931869456058
15.203685584659214
.03951145082439356
5.129039723091542
7.119476208914619
14.206540761876186
2.980617740547426
.6252260313686745
17.67316726190817
18.862805644605988
1.7946956369655775
7.440193688047253
.4371611938731818
13.267025586640449
17.255188661828278
1.5082774396708611
1.9084087744469842
30.24098128430751
23.233265472546854
.9069133828805152
.398772992801141
.009969324820028514
.09877862706098378
2.993620132121161
6.299108066292518
.19411784214730154
12.52096023343746
13.194141641523187
.8178899726274241
4.7048821509194045
34.88924979234426
.8118776338600878
12.023881550490852
1.7986572977030792
8.537685879111184
1.1549089500718988
.0001289657217282994
2.4534287580391982
4.298175369759114
.3465599913192089
.00013853131958347365
37.181289351025896
.37991509886363584
1.1713109922812828
.6611017484979229
.15069707704109264
.0017687230510707325
17.19436573284549
.8579473487754681
.4623203163258866
1.1855177364012774
.03951145082439356
.7233457727108719
.5308377469611786
.6463477962685396
.5700417631875898
.0001289657217282994
3.6870604497868262
8.875335069311028
.30947615228600345
6.214047875964928
.925595276088677
.5926717623659027
.3951145082439351
.1825374317876448
6.113428739654157
.002494973780879608
2.0880653222443213
2.26549279680894
39.65245705907534
1.122054939135852
.15827402758974773
.16115335964627078
25.675271044789437
37.141456924496374
3.6484378048831734
15.29631172285519
45.90664570935182
.20963832749939185
9.404049920457703
9.404049920457703
9.404049920457703
9.404049920457703
9.404049920457703
9.404049920457703
9.404049920457703
9.404049920457703
