.06309082370800864
7.1289603899719385
1.0936142412835392
5.175624992316277
.20508991414530095
6.380278715131449
.004444339008629512
11.821108082948124
14985598729391685e-23
.36469445481089213
1.6029458516008104
.000225394961717604
15.296160131553371
13.751378877638626
27.798576777464586
8.47198767259453
19.752308015808147
4.823982747606603
6.659711030459456
.006308717956748141
60.045675593391834
5.0693946903402995
24.189219133954854
4231734261095973e-21
2.4882768969590874
.16080501834486952
38057648578100894e-26
1.3882288952870792
.6796575240835391
53.550029551151304
15.86313548921326
.7340481379897048
9.458982709614059
176.81967036242355
163.197006354645
8.53557590957413
3.269745610701817
5.522846328997454
13.462722901752048
29.70812594549692
22.575270680056438
.0005345255176309812
.29751370376756797
.0933461101587981
51.7493272544654
75.64393007219071
14112454638862717e-24
18.320938609695137
6.122221006389198
1.6077721896513468
1.6171056445906546
7.681311877478545
31.033220876686848
39.69515255493513
5.775593847896855
22.325845354998904
18.40937562260578
1.80088937177081
7.35280204290331
15.998838072903666
.0006007135953516332
20.065138171102962
20.087396802490584
6.464199473838854
8.840294474497865
3.4301457328428726
24.85162615700631
6.599942999971641
32.73133924179815
.6892198131562324
1.2391705989617134
1.4815453942938606
.3788291719893492
8.309045016109494
3.6623314132626876
91.11773578460762
39.320621265297376
2.492977242428502
5.2508440869109885
20.85480750634398
29.689445276938233
15.324656816825465
6.174524216385136
.34952540121502945
.0002084977860824269
9.511750222092562
8.21115966017407
.19590711034672348
7648876980314855e-23
11.86464039462043
4.950307736609991
.027793232891478045
34.719687000327376
.1477125089734499
9793000913887464e-23
5.893699733548264
.042604800600689614
5.115448630128332
5.4603179346867625
.3378102018273291
.22840815911540957
.38752065847097755
.26104466227187906
3.2469825380022557
.0016419672034513333
.09017271551023633
1.873648111316185
3.9696981389191723
.943453184129837
3.0437025810243306
.5601825617138207
.03793538281611801
.025775137314607496
.9589327939787159
14432187353511049e-21
.10152865000320667
11.508393588360311
.6716488084275969
1.6850711146401096
.004788188220365006
.0007187351545998593
89.04354216176219
309.75225755393717
14.279288054157139
26.39260875204852
70.62689048897053
.00021855260919566473
38.76099640370514
8.281539830970553
.06452126175582203
.12604415614685754
4.953841935988227
.5054478753286997
.06308242258437405
.07755570525515973
.31919345559551504
.0409517089654696
.6337954945259319
.04362671543820616
.23954617568700048
.0017629093716179226
9.964702126248993
2.903007301532821
3.015040259533629
3.4112738672756175
.6006141080172994
28.10915606488476
4.296708003526815
2.478573963836523
9.464445001387508
1.5791641598554484
13.877317587764109
6.442487566784245
.0017629093716179226
1.9749222209528405
7.051637486471688
2.3274433603295708
1.8777163898289144
1.1947914215834723
.09968504291513218
1.031505005398878
.1700479210128188
2.1890280626378344
2.057648185114763
11.717588245120607
.5529069291200542
14.727623503577393
12.71776266974117
2.0584135025076096
4.694951473848465
15.225293615632225
22.67764708958035
10.958122880857925
7.6598437285449
33.18740052765886
.0017629093716179226
1.9365776137185235
2.8787078485485846
6.512062889853369
33.41610885041493
35.23334623820902
3.7596991112392852
6.212444621371467
15.153712043331186
.03949844441905678
5.112180897831855
7.096074946333979
14.159844771753352
2.9773523627723493
.6250922456561436
17.58610300459833
18.800804809861393
1.794311608434261
7.42795590714389
.4368015201582758
13.223417722760198
17.198471961202422
1.5077809439125085
1.9021359569627274
30.141581114552864
23.11881020975932
.906719321777738
.3987401716605287
.009968504291513204
.09874611104764186
2.978872503152997
6.268076437531315
.1941114512166946
12.45927756573138
13.15077334250523
.8177149607320937
4.681704241485875
34.71737303837865
.811703908483529
11.984359821483709
1.7982724214565715
8.509623052124287
1.1546618229386036
.00012893812567485983
2.4529037739565314
4.284047542445157
.3464858344974402
.00013849945924460544
37.05907683290545
.3798338047241525
1.167460968025335
.6608841265900858
.15066483091758412
.0017629093716179226
17.13784895329392
.8577637654126342
.46222138913822336
1.1852640596074064
.03949844441905678
.7231909913602035
.5290929172658706
.6462094909259465
.5699197857912018
.00012893812567485983
3.668896689156944
8.83161203739863
.30940993065499706
6.193622698358176
.9253972174389825
.592476666285851
.39498444419056744
.1824773439959432
6.108398925351283
.002482682659768114
2.077778775763914
2.2650080272170676
39.457115065577675
1.1218148420957428
.15775379099218942
.16067655053986338
25.590878072340722
37.01937533301224
3.636445623355226
15.24603372533992
45.755753503392086
.209610991879136
9.388581949144573
9.388581949144573
9.388581949144573
9.388581949144573
9.388581949144573
9.388581949144573
9.388581949144573
9.388581949144573
