.06638317218173587
7.12782499879108
1.0949168343495803
5.189082676340004
.2050794361182336
6.388758724397572
.004429309594706375
11.884952620274216
15006945896678722e-23
.3552127623727615
1.590682684756715
.00020279736882917207
14.725002131972918
13.050769238432526
26.720677803942568
7.458114922626366
19.558362888348288
4.496056279594822
6.308115556524663
.00626172463536684
59.7836883537518
4.986903241578268
21.8025412524351
4218376383948699e-21
2.4496129449432384
.1063916128385032
38195237510809854e-26
1.3888698673617512
.5316725360368177
49.987563288983615
15.882757991794678
.7322792760640707
9.389465910580837
175.51122828867756
164.3075379906933
8.216875787104488
3.2729039498154977
5.4819902683102875
12.579330170611849
29.459388361542324
21.676300558879582
.0005334323631421724
.2965107863271562
.09000362984099436
51.60174166288759
69.70918059803836
12628521754881149e-24
17.36546616005486
6.066166120664804
1.6391659858873722
1.625330560272332
7.780416896409868
30.78899122219366
38.19817252099916
5.811311378108563
22.31426852065083
17.71665233992894
1.6125151691840651
7.266082859283647
16.06460206623001
.0006148091134168122
19.9088459517201
20.1465551108122
6.380705888666428
8.811831421934816
3.4628023918964868
22.467816204335005
6.626271279133611
30.019056600928064
.6992101785618555
1.2855038041414057
1.255268928326632
.3182335339117861
7.9045105430575635
3.2363703450383845
85.87727514096585
38.18161891793004
2.1273621673565213
4.593760183470146
20.76570526379834
29.60708881080713
15.06516257656436
5.859816062979244
.3243530647602557
.00020436336742347318
9.055311564208749
7.88870088910306
.19650883674885747
9086390585440449e-23
11.605356529236822
4.696503402872992
.032121247976095925
34.45468493535039
.13976887993653925
10933429885118907e-23
5.843652632586705
.03985386036446896
4.946175355964301
5.268337247764047
.31822536435025933
.18966910802861714
.3563761930170662
.2390864680354772
3.064302826639134
.0016409203836732487
.0726674334885555
1.5235851542018193
3.8794289030300173
.9390617021494646
2.952510466541395
.45976500154240324
.029659105510694606
.021635669494746546
.9221346511653554
11333608656712709e-21
.08501868525187754
10.435803657959182
.5010378939663349
1.700874074691736
.004484501855914169
.0005495609875842117
88.45914334267457
307.71933243517464
14.18557211616018
26.219392267024613
70.16336140650657
.00019458408430060041
38.0928083754152
8.14580660195143
.0649478122454364
.12584653401554916
4.80467015952045
.4621480604625938
.059858867194014447
.07329436645784126
.3191514225198655
.040934185167300456
.633691169331561
.04360804696806328
.23952251677084124
.0017513392775951539
9.939802309238408
2.9017650648760194
3.0093813420611424
3.388885445036095
.5976959004900394
27.924673763180888
4.276189470098513
2.477513348028617
9.371424305099357
1.5781246703826968
13.786239809258175
6.4002050830171955
.0017513392775951539
1.9736222225673825
7.005357110380612
2.3259113138628433
1.8715444581687286
1.1942801539403145
.09966863437078652
1.0310636102536765
.1699751551741716
2.167513339423634
2.05676768922314
11.64068491707731
.5492781633656988
14.630965109554593
12.63429512897183
2.0567376939550845
4.672656428876779
15.125368978839662
22.528812150436085
10.886203975617649
7.609571653550116
32.96958936240089
.0017513392775951539
1.9302122090433238
2.8774760099611303
6.492341028733581
33.19679665689045
35.002107392199186
3.7350239504427685
6.171671925090123
15.054257201262704
.03947244445134764
5.078629307147967
7.049502924173617
14.066912748136824
2.9708323353393586
.6248247601072693
17.41325910870765
18.67741385009005
1.7935437978770692
7.403540699137988
.436083060248471
13.13663153351085
17.08559722082002
1.5067884426525024
1.88965210939775
29.94375986911344
22.89158845267265
.9063313241387558
.3986745374831461
.009966863437078638
.09868111112836897
2.949594844045009
6.206471046563218
.19409866998669845
12.336822347887994
13.064463923260801
.8173650492804414
4.6356904088422946
34.3761555435491
.8113565692436122
11.905705653453502
1.7975029160131408
8.45377381767326
1.1541677273013287
.00012888295128170966
2.451854142775099
4.255931047257086
.3463375684546892
.0001384357605475343
36.8158555929161
.37967126862737044
1.159798842345233
.6604490976616416
.15060035936914612
.0017513392775951539
17.025372085832696
.8573967165279454
.46202359826362166
1.1847568688531642
.03947244445134764
.7228815280120189
.5256204444898429
.6459329690180693
.5696759092949312
.00012888295128170966
3.6328371711836627
8.744811099684354
.3092775299002228
6.152973531636807
.9250012272721655
.5920866667702139
.3947244445134759
.1823572277452572
6.098351708163554
.0024582817710059844
2.057357459096537
2.264038799203802
39.06931331741562
1.1213348021322675
.15671844214010824
.15972716040747076
25.42292340025768
36.77641465666503
3.612579383576664
15.145972969797734
45.45545538334124
.20955633133137885
9.357722290843645
9.357722290843645
9.357722290843645
9.357722290843645
9.357722290843645
9.357722290843645
9.357722290843645
9.357722290843645
