.06912679590984189
7.126957404687689
1.0956727735603313
5.199271515156681
.20506114962764993
6.395789140943865
.004416549503301847
11.952137380235937
14996947753163975e-23
.3483856624253022
1.5805450736671498
.0001838739987417223
14.135362091877415
12.498239668291879
25.843441118626725
6.7629880453918805
19.433358421610063
4.34477856460469
6.1361279840120515
.006222624870324706
59.55852973103931
4.924095229396892
20.08048334009345
42024187649703504e-22
2.422030171044607
.0753233769739321
3834225382895542e-25
1.389321842300101
.434565702143894
47.203672429189304
15.88764893884914
.7305913642437643
9.330974873842077
174.44578695734728
165.15227806208333
7.959675417531514
3.2792078205881907
5.447757657837511
11.899840152013358
29.247141863589512
20.975073966050687
.0005322957815816536
.2956776605489523
.08769540953814346
51.47770344312867
67.57867738226025
12094181574854059e-24
16.531043307727106
6.018214094571488
1.6609705577929021
1.6329352621388435
7.854766261088402
30.586818985709968
37.123821724070545
5.836290970774136
22.285427860608305
17.161852211843044
1.5490208912657868
7.19337791063231
16.100573337545836
.0006252798716422206
19.781847641526383
20.166684368168394
6.3274263399225354
8.782612196962598
3.480963348407355
20.74563744661704
6.637564039508096
28.078018231998243
.7064249974924262
1.322438698256215
1.106411984787808
.2789041022404276
7.566420059365704
2.939455379601609
81.37753132786007
37.09321187992823
1.887379891448834
4.150233799031607
20.692146503228475
29.51897465681833
14.874688812946058
5.579393959945396
.30487513781453884
.0002008650338938342
8.66583190042201
7.627260011487352
.19710871735465504
1034956624726713e-22
11.388172410513409
4.482427432493957
.035795496365390735
34.281829173821606
.13308186643993375
11797300850762435e-23
5.7984902650997645
.03773350458992973
4.827672253437387
5.133019952362431
.30202964016638856
.1612733427987287
.3317460470245232
.22203571423054655
2.910387065959709
.0016400895674262572
.061081918651193536
1.2903686959063436
3.795229263932593
.9353195679846444
2.8839758724276376
.3898232329327926
.024239867506014978
.018513708050817018
.8871808181615373
9357838560237657e-21
.07289673951195086
9.828033829768863
.39468096923328955
1.711273936637899
.004231638131959019
.00044270475716620477
87.9750752541883
306.035423871137
14.10794551342729
26.075913926444226
69.77941190219984
.00017560164610305113
37.5700470657389
8.046351044415117
.06526841709814464
.1258323584181072
4.697494929565932
.4338995852831901
.05716399312671918
.0698274505865312
.3191163991850847
.04091958773044922
.6336042447874582
.04359249601207821
.23950280279235384
.0017417555599107952
9.919099997279021
2.900730273732175
3.0046736917642876
3.3703407108516052
.595274894773445
27.77186374333047
4.259165561297865
2.476629848222816
9.294605824550272
1.5772589518632159
13.710798441642517
6.36518173864165
.0017417555599107952
1.9725395442843536
6.967022239643176
2.3246353788642526
1.8664166814317866
1.1938542646974104
.09965496264704582
1.0306959252520385
.16991454076145537
2.1497460208300456
2.0560342304688404
11.576984502585931
.5462723912030895
14.550901217393038
12.565157458615232
2.0553422290638723
4.65415812138037
15.042599598846083
22.405529484321153
10.826632248487812
7.567930386572618
32.78917244338314
.0017417555599107952
1.9249236906649903
2.8764498804760885
6.475951777626138
33.01513640907052
34.81056808288554
3.714585069442786
6.137899164936096
14.971876960717461
.03945079088568707
5.0508379190794885
7.010926477733662
13.98993547583253
2.96540988730961
.6246019429205715
17.27052092264445
18.5752068912768
1.792904206732835
7.383256006673245
.43548524645548375
13.064744966726664
16.992101036312675
1.5059618573489297
1.8793115131638842
29.77990096143915
22.70394386578393
.9060081196040537
.3986198505881833
.009965496264704568
.09862697721421755
2.925416726954349
6.155595997067332
.19408801960457575
12.235696209884289
12.992972273675946
.8170735707853275
4.597691201687683
34.09437083825756
.8110672334174571
11.840554986603586
1.796861913017743
8.407512888867247
1.1537561424500327
.00012883699065650492
2.450979793233967
4.232641646874873
.346214061885203
.00013838270067967768
36.614391050423166
.379535875010877
1.153452165366147
.6600867923091238
.15054665415364765
.0017417555599107952
16.93220546664636
.8570909624406265
.461858837189916
1.1843343756850102
.03945079088568707
.7226237430478637
.5227441326217993
.6457026244860643
.5694727586012598
.00012883699065650492
3.603058449989627
8.67312902879562
.30916723921790484
6.119303093246646
.9246713649102489
.5917618632853052
.3945079088568702
.1822571912702036
6.0899916522523005
.0024381309951727486
2.040493099015421
2.263231426020116
38.74905833936421
1.1209349257478636
.1558608440010054
.15894028853379102
25.28380351429606
36.57516594373926
3.59281054645444
15.063090840187312
45.206713031027824
.2095107917634731
9.332083407158935
9.332083407158935
9.332083407158935
9.332083407158935
9.332083407158935
9.332083407158935
9.332083407158935
9.332083407158935
