.06967552065546309
7.126791753375642
1.0957978640613322
5.201195548518008
.20505653447116728
6.397192516915624
.004413973875283532
11.966725868737525
149924678682428e-21
.3471301755400481
1.5785263419597324
.0001788405418420763
13.924278510278068
12.391579844066733
25.671381951195176
6.63683421661647
19.41090615949079
4.323874409583832
6.111349557960483
.006214811778354856
59.512763607820666
4.912162928145466
19.760598704830755
41987934424831206e-22
2.417002367081786
.07031181300828503
38375770702928775e-26
1.3894037460871176
.4174493832678834
46.66590961501469
15.887476793182987
.7302322690740645
9.319221767912175
174.2353651372212
165.3129456640978
7.909394735648227
3.280764710060555
5.440893886888914
11.77036654237209
29.204198691995035
20.840092833747253
.0005320461103672672
.29551132257118184
.08728063745511913
51.45285032585514
67.27351339322489
12015828424192243e-24
16.36070795064174
6.008515896214503
1.66493228886293
1.6344939474482731
7.8688133219048595
30.546523301791083
36.92620726673315
5.8408216479197375
22.277838966987876
17.05259842561074
1.5401743866698998
7.178867482864282
16.105944275977066
.0006272444015457094
19.756776166374472
20.167935126215866
6.317902287800696
8.776339273389832
3.4837944930682845
20.42509133253032
6.63880974921691
27.71758726670564
.7077580939577734
1.3296404988897044
1.0799797849777002
.2719634222975803
7.497676023533662
2.885177060623164
80.46658775844402
36.858656685154614
1.8447552079204024
4.070340985040869
20.678013528687483
29.499824491401387
14.83929469032778
5.521793985708705
.30111930657196745
.00020016203233470657
8.587425609954815
7.57576488550664
.19724327297030705
10609614182376663e-23
11.344703354711067
4.439435329249624
.036536558683251126
34.25061043688674
.131743601320235
11959841597014385e-23
5.7893158469839845
.037325157373430715
4.806223622052465
5.108424808398626
.29877952567343113
.15598957140463848
.32693194642679546
.218755502879821
2.87957335498364
.0016399301565626914
.05902417019826396
1.248785528328702
3.7773647376100525
.9345637026618461
2.871109911367819
.37707239100937767
.023282579322401884
.01792392749000412
.8797718034364789
9012691782210446e-21
.07063712271389892
9.727966780099642
.3764293234416071
1.7130997855390468
.004180910953054423
.0004241373409422988
87.87857997287071
305.6997495425358
14.092471242252213
26.0473126135988
69.70287449700612
.00017191325903900408
37.46569061739681
8.027005669728853
.06532743613618903
.12583770120881535
4.677489805265861
.428889900730383
.056620657085138006
.06913631074547985
.3191093949793528
.040916668867805026
.6335868613095212
.043589386486414965
.23949886019136846
.0017398451188881028
9.914964711939595
2.9005233597893296
3.003733045789195
3.366643959537781
.5947918716762784
27.74140223139788
4.255768921039375
2.4764531860727685
9.279317856855112
1.5770858651569626
13.695759780420662
6.35820010207319
.0017398451188881028
1.9723230799097047
6.959380475552407
2.324380275870231
1.8653928132468358
1.1937691050755976
.09965222852735087
1.0306224039875143
.16990242047302523
2.1462100723089748
2.0558875701077914
11.564286310817883
.545673213448335
14.534941091160242
12.551375391361917
2.055063249722368
4.650467256999592
15.026100154249482
22.38095402514238
10.814757079054637
7.559629517610197
32.753207706667055
.0017398451188881028
1.9238677270396447
2.876244698494311
6.472678895509232
32.97892382424094
34.772386182497534
3.710510734408479
6.131166822793641
14.955455088101811
.039446461598194094
5.0452979178406965
7.00323655736916
13.974590643725769
2.964326585947047
.6245573890191319
17.242113998141356
18.554832713598326
1.79277631587655
7.379205742334212
.4353657820759588
13.050414927937108
16.97346328505258
1.505796594709384
1.8772501941752715
29.74723693799182
22.666599930287916
.9059434925292874
.39860891410940347
.009965222852735073
.09861615399548511
2.9206049385621577
6.14547114029298
.19408588959827985
12.21557067342631
12.978720958617934
.8170152875607006
4.590128820249401
34.03829168333683
.8110093786349223
11.827567698089341
1.796733739851648
8.39829112555476
1.1536738430943572
.0001288278004984394
2.4508049607452507
4.227999082543423
.3461893658570125
.0001383720911467798
36.574230630503386
.37950880208201454
1.1521870037182393
.6600143550922755
.15053591540896838
.0017398451188881028
16.91363341171932
.8570298247085107
.4618258920264493
1.184249895132806
.039446461598194094
.7225721970874476
.5221707617893367
.6456565654377109
.5694321371567594
.0001288278004984394
3.5971320619074425
8.658863279509301
.3091451858015482
6.112591148167382
.9246054065549746
.5916969239729105
.39446461598194044
.18223719056144827
6.088321016840492
.002434120704839369
2.037136852051451
2.263069985936503
38.685323054265254
1.1208549675844797
.15568988835311517
.1587833799402396
25.256071026135736
36.5350485477975
3.5888697795565525
15.046568919814566
45.15712814032136
.20950168503752817
9.32696406623418
9.32696406623418
9.32696406623418
9.32696406623418
9.32696406623418
9.32696406623418
9.32696406623418
9.32696406623418
