.07308139769001387
7.125817775878559
1.0964219306827918
5.212294959618731
.2050213405981847
6.405888341812167
.004397824136789623
12.063364873216843
14948753310430736e-23
.34009195488796407
1.566060940144557
.00016038696915188344
13.341441962458044
11.758118613895741
24.631328917152135
5.9250414585420295
19.283255328702335
4.242863141446258
6.008723236812097
.006166367483825218
59.22324483588534
4.842552647362986
17.915515057108973
4173514745590527e-21
2.38922801346861
.04600673350636665
38614304472558e-23
1.3898522454595923
.32500174885363753
43.46028003970764
15.878516528665791
.7278554850821894
9.24590967503258
172.94878136736116
166.25211104035756
7.606397119517667
3.291945436440382
5.398185646140833
11.012450269822471
28.93433638072139
20.038243207996388
.0005303449337394632
.29448101585675024
.08501735839621903
51.2984340947965
65.7501787926476
11612884478977136e-24
15.2842575140595
5.947658867982936
1.6869162169940122
1.644223382292771
7.950244735815846
30.297381966675758
35.81546141486833
5.865839785502339
22.218730020296665
16.37684991687479
1.4969436035660888
7.089219583902722
16.12711810459837
.0006385325941079185
19.603445042935242
20.15744955424988
6.263999556941204
8.734942837693174
3.4963108893635084
18.569828910434158
6.639850422390315
25.625105604981805
.7152911294350187
1.372967178961071
.9345251249398813
.23399481537555483
7.057769479306956
2.57703750206658
74.76173325373861
35.268609826765996
1.6096836672049235
3.6227677701658756
20.59632468784117
29.372158268131823
14.638550049127957
5.156141008156059
.27865995038202024
.00019578067163892565
8.099316975414721
7.262037359431822
.1981960549218425
1229962902633237e-22
11.075027783498747
4.172038199954811
.0412573042245979
34.07226856478072
.12346085040303591
12900876928301724e-23
5.732276090539044
.03488338821835624
4.6882355071345705
4.972462014230929
.27842061438485954
.12595221830248768
.2977320601356399
.19930590098639128
2.68891219375302
.0016390000944800857
.04777037269873409
1.0202718181011623
3.658308789054361
.929824919821335
2.797209896311314
.30547903779313307
.018086393238830732
.014511543052078258
.8310801318465387
7153464672599925e-21
.05771432951757024
9.214845305891055
.2806409954026471
1.722719541514586
.0038642679017047653
.00032489363206100757
87.28200628958527
303.6244722039589
13.99680290671265
25.870487484763313
69.22968864685811
.0001498349973414971
36.83269225132954
7.913172126673337
.0656708954203935
.1259247638802443
4.568715512453849
.40195528609098524
.053199196876198625
.0648271339448427
.31906592404614165
.04089855644922367
.6334789745489271
.04357009094658749
.2394743903314727
.001728033983441425
9.889335958426404
2.8992393966845307
2.997901137277342
3.34378911609502
.5918025508396422
27.553076583511928
4.234746825980129
2.475356944420052
9.184987742368175
1.5760119588415542
13.602784565526195
6.315036741273201
.001728033983441425
1.9709800393953385
6.912135933765695
2.3227975043085713
1.8590503201911028
1.1932406640680835
.09963525981038666
1.0301661824793398
.1698272104463357
2.124392494232979
2.0549774985585576
11.485780844740233
.5419688490979145
14.436268998987526
12.466168959375478
2.0533325008895407
4.627623816403004
14.924093773204135
22.229018386419686
10.741339876973305
7.508310117285494
32.5308588502448
.001728033983441425
1.9173264143401172
2.874971482727655
6.452401419687563
32.75504266841558
34.536329904529445
3.685321512457241
6.089544703098024
14.853928289081239
.03941960078790677
5.011047342068447
6.955694293608881
13.879722553967063
2.957611493095497
.6242809186912434
17.066837042169862
18.428871132310665
1.7919827147366132
7.3541158198014225
.43462501179434243
12.961820709592134
16.85823700905676
1.5047712323568925
1.8645062688281253
29.545294454247298
22.436179655927543
.905542462137474
.39854103924154666
.009963525981038654
.09854900196976679
2.890915148593151
6.082998552848228
.19407266939506534
12.091391698428023
12.89061344289559
.8166536226626249
4.5434672677728845
33.692270995075035
.8106503723485918
11.747274916524876
1.7959383868946275
8.341278376013037
1.1531631508965148
.00012877077280991754
2.4497200726901234
4.199296832388958
.3460361195914605
.00013830625707745526
36.32594232762791
.3793408064345481
1.1443652518777563
.6595649226296217
.15046927827581794
.001728033983441425
16.798813297588158
.8566504467349034
.4616214574011596
1.1837256679559827
.03941960078790677
.7222523389354757
.5186259464912197
.6453707552215666
.5691800689042048
.00012877077280991754
3.5605649473351475
8.570840476854746
.3090083377354033
6.071095131540737
.9241961151681264
.5912940118186008
.39419600787906717
.18211309733724915
6.077961802910748
.00240937633372238
2.0164280720049077
2.2620682017737543
38.292062363235345
1.1203588031873366
.1546329699302891
.15781292295664512
25.084617330342834
36.28702623692379
3.5645063309905547
14.944423584238214
44.85057386657705
.20944516939592564
9.295251600955512
9.295251600955512
9.295251600955512
9.295251600955512
9.295251600955512
9.295251600955512
9.295251600955512
9.295251600955512
