.0755033537941458
7.12517886755536
1.096727585338837
5.219316734405871
.20498994348742747
6.412057497574694
.004386179162993751
12.136598279211714
149024608257625e-21
.3358268508357772
1.5572636621721094
.00014829958352657026
12.910833001491225
11.339465856610207
23.92640277801181
5.475888927766559
19.200907423472
4.223351560592916
5.976178712873661
.006131969264444683
59.01160098630795
4.79753231247944
16.717813790109183
4152904427035705e-21
2.372918525362869
.03416942799410932
3881561362119896e-25
1.3901115619159028
.27129227370652975
41.312030098506234
15.864451101875275
.7260211449743017
9.193435930585151
172.05395678199883
166.86223780995334
7.401826545192235
3.3009719714653083
5.367723288128375
10.521640787045467
28.73925486415564
19.50672648046541
.0005289891156520091
.29375058702649337
.08370500341355963
51.18853892807399
64.83905274373727
11362519300413213e-24
14.50646099635036
5.90375455781129
1.7000403295336926
1.651084059668023
8.002434320409286
30.121178682990948
35.1368907132165
5.880654065063035
22.165056163495006
15.890098298725588
1.4716333407272435
7.025978214919851
16.13042106397067
.0006456471790065453
19.496694575666044
20.132602775766394
6.229433298510042
8.703310520634128
3.5004523827583567
17.35832456385699
6.634126255008147
24.24240204683564
.7199370894078803
1.4023490213634326
.846192825697104
.21112014183923572
6.728530358870822
2.3812840250052107
70.68859650869545
33.991819773823345
1.4661516851916627
3.3428623418042913
20.545355720193054
29.27349319478764
14.514741506200254
4.890749111718134
.2634276086186368
.00019264860889518115
7.752325662422328
7.045121243076607
.1990007324481917
13600222948362888e-23
10.88365923025047
3.9820934239294368
.0447869917712705
33.956566670119344
.11761690412255427
13511470544561664e-23
5.6920807013070736
.03322400185316446
4.618927384482779
4.891903238301949
.26371217537852687
.10732981472768112
.2776004491169721
.18637905370515787
2.5546055628236894
.0016384060007724455
.04107198174060374
.8831824678321626
3.5645378029478243
.9264110284124207
2.750493433074793
.26136952715455447
.015039373996897707
.012341826696508632
.7940999630106267
6067618971574237e-21
.049588930495455305
8.929587341299657
.22734216681206507
1.7278404167870345
.0036372108159736607
.0002678694309283721
86.86024264661364
302.1572996567651
13.929167630727992
25.745476253802096
68.89515731644146
.00013501254742759853
36.37687255734394
7.833724756526832
.06587664111966454
.12599009637988004
4.503692753300968
.38608673713216596
.050719977569564575
.06173813362257662
.3190350149968906
.040885681390169536
.6334022662802068
.043556374875835024
.2394569910697445
.001719683786888691
9.871151393024762
2.8983267024066603
2.993760894645851
3.327631276250528
.5896859594470284
27.419934754526217
4.219861008549665
2.4745776903434678
9.118492842882528
1.5752487373560573
13.537053262857928
6.284521254579849
.001719683786888691
1.9700255451701443
6.878735147554759
2.3216726340613625
1.8545532310975916
1.1928650262620217
.09962319492963984
1.0298418812915593
.16977374803706438
2.109012912971212
2.0543305819202726
11.430279316104665
.5393499501301906
14.36651013730726
12.405930004547132
2.052102633534232
4.611447913893231
14.851977647264581
22.12160344291766
10.689435631992069
7.472028501380374
32.37366340847009
.001719683786888691
1.9126883539213204
2.8740664281039052
6.438020552445315
32.59676392679629
34.3694436362753
3.6675133215976197
6.060118837822931
14.782151216417986
.03940051090340288
4.986832985960707
6.922083024924977
13.812653033035405
2.952845575494342
.6240843921046755
16.943281339594215
18.339819240001617
1.7914185901004573
7.336326030204845
.43409900902955795
12.899186669033021
16.776774726539696
1.5040425108971034
1.8554966116294205
29.402525840744662
22.27375249185185
.9052573930864302
.39849277971855934
.009962319492963972
.09850127725850708
2.8699863114929647
6.038960565135174
.19406326891301792
12.003855830315775
12.82832348970895
.8163965362387653
4.510574747090109
33.44835513627356
.8103951757763312
11.690509797637208
1.7953730169941626
8.300971695352702
1.1528001296811996
.00012873023516144497
2.4489488892220437
4.179005012743207
.34592718578397674
.0001382594608142361
36.15040830381497
.37922138815408746
1.138835456241291
.6592455125406267
.1504219098351729
.001719683786888691
16.717638162011145
.856380769121608
.46147613678251936
1.183353025515711
.03940051090340288
.7220249704823293
.5161198449723569
.6451675894546868
.5690008883258225
.00012873023516144497
3.534788167340869
8.508791708581809
.3089110604488198
6.041758418186436
.9239051738588613
.5910076635510423
.3940051090340283
.1820249047141549
6.0706059797854595
.002391933606347258
2.00183010130218
2.261356092002387
38.014846224318106
1.120006108935872
.15388575332180585
.15712643222652697
24.963403576929643
36.11168026323577
3.547281942603262
14.872209220694746
44.633847163932586
.2094049897859538
9.272766155487954
9.272766155487954
9.272766155487954
9.272766155487954
9.272766155487954
9.272766155487954
9.272766155487954
9.272766155487954
