.07671433184621176
7.124874992104
1.0968409303616207
5.222562741845438
.2049724745335106
6.4151358672086705
.004380310026087165
12.173829267746914
1487491066383814e-22
.3338947539458681
1.5528855875380727
.00014278899363703165
12.707629351909821
11.13993304126432
23.58530157920918
5.261584722315953
19.161271326862245
4.220908571657024
5.967768146276111
.006114785443754816
58.90397423349481
4.7762671627833
16.138155600063595
4141851793253766e-21
2.3657073871211725
.029490181826470573
38923717429730285e-26
1.3902239036615052
.24739464101988426
40.27478013671965
15.855235417208489
.7250628630957167
9.16711135871402
171.6126461866197
167.1504842749083
7.303063579883236
3.305605863029165
5.352472362297756
10.290470799096633
28.64086278032871
19.252174333778264
.0005282702508000356
.29338606661592326
.08312731916491178
51.1335796031181
64.39173391989142
11238202943685678e-24
14.11624964943496
5.8816187998086225
1.7058773476606623
1.6544629917440903
8.026847432167042
30.03335312793066
34.82727503001379
5.887234587945642
22.134863333955362
15.638514164404887
1.4592656303324798
6.994517556402447
16.128749281559294
.0006489365345430924
19.443989514944704
20.115351799955445
6.212845841000007
8.686877318689223
3.5011765123834877
16.769558401713077
6.629421293088458
23.559639836956542
.7220592796936303
1.4166079040438382
.8051105216833404
.20052801943527337
6.558354113543605
2.28770640918228
68.65870344215725
33.307651396294546
1.39903161127579
3.2098294581411952
20.521838072382124
29.22193847118843
14.458064677301921
4.757338002566694
.2559734307910896
.0001910754967070822
7.579268647581954
6.938570574329563
.19943573069713474
14295593270750972e-23
10.788196719519513
3.887429541490572
.04665231799135301
33.90074242943721
.11471382031492314
13806120651103585e-23
5.672159271813426
.03240924341170239
4.5881660514888205
4.855989997360302
.25627552981535917
.09881170191229594
.26770688487056526
.18017324756111824
2.4880236416420902
.0016381311551348261
.038032106564998565
.8206238129267226
3.5145609903800445
.9246921702546723
2.7286325323514764
.24102058460089557
.01367503871781545
.011332711311059231
.7750332470734835
5579471034993516e-21
.04581455513654141
8.800360064363401
.20425132772398147
1.729861553005053
.003523086305817602
.00024260388354006826
86.65012512843894
301.42637213494646
13.895472558694687
25.683197178705758
68.7284978756144
.00012787956876725623
36.141512436022914
7.793240638173264
.06595436177960401
.12598924393530544
4.47491349634748
.37891526532662484
.04944993362905719
.06016288723074596
.3190195615951172
.040879245380570875
.6333639156290911
.04354951845967043
.2394482919129413
.001715523820506644
9.862071649760654
2.897870463013247
2.9916929175612177
3.3195816369234663
.5886305026110871
27.35360511436422
4.212437722792446
2.474188155297795
9.08542592773266
1.5748672652170848
13.504306727178045
6.269318810185341
.001715523820506644
1.9695484713971425
6.862095282026572
2.3211104032182535
1.8523087661139896
1.1926772517038418
.0996171630371204
1.0296797689821215
.16974702314378107
2.101364878121063
2.05400719997103
11.402629129451206
.5380452465109516
14.331757120703747
12.375919689772743
2.0514879760995024
4.603381167012509
14.816050270272028
22.068090624258133
10.66357756831131
7.45395344153017
32.2953505509147
.001715523820506644
1.9103735311581154
2.8736140076356746
6.43084213841754
32.517911382431535
34.28630292681078
3.658641497463511
6.045459229568927
14.746392751644711
.03939096942794284
4.974769688200593
6.905338299588279
13.779239813289777
2.950465496678934
.6239861520117777
16.881838943787102
18.29545467014703
1.7911365943785056
7.3274472735280485
.43383624637216894
12.867983151672421
16.73619120799188
1.5036782825056552
1.851008109972761
29.331400253600496
22.192979901862692
.9051148922139227
.3984686521484816
.009961716303712028
.09847742356985698
2.859578715031725
6.017061135038391
.19405856884274683
11.960325557380138
12.797291392493122
.8162680233764404
4.494217790407779
33.3270594418807
.810267607616705
11.662230105685733
1.7950903987870623
8.280891397187267
1.1526186619289769
.00012870997112276528
2.44856338852787
4.16889587494941
.345872731740105
.00013823606862025856
36.06295938768998
.379161693111442
1.1360805792989328
.6590858655021538
.15039823120679663
.001715523820506644
16.677197696577082
.8562459621509823
.4614034936286107
1.1831667482868167
.03939096942794284
.7219113130970909
.5148713356704946
.6450660305554023
.5689113191892838
.00012870997112276528
3.521969761666136
8.477935787729143
.30886243328932084
6.027143224335259
.9237597375504758
.5908645414191417
.3939096942794279
.18198082441870633
6.0669314066442395
.0023832595999113216
1.9945707496478244
2.2610001211827933
37.876990800599046
1.119829803446454
.15351349909380452
.15678430675546426
24.90301635896943
36.02432503139627
3.53870096176168
14.836232902922518
44.52587655612724
.20938490287146938
9.261543830569943
9.261543830569943
9.261543830569943
9.261543830569943
9.261543830569943
9.261543830569943
9.261543830569943
9.261543830569943
