.07891093412624499
7.124350012639481
1.0969783826255197
5.2280031916070016
.20493783614525926
6.420706913311459
.004369587428856754
12.242237430468736
1481748175287055e-22
.3307333684336361
1.5449790092569082
.00013356360130054138
12.353714898921458
10.795270178897363
22.987764392390314
4.89188390404148
19.092168809929962
4.228584609984751
5.965472725143197
.006083638999214731
58.70558609801299
4.739864765877091
15.12517243601258
4120548990267243e-21
2.3542872740623864
.022632570440327064
39134608750966663e-26
1.3903991973993042
.2087543819049939
38.456606399842975
15.834958182436472
.723258152751813
9.11921440513383
170.82246419577444
167.6456191145492
7.130461909673495
3.3141692608543427
5.324775969662674
9.895244891797331
28.460970618460582
18.81084235574112
.000526900042572346
.2927260401642943
.08221158223086043
51.03386876883832
63.60391407436644
11016451109351648e-24
13.41157581143574
5.841132771548116
1.7152444807918492
1.6605172965081691
8.068396868856567
29.874509941710553
34.31541793151944
5.897808711794293
22.074356060486956
15.17187535776179
1.4376028366395477
6.937730708842878
16.120149679324243
.0006544391620912605
19.349522759870368
20.076113619791645
6.184010726006772
8.65601237927593
3.5002191178072746
15.737072765160528
6.617777841387107
22.347295295940636
.7255884504172978
1.4417293358853407
.7357774285644322
.18271975306800092
6.240028869912439
2.125981345615884
65.01309256779118
31.98688251994396
1.285228172349863
2.981125018905595
20.48280728335221
29.124617347510796
14.364366712605394
4.515983770008886
.24270224857658004
.0001882115986448433
7.266619487620347
6.748578920904268
.20028751108527656
15638221462662e-20
10.615492234061934
3.7166650884714048
.0502145647065575
33.80317985944901
.1094887065288412
1432472990856035e-22
5.6363080236054675
.03095309262152505
4.538949013526445
4.798145655393489
.2426730797843941
.08466582960187709
.2500627968368757
.16934902167782093
2.3684854564409896
.001637671178051236
.03302522893623753
.7170825378802838
3.418459815330804
.9215546680190587
2.6914945921597866
.20707243434940953
.011458004497519563
.009639214647469968
.7397968247957095
4780669772798508e-21
.0394758921359726
8.585824154191144
.16778473553902118
1.7326027291266812
.0033155074142767983
.00020191274029147886
86.27029039213268
300.1050560213699
13.834561127264445
25.570613724112754
68.42722340164664
.00011543740804672451
35.716766455172106
7.721738533999933
.06607993063867452
.12598333510670826
4.428993610411813
.36715199332604154
.047144902317285735
.05731394522467995
.3189915324627169
.04086757363972424
.633294357018149
.04353708430907091
.2394325132529385
.001708003744372612
9.84562316053106
2.897043070219263
2.9879454453149106
3.305030100917731
.5867208277284033
27.23369935115569
4.19900592940625
2.47348173122647
9.025752281456878
1.5741755458031108
13.445109988833888
6.241836968081167
.001708003744372612
1.9686833985465488
6.832014977490443
2.3200909159488536
1.8482444513463394
1.192336721450263
.09960622267358551
1.029385777365919
.16969855739434814
2.0875629820480808
2.0534207449249062
11.352645189760832
.5356867008766967
14.268933216194908
12.321669286960923
2.050373514249285
4.588784883328467
14.751103444873133
21.971354152491667
10.616833294512084
7.421278700025687
32.153782423433725
.001708003744372612
1.906181811345277
2.872793540484725
6.417841598897841
32.375367649495566
34.13600736968586
3.6426036772483834
6.018958686045072
14.6817512731242
.03937366797093096
4.952962560629788
6.875068437331971
13.718837893347668
2.9461531519214668
.6238079930318267
16.770957968736585
18.215255718443984
1.7906251934963247
7.311369472295451
.43336002525152006
12.81157576645556
16.66282735808588
1.5030178309975488
1.8428941323378747
29.202824736089056
22.047215020501785
.9048564660526763
.39842489069434206
.00996062226735854
.09843416992732729
2.8407968230108254
5.977540700812404
.19405004364012193
11.881769390357114
12.741193887794807
.8160349645530315
4.464699486605147
33.108165229064966
.8100362620171353
11.611108193393395
1.794577869024444
8.244591735812639
1.1522895691046895
.00012867322217073994
2.4478642807764572
4.150621331629334
.3457739790147745
.00013819364744353964
35.904875776741434
.3790534358043472
1.1311005187782925
.65879637920784
.1503552898764933
.001708003744372612
16.604092447392304
.8560014889255555
.46127175484641875
1.1828289334486075
.03937366797093096
.7217051947677949
.5126143739208586
.6448818529007633
.5687488850391307
.00012867322217073994
3.498837243782727
8.422252174724113
.3087742476526964
6.000722969847432
.923495987959189
.5906050195639636
.39373667970930915
.18190089408298749
6.0602717490026015
.0023676062016579325
1.9814702840963756
2.2603545660307116
37.628212353776135
1.1195100724157931
.15284056573841331
.1561656263571878
24.793852862229883
35.86641077589313
3.523188906300881
14.771197606042024
44.330695365616165
.20934847198248988
9.24122225673169
9.24122225673169
9.24122225673169
9.24122225673169
9.24122225673169
9.24122225673169
9.24122225673169
9.24122225673169
