.09559232696326016
7.121331847483347
1.0943748801889983
5.251404602789641
.2045827143571348
6.461024316724955
.004285363866440106
12.702473099233224
14060463576846977e-23
.31612489873869565
1.4863487990306696
8764313526178916e-20
10.282478785157572
8.787842975490042
19.21885213021753
2.4008940203009925
18.667681005713064
4.518143164925395
6.198760772488458
.005847804797507026
57.05835954601577
4.52556042602374
7.864970657782629
39086009457774785e-22
2.313379086425969
.003292047145144684
4073045474894775e-25
1.3907988408511744
.04531895731295548
26.731726244540994
15.5633027845564
.7073331333609991
8.752290609109803
165.2238825499386
170.42224027941498
6.070279117862106
3.360728912174124
5.114475901302797
7.690320396230923
27.057704023452047
16.123595599326908
.0005143523654558701
.2877629034990002
.07877671566146784
50.27666265887123
58.03999457798078
9389313953681282e-24
8.594371441590036
5.511677345245769
1.7350433496098419
1.7033212097527604
8.285979520695275
28.68407141060784
31.75727072558732
5.930752621875818
21.344533853408727
10.450622241412452
1.2876477562892668
6.515450953563593
15.83269689534573
.0006780504312376151
18.67556325714633
19.503074872626236
6.00949061513313
8.366146929983552
3.3966325322913353
8.233987419218007
6.400026582962242
12.592154665376551
.7410149539897795
1.6036674223158256
.3214153615850221
.07821495130616257
3.569880784777702
1.0374164358784006
40.624434521491004
19.448178896749997
.5827329230343538
1.4536369875116208
20.20667637974134
28.18624430361239
13.911946321918014
2.847926055708737
.14545507983837136
.0001653853253915902
4.993977002930284
5.439164792718712
.20705009119419762
33483026496467263e-23
9.356223519612207
2.50387288857398
.09753905854742503
33.19548672217855
.0721805673808809
18965274619156478e-23
5.3580067937192135
.01974670169155327
4.341444698793945
4.560769412046558
.1388719803103557
.0208793466682638
.1303758924588802
.10201662990454025
1.5365218402669842
.0016357464418357078
.009193090918366427
.21062016857127097
2.434925138104312
.8970567957236544
2.446305388194949
.04570830064873887
.002104653578768817
.0018630230298672453
.473597675789557
11094535248886914e-22
.008891394317749142
6.914147920393951
.029567787125248424
1.706674786727494
.0017832981933716793
35672293863439584e-21
83.43955142184436
290.25787603160916
13.38061538137931
24.73157942349752
66.18195904666158
4327325235392011e-20
31.519498354067483
7.080283521072559
.06368201973401173
.12004741457629126
4.222165355731218
.3036173639570249
.028830276514093395
.03490197733040179
.31877875453651916
.04077904501799002
.6327663656414287
.04344277290947116
.2393127211955214
.0016519599691793515
9.721602213803783
2.8907674045197984
2.9596392143626082
3.1965839897232677
.5724190999408916
26.340095148503522
4.098389971884519
2.46812359740427
8.585180141216604
1.5689324087232397
13.00394308615848
6.037027049493655
.0016519599691793515
1.9621262664954473
6.607839876717402
2.3123633440509703
1.817668876803276
1.1897538441910542
.09952317878403161
1.0271558895603354
.16933095104881743
1.985663211014387
2.0489725604060207
10.980137168651364
.5181095116364117
13.80073466098049
11.917365218073886
2.0419298228143554
4.479437498436211
14.267083706602206
21.250420350753398
10.268469059139454
7.177768417052891
31.098738276318084
.0016519599691793515
1.8746477769685126
2.866570404878288
6.319966867352105
31.313052749820706
33.015921579871105
3.5230809523840776
5.821461948341995
14.20000714902301
.039242525329908934
4.790443759834927
6.649480647369811
13.268689309458013
2.9136094251813587
.6224566805625144
15.952320738757864
17.61756868178751
1.7867462849557716
7.190417223717506
.42976053245374957
12.391196669224483
16.11607928823098
1.4980117003011209
1.7824242740029563
28.244608719344477
20.971028969187717
.9028963375529244
.39809271513612643
.009952317878403148
.09810631332477221
2.7021296075507935
5.685760268798909
.19398531393836688
11.301787090055598
12.323124191932633
.8142672439798535
4.246765053329765
31.492063350846422
.8082815360218195
11.230119369756949
1.790690398074003
7.974066540932683
1.149793443244837
.00012839448619504195
2.4425616402801067
4.014429306530682
.34502495256011895
.00013787191791390726
34.72674909346958
.3782323183450333
1.093986347685725
.6566021133058455
.15002958552466272
.0016519599691793515
16.059271613435893
.8541471916118694
.46027253348178687
1.1802666522584229
.039242525329908934
.7201418143049748
.4957942440894647
.6434848895742394
.5675168433390466
.00012839448619504195
3.3280492402151234
8.011138557758928
.3081053711783382
5.803824590539316
.9214954819415859
.588637879948633
.39242525329908884
.18129503324035723
6.009935069932109
.0022520367400792446
1.884749193525303
2.2554581149684245
35.79147436971052
1.1170849545313244
.14782549341502052
.1515462109924659
23.980305982977587
34.689546223262056
3.407584471779782
14.286518529256787
42.87609695889892
.2090720160234147
9.088344384016374
9.088344384016374
9.088344384016374
9.088344384016374
9.088344384016374
9.088344384016374
9.088344384016374
9.088344384016374
