.10232005096120382
7.120513795582612
1.091014883596766
5.251986482522368
.20440417283498633
6.475256924957665
.004250179462864462
12.83326934727443
13597697889101762e-23
.31302008641403967
1.4633868393268183
7707582577909872e-20
9.697505610693714
8.228106031829467
18.0188886049975
1.6566842408530211
18.498684033428322
4.73569159143125
6.3973509200570895
.005752798468429254
56.31674760532677
4.458506636936473
5.52366391926659
37999708384652993e-22
2.310499606658847
.0015648732554517355
41089645947961344e-26
1.3906295534748907
.021920745094933334
22.88231206119264
15.408978438472428
.7000664361659961
8.603847575679366
163.1487253668237
171.13364225582828
5.7557776131916025
3.3641344742123236
5.03017371802124
7.102320693456029
26.481945925611605
15.315073396579514
.0005084948862546378
.2857856307846281
.07842683004294021
49.97177902738299
56.17467130201297
881046251593225e-23
7.075271618078648
5.362537749062159
1.7171830909329409
1.7173748630839671
8.333754226230967
28.210634458527327
31.10818155863325
5.9232360527197265
20.889471948009785
8.179247575378456
1.2390040014398966
6.348484856745711
15.601712192901386
.0006792727075402946
18.422988552798227
19.16235736010472
5.940609887162769
8.2152857027322
3.30633335823584
5.7880468246552494
6.246172781159855
9.113511986973862
.7423729299558057
1.6550749944426404
.21332923557678526
.05156391970066267
2.5281300676469693
.7126522911659737
33.08072624536008
14.09944729507678
.3922659384721415
1.002082645698632
20.043826722679633
27.6860204515255
13.812124058044075
2.3139808803615973
.10848106089848283
.00015548385614832047
4.1657490971550235
4.975555644161682
.20876942346167646
4732042032637367e-22
8.89663781737962
2.0813764914584194
.13522691781662866
32.95255910647222
.058938507572535326
21412350012959605e-23
5.234338708127658
.015113326067105012
4.312960551606065
4.525498812686115
.10133776452009215
.010449290115812849
.09204200864629036
.08130551517539236
1.2530812962259057
.001635556545875535
.00498418055435762
.11723260133488368
1.9342441502745082
.8868790885839297
2.338752533514062
.020458933252442062
.0008815636913959659
.0007597997239988764
.38083133744863235
5222252099448253e-22
.003960798402601019
6.015098838692142
.013121245730444254
1.6697999649081994
.0012554538816209803
14831317413553108e-21
82.32435488826619
286.3784858422047
13.201779138420429
24.401033882767575
65.29741580479885
2575172960753656e-20
29.44985984152007
6.83658882477296
.0609677392234572
.11463493277590894
4.217507610257574
.29086895703228327
.022295186484724106
.026972657147528143
.31869297985933226
.040743395089304545
.6325535475648286
.043404794291888565
.23926442517139995
.0016298809910467293
9.67202689888111
2.8882402327389993
2.9482991400470673
3.153860613052554
.5667502527972621
25.98805127598529
4.0584964234846055
2.465965910038233
8.413641102598085
1.5668227595156912
12.830141189990387
5.956340234620027
.0016298809910467293
1.959487913115654
6.519523964186912
2.3092540479020616
1.8054811469484726
1.1887137354862045
.09948970619029714
1.026257927526268
.1691829182460269
1.945988008789766
2.0471813039990905
10.833384091722824
.5111848108015563
13.616283388262735
11.758085785788952
2.038534270259706
4.436077855288077
14.076399528382774
20.96640162452095
10.131227656174422
7.081835225645194
30.683093602618115
.0016298809910467293
1.8620779954366957
2.8640643866412083
6.280916987200246
30.894543694015685
32.57465313257787
3.475993838435555
5.743656230615562
14.010219470643547
.03918975826231306
4.726417932943072
6.560608192500638
13.09134899457277
2.900586264189107
.6219125153849812
15.633580104519641
17.382104190557506
1.7851842724660332
7.142204447570886
.4283173061178146
12.225584326673147
15.900682687328342
1.495997413911938
1.7586015983310295
27.86711040829965
20.55201037097042
.9021070059236543
.39795882476118855
.009948970619029702
.09797439565578253
2.6481388109131574
5.57215405037576
.193959214101295
11.075967985481213
12.15842166000964
.8135553938331425
4.161911155973608
30.86282573643893
.8075749187112805
11.080025200032743
1.7891249375547356
7.867490568106423
1.148788268792208
.00012828224094078354
2.440426299733328
3.960775163253906
.34472332423733576
.00013774237417231647
34.262614884313976
.37790165942034315
1.0793648670817249
.6557192198680475
.14989842639569576
.0016298809910467293
15.84463426544069
.8534004775469761
.45987015321546953
1.1792348374632435
.03918975826231306
.7195122506574674
.4891677940072819
.6429223410787221
.5670207077629459
.00012828224094078354
3.2615520488049157
7.851069347348281
.30783601875713085
5.7262546017921
.9206898905354922
.587846373934695
.3918975826231301
.18105125669454714
5.989752442828912
.002207039173228885
1.8470903372897551
2.253486344395665
35.076330947775354
1.1161083745514087
.1458497579871362
.14972206899297696
23.65980145424208
34.22590924247343
3.3620410055692393
14.095574598360288
42.30304408544582
.2089606227122047
9.027405734742356
9.027405734742356
9.027405734742356
9.027405734742356
9.027405734742356
9.027405734742356
9.027405734742356
9.027405734742356
