.10568391296017565
7.120164501758118
1.088737083214933
5.250360160031687
.20430917452631583
6.481706409242605
.004232357845715767
12.883212759163312
1333599194744924e-22
.3116787305224211
1.4520486343851224
7286047424843603e-20
9.446587215864783
7.98952935906284
17.470802033013584
1.3770524728193563
18.391577942150864
4.8652854070623235
6.516606239933437
.005705258587669025
55.92765360718601
4.426652763007482
4.620665613320006
3741407826243016e-21
2.3099485086091374
.00108772419927644
411409646823396e-24
1.390498421014339
.015198495716968841
21.120906528608497
15.32474082758557
.6962990397720505
8.529758488405673
162.14607275908656
171.4169205515569
5.618824156184587
3.3617213470692824
4.9882311266921135
6.854736288351325
26.193713294617325
14.956531607255538
.0005054432187735105
.2848022018229217
.0783332853184422
49.81956523627335
55.339888765205984
8543101011149324e-24
6.407848919934992
5.283651763849416
1.7028995218673875
1.7228070992268067
8.350626295119413
27.975144957968396
30.812564243508767
5.915654959534505
20.624216087810513
7.15729968590383
1.2175883000025187
6.265475532810215
15.461408475379704
.0006784704372296371
18.30003763705628
18.975706505143684
5.896750817684295
8.13147180266798
3.2514242076620037
4.8416287939411875
6.15585146365419
7.740845804293813
.7421472661997356
1.6779085090518795
.17434328979988337
.0420188113161088
2.0692562635023433
.5906006654767914
29.78724053897054
11.692281196943341
.32275375053630395
.833183108226422
19.93810178836434
27.405892774937744
13.770269755808647
2.078248113528245
.09141657044880061
.0001503764728211471
3.77934795303564
4.756961462486326
.20913865281279623
5618170764850925e-22
8.681942668790184
1.8885041001490752
.15942030773919544
32.80014758729238
.05284712075631206
22683633575882834e-23
5.168700449783996
.012888908188551042
4.302443554911075
4.513006944948379
.08472581479887621
.0071744740788360906
.07575861687140097
.07219097118603847
1.1249052739533822
.0016355082343199867
.003668450033777273
.08754173883656392
1.679577461141027
.8817311558798613
2.278493314695866
.013342635273582218
.0005580295192202094
.0004665213071315686
.3388219544435864
3520102311231814e-22
.0025592028023512176
5.50036851819052
.008714422556140241
1.645379189245207
.0010278738779267707
9376622619105434e-21
81.7723581516766
284.4582765696399
13.113259295034165
24.23742141242413
64.85958716367675
19296686938185906e-21
28.575875863594273
6.780470306625122
.05989153937315932
.11252951158037246
4.2586116561336365
.2892631072103861
.019654126078064743
.02377694022570108
.3186501011759851
.04072558181388072
.632447165369407
.04338581743554802
.23924028081446855
.0016189524026683777
9.647334124488305
2.8869774754591218
2.942645407051716
3.13271352033101
.5639369159810689
25.81379762390218
4.038695502017945
2.4648877738189756
8.329161041317809
1.565768998917874
12.744113232935995
5.916402109675229
.0016189524026683777
1.958170067084761
6.4758096106735055
2.307700968007574
1.7994179609498735
1.1881940221652136
.0994729741153493
1.025809240933537
.1691089503817113
1.9264486459587946
2.046286263113796
10.760744680542878
.5077572425231337
13.524984233778
11.679246115668183
2.036838612005527
4.414555673788843
13.982015228461513
20.825818861492078
10.063296305707787
7.034350493588357
30.477359010951947
.0016189524026683777
1.8558247452992942
2.862812199197354
6.2614826196980236
30.687391298826352
32.35623535998645
3.4526867957283742
5.705144182756877
13.916278917605561
.03916340134169521
4.694726615370233
6.516618363279159
13.00356960131342
2.894096528708534
.6216406112174027
15.476605759030612
17.26555466154789
1.7844037783747082
7.118219420599634
.427597511453163
12.14361001104828
15.794066304304575
1.4949912866268684
1.746809919616298
27.680257392270054
20.345650832406754
.9017125989155231
.3978918964613972
.009947297411534918
.0979085033542379
2.6215492611217437
5.516204918495923
.19394616549964358
10.964755914186316
12.076897679803364
.8131997021616182
4.120122053584733
30.552936904992137
.807221841742097
11.005732024458522
1.7883427205791878
7.814737903058051
1.148286011143065
.00012822615511669214
2.439359329596612
3.9342175914703357
.3445726089740103
.000137677647953101
34.032879083422046
.3777364383746345
1.0721275691396126
.6552782184382866
.1498328898357421
.0016189524026683777
15.738393695212725
.853027365347562
.4596690950149816
1.1787192683776762
.03916340134169521
.7191976752554008
.485887853018941
.6426412512796845
.5667728026481106
.00012822615511669214
3.228803312129333
7.772237981535106
.3077014308619524
5.687859234377919
.9202873589702142
.5874510201254272
.3916340134169516
.18092949137084902
5.979686559920725
.0021848786362712565
1.8285439905913847
2.252501105614543
34.724134966057015
1.1156204047630505
.1448718142115603
.14881824802560872
23.50115905481089
33.996419558232375
3.3394980331296327
14.001061726814434
42.01939604089491
.2089049483148938
8.99708980474936
8.99708980474936
8.99708980474936
8.99708980474936
8.99708980474936
8.99708980474936
8.99708980474936
8.99708980474936
