.11241163695811932
7.119533768856186
1.0831118101427737
5.243269887605631
.20410919233707692
6.4931518277016425
.004196282931134555
12.952383642132027
12771165764849824e-23
.3093843470799013
1.4296534663286449
6620953114195745e-20
9.023014192140954
7.589531796482821
16.482133274686042
.943801628407809
18.095654496460757
5.153424865480457
6.779571898678742
.005610017682470304
55.11059286883175
4.366001924326274
3.1996243837411646
3618509488207866e-21
2.310538910761331
.000538680566925357
41006432754279824e-26
1.3901532623257788
.007272864413933366
17.92391034839277
15.14435288578948
.6885390458542467
8.382024663070917
160.2050256354522
171.85276134785838
5.384610472373115
3.3489120244998145
4.9048274063041335
6.442793027813762
25.617926899467303
14.331393671369941
.0004991380954059874
.28284569591814784
.07829634101278732
49.5157481387094
53.8582618940257
8053600302339825e-24
5.2876257769219706
5.118991572023354
1.6657995857280068
1.7289056263602967
8.371704439896934
27.506638291382156
30.273444781143628
5.894980224283735
20.0343232847248
5.339273755227327
1.1802191994485691
6.100452984462578
15.141864384319195
.0006749873733242021
18.059215430490006
18.583555460284312
5.77525470052826
7.9499068733213045
3.127493304737473
3.347907009416004
5.955694328541318
5.521866761360737
.7402239634945982
1.7181064489081994
.11603700990275603
.02782050850376083
1.305630755857456
.402130710813135
24.281372226486578
7.61150989556788
.21748096938824335
.5720763727835441
19.68509071047212
26.795653835097472
13.702236205855606
1.6811219627253389
.06202330304753175
.00013999641695444412
3.0721453077818004
4.345249238893255
.20894009684654566
7717014163003548e-22
8.286868356567863
1.5412173129879592
.21535629460409547
32.38271366985922
.041886339122718316
2494064513878008e-22
5.033327610557636
.008922926366116017
4.288298724866026
4.496015280956867
.05701584605480267
.0032349984586966664
.049498823834141115
.056364400728159424
.8969924655287788
.0016353458362613534
.0019866997544867888
.04891393868073522
1.2022851055123254
.8713229478315115
2.148655204901734
.005417263334838786
.00021492586467704883
.0001644514381239075
.26632178302973913
15371375874035864e-23
.0010092962935169484
4.390698615788388
.0038238260965055616
1.5868316401285736
.0006595164973128509
3616549593781159e-21
80.6794439954744
280.6563992074244
12.937996320583682
23.913480394087074
63.99271769116956
10284299607111195e-21
26.05012679624801
6.515365631513102
.05633995613500893
.10576849912181208
4.246934393071751
.2820100020351828
.014971773304378806
.01811760304480261
.3185643611159063
.04068997862386648
.6322344546492933
.04334788860965328
.2391919994096366
.0015973145773801318
9.598137538491278
2.8844536169149926
2.931370445595248
3.090843785483139
.5583520700399018
25.468787824916415
3.999383013274406
2.462732915278805
8.1627374064205
1.5636636033539877
12.573784015638816
5.837327471672801
.0015973145773801318
1.9555370333643183
6.389258309520522
2.3045979410705373
1.7873526055695923
1.1871552770899865
.09943951840692888
1.0249124561683685
.16896111165663025
1.8879565836114525
2.0444973551251486
10.616923828870378
.5009709018719518
13.344218421642687
11.523149193650754
2.033451525684991
4.371824063729181
13.795141048471793
20.54747502058181
9.928797078350726
6.940334111917298
30.070019197601546
.0015973145773801318
1.8433811743438637
2.8603094664636903
6.222794101222485
30.277244335653368
31.92378375328646
3.406540514010723
5.628893075641387
13.730283324785576
.03911074066728634
4.631980067595249
6.4295216398780255
12.82977266528676
2.88116058560808
.6210971594650648
15.167370174136343
17.03479490934302
1.7828438137540936
7.070490738965813
.4261615489817033
11.981306714574233
15.582973472470709
1.4929810616031975
1.7234632370392597
27.31030175157275
19.93912763648295
.9009243021357709
.39775807362771554
.009943951840692876
.09777685166821573
2.5691685045324575
5.4059865100847375
.19392007092981478
10.745670879577366
11.91548601532892
.8124887852826919
4.037798553657586
29.942463558241673
.8065161508388577
10.858636837273291
1.7867793124495668
7.710291389904792
1.1472821545196719
.00012811405702104606
2.4372267885780077
3.881635494090654
.3442713760996203
.00013754828674645485
33.57801858817256
.3774062129587714
1.0577982355597504
.6543971051609354
.14970190266233394
.0015973145773801318
15.52804494590215
.8522816302586292
.4592672422874188
1.177688806338428
.03911074066728634
.7185689369943506
.47939380386964164
.6420794403107251
.5662773175282221
.00012811405702104606
3.1642891094494425
7.616942137240884
.3074324315739693
5.611839146217974
.9194828237309423
.5866611100092943
.3911074066728629
.18068620634683102
5.959605513466649
.0021412229256115665
1.7920081455075567
2.250531920122315
34.03031757784122
1.1146451051237214
.14293555530738608
.14702694189919122
23.18705842229005
33.54204635639241
3.2948645560291316
13.813932984180974
41.457793149573384
.2087936440171226
8.936763027847952
8.936763027847952
8.936763027847952
8.936763027847952
8.936763027847952
8.936763027847952
8.936763027847952
8.936763027847952
