.12586708495400664
7.118347190154178
1.0677631340551028
5.214016823368802
.2036786485914056
6.50991719062834
.004122570584878653
12.966546318358057
11541861469684343e-23
.30581065289223286
1.3859621513516258
5786997835991726e-20
8.417453549364076
7.029530197284986
14.838536777202394
.5040047422927824
17.16392229876734
5.710447462637523
7.279315128557603
.005418296855837129
53.305910807155364
4.253189316125462
1.7309456515629493
3358564678194785e-21
2.3158036601815724
.00014785546974399702
39844068517473464e-26
1.38920413125924
.001994749315972299
12.751316996755154
14.747399103177994
.6723195931657046
8.089464132611921
156.54750148971164
172.27084897021535
5.0445363995415065
3.292109847443426
4.740370104875083
5.869232383232962
24.47734104530027
13.36607216682932
.0004859380180566956
.2789737415272884
.07862239052183759
48.911332746706556
51.66514661409091
7260896820099072e-24
3.816857924886826
4.765874830256991
1.5653033313082918
1.7202784927670625
8.370028948444094
26.579109292418888
29.330228812797667
5.840492565022121
18.664348140836193
3.1299752040718296
1.127346530628731
5.774718254267633
14.382247479936215
.0006640271411426779
17.59233133982652
17.772198156816916
5.396902996644538
7.538611597476255
2.8419543367637163
1.7967600823621346
5.499845809967315
3.1590483406613497
.7315325716003221
1.7795586425091963
.059403420578724886
.014118538157876658
.44468842159378513
.21161634649273314
17.05428654116392
2.8219070973725726
.11356192971982823
.3079233863145359
19.019087422009566
25.402611053429453
13.61201107380794
1.1521977360721132
.027041021318568788
.00011925103478944952
1.9435654359941528
3.6176016459527323
.20483784766714538
126614792773509e-20
7.643373957811575
.9992163251572228
.33217999795051906
31.065924879178194
.025080124929905707
27284970858268096e-23
4.752363025241232
.003967049306146759
4.27784467674528
4.481299567592905
.025355669528889423
.0006551153138969918
.020885092923325917
.03332920848128034
.5512797476273623
.0016343567687823856
.0007075933028263402
.018678194628744337
.5627791039899067
.8501551208388481
1.8633652350523178
.001027334686013811
3773636406838291e-20
21874718951956252e-21
.16498929314194194
3353762253844089e-23
.00017349057287471213
2.5004581617598904
.0008806103969027654
1.4420187908788853
.00026095418920640226
6457038816325445e-22
78.53724144329773
273.20440369416104
12.594466328736422
23.278529083137116
62.293581500215694
27341295213344243e-22
21.310983112020295
6.030847028665201
.05083388637828826
.09545369590059606
4.237583186271038
.27615594276776884
.009222739477836774
.011178353615149158
.3183929502004838
.04061886559187692
.6318092478077579
.0432721304034897
.23909546582921332
.001554902642011754
9.500495720107203
2.8794125171339324
2.908949959575373
3.0087756263865937
.5473477549540721
24.79253995337131
3.921902302744661
2.45842884802419
7.839799304505572
1.5594613014159844
12.239924597738876
5.682334611181473
.001554902642011754
1.9502815826091067
6.219610568047011
2.298404398947215
1.76346405154827
1.1850805104262665
.09937264074274171
1.023121237918889
.16866582182496676
1.8132643467731446
2.0409242294874685
10.335023010072627
.48766911034477495
12.989902410723603
11.21718625700563
2.026694240969878
4.287597721461442
13.428852129037358
20.0018979658819
9.665167417709036
6.756054192383618
29.27159931914134
.001554902642011754
1.8187437801173512
2.8553105629137776
6.146132732815202
29.47332221030566
31.076142673419046
3.3160899677276285
5.479434570284744
13.365716509202237
.03900563165218212
4.508991620587723
6.25880482548111
12.489116230557666
2.855461902805959
.6200116808370725
14.567311457164262
16.582486622084023
1.7797279745856374
6.975991310342316
.4233040746289768
11.663178768330427
15.16921398318741
1.488968717007391
1.6777017994024899
26.58515795761929
19.150286379908835
.8993497754123683
.39749056297096685
.009937264074274157
.09751407913045516
2.467525837490305
5.192112299066839
.19386789232239995
10.320545534380823
11.599105741886593
.8110688154785031
3.878053245691734
28.75786556534902
.8051066192840521
10.570318048818685
1.7836565952916374
7.505567546066621
1.1452770732855528
.00012789015473986109
2.432967297852193
3.7785702143828885
.34366970015360965
.00013728992886031293
32.686454224880045
.37674662794538794
1.029711551174181
.6526384313532554
.14944027175091631
.001554902642011754
15.115743920187453
.8507921153243266
.45846459045035454
1.1756305840293657
.03900563165218212
.7173131089617151
.4666649279715277
.6409572913855379
.565287646401368
.00012789015473986109
3.0391019978180034
7.315597047508902
.30689513828750076
5.462833457208671
.9178758626641336
.585084474782731
.39005631652182066
.1802006172511502
5.919645503118954
.0020565108452217412
1.7211118664393228
2.246598712147235
32.68399395881775
1.112697062984147
.13914032697892303
.14350875471591326
22.571395085139567
32.65143712866989
3.2073792324887513
13.447145100814177
40.35700482116582
.20857121329835984
8.81732025774134
8.81732025774134
8.81732025774134
8.81732025774134
8.81732025774134
8.81732025774134
8.81732025774134
8.81732025774134
