.1292309469529785
7.1180334968370484
1.063177950957454
5.203685832937985
.20356679645240575
6.512900411509772
.004103848897761469
12.946042307030371
11227747835527673e-23
.30509208999746595
1.3752632722907268
5651133694827656e-20
8.304866012612317
6.928089385066988
14.480072368068395
.45045600785361145
16.878025085226206
5.80857203271016
7.369143183031973
.005369950770567562
52.815193888146744
4.2264653740650715
1.5511052867830721
32924770864613267e-22
2.317829036507755
.00010972424205312
3940507533147538e-25
1.3889229451918275
.0015399160624483118
11.69368650223525
14.64260452398578
.6681523471994941
8.017099066938837
155.67327434076196
172.29244642988508
4.980815042206544
3.272083763820729
4.699800380556383
5.764892758881749
24.1957151058111
13.170620677266802
.0004825527659625698
.2780142342472522
.07877041857113151
48.761047084632324
51.25993362687033
709778897999554e-23
3.5911661403967425
4.673474592587764
1.5365131349059473
1.71426565224679
8.361700186443482
26.349177151108755
29.117143203610862
5.82591099049283
18.29209638946847
2.830901056639561
1.118128689228677
5.694487425454858
14.174208213614724
.0006610171347680261
17.477862645523732
17.571137480223424
5.282737429598662
7.428322108288391
2.7668046129804975
1.6053366205616453
5.378304792119088
2.867714931601351
.7285187242040139
1.7916171702017447
.052673586095210695
.012494008400473787
.3357300687361217
.1884360592954357
15.925508784487956
2.18412373092166
.10109896760733313
.2759110469536822
18.825802466007357
25.027618344942624
13.596746618010222
1.0678383671004006
.022503827284193884
.00011423415275541895
1.7207571863606081
3.4543443352844365
.2031727907265988
13902057284279664e-22
7.512111107951074
.8930796272994411
.3572222166291759
30.657550556826866
.02189809753005952
2733217446000967e-22
4.681981144665184
.0033042431413658657
4.2783423064496
4.480993679520113
.021333105769561385
.0004590658157770622
.017362423975136782
.029107435245971983
.4855902045641649
.0016339640955109489
.0005843922109860432
.01570779118545887
.47331575650807695
.8448243509901612
1.7906187224595578
.0007420453267894609
2685264936514524e-20
14308228201522929e-21
.14766124351458562
24795072083591257e-24
.00012157459967784991
2.184448978971831
.0006505084155800707
1.4030327092986823
.00021246872683258763
46236779782400443e-23
78.01063816935023
271.3725296583752
12.510018656772766
23.12244326445309
61.875894255781304
20083199262564743e-22
20.57009595592575
6.001627175071049
.05051315648821601
.09487864708369285
4.288678081271711
.27914976174949213
.008411138600767754
.010199901177602388
.3183501118847554
.04060110676155556
.6317029907878929
.04325321154866003
.23907133852209891
.0015444768006286672
9.476240867177193
2.878153619388468
2.9033716836374337
2.9886013617153226
.5446307324029004
24.62630247839779
3.9027678121430687
2.4573540070572406
7.761081261682814
1.5584124917389068
12.157854178055324
5.64423375667064
.0015444768006286672
1.9489699282608968
6.177907202514665
2.296858615943004
1.7575419682422628
1.1845623855747933
.0993559283557387
1.0226739227071613
.16859208003855408
1.7950576791080377
2.0400319242356586
10.265725224036224
.48439922022142456
12.902803284092268
11.14197344205487
2.025008431285346
4.266795914427299
13.33880978267339
19.86778242069049
9.600361107837676
6.710753896736684
29.07532911978289
.0015444768006286672
1.812636055852328
2.8540622026983296
6.127115414859076
29.275699430528476
30.867772756514125
3.293855117080747
5.442694189147519
13.276097496068427
.038979398565217926
4.478758196215191
6.216838656928114
12.405374945851726
2.8490731281436967
.6197406077266644
14.42104365073732
16.471298711929517
1.7789498660230698
6.952564463820802
.4225927047930885
11.584975510727192
15.067502265281913
1.4879673168457805
1.6664525723601726
26.406900726252164
18.9580017301659
.8989565738832669
.3974237134229548
.009935592835573858
.09744849641304469
2.442749845529619
5.139979214733465
.19385484986441906
10.216918755967923
11.521332102956958
.8107142109551335
3.839114396671982
28.469112906621742
.8047546214713579
10.499442576381917
1.7828767691107292
7.455241657736988
1.144776350753817
.0001278342403383951
2.4319035888393885
3.753234368494144
.3435194455415548
.00013722541524869889
32.46728694204412
.37658191188691775
1.0228071900824895
.6521995018961317
.1493749354991395
.0015444768006286672
15.014390726591143
.8504201435177628
.4582641467710072
1.1751165907467338
.038979398565217926
.716999495038635
.4635358738515953
.6406770607189477
.5650404989921796
.0001278342403383951
3.0085869103884724
7.242142427142678
.30676096175135487
5.426204388874599
.9174745614100589
.5846909784782681
.38979398565217876
.18007942402178514
5.909697436226942
.0020358617823450172
1.7038304855846795
2.2456164846835223
32.35581973698655
1.1122105846432908
.13820737147426443
.14264244178359325
22.420050699584866
32.43250464039982
3.185873302644765
13.356980097495995
40.08640541539366
.20851564265329842
8.787709841211305
8.787709841211305
8.787709841211305
8.787709841211305
8.787709841211305
8.787709841211305
8.787709841211305
8.787709841211305
