.1292309469529785
7.118034281633785
1.0632010246169832
5.203686687841828
.2035673653467064
6.512911332698054
.004103848870735579
12.946056972521022
1122845609157739e-22
.3051290468210114
1.3752632548553556
56506773391437064e-21
8.30461811918256
6.927807750113633
14.479199361020985
.43627954797760593
16.880068807004452
5.808874072018488
7.3692240890567
.005369950808232488
52.81519530498489
4.226695132365836
1.5030370985555885
32925803955922024e-22
2.318049648185325
.00010970539764916976
39414327192639356e-26
1.388922929235713
.0014913742897989845
11.694514521351152
14.642607340144249
.6681523469898625
8.01709864694623
155.6732677813651
172.29244632839703
4.980655336690249
3.2720873738960115
4.699800128347396
5.764626268201121
24.19571230961019
13.170145367909926
.00048255282625045735
.27801423424725535
.07878474111839363
48.76104710069767
51.25995925740917
7097730972829712e-24
3.5912589565044533
4.6733796799975655
1.5366088619399578
1.7143574638380998
8.361710708787486
26.34917304412469
29.121653692784722
5.8258821049163325
18.291488165549005
2.7507856583283883
1.118129402257787
5.694513550484059
14.173882843678077
.0006609995541000335
17.477890403032532
17.570860817497113
5.2835579684027785
7.4286544470441935
2.7670024058928195
1.5556280926541226
5.3780788890153834
2.7781766795285976
.7285096068575402
1.7915985012355036
.05100204988211634
.01209655844971402
.3356015210436937
.18253132549797702
15.925767057005476
2.1829552413216136
.09788945435949761
.26718971314371487
18.827740474736284
25.028783837710694
13.597710596925822
1.067946148259761
.02250745895664296
.00011423912559903206
1.720883300925211
3.454344349844395
.20319837131554905
13888047177249596e-22
7.512256318355168
.8930742530926928
.35704141340043144
30.66042970304348
.021899630630429053
2735524379548668e-22
4.682364946241018
.0033048171907083296
4.279057940025002
4.481422297426849
.02133160567749078
.00045913078438465145
.01736116285264807
.029110590249742233
.48561664625573425
.0016339667111334303
.0005659122943364155
.015210929453426723
.4733110611149352
.8448243459030204
1.790990206995025
.0007187325865740261
26001234885637e-18
13891457079990017e-21
.1476696463404849
24006016106020757e-24
.00011789770520473933
2.184539190961623
.0006299005029681519
1.4031351799641776
.0002124463521501857
4476246432463911e-22
78.01063816935023
271.3725296583752
12.510018656772766
23.12244326445309
61.875894255781304
20082819559840564e-22
19.907658532850878
5.80695113688745
.04885777010349481
.09176112206966204
4.13442434527721
.26885782507925654
.008150311777952425
.00988308353937518
.3183501118847554
.04060110676155556
.6317029907878929
.04325321154866003
.23907133852209891
.0015444768006286672
9.476240867177193
2.878153619388468
2.9033716836374337
2.9886013617153226
.5446307324029004
24.62630247839779
3.9027678121430687
2.4573540070572406
7.761081261682814
1.5584124917389068
12.157854178055324
5.64423375667064
.0015444768006286672
1.9489699282608968
6.177907202514665
2.296858615943004
1.7575419682422628
1.1845623855747933
.0993559283557387
1.0226739227071613
.16859208003855408
1.7950576791080377
2.0400319242356586
10.265725224036224
.48439922022142456
12.902803284092268
11.14197344205487
2.025008431285346
4.266795914427299
13.33880978267339
19.86778242069049
9.600361107837676
6.710753896736684
29.07532911978289
.0015444768006286672
1.812636055852328
2.8540622026983296
6.127115414859076
29.275699430528476
30.867772756514125
3.293855117080747
5.442694189147519
13.276097496068427
.038979398565217926
4.478758196215191
6.216838656928114
12.405374945851726
2.8490731281436967
.6197406077266644
14.42104365073732
16.471298711929517
1.7789498660230698
6.952564463820802
.4225927047930885
11.584975510727192
15.067502265281913
1.4879673168457805
1.6664525723601726
26.406900726252164
18.9580017301659
.8989565738832669
.3974237134229548
.009935592835573858
.09744849641304469
2.442749845529619
5.139979214733465
.19385484986441906
10.216918755967923
11.521332102956958
.8107142109551335
3.839114396671982
28.469112906621742
.8047546214713579
10.499442576381917
1.7828767691107292
7.455241657736988
1.144776350753817
.0001278342403383951
2.4319035888393885
3.753234368494144
.3435194455415548
.00013722541524869889
32.46728694204412
.37658191188691775
1.0228071900824895
.6521995018961317
.1493749354991395
.0015444768006286672
15.014390726591143
.8504201435177628
.4582641467710072
1.1751165907467338
.038979398565217926
.716999495038635
.4635358738515953
.6406770607189477
.5650404989921796
.0001278342403383951
3.0085869103884724
7.242142427142678
.30676096175135487
5.426204388874599
.9174745614100589
.5846909784782681
.38979398565217876
.18007942402178514
5.909697436226942
.0020358617823450172
1.7038304855846795
2.2456164846835223
32.35581973698655
1.1122105846432908
.13820737147426443
.14264244178359325
22.420050699584866
32.43250464039982
3.185873302644765
13.356980097495995
40.08640541539366
.20851564265329842
8.787709841211305
8.787709841211305
8.787709841211305
8.787709841211305
8.787709841211305
8.787709841211305
8.787709841211305
8.787709841211305
