7719065519007322e-21
7.165919548517666
1.1054502824306633
5.000271501046563
.17733999766327138
5.711369745897441
.004473562284888198
37.81667602692424
1435034800321492e-22
.6776951258738456
1.860045748767913
.014046260835785904
89.00234424116813
1.2347754100152317
2.962408538747578
1.8096035461998985
12.154752160163802
66.1591785264982
21.628219681771096
.007229908662193029
63.47468212933847
7.023832717578504
47.61309387726019
42262059890479775e-22
2.8595630592587185
535486347226213e-20
4372831379102523e-28
1.3282913432426742
6.694324992228344
145.14390555480355
5.791258524499895
.5220405521296331
10.63793212553364
211.68187872745304
79.6234056338285
1.11424197888708
11.041873103183704
6.2664607394740806
1.0154005628751923
33.08442275539437
5.353417272539941
.00027018015600115385
.31741441849387086
.34271332893855455
46.43025201662436
266.2467430395709
1788925427485854e-22
19.79508940284427
.48407495818974416
1043579836690576e-21
.9504534754031642
.002134868736899801
36.280299935570106
107.27288868083777
.0028121833552838846
.0218274003983704
1.9123493271747727
.00013654546868037865
.00016951040541639465
.007184546628085858
21092069551056093e-23
23.69351780522552
.02349845276727642
3.5076926176191323
10.06579263636575
.004199797725503498
4.910598157737397
.009183302006212913
.00602132705168474
28876786737414344e-33
7721370386562271e-22
8.154654947640262
2.381882455250631
4.557432389690543
.9965252494560137
153.17368023566522
4.324409122411398
1.33125906067485
1.5208153572305163
24.905062516114064
33.449743719206936
22.596672031526758
10.221710832977639
1.8096394544211942
.000319413588528776
19.013969776609386
16.095157457452384
.001157488221541831
509169918402828e-19
24.301735563869673
.09140204970233987
.3512741819621429
23.892572269851144
.37644117344898864
16349630223873193e-25
7.436344165112579
.20035333132225233
12.027604151627763
35.342154885309
.0013736871838350856
2.0831132125327056
1.9364060017542823
1.0411949862432854
6.710398647989293
.001239974421651061
.7854819479252819
12.391451824720662
5.3835087480956965
.8319339690920864
8.42458941131589
.0023429816064401386
.0004925721229173645
.00010282536255260907
.938221436390843
.00035805516715589755
.5135083499565958
101.54000881457868
16.334625354981828
.9995593237998563
.011062060286812853
17677130692816246e-21
101.01729441144026
351.40487716773816
16.199434684798344
29.941642749883115
80.12414170280687
.0006896415468849557
1986.1155654609531
507.16654338024335
215.2044302037271
465.95870218516444
5307.795293750372
1752.501720602525
.005170664581674276
.006701581326583533
.3199999011959769
.04128892672674372
.6357977399378969
.043985960599970154
.23999994442273484
.0019999691239808884
10.454027605632614
2.9269121799351088
3.1255469062070103
3.869990436169029
.6593634293472805
31.889015474082864
4.709433419971218
2.4989838364487245
11.436289446890363
1.5992140907312768
15.743410946720163
7.3088137272616285
.0019999691239808884
1.9999969123762225
7.999876495923555
2.3569938527218794
1.9999845619297036
1.2046299582051216
.09999996140468002
1.0399989563828755
.1714481844128544
2.6450952515463793
2.0745919350095305
13.293261171023861
.6272567407480194
16.708058140128696
14.427929804613727
2.0907878924882164
5.143288075147553
17.27265032737443
25.727127391733852
12.431669926622986
8.68986868993095
37.65013529855463
.0019999691239808884
2.062678555396006
2.902412632563048
6.901730616461135
37.90959820190843
39.97120087136181
4.265268685386867
7.047836733536238
17.19144312707651
.03999993824752445
5.799619717538432
8.05028949451756
16.06392977415436
3.105080290955682
.630239581701331
21.25003253481112
21.32896320768071
1.8090869074122489
7.911629903989863
.45079850125979004
15.001580673855434
19.51116345276917
1.5269245544818517
2.1579176132281526
34.19474225254513
27.935436804563963
.9141857222654857
.3999998456187201
.009999996140468
.09999984561881109
3.599497716606332
7.573982035326175
.1943565088339365
15.055072380891069
14.919167749016697
.8244484528227638
5.657101372824032
41.95047114166329
.8183879024303269
13.595905722395365
1.8130803358377732
9.653918479850908
1.164169911484758
.00012999986954785947
2.473102264817362
4.860126645474242
.34933897983310697
.00013972563610451484
42.04243883565326
.3829615546647794
1.3244503246134844
.6692750725043322
.1519054838297157
.0019999691239808884
19.44238842327996
.8648270402790973
.4660275614811073
1.1950241429542712
.03999993824752445
.7291461237158696
.6002404407650138
.6515307173985195
.5746128029845103
.00012999986954785947
4.433283143574224
10.67161059391491
.31195777363316085
7.026483812344389
.933017421475331
.5999990737128665
.39999938247524436
.18479417604325765
6.304138043401216
.0029999305292303328
2.5106680299540094
2.283659286358657
47.67770202722416
1.1310524514451976
.1789670622068101
.17999749904048395
29.032102741202916
41.99739864513607
4.125441208058952
17.29617937527172
51.90856417495844
.2106610744421965
9.999922809648517
9.999922809648517
9.999922809648517
9.999922809648517
9.999922809648517
9.999922809648517
9.999922809648517
9.999922809648517
