1118049597459965e-20
7.1659171282867655
1.106676470247348
5.000316244852025
.18117996597949648
5.722681364645289
.004473596436933467
37.81526178170631
14405833328184055e-23
.6781183506536286
1.8600302944851546
.014170961515448121
89.00170449006866
1.2455919877930606
2.9870385580355387
1.8251090094462308
12.177754677065407
66.2756244721948
21.62796943908509
.007229855997331951
63.474539339517335
7.025058992060951
47.52622027200934
4234329354230831e-21
2.8609218486432173
8442601469763045e-21
6362574368322971e-28
1.3283018782033442
6.664380700589162
145.18582370913447
5.793241545393723
.5221087184128064
10.637810099437736
211.67916115833728
79.63858639134155
1.12363016947486
11.041410270457792
6.266386313776727
1.024457819217011
33.08384914931142
5.399509434614725
.00027025543187658176
.3174132899546247
.34332204847510644
46.43358191718196
266.24425477765976
17889177911461738e-23
19.79678955703943
.5243945319025409
16534101796036972e-22
.9511787967609326
.003092102172042825
36.27997949299542
107.39106078665822
.0040753665028353024
.03162522360076179
1.9351739855991497
.0001366432972213351
.0001696022193810542
.010411891809563381
3056377494977796e-22
23.693030686727397
.025606084161056995
3.5155753495396085
10.08927265870177
.004598136273258325
4.961211390668926
.010006531555874882
.008795900490633278
18303516069327946e-32
12176429029791917e-22
8.092100958799463
2.3563637015147605
4.56407426010245
1.0055767227564179
153.17067721830657
4.377348641469396
1.3363997673658508
1.5312375078089462
24.983461493991626
33.530042783122845
22.584300044436496
10.262906590889767
1.8193498727665849
.0003199778960347627
19.096343590425676
16.094651092747316
.0012173837881586699
4944486442920507e-20
24.320399512036357
.09601784035571326
.3370139070018261
23.93006808777941
.37801442720556894
2366881012571462e-24
7.470346197130831
.2014110729698213
12.24020571194164
35.33272313235668
.0019876366812483
2.092002548071473
1.9363271301057532
1.0428799026026296
6.732263777085493
.0012400630045517806
.7809082790638219
12.317393492025609
5.400360554195671
.8319721024139021
8.470358081776899
.0033795956845463484
.000708542476402729
.0001488074410461924
.9399014700122675
.0003551153818829878
.5147318008816074
101.58082053240724
16.233066016607392
1.0036827357629527
.011062095117974853
25240489177589192e-21
101.01659508519027
351.40244444909916
16.199322538754682
29.941435468774824
80.12358701644473
.0006926508624647896
1893.0157618822516
477.43672034501367
206.5727650710912
446.7805711127167
4537.191817889715
1392.6155006110264
.0073914453518518315
.00955802563188869
.31999985688968374
.04128890814731062
.6357976298994235
.04398594080690995
.2399999195004426
.0019999552785209033
10.45400010720464
2.926910862866021
3.125540732819807
3.8699636448565613
.659360052967429
31.88879471163088
4.709409718964239
2.4989827119413395
11.43617068974728
1.5992129836179896
15.743301957654444
7.308763129536501
.0019999552785209033
1.9999955278066588
7.999821114083615
2.3569922210083853
1.999977639134252
1.2046294161386768
.09999994409753593
1.0399984883980533
.1714481072635961
2.64506778424969
2.0745910014724993
13.29316914394534
.6272523983519294
16.707942472967822
14.427829922409357
2.0907861021782588
5.1432623356570195
17.272530751633944
25.726949287027857
12.431583864200096
8.68980853138761
37.64987465280993
.0019999552785209033
2.0626714155900334
2.902411326518411
6.901708607737286
37.90933575994437
39.970924157258786
4.265239157627564
7.047787942512265
17.19132411352023
.039999910556133174
5.799579567717235
8.050233763676655
16.063818566189088
3.1050731341821516
.6302392981024323
21.24981186943132
21.328815550747876
1.8090860933487252
7.911602518480716
.45079772105663674
15.001476820359677
19.5110283801675
1.5269234974135875
2.157902674316543
34.1945055279228
27.93514671635999
.9141853108948393
.3999997763901437
.00999999440975359
.09999977639033289
3.5994603385679964
7.573903385299656
.1943564953789062
15.054916045447376
14.919064466052175
.8244480818326195
5.657042628141127
41.950035518017444
.8183875341673448
13.595811600157985
1.8130795199772631
9.653851647348143
1.1641693876247619
.00012999981104975668
2.4731011519563184
4.8600929996103215
.34933882263550653
.0001397255685260745
42.042147782707694
.38296138233749577
1.3244411556599485
.6692746091746692
.15190541547439626
.0019999552785209033
19.4422538267966
.8648266511191598
.46602735177529536
1.1950236052103076
.039999910556133174
.7291457956104258
.6002362853983613
.6515304242189109
.5746125444168755
.00012999981104975668
4.433237107310183
10.67149977737847
.3119576332565745
7.026435169143205
.9330170016306863
.5999986583419974
.39999910556133156
.18479404811286426
6.3041271327429795
.0029998993772399293
2.5106419585814845
2.2836582587442744
47.67720693065391
1.13105194248759
.17896582324703383
.1799963775561043
29.031901756691727
41.99710790399641
4.125412648302463
17.29605963664348
51.908204820436644
.21066101667908124
9.999888195671259
9.999888195671259
9.999888195671259
9.999888195671259
9.999888195671259
9.999888195671259
9.999888195671259
9.999888195671259
