2156478734137663e-20
7.165909863627122
1.1099132985196263
5.000454836168093
.18816990787721857
5.754030506598499
.004473698787354156
37.8110046826562
1455383123196981e-22
.678991995610836
1.85998393105054
.014544386833244584
88.99978524941194
1.2779682781467934
3.061256730412537
1.8759478107561045
12.246948475099039
66.58293810826027
21.627218188665776
.007229698005061366
63.47411097317287
7.027546195204964
47.33506570518139
4255843515167087e-21
2.8639147889623797
202483598557435e-19
12412384882433129e-28
1.3283334095992831
6.596639161323201
145.2697629856398
5.799191048576094
.5223130562191192
10.637444391801404
211.67100637346027
79.68410540143753
1.1516938234070464
11.040017785750784
6.266163224093313
1.051585260496488
33.08213084292566
5.537388679452401
.0002704812295813813
.3174099043615283
.34458056402870113
46.44355680939528
266.23678971412306
17888949419439417e-23
19.801888854670135
.6426733535006905
4017449609104228e-21
.9535742760660623
.0059634228978179575
36.27901820109882
107.63511276710697
.007870612281961368
.06103807456589411
2.0040320934374485
.0001369376831959375
.00016987644568988554
.020109129623688573
5901236595925386e-22
23.691856116079833
.03193515879729896
3.5393209578451064
10.151509539629664
.005806875945686519
5.118386275356282
.012478197809485324
.017424605736864506
4905912937319219e-30
2922307473520914e-21
7.952407357709573
2.299994313179354
4.587879657122596
1.034527156089202
153.16167537864408
4.535612165291618
1.3589325608892993
1.5675086865728283
25.18974257528133
33.74374251170663
22.556688141813524
10.372766185958378
1.844144400031838
.0003214626909781941
19.316156092511537
16.093132172473414
.0013970858049001415
45257686706646344e-21
24.36608864727633
.10987930743833213
.29575410870056756
24.042713369848748
.3822069217821157
4550909190345615e-24
7.5611436283228795
.2040394367432991
12.627580239814463
35.29814485169696
.0038229616137381538
2.114885261818945
1.936089982963024
1.0470827328745076
6.790379917139178
.0012403287945524043
.7706061431277837
12.150929349144144
5.445171522221279
.8320865177858887
8.588246170033017
.006455065441529531
.0013448403336952534
.0002864200789067518
.9443415951645435
.00034855863053330434
.5181918215932867
101.66388699563612
16.019315933861304
1.014725629128564
.011062210122518366
4713062851917456e-20
101.01449713546211
351.3951463941391
16.198986105277704
29.940813634052024
80.12192298037758
.0007007664052278554
1639.3319142805603
399.6910903539932
183.9089448330047
397.3197816014686
1649.5609646133441
401.40027838671875
.013789375230494965
.017742348355321305
.3199997239708413
.04128885240906143
.6357972997841173
.04398588142778272
.2399998447335815
.0019999137427155296
10.453917612354317
2.9269069116623116
3.125522212731292
3.8698832720309877
.659349923931517
31.888132433436482
4.7093386166583375
2.4989793384222185
11.435814425710564
1.5992096622827225
15.742974994980292
7.308611338460906
.0019999137427155296
1.9999913741037134
7.999654970862122
2.356987325874674
1.999956870891545
1.2046277899408047
.0999998921761216
1.0399970844448485
.1714478758160293
2.644985384069441
2.074588200863924
13.292893066528865
.627239371343867
16.707595476285345
14.427530279941319
2.090780731257574
5.1431851179576
17.272172029374843
25.72641498030114
12.431325680502985
8.689628058254153
37.64909272639252
.0019999137427155296
2.062649996320265
2.902407408388021
6.901642581986459
37.90854844494344
39.97009402643325
4.265150575575043
7.047641571465153
17.190967077790404
.039999827482074264
5.799459119919846
8.050066573466749
16.06348494690835
3.1050516639604426
.6302384473065012
21.249149887028175
21.328372586077077
1.8090836511603503
7.911520362521524
.45079538045527123
15.001165264182289
19.510623167967935
1.5269203262131819
2.1578578582016736
34.19379536387979
27.93427646980585
.9141840767840101
.3999995687044864
.009999989217612157
.09999956870518562
3.5993482067797435
7.573667440115999
.19435645501382084
15.054447048848054
14.918754621444814
.8244469688631879
5.656866397749221
41.948728674197135
.8183864293793917
13.595529237351887
1.8130770723979341
9.653651152613367
1.1641678160461866
.0001299996355556061
2.4730978133761896
4.859992063414848
.34933835104312927
.00013972536579094942
42.04127463594959
.38296086535610974
1.3244136491798482
.6692732191876033
.1519052104086224
.0019999137427155296
19.441850042932202
.8648254836403971
.4660267226584252
1.1950219919798666
.039999827482074264
.7291448112949795
.6002238194708497
.6515295446808759
.5746117687146681
.0001299996355556061
4.433099001383784
10.67116733466739
.31195721212719424
7.02628924155833
.9330157420978852
.5999974122311137
.39999827482074246
.1847936643222151
6.3040944008814686
.0029998059232079054
2.5105637460868326
2.2836551759038994
47.67572167176253
1.131050415616141
.17896210641912136
.17999301314485247
29.031298811498935
41.99623569264305
4.125326970218215
17.295700425727862
51.90712677178433
.2106608433898304
9.999784354457722
9.999784354457722
9.999784354457722
9.999784354457722
9.999784354457722
9.999784354457722
9.999784354457722
9.999784354457722
