20209547197039635e-21
7.16591081223311
1.1095253448441817
5.000436400944967
.18762249320230956
5.750139744844913
.004473685436981649
37.81156149513362
1453597443185786e-22
.6789093457848471
1.859989981889095
.014495708804401647
89.00003572589661
1.2737491035623356
3.051547725983713
1.8688911985949654
12.23790431078271
66.5461205711379
21.62731627309913
.007229718624236109
63.47416687878328
7.027315772043225
47.353583179544806
4253259409874938e-21
2.8636099265196004
18491328499527618e-21
11617033894850042e-28
1.328329299602452
6.603469090151089
145.26211489953744
5.798414606351072
.522286402062254
10.637492088296318
211.67207079834168
79.67816675516482
1.1480398120706556
11.04019985637851
6.266192323198645
1.0480486396910658
33.082354882450296
5.519427860046046
.0002704517659663921
.3174103462087105
.34446153454756007
46.442256259132684
266.23776399333724
178889791348829e-21
19.80122347183698
.6274599336779657
36631242201868846e-22
.9532453818533506
.005588723926004996
36.27914365139267
107.61203204708428
.007374947286178619
.057198821774399736
1.9950052916109735
.00013689919131690907
.0001698407526214331
.018842600006079176
5529772197028508e-22
23.69198805978835
.03110860428558591
3.5362143548658804
10.144030712111704
.005648078404863928
5.097341339418716
.012155444172213314
.016270662773949014
3541860578157262e-30
26684929057814132e-22
7.966358868309943
2.305582888382878
4.584482918941708
1.0305720474169797
153.1628496820922
4.515006929392152
1.3553217141852205
1.5622922940405097
25.16510037957004
33.71799187015509
22.55941405055853
10.359513535934951
1.8412543757662
.00032128521263602704
19.289630015624304
16.093330390861805
.001373641404640563
45785885170286085e-21
24.36092952599638
.10806927188078298
.30099908771324585
24.028002176996555
.38170147060451415
4267183161903827e-24
7.550181827412642
.20373994515887195
12.59683273821038
35.30316774757036
.0035839087559334923
2.1121992831692857
1.93612097021674
1.0466012842733732
6.7833844658177735
.001240294106742765
.7716420778265404
12.167631210451532
5.439775545139677
.8320715859158692
8.574408873380047
.006055596760900211
.0012624218355891267
.0002684782029903796
.943809079433349
.00034921313726868266
.5177503876667688
101.6561610169628
16.038890182929542
1.0133893456104162
.011062194259430794
44313948783318256e-21
101.0147709336367
351.3960988450484
16.199030012369775
29.940894788147247
80.12214014956498
.0006997791100366232
1670.3467690509588
408.9417018311604
186.61286205693142
403.1425140052693
2011.200922005634
502.47348713285754
.012971826850737538
.016698690953467096
.31999974131790065
.04128885968338241
.6357973428670198
.0439858891772696
.23999985449130443
.0019999191634496585
10.453928378611288
2.9269074273283837
3.125524629757345
3.8698937612875386
.6593512458497808
31.888218865708076
4.709347896065416
2.4989797786954826
11.435860920629507
1.599210095745408
15.74301766606156
7.3086311483347375
.0019999191634496585
1.9999919161975066
7.999676653798637
2.3569879647315295
1.999959581315221
1.2046280021736153
.09999989895231523
1.0399972676728189
.1714479060219277
2.644996137862434
2.0745885663674337
13.292929096702355
.6272410714661244
16.707640761954956
14.42756938553078
2.090781432208553
5.143195195471738
17.27221884532015
25.726484711336393
12.43135937541189
8.689651611351655
37.64919477365461
.0019999191634496585
2.062652791708239
2.9024079197377404
6.901651198884113
37.90865119545609
39.970202364732145
4.265162136197281
7.047660673984615
17.191013673630994
.039999838323950127
5.79947483926079
8.050088393043104
16.063528486726703
3.105054466002284
.6302385583426887
21.249236280306768
21.328430396288947
1.809083969886941
7.91153108453879
.45079568592337305
15.001205924600177
19.51067605119916
1.5269207400819829
2.1578637070407947
34.19388804561378
27.93439004299547
.9141842378460892
.3999995958092609
.009999989895231522
.09999959580987527
3.5993628407530567
7.57369823259309
.1943564602818143
15.054508256145517
14.918795058489975
.8244471141152725
5.656889397033298
41.94889922634732
.8183865735637229
13.595566087815863
1.8130773918280907
9.653677318680009
1.1641680211507093
.00012999965845910237
2.473098249089615
4.860005236345401
.34933841258999115
.00013972539224962598
42.04138858815032
.3829609328266277
1.3244172389818059
.6692734005928148
.15190523717146986
.0019999191634496585
19.441902739754973
.8648256360064183
.4660268047635884
1.195022202520316
.039999838323950127
.7291449397566124
.6002254463678871
.6515296594681551
.5746118699504787
.00012999965845910237
4.433117025161634
10.671210720738706
.31195726708820093
7.026308286202644
.9330159064777501
.5999975748592516
.3999983832395011
.18479371441018036
6.3040986726638195
.002999818119604948
2.510573953357914
2.2836555782410866
47.67591550831252
1.1310506148859991
.17896259149304095
.1799934522261511
29.031377500368812
41.99634952276644
4.125338151850814
17.29574730544651
51.90726746521906
.21066086600557343
9.999797906576102
9.999797906576102
9.999797906576102
9.999797906576102
9.999797906576102
9.999797906576102
9.999797906576102
9.999797906576102
