22315737508294966e-21
7.165909337926692
1.1101242448080293
5.000465092902187
.18836458373331855
5.756163843353303
.004473706184071895
37.81069598940378
1456355488536054e-22
.6790293124875125
1.859980578236284
.014571352354010332
88.99964645838682
1.280305356903666
3.0666447289630883
1.8800118832173072
12.251961351708779
66.60295454950871
21.627163834905875
.0072296865798225675
63.4740799953153
7.027648478472418
47.3268992323662
4257249243151786e-21
2.864060556847419
21249886095709657e-21
12853570490804316e-28
1.3283356864300029
6.593496183015787
145.27310864623126
5.799621267627667
.5223278237453564
10.637417966839045
211.67041654992408
79.6873958003105
1.1537174413956262
11.039916854934871
6.2661471021165145
1.0535444484341043
33.082006728509754
5.547336584971422
.0002704975545110494
.31740965953049327
.34463421678777423
46.444277292604355
266.2362498546153
17888931913208547e-23
19.802257531463425
.6510749069213198
4219735137081035e-21
.9537603868549073
.006171042397402649
36.27894868967735
107.64552475106446
.008145284305551722
.06316531785242485
2.0090527468242256
.0001369590203776157
.0001698961887105917
.020810982291704725
6107072883447465e-22
23.691788047299383
.03239323049955037
3.5410432156284544
10.15557827916909
.0058949911836555634
5.130252624889181
.012657061197911003
.018068446588853607
582583005832107e-29
306700004502001e-20
7.94601117953533
2.297437418230642
4.5898296387925255
1.0367848196355605
153.16102474532101
4.547022983501894
1.3611673816246492
1.5705730837317378
25.20308728744486
33.75777169442666
22.555467873678843
10.379981961810168
1.8456821542859836
.0003215590220879686
19.330599931965345
16.093022339632096
.001410068519577852
4496704274406604e-20
24.368853653320976
.11088239061450225
.2928655544232761
24.050865683266643
.3824820879166478
4707944774344361e-24
7.567113018651523
.20419634746445864
12.638830226423318
35.295214045904274
.003955368459383948
2.116321399120768
1.9360728088885928
1.0473370927389538
6.794186994125185
.001240348014641161
.7701296208049349
12.14325994602441
5.44810841910523
.8320947912952067
8.59564247874836
.006676564133908357
.0013905752926690958
.0002963631446362958
.9446311795446098
.00034825845906477626
.5184435893271556
101.66732708460695
16.011297001003364
1.0154537349795785
.011062219017190202
48697407194089216e-21
101.01434542186928
351.3946186340486
16.19896177603337
29.940768665967873
80.12180264532526
.000701305088455212
1622.5532386659659
394.71601567372886
182.45759532475967
394.2199257443987
1512.0029968663782
364.26704175922583
.014242273186945336
.01832091162822476
.31999971435868757
.04128884837829845
.6357972759115132
.04398587713372628
.23999983932674385
.001999910739046672
10.453911646683935
2.926906625927365
3.125520873437268
3.8698774598563825
.6593491914464319
31.888084540675766
4.709333474867309
2.498979094463067
11.435788662559386
1.599209422097388
15.742951350618682
7.308600361663356
.001999910739046672
1.9999910737249647
7.99964295618669
2.3569869718786953
1.999955369024164
1.2046276723408031
.09999988842137486
1.0399969829166757
.1714478590786847
2.6449794253195194
2.0745879983353275
13.292873101943353
.6272384292935544
16.707570383161
14.427508611245079
2.0907803428547376
5.143179533929248
17.272146088313423
25.726376341818966
12.431307009904842
8.689615007308689
37.64903618125013
.001999910739046672
2.0626484473734887
2.902407125044802
6.901637807294331
37.908491510124705
39.97003399538086
4.2651441697487895
7.047630986617888
17.19094125869064
.03999982147449929
5.799450409716812
8.050054483078172
16.0634608211731
3.105050111326159
.6302383857804075
21.249102015924237
21.328340553011273
1.8090834745512419
7.911514421366221
.45079521119287
15.001142733944123
19.510593864978535
1.5269200968849845
2.1578546173166746
34.19374400824575
27.934213538128148
.9141839875381454
.39999955368549944
.009999988842137486
.09999955368624819
3.5993400979954844
7.57365037779477
.1943564520947806
15.054413133467762
14.918732214979125
.8244468883777754
5.656853653689307
41.94863417008939
.8183863494856302
13.595508818237349
1.813076895398974
9.653636653802387
1.16416770239603
.0001299996228645845
2.473097571943683
4.859984764196638
.3493383169394908
.00013972535112997234
42.041211494192694
.3829608279701232
1.324411660044043
.6692731186694438
.1519051955791015
.001999910739046672
19.441820843233103
.8648253992130919
.4660266771632575
1.195021875317617
.03999982147449929
.7291447401132988
.6002229179951731
.6515294810762702
.5746117126190463
.0001299996228645845
4.433089014285751
10.671143294149848
.31195718167283404
7.026278688780112
.9330156510136071
.5999973221174891
.39999821474499275
.1847936365680506
6.304092033851543
.002999799165101256
2.5105580901684235
2.2836549529654495
47.67561426561031
1.1310503051990213
.17896183763607623
.17999276984660734
29.031255209414365
41.9961726185301
4.125320774392923
17.295674449329166
51.90704881251196
.21066083085825457
9.999776845120817
9.999776845120817
9.999776845120817
9.999776845120817
9.999776845120817
9.999776845120817
9.999776845120817
9.999776845120817
