2863430844206096e-20
7.165904911671664
1.1117880979467307
5.000552550308266
.18958714493622145
5.773470382991145
.004473768405181089
37.80809414544599
1464059337182202e-22
.6793012702703525
1.859952367471413
.014798036952017517
88.99847866053177
1.2999473731878404
3.111958718614362
1.9147282567443433
12.294181573219513
66.76073499439993
21.626706373644225
.00722959044734813
63.4738193426351
7.028383037409443
47.267304967253565
426835313437164e-20
2.865172211306367
30466939160198794e-21
16584004434328188e-28
1.3283548316751632
6.569901006006674
145.2968314521525
5.803240859466309
.5224520292534881
10.637195739311522
211.66545325655005
79.71507433016066
1.1707135301132643
11.039066376766142
6.266011509001286
1.0700157834866142
33.08096320131961
5.630917875367616
.00027063488559001285
.3174075995049728
.3450249009029964
46.45033491798055
266.23170733555685
17888791687229705e-23
19.805359060458496
.7209812001526611
6090364752350864e-21
.9553459257938822
.007917846983655987
36.27836385253257
107.7213679808153
.010457106305064022
.08106189909730956
2.0513046727249358
.00013713879467353992
.00017006229604040284
.026718442380599734
7839240783449673e-22
23.69124225263801
.03624973412133466
3.555559219175969
10.187724193807243
.0066396099050697955
5.230668821132602
.014162775667814787
.023590769036097876
2041435277977566e-29
4399097532017018e-21
7.898218662360496
2.278396819733433
4.606621204972316
1.0559865057353697
153.1555515408329
4.6428425961698645
1.3808172440279969
1.596953336509717
25.308461760838526
33.86868921524244
22.546487490812844
10.43713715740272
1.8577626054141556
.00032231814469730024
19.445027641961925
16.0920982411709
.0015193094245744604
42582787450326286e-21
24.389532625083916
.11932497665178411
.2691245313930887
24.119481920971058
.38466040020729564
6022687386256482e-24
7.614416604191135
.20542142861298382
12.710962437711053
35.26989342543592
.005068206385318994
2.127628350427088
1.935928207713554
1.0493167796163607
6.824296478664666
.0012405097182936673
.7665562667995299
12.085826195141806
5.471344731978821
.8321643970842648
8.653859940936966
.008535401501868892
.0017737618360679313
.00037999189900289853
.9469159121525516
.0003460158286530675
.5204581068338322
101.69209980512728
15.953624262993348
1.0212359276067844
.01106229677941762
6177560519807976e-20
101.01306889732133
351.39017803845957
16.19875706874876
29.940390302617335
80.12079014113611
.0007056029151082271
1486.3967389964548
355.10608160555034
170.83179796285785
369.45601244025073
513.9011515212097
115.39491488564312
.0179959517993304
.02311033889791718
.31999963348106203
.04128881446306513
.6357970750450356
.043985841003116095
.2399997938330679
.0019998854660506302
10.453861451062552
2.9269042217256254
3.1255096045041237
3.8698285559749146
.6593430282747914
31.887681568973747
4.709290211537952
2.498977041766943
11.435571891088372
1.5992074011550308
15.742752405966096
7.3085080024273115
.0019998854660506302
1.9999885463094687
7.99954186420252
2.3569839933227033
1.9999427322042236
1.2046266828429077
.09999985682856044
1.0399961286487147
.17144771824903288
2.6449292883243585
2.0745862942399422
13.292705119081548
.6272305028426225
16.707359248557875
14.427326289923974
2.090777074796696
5.1431325495879205
17.271927819132095
25.7260512360056
12.431149914707175
8.689505196104916
37.648560408044936
.0019998854660506302
2.062635414424138
2.902404740967292
6.901597632680887
37.90801245816642
39.969528891582335
4.265090270857394
7.047541925268019
17.19072401569978
.039999770926189365
5.799377121702307
8.049952754040412
16.063257826222458
3.105037047334426
.6302378680938471
21.24869922786671
21.328071025448935
1.8090819885449587
7.911464432059087
.4507937870043604
15.000953163573032
19.510347308393822
1.5269181672956151
2.1578273483740467
34.19331189978204
27.933684030217588
.9141832366147254
.39999942731424176
.009999985682856042
.09999942731547337
3.5992718705849622
7.573506815214016
.19435642753368157
15.054127769040656
14.918543686034873
.8244462111656545
5.656746425012388
41.94783901136406
.8183856772517202
13.595337010949228
1.8130754061124392
9.653514660197278
1.164166746132516
.00012999951608108935
2.473095540507001
4.859923348267759
.34933802998814706
.00013972522777108397
42.04068021679568
.3829605134007821
1.3243949233717558
.6692722729000434
.1519050708020648
.0019998854660506302
19.441575155737336
.8648246888335016
.4660262943624746
1.1950208937100566
.039999770926189365
.7291441411836856
.6002153329409328
.6515289459009086
.5746112406250076
.00012999951608108935
4.433004982720013
10.670941016939457
.31195692542687375
7.026189897260556
.9330148846215972
.5999965638928402
.3999977092618935
.18479340304185798
6.304072117456658
.0029997423023087593
2.5105105012013373
2.2836530771395647
47.674710548923954
1.1310493761385971
.17895957608423493
.17999072272349784
29.03088833964178
41.99564191029214
4.1252686424584475
17.295455882818484
51.90639285991686
.21066072541633313
9.999713661021117
9.999713661021117
9.999713661021117
9.999713661021117
9.999713661021117
9.999713661021117
9.999713661021117
9.999713661021117
