.1292309469529785
7.11803401499685
1.0631931689674805
5.2036863151133925
.2035673100919239
6.512907630302896
.004103848879886325
12.946052140722342
11228215234022098e-23
.30511660212342995
1.3752632607563795
5650832510516084e-20
8.304702076071447
6.927903788916846
14.479498513472057
.4410658338221769
16.879366726642022
5.8087935783102695
7.369214486433359
.005369950790123645
52.815194623786205
4.2266177660799835
1.5192713662510202
3292545139523132e-21
2.3179753608904528
.00010971173266654453
39411202878039006e-26
1.3889229326210453
.0015077681304383318
11.694238528131091
14.642606297414833
.6681523470482789
8.01709878855133
155.6732700728607
172.29244635667797
4.980709797233578
3.2720861846032907
4.699800213747469
5.764717142323295
24.195713251425573
13.170307586659984
.0004825528044608206
.27801423424725435
.07877991903140437
48.76104709881164
51.25995575478142
7097751946199137e-24
3.591239941395188
4.673412413017925
1.5365762639207985
1.7143259085372289
8.361707156778051
26.349174444709185
29.12013482577025
5.825892510074967
18.291698698528986
2.7778929584707965
1.1181293047100296
5.6945046139165205
14.173996337547923
.0006610055679615928
17.477880974742902
17.57095490296356
5.283276082524967
7.428541297792781
2.7669350466711364
1.5724166418375851
5.378156456354539
2.808412020577836
.7285127276217389
1.7916049063788821
.05156630032909766
.012230716140045011
.3356363528807448
.18452508486774274
15.925735666034099
2.1832959169568023
.09897285625260754
.2701339587647568
18.827083900213
25.028387029212514
13.597385328750894
1.0679131962629427
.0225068707815619
.00011423743621919469
1.7208402936447764
3.454344343563801
.20318973627634768
13892801675842161e-22
7.512206665455161
.8930760459941052
.35710323327287147
30.659440649980915
.021899107608724242
2734810841529768e-22
4.682234222850324
.003304715229673145
4.278819037703498
4.481278729883811
.021332738702396502
.0004591237041631098
.01736209784511936
.02910952459096893
.4856076231823573
.001633965788892861
.0005721528840712926
.015378716598913725
.4733254837052093
.8448243372472715
1.7908648123618214
.0007266270945905496
26289506257899224e-21
1403285151161447e-20
.1476672962546509
24273072091192756e-24
.00011914392224216528
2.1845722116200315
.0006368593516499925
1.4031002426327455
.00021246013183217602
45261570871462114e-23
78.01063816935023
271.3725296583752
12.510018656772766
23.12244326445309
61.875894255781304
20083526480294656e-22
20.13124360295303
5.87265240778346
.04941628399051058
.09281289094608416
4.181721373281117
.27201683199532467
.008238600490203706
.009990320802421794
.3183501118847554
.04060110676155556
.6317029907878929
.04325321154866003
.23907133852209891
.0015444768006286672
9.476240867177193
2.878153619388468
2.9033716836374337
2.9886013617153226
.5446307324029004
24.62630247839779
3.9027678121430687
2.4573540070572406
7.761081261682814
1.5584124917389068
12.157854178055324
5.64423375667064
.0015444768006286672
1.9489699282608968
6.177907202514665
2.296858615943004
1.7575419682422628
1.1845623855747933
.0993559283557387
1.0226739227071613
.16859208003855408
1.7950576791080377
2.0400319242356586
10.265725224036224
.48439922022142456
12.902803284092268
11.14197344205487
2.025008431285346
4.266795914427299
13.33880978267339
19.86778242069049
9.600361107837676
6.710753896736684
29.07532911978289
.0015444768006286672
1.812636055852328
2.8540622026983296
6.127115414859076
29.275699430528476
30.867772756514125
3.293855117080747
5.442694189147519
13.276097496068427
.038979398565217926
4.478758196215191
6.216838656928114
12.405374945851726
2.8490731281436967
.6197406077266644
14.42104365073732
16.471298711929517
1.7789498660230698
6.952564463820802
.4225927047930885
11.584975510727192
15.067502265281913
1.4879673168457805
1.6664525723601726
26.406900726252164
18.9580017301659
.8989565738832669
.3974237134229548
.009935592835573858
.09744849641304469
2.442749845529619
5.139979214733465
.19385484986441906
10.216918755967923
11.521332102956958
.8107142109551335
3.839114396671982
28.469112906621742
.8047546214713579
10.499442576381917
1.7828767691107292
7.455241657736988
1.144776350753817
.0001278342403383951
2.4319035888393885
3.753234368494144
.3435194455415548
.00013722541524869889
32.46728694204412
.37658191188691775
1.0228071900824895
.6521995018961317
.1493749354991395
.0015444768006286672
15.014390726591143
.8504201435177628
.4582641467710072
1.1751165907467338
.038979398565217926
.716999495038635
.4635358738515953
.6406770607189477
.5650404989921796
.0001278342403383951
3.0085869103884724
7.242142427142678
.30676096175135487
5.426204388874599
.9174745614100589
.5846909784782681
.38979398565217876
.18007942402178514
5.909697436226942
.0020358617823450172
1.7038304855846795
2.2456164846835223
32.35581973698655
1.1122105846432908
.13820737147426443
.14264244178359325
22.420050699584866
32.43250464039982
3.185873302644765
13.356980097495995
40.08640541539366
.20851564265329842
8.787709841211305
8.787709841211305
8.787709841211305
8.787709841211305
8.787709841211305
8.787709841211305
8.787709841211305
8.787709841211305
