.13496234567988952
7.117462110201376
1.0547989762505077
5.1834341849403796
.20337540809425558
6.516967821356679
.004071708287083345
12.89106202052591
1069685450424886e-22
.30401702998420993
1.3572363433728616
5464566031981968e-20
8.138849317916998
6.7805899485884735
13.90008657035556
.3681299555755446
16.363184542156755
5.916110605444031
7.47545952058663
.005287024252156461
51.938484052956035
4.182176189560563
1.2742553702707633
318030707695049e-20
2.32191581300581
6752123903803552e-20
38562243877948996e-26
1.3884120615592392
.0010010561052122022
10.085475582512803
14.460473204217505
.6609730654211278
7.894653619604451
154.2151417044477
172.26161532150033
4.8865453519400655
3.2332879021813543
4.631222859326261
5.612294186645684
23.72008162923516
12.866162954287661
.0004767351974211445
.27638716218038767
.07907738031072191
48.50585539419918
50.67838427097083
6847267881437924e-24
3.3041287375819284
4.512704691269875
1.4856017511873634
1.7011971459246518
8.341165010022925
25.959183013593673
28.772919734346
5.801409773684945
17.636629571767333
2.35712876449938
1.1054439588570681
5.559343634667253
13.80719652174301
.0006559818212575368
17.284428473366734
17.23480246879608
5.079627889539994
7.2360828112034605
2.6384873667357076
1.3112802393476986
5.1666707977697595
2.4049532771915216
.7226905542000742
1.8097357147201325
.042530378656273744
.010053093581009295
.20566220074976493
.15308399454727867
14.455276323899774
1.3988157747277783
.0821225473184186
.22648544159127476
18.47921686601571
24.373189773794593
13.57585535656895
.9561036979525946
.0173432232950736
.00010596016519703436
1.3911237425257748
3.1921474629396864
.19989044421590396
1589504733286013e-21
7.314017257216079
.7357021825444139
.3935878935749744
29.915613242798628
.01729640533072217
2697021217793918e-22
4.563712328660638
.002543148134854004
4.2819280181246855
4.483244407572233
.01680607720133925
.00026923073001476584
.013413634837519983
.02306173998153139
.3898776570439419
.0016331800487478334
.0004267668317174855
.011829229861013412
.36952033046197374
.8357356443253078
1.66837724056493
.0004542395397381701
1605328200553398e-20
7374208620456893e-21
.1234413058053093
15550381128493978e-24
7058714789657073e-20
1.7988258690825707
.00039194434744446217
1.3364185162380406
.00015787602728173413
27969127826875134e-23
77.12152359097249
268.2796018481101
12.367437590593457
22.858908676394627
61.17067300744918
12501227078009493e-22
18.752095676701543
5.747143383328518
.04837434230779195
.09090519320717252
4.1875504189288195
.27212137923333607
.007022442418799472
.008523179035366807
.3182771365930462
.04057086688143828
.631521989638016
.04322099636941378
.2390302356608961
.0015268738573425975
9.435057630263408
2.8760099581104495
2.893891961489239
2.954539224780969
.540032457998791
24.34562787992122
3.870380961075361
2.4555237591525327
7.628776385549102
1.5566271385172055
12.019286853839445
5.5799044467894205
.0015268738573425975
1.9467371434501577
6.1074954293703865
2.2942272818440386
1.7474976060055352
1.1836801183809065
.09932746001295463
1.021912230741389
.16846651192734394
1.7644569321399848
2.038512499625225
10.148723156516963
.478878352573621
12.755745513882482
11.014984466554848
2.0221393526957936
4.2315856769804014
13.186782693621291
19.64134234271131
9.490942428296313
6.634269083107277
28.743947405722164
.0015268738573425975
1.8022768305949408
2.851936484811776
6.094848861955917
28.942034025825826
30.515961934247937
3.256313896134662
5.380661896337432
13.124785160921341
.03893474286900315
4.427712219682615
6.145983168356188
12.263986540713255
2.838220745399865
.6192790222385759
14.175204916468488
16.283569548917168
1.7776248964600694
6.912830518793784
.42138341470562696
11.452937485421256
14.895772662266497
1.4862626672379267
1.6474594284630026
26.105932025617825
18.634820463782862
.89828702713459
.3973098400518185
.00993274600129545
.09733685717250778
2.401107746337326
5.052356847384651
.19383262994916098
10.042748672586594
11.390019443870223
.8101103875004518
3.7736681608204705
27.983793615436973
.8041552367447284
10.379776750302712
1.7815488747733055
7.370271656224716
1.1439237163709361
.0001277390288426736
2.4300922965163694
3.710457441251833
.343263590771089
.0001371155658066915
32.09724589613088
.37630143204835875
1.0111498981424112
.6514523271345876
.14926368040039178
.0015268738573425975
14.843266454392626
.849786746912583
.45792282965022535
1.1742413588217344
.03893474286900315
.716465470710149
.45825279307294764
.6401998816700165
.5646196543819259
.0001277390288426736
2.957298861069665
7.118684016586355
.3065324848587789
5.364360036096299
.9167912223840899
.5840211430350464
.38934742869003114
.17987312088860077
5.892786262776785
.0020011559943424683
1.6747849088477027
2.2439439398022945
31.804242891162033
1.1113822053840179
.13663217363329466
.14117843317959128
22.164521525708672
32.06286002056625
3.1495627882749595
13.204745914998934
39.6295266064777
.20842099465337452
8.737488030027668
8.737488030027668
8.737488030027668
8.737488030027668
8.737488030027668
8.737488030027668
8.737488030027668
8.737488030027668
