.13710052638920583
7.1172352532259735
1.0514919506040452
5.175053885185492
.20330336120566156
6.518173586474876
.00405964430760364
12.86462323482325
10500832743609134e-23
.30362805741485693
1.3505756940720477
5407495952431172e-20
8.08426646201735
6.7328283219080065
13.691600538789338
.3458621386756517
16.164287157384745
5.93616535278904
7.499980013433331
.005255874146009667
51.59746411070819
4.165827275965389
1.1995108009745123
31386822554539684e-22
2.3234365303949156
56729226110061527e-21
38215600826135927e-26
1.3882123727679783
.0008691324890847995
9.543843563930643
14.391565833776042
.6582723011261677
7.8492590321336015
153.68045536472286
172.2293850002914
4.855510306161735
3.2174631680055845
4.605816668648742
5.562520649417957
23.544074238337206
12.76082312105087
.00047455243612617217
.27578265137753705
.0791952205749536
48.4109444882591
50.49008491205664
6761333527493498e-24
3.2229848008180646
4.451599331694555
1.466119544006826
1.6954880595857742
8.331591446173556
25.81426023285184
28.64613332339441
5.792475269203423
17.385320120280973
2.225892490861658
1.1015053586005021
5.50947110289764
13.666240638794754
.000654154461516274
17.21275406916328
17.111618997586163
5.0020195102862175
7.163101875202536
2.590728654871049
1.231478106045309
5.086309820096963
2.2806485357977975
.7202897731271396
1.8157903537832656
.03979855209200053
.009395303131407209
.17155888753997195
.14351082915471533
14.025397390944486
1.1870672306737822
.07700342855367318
.21315250226009763
18.343881230040427
24.124528701637384
13.568539633390364
.9227572452228606
.01598727303575827
.00010296975139217615
1.283192464628598
3.099298229523835
.19851643459374302
16596913429019227e-22
7.247658269910411
.6839821991140972
.40510130523474736
29.62662861506576
.015820010437113282
2670960879539216e-22
4.520031837450454
.0023415364208348036
4.2834574511926355
4.484470433685152
.015633500374299877
.00022549449597076442
.012390516893385294
.02113329922808807
.358915032990743
.001632859573685034
.00038708728637334934
.010852178388854834
.34191121339397007
.8323478845132127
1.6232850919970607
.00039179930475119777
13730784969214296e-21
5953571292859202e-21
.11579515470302648
13469985960157856e-24
5964527196425033e-20
1.6922205092186229
.0003307115680228868
1.31169323104639
.00014358267221882215
2403776862027146e-22
76.79242824402365
267.1347908467383
12.31466287900541
22.76136443541687
60.90964362266616
10640417851867858e-22
18.247707559648006
5.690690027900869
.04794383937838985
.09011627164654609
4.182916751730636
.2717980942726163
.006626231057729125
.008045031379497466
.31824991639574957
.040559591228780334
.6314544778401032
.04320898417987846
.23901490345748166
.0015203583340692983
9.419739513792335
2.8752106434341513
2.8903633476929556
2.941931523766008
.5383269665752445
24.241739464848887
3.858367535498462
2.454841308045869
7.5799978882529935
1.5559616108053524
11.967997781826027
5.556093706228889
.0015203583340692983
1.945904826266035
6.081433336277191
2.293246397086491
1.7437651321005567
1.1833511442450568
.09931684157762283
1.0216282159237013
.16841969089493808
1.7531749711355278
2.037945946316127
10.105416211675012
.4768348680799491
12.701313802733385
10.967980984700905
2.021070043105425
4.218524538966886
13.130511647308557
19.557528200149793
9.450442385689826
6.605959125212298
28.621290345751007
.0015203583340692983
1.7984273539395081
2.851143860752269
6.08285492893965
28.818531684512525
30.385743279161563
3.2424184529234212
5.3577013697407185
13.068778672394604
.038918096525320696
4.4088181493728245
6.1197568391947055
12.211653278639782
2.834182703859243
.6191069092005792
14.084568468400686
16.214083798107993
1.7771308503025842
6.89806542874029
.42093315848640617
11.40406515692139
14.832208961186643
1.485627223484144
1.640429338716985
25.994531986337496
18.515669174812338
.8980373708347945
.3972673663104913
.009931684157762272
.09729524131330164
2.385755031590799
5.020052010755024
.19382434114258804
9.978535204500258
11.34141560118015
.8098852376812292
3.749539276596302
27.804864868253993
.8039317420099694
10.335483846430515
1.7810537380446814
7.338821005422269
1.143605791527706
.00012770352699046261
2.4294169134454977
3.6946240626810996
.3431681892843283
.00013707460741849018
31.96027953729295
.37619684852405627
1.0068350880731582
.6511738021327222
.14922219631232533
.0015203583340692983
14.779926809424381
.8495505700465693
.45779556151009976
1.173915007951851
.038918096525320696
.716266347141684
.45629732260368594
.640021954205009
.564462732541304
.00012770352699046261
2.938389852965598
7.073167056656496
.3064472918596313
5.341469073301003
.9165364233083474
.5837714478798096
.38918096525320656
.17979621708575247
5.886489708212085
.0019883605763978515
1.664076311948397
2.2433202919881357
31.600886140686306
1.111073324635801
.13604913260282045
.14063612044415905
22.069940395022712
31.926040394198345
3.136122876687608
13.148398215473241
39.46041826679879
.20838569586051414
8.718825660502775
8.718825660502775
8.718825660502775
8.718825660502775
8.718825660502775
8.718825660502775
8.718825660502775
8.718825660502775
