.14992961064510374
7.1156887895686
1.0298085219706825
5.115922900426739
.20287045259136174
6.522241441291885
.003986521632603324
12.64845473890431
9363980371181922e-23
.30121522967538317
1.3113352214915477
5171133162328689e-20
7.821089714821824
6.509663795785715
12.48791916880136
.25393981102807955
14.93908142777225
5.851978238824968
7.497923883821403
.005065726662870942
49.373927684132546
4.068354989543114
.8922009859923109
2893746102087265e-21
2.3312979053891714
21454645394351394e-21
35843781318026773e-26
1.3869296772841755
.00042265552571385084
6.876795449774497
13.970834679603813
.6418692755520562
7.580391264856602
150.56216968494067
171.82055334241556
4.705743104324408
3.109992540048849
4.455456253391393
5.325644611700227
22.50607365592154
12.198608004887662
.0004613825892790734
.27218381085982263
.07985021585260156
47.84500777574674
49.58724098373381
6311765878810109e-24
2.9350590284247455
4.071173529374785
1.3464919769846673
1.653670088183694
8.254903429734467
24.951205418505083
27.877810119669164
5.74284837550075
15.802316402526461
1.6698203504853508
1.0841568369815497
5.217274616566489
12.773282267711057
.0006440852535349913
16.787891985421243
16.402953045634774
4.534455713865292
6.7159934715760015
2.3105278401364853
.901560597887452
4.589222140170942
1.766607890844051
.7031434267533182
1.8455965918967179
.0286461206849865
.00670995017816182
.06103135115675351
.10407660996685053
12.324365399054402
.4698934877017835
.05598839011933914
.15815534233650197
17.474472709086182
22.599604139575767
13.521084442940966
.7847216309532602
.011323441955003288
8625573966997899e-20
.7814020643948936
2.5948574672249016
.1887452723968196
20174723511420003e-22
6.923478248761924
.4403767465649948
.4518008480591332
27.815642991888584
.009185866215928663
24217270666065375e-23
4.264130177895152
.0016378842764290641
4.290745678638007
4.491678968097928
.011770713446844133
9492997494548261e-20
.008967282852842736
.01249600672191852
.21723526856191758
.001630708896097396
.0002447456409060343
.007330763798425807
.24610055648412138
.8121163715450908
1.361542207242201
.00021099709651702507
7033516406568741e-21
2130666534035633e-21
.08058374299324267
71131006846804475e-25
2827880161168373e-20
1.3060470208212154
.00013492319697677586
1.1681571133745892
9360747750179387e-20
1272415789371058e-22
74.84713822573924
260.36778719737663
12.00271036851905
22.18477822696869
59.36669304191467
4676397570352979e-22
15.776842694068122
5.395514145174186
.045936325488414385
.08648257274443982
4.165106393158394
.2711626755872538
.004844376391920701
.005894322845139418
.31808664409234033
.04049200309182709
.6310495585875688
.04313698111841054
.23892293088742858
.0014818449290486583
9.328351662709457
2.870419418353955
2.8692818350914573
2.8674071187104406
.5282065340502524
23.62765270024014
3.787066012255129
2.450750582634195
7.2938072825523586
1.551974415678302
11.664826920372661
5.415347881744284
.0014818449290486583
1.9409183907478882
5.927379716194631
2.2873698890826364
1.7215371098009487
1.1813792185727825
.0992531547994512
1.0199257838803493
.16813903784127138
1.6869820494110979
2.0345499315746087
9.849427883962367
.4647557851487739
12.37956673046942
10.690142343338076
2.0146660495984503
4.140999970033801
12.79789222340768
19.06210091311087
9.21104572039835
6.438618325587688
27.89626169783425
.0014818449290486583
1.7755025445189656
2.846392740341638
6.011385363749548
28.08850655951775
29.616017871973316
3.1602821747016945
5.221981179172106
12.737723055533628
.038818367814957774
4.297134873631721
5.9647324160083
11.9023101861906
2.8100748154627406
.6180752350317811
13.552791119590278
15.803351957882052
1.774169455484363
6.810134807034665
.4182417064538471
11.115179720884269
14.456482490477594
1.4818202621909127
1.5988743196704893
25.336043841616892
17.816591067639752
.8965408894608393
.3970126191978048
.009925315479945108
.09704591953739433
2.295678399959748
4.830514790984401
.1937746157461066
9.60178535888266
11.054117190820167
.808535652226779
3.607971570049785
26.75506363672569
.8025920774070021
10.073667492652616
1.7780858061617135
7.1529154991859185
1.141700097152674
.00012749072298504354
2.425368555015644
3.601032604840902
.3425963369092756
.00013682911389343926
31.150668301040447
.3755699574891836
.9813301484368778
.6495051510601662
.14897353379045888
.0014818449290486583
14.405524739444457
.8481348866400693
.45703269511597355
1.1719588065719757
.038818367814957774
.7150727673619337
.4447384925558819
.638955427393881
.5635221169355694
.00012749072298504354
2.8274479260413097
6.806112369569657
.3059366308568039
5.206160075931514
.9150091152802221
.5822755172243657
.3881836781495773
.17933548425298332
5.848851417261629
.0019132879805871797
1.6012474016149731
2.2395820432895817
30.40776222711697
1.1092218420701363
.13260276392168532
.13742571233694706
21.510869198339844
31.117296496885626
3.056679256168829
12.815325692701709
38.46081505685985
.20817402861237633
8.607685549004735
8.607685549004735
8.607685549004735
8.607685549004735
8.607685549004735
8.607685549004735
8.607685549004735
8.607685549004735
