.158482333482369
7.114457739817089
1.013698024007737
5.068630331866092
.2025825367046408
6.522285297414968
.003937177240317699
12.459803967890007
8652217488194318e-23
.29922452323939963
1.2858504177505956
50899863947976184e-21
7.69315506348229
6.407607506607179
11.698643503252088
.21801765385251062
14.120133591258694
5.6463559771920755
7.388675503779495
.004934830573126219
47.70181058941806
4.002121144822582
.7735368190408468
27363486443633464e-22
2.333526839801643
1193543510873503e-20
3402848099812786e-25
1.3860088046827896
.00028856324032353986
5.566220862695103
13.686636174135701
.6307962038465514
7.404683978295358
148.5535507144374
171.36193353578022
4.632943603183725
3.029276927973856
4.357230143577967
5.212700166720177
21.832631681783443
11.874698911793814
.0004525935088673591
.2698112375103808
.08011057525981848
47.47120546718347
49.1209502006044
60594834041129e-22
2.8584765356401167
3.803638160696495
1.2661131673348995
1.619936803627117
8.18785774011004
24.382054452328205
27.322787091946317
5.714698815725271
14.678613959740384
1.4460378639522857
1.0763505257424695
5.029351382894788
12.129606353004842
.0006384287122126165
16.509317295818768
15.96257525407725
4.231794792451293
6.412434609503838
2.1327874123291912
.7723993018302705
4.244838901793765
1.568946431513179
.6888232146966664
1.8607051172457225
.024343918304489315
.005671803503035849
.03326329924918496
.088679628209127
11.667741859621788
.27556389926766595
.04782633209951696
.13673285430868484
16.84444850472956
21.563482827800893
13.475379014646196
.7272348412840975
.009753835065214803
7632051733578347e-20
.5576544370515811
2.3044552022048097
.1808410755119716
2190575984145139e-21
6.7643805062087345
.3285038205075723
.46484862399401977
26.57415643156778
.0063723958647686815
22074153192402422e-23
4.098378859939634
.0013941413372971839
4.287781196706195
4.490311741057386
.010616651272962095
60017262728719854e-21
.007893409307849982
.008815194951744883
.15512535961899002
.0016291079605878537
.00019826138200414927
.006189426642816377
.2138997271445729
.7987615255803211
1.196354063263871
.00016628568157525995
5347572208222336e-21
1269782412078815e-21
.0637695711963393
5374199789113409e-24
2042204678600087e-20
1.164981943828846
8142627401215033e-20
1.0787468496072343
7602426222324906e-20
9931237865913183e-23
73.57773242164048
255.95195530181536
11.799144666905159
21.808524880327393
58.35983524475655
29440041889645035e-23
14.64630651415476
5.270197048173826
.04523686059160319
.0852809158558797
4.221185991937561
.2755967426284739
.0040661465133908815
.004955088504138819
.3179778424282047
.040447006916706586
.6307797566816448
.043089045748254326
.23886163550318093
.0014567128719212977
9.267919528606003
2.867229704707914
2.8553129864967053
2.818775957580041
.5215655023283864
23.22692823453705
3.7402651934306874
2.4480272201435134
7.109042063473948
1.549321963488379
11.466991714544623
5.323503701789569
.0014567128719212977
1.93760120124786
5.82685148768519
2.2834605854174663
1.7068760653773858
1.1800664273512158
.0992107196373162
1.018792405541982
.16795219567458136
1.6442477686896422
2.0322890662673307
9.682381805523866
.45687353734155645
12.169609553316027
10.508837766316736
2.010407997784706
4.090110040611078
12.580840255173078
18.73880810444744
9.054826589293722
6.329419501602897
27.423141718215426
.0014567128719212977
1.7603819168362136
2.843229726007286
5.964206109842245
27.612126111309024
29.11373086578759
3.106683859118045
5.1334164942038845
12.521691555051536
.03875202402495721
4.224255561491134
5.863570686538552
11.70044726944199
2.794116922572269
.6173884075253705
13.209474615146142
15.535327459215882
1.7721979343587875
6.752137980612531
.41645697256065617
10.926666519367643
14.211300868103235
1.479287709231396
1.5717574466740516
24.90634510005045
17.365264863872692
.8955446208698934
.3968428785492648
.009921071963731608
.09688006006239291
2.237524749051424
4.708149188351502
.193741472569204
9.358554916035393
10.86663960845898
.8076371782314016
3.516575179694973
26.077309892652735
.8017002081264569
9.902818315424662
1.776109933045931
7.031602210980972
1.1404313988027786
.0001273490506927476
2.422673397950043
3.539959171738526
.34221563149600537
.00013666569585103687
30.62235365761834
.37515261059876537
.9646868108866055
.6483950932248744
.14880798902351927
.0014567128719212977
14.161207359397313
.8471924085463453
.4565248238916581
1.1706564836521896
.03875202402495721
.7142781526971281
.43719573758702956
.6382453970641883
.562895910822713
.0001273490506927476
2.755823599369353
6.633701337262295
.3055966630318834
5.117863716523318
.91399232413026
.5812803603743572
.38752024024957166
.17902898512958776
5.82389301832736
.0018648209647751613
1.5606849332775048
2.237093338900519
29.637479077051132
1.1079892347293716
.13035382398688045
.13532625901863124
21.14604533387589
30.58954783852176
3.0048380437854454
12.597978053214575
37.80852048660789
.20803303657181224
8.53438032688692
8.53438032688692
8.53438032688692
8.53438032688692
8.53438032688692
8.53438032688692
8.53438032688692
8.53438032688692
