3495287937582695e-20
7.165900479895441
1.1132687905237026
5.000641932166083
.189968773086925
5.789719485717029
.004473830603403797
37.80548431710379
14709672183273871e-23
.6794931996835311
1.859924157151871
.01502435445349285
88.99731086967402
1.3195494870810347
3.15723986103038
1.9506534180017245
12.336459339197765
66.90092581577161
21.62624871580202
.007229494315988684
63.47355868524333
7.028877873608335
47.22689136146087
4278259483699757e-21
2.8660652550398935
4109645062935612e-20
2034204253808986e-27
1.3283739585429146
6.552229067098225
145.31213175299843
5.806859653581232
.5225761455202124
10.636973716697243
211.66048926145388
79.74273995893778
1.1876547296504862
11.038213692341358
6.265876021412905
1.0864631218677356
33.07992107819857
5.714282947479506
.00027077215599294503
.3174055394931492
.3452995250452107
46.4563843398082
266.22716466208107
1788865283119268e-22
19.80845952718676
.7895140010139352
8263594618227358e-21
.9569663016759956
.009664417553081173
36.277779096740055
107.77478078630752
.012769652505261193
.09895030925303355
2.093606714300674
.0001373189765306381
.00017022833628409684
.03262811510949383
9571439018252824e-22
23.690745113148367
.04011030727192127
3.570113916256656
10.216409589148054
.007389267476073576
5.332491860468861
.01566983654025322
.02930762156589253
5581112966890515e-29
59363093903146175e-22
7.862788584317623
2.2643715195076024
4.624103163626739
1.0756767851421773
153.1500803740708
4.738309861999421
1.402367763125217
1.6247047719835537
25.402265353188504
33.96781656976432
22.540176571489287
10.488357321232254
1.868358017125949
.0003229920358183198
19.54759389058194
16.09117422011609
.0016284998734089372
40301950623629496e-21
24.40595100902198
.1277709730258076
.24644454440115163
24.188110384968553
.3866101596207656
7324131516631966e-24
7.656834413532711
.20647903429316514
12.737853715719336
35.243233956235116
.006179086351679088
2.137603991798153
1.9357834630473219
1.051021196418159
6.851207604729321
.0012406713788841387
.7638843742866694
12.043052334106143
5.492129984495234
.832233981408008
8.705165855481518
.010389256729569057
.0021553510170165074
.0004635945416696502
.9489496314847984
.0003443526328250189
.5223261526456541
101.70893347078089
15.917613124094546
1.0264441527852142
.011062379447318735
7476303597837108e-20
101.01179238890494
351.3857374989868
16.19855236405105
29.940011944048212
80.11977764974206
.0007095104204145693
1359.2508962411418
319.3257272415327
160.19585570934
346.9417845137758
159.61481741341046
34.91415080052542
.02166585439138091
.02778819193278391
.3199995526034569
.04128878054785968
.6357968741786214
.043985804872535596
.2399997483394006
.0019998601933739653
10.453811255682192
2.9269018175258603
3.125498335611609
3.86977965271145
.6593368651607605
31.88727860236412
4.7092469486060455
2.4989749890725053
11.435355123726389
1.5992053802152273
15.74255346382759
7.308415644358417
.0019998601933739653
1.9999860188971663
7.999440773495858
2.356981014770475
1.99993009546413
1.2046256933458253
.099999825235756
1.0399952743814551
.1714475774194967
2.6448791522795743
2.0745845901459568
13.292537138342556
.6272225764918579
16.70714811662288
14.42714397090688
2.090773806743763
5.143085565675808
17.27170955270906
25.725726134300622
12.430992821494735
8.689395386288838
37.64808464085213
.0019998601933739653
2.062622381557136
2.902402356891741
6.9015574583013
37.90753341226197
39.969023794166866
4.265036372647124
7.047452865043628
17.190506775454242
.039999720377943325
5.799303834613948
8.049851026288207
16.063054833837082
3.105023983397659
.630237350407712
21.248296447444265
21.32780150129264
1.809080502539896
7.911414443067812
.4507923628203503
15.000763595597558
19.510100754924874
1.5269162377086845
2.157800079776019
34.19287979677893
27.933154532344158
.9141824856919224
.399999300943024
.009999982523575597
.09999930094485826
3.59920364446773
7.573363255354576
.19435640297258566
15.0538424100228
14.918355159473077
.82444553395409
5.65663919836805
41.94704386771143
.8183850050183624
13.59516520583225
1.8130739168271282
9.653392668133815
1.1641657898697875
.00012999940929768193
2.4730935090719877
4.859861933114999
.3493377430370391
.0001397251044123045
42.04014894611245
.38296019883169935
1.3243781869109714
.6692714271317118
.15190494602513058
.0019998601933739653
19.441329471346343
.864823978454495
.46602591156200607
1.1950199121033025
.039999720377943325
.7291435422545647
.6002077479825456
.6515284107259864
.5746107686313567
.00012999940929768193
4.432920952747143
10.67073874356335
.311956669181124
7.026101106863066
.9330141182302171
.5999958056691495
.39999720377943304
.1847931695159605
6.304052201124697
.0029996854405941295
2.510462913136327
2.283651201315221
47.673806849368084
1.131048447078936
.17895731456097305
.17998867562367105
29.030521474505363
41.99511120876079
4.125216511182768
17.295237319069848
51.9057369156111
.21066061997446447
9.999650477320648
9.999650477320648
9.999650477320648
9.999650477320648
9.999650477320648
9.999650477320648
9.999650477320648
9.999650477320648
