.16275869490100164
7.113776243932436
1.0051650304200674
5.042776034571642
.20244057552839348
6.521601718133514
.003912360981067514
12.355096696188642
8311798810908246e-23
.29803099472003697
1.2733064985894709
50674120008428145e-21
7.640534840041373
6.367699769878701
11.300688707380926
.1998816319695364
13.715263026280128
5.5140050502155225
7.312207785595469
.004867749699594489
46.80196615138314
3.9681456561992787
.7130159306032822
2659688187574782e-21
2.3332306591907543
9048220464200615e-21
3306431141214132e-25
1.3855319923369611
.00023846625279387237
5.024845099676959
13.544280594734959
.6252323283315939
7.317947404848762
147.56598634173275
171.08210358744353
4.603003338473548
2.9870106483246475
4.308731205600603
5.166784553454359
21.501836408317946
11.725029832572362
.00044821240671791626
.26863287335733194
.08015250212910523
47.285374005793166
48.91086896581552
5944210543424259e-24
2.8393453251010876
3.6655217374821594
1.2262162215567298
1.601607153651708
8.150253985750615
24.099380544505177
27.023296697543884
5.702332889173822
14.097696093652443
1.3316934849956432
1.0730884003780328
4.937385097805967
11.791676316602327
.0006359506504261893
16.371381985021664
15.752576493185488
4.084998033754658
6.259845081221546
2.047251924201492
.7075444925908762
4.069168015968947
1.4624917176389238
.6806718068992805
1.86723666613009
.02221875910561689
.005162451859690633
.025384867141599654
.08101363992525275
11.407223153906571
.2182187010190867
.043747445734315264
.12578386938877906
16.515561005673238
21.042588008254196
13.44546709591478
.7038777880412624
.009155447287405138
7171148807742471e-20
.47072408168957186
2.171677602274097
.1764894203133594
22574568241762558e-22
6.697924151971712
.2840256005972622
.4670930330500523
25.95084470334349
.0053088989579623755
20956788335009305e-23
4.016532106934545
.0012997547140155316
4.282295565586223
4.485984985095161
.010213939813060518
4864160785753907e-20
.0075056919938941485
.007412311708265936
.13112824079758637
.0016282648506435078
.0001779907182777537
.005667469919632765
.2017498934444068
.7921327863617014
1.1167561458469109
.00014893129916028987
4696922277743953e-21
988996029676895e-21
.05671129730474684
4688548837998448e-24
17507489238989697e-21
1.108248946925097
6308631918282569e-20
1.036179317359466
6918976184129185e-20
8851650065186047e-23
72.95112589715964
253.7722039032988
11.698660175358071
21.62279798267029
57.86282817035484
2368326870901575e-22
13.877806665704476
5.108241544543683
.044009357901420076
.08302725372889483
4.1556567142002905
.27167949554983145
.0036721373448370645
.004478484781892465
.3179234555528024
.040424527583135604
.6306448989889081
.043065098042194765
.23883099370828006
.0014443071377433219
9.237850432681883
2.8656361773280143
2.8483540852256413
2.7947705506731286
.5182763635105561
23.02912185621587
3.71708212070691
2.4466666739704492
7.018422098362945
1.5479974378502381
11.369335921303731
5.278167401758962
.0014443071377433219
1.9359447331101678
5.777228550973287
2.2815084397948353
1.6995924312686206
1.1794105788996612
.09918950886033213
1.0182261887543982
.16785885246532184
1.6232883097214545
2.031159575921423
9.599924200319505
.4529826870810412
12.06597008937069
10.419341853730717
2.0082823478834464
4.064900083805687
12.473698646864637
18.579223688989323
8.977713402570597
6.275516568944508
27.18959932764642
.0014443071377433219
1.752869960910411
2.841649537155204
5.940755519194668
27.37697428198946
28.86579099169715
3.0802265559156683
5.0896990247701615
12.415053671989726
.038718894662203365
4.188280735836866
5.813635039869193
11.600803309821671
2.7861719915758427
.6170452800355121
13.041091573089098
15.403024692801353
1.7712129955077547
6.723325049492188
.415567463600278
10.833612271750624
14.090273846037865
1.4780230563424304
1.558371963885
24.69423638417933
17.143907375471716
.8950469018099467
.39675803544132854
.009918950886033203
.0967972366555083
2.209002704466001
4.648133744445501
.19372490310661453
9.239260092287209
10.774096565153128
.807188315709357
3.4717488982847793
25.744898733517424
.8012546452090444
9.818483417311272
1.775122820013664
6.9717193132897854
1.1397975784095586
.00012727827359429962
2.421326942733759
3.5098119867084696
.3420254374638624
.00013658406003458183
30.361565971381086
.3749441110998769
.9564712947258441
.6478407759526352
.1487252856375759
.0014443071377433219
14.0406069462849
.8467215623156282
.45627109995552534
1.170005864988434
.038718894662203365
.7138811765527621
.4334724684316638
.6378906778334108
.5625830687631959
.00012727827359429962
2.7206947259997536
6.549140607648918
.3054268208148655
5.074278698466494
.9134843523444179
.5807834199330495
.3871889466220332
.17887593206097924
5.811453786028682
.0018410498280654122
1.5407906615964384
2.2358500239749395
29.259685937559134
1.1073734447983186
.12924369794856858
.13428859067004756
20.96596027910357
30.329039534913054
2.979248085230397
12.490690495096123
37.486533591413654
.20796257636471518
8.497962156343094
8.497962156343094
8.497962156343094
8.497962156343094
8.497962156343094
8.497962156343094
8.497962156343094
8.497962156343094
