.16489687561031796
7.113418346894664
1.0007701058895948
5.0293139803177045
.20236903021227268
6.521094624753302
.003899921773276776
12.300513278535673
8145313002109238e-23
.29736991846246813
1.2670835830296538
5060178107392311e-20
7.616770647490852
6.35024756195527
11.10008060732901
.19461467129181959
13.514581163478512
5.442225067210144
7.269718021033448
.0048337353302655385
46.335137132114546
3.9508592357818237
.6960695282552202
2621845849678393e-21
2.3326375287020347
79077258339778e-19
3256830892033755e-25
1.385289816203249
.0002209916652581865
4.779183290296156
13.473137516198134
.6224452447075887
7.274865519728895
147.07585698086191
170.93020924356725
4.589485057750656
2.965498245987907
4.28463673350796
5.146183291157537
21.33796347488213
11.652998395607947
.0004460270929328691
.26804566127176366
.08014516033996934
47.192727147806096
48.81011089677392
5888997351413977e-24
2.83332577136783
3.5953529333210272
1.2063537658602395
1.5921165796475847
8.13052242121673
23.95852727922343
26.86649789879026
5.696588138402791
13.80267999228339
1.29827539913903
1.0715765744836359
4.891882101750084
11.618363443818264
.0006347989572530356
16.302751499713914
15.650136568736027
4.012916775609332
6.183320210808017
2.0052946049989404
.6885348429247405
3.980509144836104
1.4355958874120955
.6763239418668026
1.870294371033707
.02158924385257164
.005009317114958854
.022386657541077937
.07873928986543981
11.287537171429458
.1960474693446137
.04255146210801618
.12267868034563596
16.347324648765028
20.781347877609345
13.428316535426447
.693129985782898
.008885997117720272
6949349332792402e-20
.43246337379774097
2.1082085267112145
.17421086327157964
22859882375219898e-22
6.667392319862655
.2642093892557572
.4672989395324989
25.63949435568289
.004846750884527012
20398364463678787e-23
3.975667281216117
.0012569823053678614
4.278235932313429
4.482660082322573
.010041197493681632
4394391007733058e-20
.007336517225343394
.00679956494964984
.12058456729073112
.0016278333235101277
.00017177543550175693
.005522515327209553
.19632364520628193
.7888314353587934
1.07767298801416
.00014382379165082503
4490041599949777e-21
8901635814421471e-22
.05347059096309977
4464965535685642e-24
1653460427066195e-20
1.082048982412592
5656452601056299e-20
1.0154086935137705
6609994191739374e-20
8528344666413067e-23
72.63982663607439
252.6892994438057
11.64873929718807
21.530528522098972
57.615914151794975
21297798781749428e-23
13.721199461287371
5.105220657404639
.04405424843160253
.08314555827694159
4.198939924977717
.274776724620394
.0035467848297304505
.004327404768877866
.31789626560357137
.040413292601807566
.6305774809548986
.0430531291806812
.23881567428491474
.00143814394643914
9.222852488469938
2.8648397457833537
2.8448809972082993
2.782844620858778
.5166395806865673
22.930851287679502
3.7055445258585715
2.445986684468001
6.9735462320631765
1.5473355997214044
11.320820345597317
5.2556442454423875
.00143814394643914
1.9351170301641816
5.752575785756559
2.2805329929111444
1.6959622779078916
1.1790827913750013
.09917890517243669
1.0179431983794374
.16781220031659075
1.6129089868292006
2.0305950661726624
9.558959112073344
.4510497055946207
12.014481815174719
10.3748801215755
2.0072203658932195
4.052353435163628
12.420470500979087
18.49994186112455
8.939403431146781
6.24873749395676
27.073575043225745
.00143814394643914
1.7491260122657526
2.84085977209425
5.9290648235640315
27.260150425470133
28.742614011275705
3.067082519562022
5.06798010643858
12.36207577772292
.03870234060328365
4.170408377017873
5.788826919776819
11.55130000944172
2.7822080017376036
.6168737878100187
12.95770669346302
15.337296437803529
1.7707207313769848
6.708964723701922
.4151234218365894
10.787382752279818
14.030147401341948
1.4773911353908415
1.5517220316887887
24.588860388333888
17.034289047526357
.894798146021549
.39671562068974675
.009917890517243658
.096755851508209
2.194878317441093
4.618413527346015
.1937166189067322
9.180184163994584
10.72812101291393
.8069639780065465
3.449550498530205
25.58028557442346
.8010319566208003
9.77658568653333
1.7746294692454505
6.941969380796895
1.1394808003226697
.0001272428997974295
2.4206539957726667
3.494834810351373
.34193038009069415
.00013654326041478756
30.232006174516457
.3748399048088176
.9523898113541255
.6475637950504355
.14868395118280195
.00143814394643914
13.980692441692764
.846486237340634
.45614429087215436
1.1696806912676079
.03870234060328365
.7136827712239056
.4316227415430918
.6377133921535709
.5624267129403597
.0001272428997974295
2.703298574691765
6.507265332242529
.3053419351072496
5.0526255822198705
.9132304723300891
.5805351090492538
.387023406032836
.17879945460095642
5.805244136778506
.0018292781356853333
1.5309388295526145
2.2352286256612555
29.072599191321203
1.107065678184352
.12869218531354726
.13377274412634788
20.87649369633926
30.19961853584645
2.9665349472751403
12.437389841079494
37.326569916225075
.20792735521092515
8.479811389539451
8.479811389539451
8.479811389539451
8.479811389539451
8.479811389539451
8.479811389539451
8.479811389539451
8.479811389539451
