.16489687561031796
7.113418394640721
1.0007717858258007
5.029313715233879
.20236924810451692
6.521096241127507
.0038999217727299835
12.300514025714428
8145348355403369e-23
.2973731048054139
1.2670835820689355
5060150281539031e-20
7.61675544413826
6.35022963585022
11.100008109566247
.1934610233468015
13.51474839717532
5.4422400409309875
7.269718705274631
.004833735335197709
46.33513729739371
3.9508781803797457
.6919736862057998
2621852305238779e-21
2.332657148634864
790765185501144e-20
3256892441424652e-25
1.3852898159256553
.00021968029033644253
4.779210825720651
13.47313765925947
.6224452446937989
7.274865496472842
147.07585672870962
170.9302092364548
4.5894747617011165
2.9654984220066978
4.284636720015452
5.146166847736775
21.337963331269638
11.65296893704755
.00044602709591004075
.2680456612717637
.08014645054749796
47.192727147580335
48.81011260117418
5888994659172294e-24
2.8333273605620772
3.595340725123107
1.2063587860823848
1.5921263525414062
8.130523123516825
23.958526975982164
26.866866413980105
5.6965843010809465
13.802609932925604
1.290962799750294
1.071576622815882
4.891884112360618
11.618319899043632
.000634797690733136
16.302753198161078
15.650117480631573
4.012977162634369
6.18334045538456
2.005303821985019
.6844843995645532
3.9804872445269193
1.4271174051693178
.6763227503874202
1.8702923729956125
.021460778780589954
.004979475768151466
.022379988958230478
.07827349208308738
11.287523426352362
.19598614572225398
.04229820440762909
.12194998839238483
16.347457364039567
20.781418311337436
13.428409044062466
.6931339311266991
.008886053480076584
6949373038166488e-20
.43246537716402444
2.1082085269961115
.17421261740669153
2285795327734667e-21
6.667404247610231
.2642092234296126
.4672967882473882
25.639751701001973
.004846772370040848
20400462863299599e-23
3.9756895766474067
.0012569920457238422
4.2783018980130425
4.482695059928
.01004106982396768
43944043872269795e-21
.007336424204658665
.006799627167542228
.12058499332549898
.0016278335008557152
.0001707546972764865
.005489694419673948
.19632202588936443
.7888314362110523
1.0776892579692008
.00014297076618322753
4463292105426308e-21
8850711090208304e-22
.053470726807375364
4438333258737589e-24
164382708401858e-19
1.082044465085982
5622808256432263e-20
1.0154137604589042
660987742467807e-19
847741105101661e-22
72.63982663607439
252.6892994438057
11.64873929718807
21.530528522098972
57.615914151794975
21297603115446704e-23
13.639456662503228
5.074757151117679
.04378825004687693
.08264288771800159
4.170977942124811
.2729217813454946
.0035260192139737784
.004302048635899136
.31789626560357137
.040413292601807566
.6305774809548986
.0430531291806812
.23881567428491474
.00143814394643914
9.222852488469938
2.8648397457833537
2.8448809972082993
2.782844620858778
.5166395806865673
22.930851287679502
3.7055445258585715
2.445986684468001
6.9735462320631765
1.5473355997214044
11.320820345597317
5.2556442454423875
.00143814394643914
1.9351170301641816
5.752575785756559
2.2805329929111444
1.6959622779078916
1.1790827913750013
.09917890517243669
1.0179431983794374
.16781220031659075
1.6129089868292006
2.0305950661726624
9.558959112073344
.4510497055946207
12.014481815174719
10.3748801215755
2.0072203658932195
4.052353435163628
12.420470500979087
18.49994186112455
8.939403431146781
6.24873749395676
27.073575043225745
.00143814394643914
1.7491260122657526
2.84085977209425
5.9290648235640315
27.260150425470133
28.742614011275705
3.067082519562022
5.06798010643858
12.36207577772292
.03870234060328365
4.170408377017873
5.788826919776819
11.55130000944172
2.7822080017376036
.6168737878100187
12.95770669346302
15.337296437803529
1.7707207313769848
6.708964723701922
.4151234218365894
10.787382752279818
14.030147401341948
1.4773911353908415
1.5517220316887887
24.588860388333888
17.034289047526357
.894798146021549
.39671562068974675
.009917890517243658
.096755851508209
2.194878317441093
4.618413527346015
.1937166189067322
9.180184163994584
10.72812101291393
.8069639780065465
3.449550498530205
25.58028557442346
.8010319566208003
9.77658568653333
1.7746294692454505
6.941969380796895
1.1394808003226697
.0001272428997974295
2.4206539957726667
3.494834810351373
.34193038009069415
.00013654326041478756
30.232006174516457
.3748399048088176
.9523898113541255
.6475637950504355
.14868395118280195
.00143814394643914
13.980692441692764
.846486237340634
.45614429087215436
1.1696806912676079
.03870234060328365
.7136827712239056
.4316227415430918
.6377133921535709
.5624267129403597
.0001272428997974295
2.703298574691765
6.507265332242529
.3053419351072496
5.0526255822198705
.9132304723300891
.5805351090492538
.387023406032836
.17879945460095642
5.805244136778506
.0018292781356853333
1.5309388295526145
2.2352286256612555
29.072599191321203
1.107065678184352
.12869218531354726
.13377274412634788
20.87649369633926
30.19961853584645
2.9665349472751403
12.437389841079494
37.326569916225075
.20792735521092515
8.479811389539451
8.479811389539451
8.479811389539451
8.479811389539451
8.479811389539451
8.479811389539451
8.479811389539451
8.479811389539451
