3916525999833761e-20
7.165897522280772
1.114162711870107
5.000702501952721
.19005612476290043
5.800007883487323
.004473872058571086
37.803740002448556
14751620133754175e-23
.679599814933614
1.859905350572551
.015175029582467152
88.99653234631378
1.3325954854760755
3.1873805221770923
1.9748593607769693
12.364665632703385
66.98540687105117
21.625943512876592
.007229430229023401
63.47338491058687
7.029143849708969
47.20497930605987
4284251966321786e-21
2.866602308339298
4896747036300358e-20
22860698204299435e-28
1.3283867009682486
6.542014189480852
145.32008603841533
5.809271667455787
.5226588401643362
10.636825815237449
211.65717960517782
79.7611765488809
1.1989185258527624
11.037644013914404
6.265785755134375
1.097414734076357
33.07922711059629
5.769740052337565
.00027086363287002086
.3174041661595428
.34545165399522826
46.46041273688821
266.22413612725836
1788856122701818e-22
19.81052588405742
.8344599406423113
9881183216553132e-21
.9580549074848723
.010828662973968258
36.27738930565743
107.8044082362221
.014311582674237763
.11087006698155209
2.121777846111818
.00013743931290657776
.0001703390959814211
.03656869296677533
10726127967452193e-22
23.690427086335358
.04268632532136351
3.5798348608003767
10.233761830735109
.007891358114333499
5.4005878616782255
.016675307924920096
.03322553750446033
9920794349303111e-29
7075190136172714e-21
7.842441739463554
2.256350447151652
4.635956926628067
1.088894633810023
153.1464339662067
4.801755288279499
1.4171609879973697
1.6434977754386915
25.459030552198005
34.02781443355811
22.53666133547472
10.519440417218323
1.874747025272264
.0003233982186309644
19.60983886770808
16.090558246025957
.0017012669525116565
3883717846819349e-20
24.414731438736045
.1334025572263659
.231961447347218
24.23385179321877
.38779191943602803
8183222898852245e-24
7.682583887990124
.20711365883547958
12.746589884927463
35.22510509221837
.006918711960892613
2.1436372639748886
1.9356868987929718
1.0520356474604142
6.867503637656445
.0012407791244541493
.7623416256529885
12.018415579152174
5.504727284632275
.832280357071103
8.736153493762254
.011622196752766377
.0024087476841884482
.000519310434034131
.9501773221343564
.0003433973274744062
.523466665283988
101.71803863041659
15.897978022040034
1.0296199690385635
.011062437064156704
8336052377884072e-20
101.01094139225586
351.3827771705135
16.198415895689724
29.93975970765843
80.11910266258768
.0007119140715479669
1278.7964455439947
297.2720799602068
153.53572088021937
332.8531966086061
84.97651552923485
18.458719504973885
.024063852567253734
.03084149977214333
.3199994986850649
.04128875793773818
.6357967402677138
.04398578078549842
.23999971801029385
.001999843345100284
10.453777792229184
2.926900214727114
3.1254908230391716
3.8697470508791367
.6593327564500782
31.887009960786763
4.709218106872243
2.4989736206104833
11.435210614434478
1.5992040329234438
15.742420837131947
7.308354072960897
.001999843345100284
1.9999843339574057
7.999373380401133
2.35697902907108
1.9999216710150929
1.2046250336815554
.09999980417389191
1.0399947048703388
.17144748353320355
2.644845728777694
2.074583454084077
13.292425152362554
.6272172923136624
16.707007363481818
14.427022426175471
2.0907716280446453
5.143054243306183
17.271564043292724
25.725509402113044
12.43088809378933
8.689322180515717
37.64776746606376
.001999843345100284
2.062613693024884
2.902400767509128
6.901530675511497
37.907214051688854
39.96868706610263
4.265000440885342
7.047393492185956
17.190361950149036
.03999968667914811
5.799254977069561
8.049783208500928
16.06291950700529
3.105015274137016
.6302370052838582
21.248027931404255
21.327621820413995
1.809079511870532
7.911381117249107
.45079141336684314
15.000637218278124
19.509936387676525
1.5269149513187519
2.157781900902109
34.19259173114381
27.93280153933794
.914181985077063
.39999921669556765
.009999980417389188
.09999921669787022
3.599158161108055
7.573267550293425
.19435638659852345
15.053652173682638
14.918229476422116
.8244450824800228
5.65656771506768
41.94651378031654
.8183845568630973
13.595050670293773
1.8130729239709333
9.653311340947962
1.1641651523617382
.00012999933810879237
2.4730921547829054
4.859820990110997
.3493375517364313
.0001397250221731787
42.03979476938681
.38295998911912105
1.3243670293879486
.6692708632867511
.1519048628405647
.001999843345100284
19.4411656834772
.8648235048688148
.46602565636186843
1.195019257699248
.03999968667914811
.7291431429687574
.6002026913968717
.6515280539429492
.5746104539691381
.00012999933810879237
4.432864933650137
10.670603896776056
.31195649835074113
7.026041913888101
.93301360730298
.5999953001872214
.3999968667914809
.1847930138321928
6.304038923605011
.0029996475333831786
2.510431188260797
2.283649950766514
47.67320439251424
1.1310478277062526
.17895580689467572
.17998731090338788
29.03027690032336
41.99475741146573
4.125181757364974
17.295091611438536
51.905299624012386
.21066054967991474
9.999608355075463
9.999608355075463
9.999608355075463
9.999608355075463
9.999608355075463
9.999608355075463
9.999608355075463
9.999608355075463
