43377640620848275e-21
7.165894562315722
1.114987295542251
5.000763799417468
.190101850317471
5.8098848729761405
.004473913506029831
37.80199215039472
14790480694541562e-23
.6796965207763698
1.8598865442519277
.01532554238894934
88.9957538260498
1.3456238614745373
3.2174757319429657
1.999135045170653
12.392880991558927
67.06319077197494
21.62563823838302
.00722936614254015
63.473211133325364
7.029380134809982
47.18528019336444
4289787927129849e-21
2.867112264316173
5746603468397221e-20
25388484846506594e-28
1.3283994366168423
6.532499675426401
145.32699689126994
5.811683242809113
.5227414952128213
10.636678004514707
211.65386972666843
79.77960741203063
1.2101581417422729
11.037073360521562
6.265695535963778
1.1083557384630043
33.07853376856845
5.825101725786541
.00027095507932232505
.3174027928320237
.3455894142835466
46.46443749843643
266.2211075237289
1788846780684901e-22
19.812591734412766
.878825258032678
1163408171389861e-20
.959146851723982
.011992797032339034
36.27699955009816
107.83125864859491
.015853639085321773
.1227846855462718
2.1499056864208073
.0001375598149555379
.00017044993804482558
.040509754689068374
11880684426692202e-22
23.690115864585362
.045264191958214926
3.5895673867247617
10.249790035784871
.008394987781332325
5.4686702280249015
.017681393029139104
.03722780559643927
16642023482265203e-29
8305386801762899e-21
7.823565958563224
2.2489293733979556
4.647914998751166
1.102126694846603
153.14278838821716
4.865039702778568
1.4320924962073458
1.6623725024501153
25.511523774913385
34.08324695362673
22.533437988385707
10.54821773386462
1.880656406030443
.0003237724074572295
19.667462536156606
16.08994230194153
.001774005527609216
3741635710320851e-20
24.4219033271
.13903419772945477
.21801754768177592
24.279571769394956
.38888475030905867
9034779601046217e-24
7.706425652085748
.2077002313789457
12.752853345781883
35.20681319856063
.007657609396900368
2.1492280256568628
1.9355902847129582
1.052965064071293
6.882565695341258
.0012408868461858324
.7609057555477293
11.995517575883495
5.516380126360988
.8323267209950911
8.76482641828572
.012852647133452645
.0026612930685162343
.0005750056733183862
.9513094695783276
.0003425110901378775
.5245189270953518
101.7261600454264
15.879469425129916
1.0325727195078396
.011062496526326687
9190477663804669e-20
101.01009040277619
351.3798168669802
16.19827942847811
29.93950747339366
80.11842768111987
.0007141660857876998
1201.6407324230154
276.53895472794676
147.17651968142215
319.38935393027225
53.26260089879166
11.521876195851942
.026422192987611646
.03384140480744482
.31999944476668196
.04128873532762908
.6357966063568345
.04398575669847443
.23999968768119093
.001999826496968545
10.453744328883294
2.9268986119292455
3.125483310484791
3.869714449321485
.6593286477649996
31.88674132147264
4.709189265315082
2.4989722521492106
11.43506610696874
1.5992026856327954
15.742288211553646
7.308292502082099
.001999826496968545
1.9999826490190646
7.999305987874177
2.356977043373359
1.9999132466015428
1.2046243740176468
.09999978311203225
1.0399941353595343
.1714473896469618
2.6448123056981885
2.0745823180228196
13.292313167326002
.6272120081799848
16.706866611526564
14.426900882468042
2.090769449347798
5.143022921127318
17.27141853510227
25.725292671751376
12.430783366966226
8.689248975359334
37.64745029394751
.001999826496968545
2.0626050045292312
2.9023991781273852
6.9015038928256285
37.906894693806265
39.96835034087524
4.264964509426275
7.047334119828483
17.190217126063946
.039999652980381294
5.799206119936786
8.049715391284995
16.06278418131359
3.1050065649008016
.6302366601601933
21.247759418757497
21.327442141049115
1.8090785212017109
7.9113477915707815
.4507904639153357
15.000510842023383
19.509772021812925
1.526913664929903
2.157763722181351
34.19230366793556
27.932448550792518
.9141814844624777
.399999132448129
.009999978311203223
.09999913245095318
3.5991126783231566
7.573171846441703
.1943563702244626
15.053461939746503
14.91810379443
.8244446310062028
5.656496232670648
41.94598369962041
.8183841087080777
13.594936135720227
1.8130719311152825
9.653230014447269
1.1641645148540383
.00012999926691994182
2.4730908004945653
4.8597800474519275
.3493373604359283
.00013972493993410132
42.039440595645004
.3829597794066576
1.3243558719589246
.6692702994422655
.15190477965604438
.001999826496968545
19.441001896987924
.8648230312833939
.4660254011618705
1.1950186032955517
.039999652980381294
.7291427436831686
.6001976348537982
.6515276971601074
.5746101393070919
.00012999926691994182
4.432808915261047
10.670469051692832
.3119563275204517
7.025982721411821
.9330130963760226
.599994794705719
.39999652980381273
.18479285814855625
6.304025646113291
.0029996096266512637
2.510399463786176
2.2836487002184924
47.672601943273676
1.1310472083339083
.17895429924108003
.17998594619345232
29.03003232820183
41.99440361715131
4.125147003839971
17.29494590503477
51.90486233609773
.2106604793853884
9.999566233007712
9.999566233007712
9.999566233007712
9.999566233007712
9.999566233007712
9.999566233007712
9.999566233007712
9.999566233007712
