45483830932103605e-21
7.1658930814983215
1.1153748976786464
5.000794706220192
.19011419663592444
5.814674918598248
.0044739342269069
37.80111689951767
14808804462769225e-23
.6797416435900814
1.8598771411920314
.015400737960615165
88.99536456707723
1.3521314494898378
3.2325057996116904
2.0112924572817863
12.406990028637937
67.09969394030084
21.625485575892863
.007229334099478516
63.47312424368871
7.029488601161889
47.176155660350574
4292393015537907e-21
2.867358407494943
619505738473042e-19
26655367845933957e-28
1.328405801913302
6.527972566514124
145.33011223299644
5.81288886103063
.5227828078970876
10.636604133137944
211.65221471370091
79.7888206969342
1.2157689039744763
11.036787668962067
6.265650444063132
1.1138222652326952
33.07818733229694
5.852746834974172
.0002710007909461404
.3174021061705469
.3456536080610243
46.466448517287525
266.2195931961894
1788842189545007e-22
19.81362446809318
.9007936570885283
12561320560011897e-21
.9596937701903527
.012574821427443436
36.27680468513862
107.84377843038668
.016624703385416936
.12873998180020924
2.163952360256334
.00013762012655767068
.00017050539095401186
.0424804382978071
12457904633150378e-22
23.689962512913038
.04655381806842685
3.5944372941642793
10.257331180798486
.00864730103233349
5.502697308207499
.0181846655252828
.03926050009273689
21164375527322576e-29
8954741276539748e-21
7.814610799424462
2.2454154603646006
4.653928487220043
1.108745211380614
153.14096591633069
4.896621243938745
1.4395999495868752
1.6718330534222756
25.536244311226383
34.10933130446814
22.531920164354297
10.561778987936687
1.8834402689172507
.00032394809734829296
19.69461466983623
16.089634340658975
.0018103606484447534
3672226299478362e-20
24.424917079941128
.14184986531080276
.21125423648876443
24.302420415129887
.3893992404699635
9457565341684756e-24
7.717660952096748
.2079765325080207
12.755331164807854
35.197614243635996
.00802679137118364
2.1518658586211132
1.935541959817208
1.0533997597691962
6.889654847169596
.0012409406978929238
.7602229215402704
11.984639575194569
5.521868466937301
.8323498984456946
8.778336562377614
.013466992416771273
.002787265109302694
.00060284478083724
.9518414683584014
.00034209063242806074
.5250130661082387
101.72990009930463
15.870528352582125
1.0339690390408898
.011062526907844579
9615828796730619e-20
101.00966491072487
351.37833672456594
16.19821119530344
29.939381357058156
80.11809019251841
.0007152376292521746
1164.3028475845408
266.6492890673951
144.1038763508296
312.87865655378806
48.452592127082816
10.467332972166286
.027586785189213044
.03532180528991951
.3199994178074939
.04128872402257917
.6357965394014055
.043985744654967386
.23999967251664092
.0019998180729559035
10.45372759725052
2.9268978105306402
3.1254795542143725
3.8696981486456563
.6593265934320616
31.886607002664284
4.7091748446027415
2.4989715679188556
11.43499385392068
1.599202011987897
15.742221899183496
7.30826171683722
.0019998180729559035
1.9999818065504265
7.99927229182361
2.3569760505251254
1.9999090344080752
1.2046240441858278
.0999997725811041
1.039993850604249
.1714473427038602
2.6447955943168244
2.0745817499924244
13.292257175161518
.62720936612984
16.70679623599361
14.426840110998318
2.0907683600002263
5.143007260109419
17.271345781466742
25.725184307255255
12.430731003885535
8.689212373012417
37.647291708891416
.0019998180729559035
2.0626006602951295
2.9023983834368403
6.90149050152167
37.90673501587391
39.96818197932535
4.264946543810259
7.047304433837321
17.19014471447894
.03999963613100853
5.799181691524751
8.04968148289128
16.062716518895268
3.1050022102918553
.6302364875984318
21.247625163706577
21.32735230193433
1.8090780258675037
7.911331128784261
.4507899891903319
15.00044765429527
19.5096898394004
1.526913021735885
2.157754632878403
34.19215963724151
27.932272058192588
.914181234155288
.3999990903244164
.009999977258110408
.09999909032752127
3.5990899371462457
7.573123994969375
.19435636203743267
15.053366823679937
14.918040953831005
.8244444052693854
5.656460491810881
41.945718661784355
.8183838846306598
13.5948788687953
1.813071434687661
9.653189351453856
1.1641641961003188
.00012999923132553116
2.4730901233506732
4.859759576251742
.3493372647857161
.00013972489881458077
42.03926350989303
.382959674550469
1.324350293279662
.6692700175202008
.1519047380638013
.0019998180729559035
19.440920004260732
.8648227944907806
.46602527356192397
1.195018276093838
.03999963613100853
.7291425440404563
.6001951065982364
.6515275187687597
.5746099819761333
.00012999923132553116
4.432780906331969
10.670401629790238
.3119562421053421
7.025953125360686
.9330128409126489
.5999945419651276
.3999963613100851
.18479278030678714
6.304019007377918
.0029995906734649426
2.5103836016992047
2.2836480749447383
47.67230072150835
1.1310468986478632
.1789535454190453
.17998526384236493
29.029910042913738
41.994226721111836
4.125129627187266
17.294873052293212
51.90464369352191
.21066044423813407
9.999545172040374
9.999545172040374
9.999545172040374
9.999545172040374
9.999545172040374
9.999545172040374
9.999545172040374
9.999545172040374
