4869150491557498e-20
7.1658908252314
1.115935023941045
5.000842090388461
.19013995493021318
5.821786267996577
.004473965780685294
37.79978221991796
1483534791591505e-22
.6798078070399693
1.859862820704145
.015515181036236803
88.99477173709934
1.3620338969791401
3.2553720602423266
2.029799012191642
12.428477195771858
67.15236295398459
21.625253044249853
.007229285298944872
63.472991911677866
7.029646124319973
47.1627553357628
4296161003219064e-21
2.867726273571965
6908166292279638e-20
28588239880182194e-28
1.328415492880385
6.521241872480634
145.3345872820582
5.814724764947173
.522845707061302
10.63649167239961
211.64969408762215
79.80284954577549
1.2243023916552886
11.036352101573575
6.26558179292278
1.1221425576492703
33.0776600195361
5.894803941673875
.00027107039353588215
.3174010604056013
.3457476703696018
46.46950950484416
266.21728688104844
17888352080570069e-23
19.815197047943823
.933980504147876
14038564028366103e-21
.9605272089738774
.013461174107066267
36.276507926574
107.86212948964736
.017799049934360447
.13780708461604496
2.1853181557551196
.00013771205544495067
.0001705898913763298
.04548190688484802
13336913874307902e-22
23.689731049659688
.04851877375823062
3.601857926416308
10.26823642849111
.009032120729061432
5.554454928648351
.018951431443381895
.042396183552095575
2990959942644399e-28
9987583954122693e-21
7.801321728803676
2.240208117170631
4.6631193091322345
1.118813483706769
153.1381907503851
4.944641109219351
1.4510368435497683
1.686232961515567
25.57203201036132
34.14705344061366
22.529666830185278
10.581414315794104
1.8874763899817852
.00032420173852525347
19.7339229717726
16.0891653367289
.0018657086298332806
3568587402575566e-20
24.428808143919746
.1461376675820353
.20122722919852554
24.337200118978526
.39014349748987265
10097439353163994e-24
7.733927358839757
.20837759511606818
12.759350559213615
35.18356414495503
.008588712209063492
2.155694487024853
1.9354683402804225
1.0540264113623143
6.8999086805701735
.0012410227007383335
.7592081642065728
11.968482607674014
5.52981192779026
.8323851912322727
8.797920139567056
.014401389870887278
.002978690651620935
.0006452298652660606
.9526099786440453
.000341466742187211
.5257238743117144
101.73534197705933
15.856760126919417
1.0359970771198248
.011062573964358837
.00010260927328955286
101.00901690065504
351.37608251749856
16.19810727847551
29.93918928612494
80.11757620874008
.0007168024753373166
1109.0011657297548
252.17063521280815
139.55162509023856
303.22228210690446
33.74755300330362
7.272710273144343
.02934121174665963
.03755052428588172
.31999937674934426
.04128870680528319
.6357964374300127
.04398572631302047
.23999964942142085
.0019998052434682476
10.453702115453122
2.92689659002148
3.1254738335192553
3.8696733232651375
.659323464747829
31.88640243964105
4.70915288231146
2.4989705258538817
11.434883815253276
1.5992009860444882
15.742120907676188
7.308214831945664
.0019998052434682476
1.9999805234929164
7.999220973872987
2.3569745384434593
1.999902619362185
1.2046235418605757
.09999975654277193
1.0399934169293812
.1714472712107416
2.6447701435132225
2.0745808848969567
13.292171900980005
.6272053423764151
16.706689056426143
14.426747558095823
2.0907667009528215
5.142983408871273
17.271234980129112
25.72501927177579
12.430651256676466
8.689156628870295
37.647050189189805
.0019998052434682476
2.062594044155264
2.902397173143881
6.9014701069581115
37.90649183175855
39.967925570352826
4.2649191827818855
7.047259223072171
17.19003443407274
.03999961046985833
5.799144487875614
8.049629841549192
16.062613471310048
3.1049955783455214
.6302362247913725
21.24742069832702
21.32721547998698
1.8090772714864338
7.911305751853925
.4507892661972515
15.000351421512592
19.50956467835283
1.5269120421683642
2.157740790176009
34.191940283343314
27.93200326661874
.9141808529439706
.39999902617108773
.009999975654277191
.09999902617464577
3.599055303191421
7.573051118981582
.1943563495687962
15.053221965497551
14.91794524971429
.8244440614781041
5.656406059829306
41.945315019155075
.8183835433666007
13.594791653196548
1.8130706786413495
9.653127423083822
1.1641637106467235
.0001299991771161727
2.473089092078198
4.85972839930303
.3493371191129392
.00013972483619062575
42.03899381425444
.38295951485723023
1.3243417971389535
.6692695881603339
.1519046747199006
.0019998052434682476
19.44079528439417
.8648224338618107
.4660250792305356
1.1950177777741675
.03999961046985833
.7291422399898158
.6001912561501305
.6515272470833932
.5746097423651897
.0001299991771161727
4.4327382497892485
10.670298948775185
.3119561120203594
7.025908051571169
.9330124518485978
.5999941570478746
.3999961046985831
.18479266175582643
6.3040088967671455
.0029995618084769343
2.510359444338935
2.2836471226691297
47.67184197211936
1.1310464270040992
.17895239737346408
.17998422464407818
29.02972380653675
41.99395731439899
4.125103163130187
17.29476210002044
51.90431070823963
.21066039070977574
9.999513096810922
9.999513096810922
9.999513096810922
9.999513096810922
9.999513096810922
9.999513096810922
9.999513096810922
9.999513096810922
