6549174727311843e-20
7.165878990311023
1.1183353048760059
5.001095768917347
.1901878723936156
5.855673254888127
.004474130973010968
37.792758482650164
14950009585868943e-23
.6800934609896164
1.8597878196523385
.016113044954882024
88.99166681002893
1.4137320559564552
3.374673140478827
2.1269699342711017
12.540913398860678
67.37639053544778
21.6240346236091
.007229029709894378
63.47229879367843
7.030288896506749
47.10652480073349
4312358152665772e-21
2.869486349040042
.0001123678883682529
3875870552188877e-27
1.3284661855673512
6.490449904579944
145.35161804367422
5.824335776748681
.5231747682177935
10.635903512761095
211.6364910581338
79.87627170530081
1.2687698412936934
11.03406165059418
6.2652226793076276
1.1656199998215087
33.07490414797048
6.114180769194873
.00027143463442230736
.3173955832530977
.34615185692939315
46.485507182667874
266.2052068678922
17887988472582253e-23
19.82342852752673
1.1026367985311087
23058734262467e-18
.964901191721391
.018102323621271905
36.27495393344567
107.94116753301313
.023949982953934374
.18524051044191306
2.2967449175281165
.0001381949620113454
.00017103327856870306
.06120437803969845
1793880286629527e-21
23.68856309832619
.058827744086595725
3.640768351710144
10.31505335775205
.011055158176630865
5.824836243974985
.022973179769893243
.05961000386119206
13531997597601993e-28
16263372390965164e-21
7.7410304760003
2.2167098881482246
4.711903946291592
1.1715008668405047
153.12366428072974
5.194597525014922
1.5116015195638504
1.7619540280601982
25.726166831331
34.3090436084255
22.519584759441496
10.666028186216677
1.9048876388273372
.00032528299035878747
19.903162913277594
16.08670915962151
.0021550155569887313
30655870789550923e-21
24.436866008063888
.16857948271620676
.1542366652442592
24.518851769184014
.39333752821213225
13362859847999063e-24
7.803963993814985
.21011213835294565
12.773624877376166
35.10899542380502
.011525404947830064
2.1723184957779886
1.9350823555175012
1.056667726072273
6.943930647253442
.0012414519494030594
.7545722519933626
11.89490110300165
5.564014378573638
.8325699180607077
8.88238549227269
.019276422328848252
.00397485175479657
.0008669558790941899
.9558960878607282
.0003386358542981286
.528735241007481
101.75780176010365
15.789098132514049
1.0448546798857064
.011062833992741265
.00013601028972453667
101.00562300574518
351.364276309157
16.197563023363156
29.93818333175332
80.11488426457082
.0007237928628015275
850.6967518210431
187.1336348395276
118.06797504651563
257.5149110015961
49.31561841932413
10.563360451815763
.03818114971578419
.048760516175451324
.31999916170673315
.04128861662954514
.6357959033535251
.04398563024691327
.23999952845988307
.0019997380501716013
10.453568655157696
2.926890197594091
3.1254438714606767
3.8695433025501784
.6593070784580279
31.885331059062814
4.709037856142505
2.49896506802948
11.434307503318388
1.599195612660687
15.741591973669516
7.307969276510323
.0019997380501716013
1.9999738034727053
7.998952200686403
2.356966618908069
1.999869020795721
1.2046209109276795
.09999967254179992
1.0399911455534725
.17144689676490849
2.6446368485341596
2.074576353951889
13.291725285064514
.6271842683269465
16.706127713006623
14.426262820528764
2.0907580116877504
5.142858489447466
17.270654668011588
25.72415491318047
12.430233587785894
8.688864673900742
37.645785251306734
.0019997380501716013
2.0625593923665173
2.9023908342239326
6.901363291098845
37.90521817665699
39.9665826512421
4.264775881837577
7.04702243572447
17.189456850287087
.03999947606945411
5.798949637083448
8.049359374628674
16.062073768778806
3.1049608436548715
.6302348483371042
21.246349839861654
21.326498887248228
1.8090733204089897
7.911172841116399
.45078547952869363
14.99984741090148
19.50890915853601
1.5269069116785103
2.1576682902575928
34.19079143687745
27.93059550882181
.9141788563463654
.3999986901671997
.009999967254179993
.09999869017363522
3.598873912758508
7.572669441317524
.1943562842641316
15.052463291284731
14.917444007943978
.8244422608682648
5.656120980035448
41.94320099805537
.8183817559931094
13.594334869281525
1.813066718842188
9.652803078772484
1.1641611680792776
.0001299988931941841
2.473083690779601
4.859565112816497
.34933635615049785
.00013972450819714624
42.037581307415934
.3829586784624975
1.324297299360219
.6692673393858553
.15190434295566735
.0019997380501716013
19.4401420752235
.8648205450644302
.46602406141819114
1.1950151678205403
.03999947606945411
.72914064752193
.600171089771804
.651525824128912
.5746084874007787
.0001299988931941841
4.432514842188537
10.669761171502383
.31195543069912607
7.025671981621127
.9330104141222323
.5999921410418112
.3999947606945409
.1847920408445689
6.303955942550911
.002999410632190617
2.5102329235861225
2.283642135117311
47.66943933717086
1.1310439567657649
.17894638458718823
.17997878192490352
29.028748410132696
41.99254632078329
4.124964559992985
17.294180997393564
51.90256672754049
.21066011035438903
9.999345103978602
9.999345103978602
9.999345103978602
9.999345103978602
9.999345103978602
9.999345103978602
9.999345103978602
9.999345103978602
