.18060308258017455
7.110417864474385
.9659395483358915
4.91990452781821
.2018555507280328
6.514228114669367
.003808054549455113
11.86327865995997
7001985400450075e-23
.2909759357787713
1.2223581240283208
50836215736338556e-21
7.489597123354012
6.268385238157384
9.580724465129384
.15135003369166067
12.078805955064716
4.844141250836898
6.897694766052095
.004571879751381817
42.53489608967276
3.816561541328692
.55292731881859
2354632333180013e-21
2.317672891306419
31465623650978707e-22
2871357603269208e-25
1.3834410780721396
.000125528474697739
3.393706407125366
12.953679452198767
.6019101653593972
6.964471401177477
143.53688781580388
169.5865851428709
4.516924004068981
2.8021560856067094
4.1108758947662185
5.038035011618981
20.16659116535874
11.177381311977884
.0004301279033099227
.263772176595973
.07941268425785812
46.51769319106588
48.13038592865682
5527540126307187e-24
2.8393357598370668
3.0581795544206476
1.0637292708429618
1.5161277747801607
7.968963416477412
22.934172526420387
25.551880606513205
5.663608302496376
11.55768718373076
1.0208190973690214
1.0621568064405906
4.567081992896485
10.249903245624688
.0006281421212136411
15.80543436887998
14.950608896272731
3.50998037990129
5.619928570739267
1.7151805549712464
.5338915172983554
3.316128667582327
1.1836769510059797
.6380197570945645
1.8898042418591512
.01657866712484159
.0038068973823930275
.010460494216712633
.06050011724259103
10.502069944445726
.10513027791098642
.03287405672025939
.09655673707190558
15.043746879249998
18.858498388682374
13.249518426972536
.6264935208808206
.007261477644894029
5489732892800616e-20
.23241321583443272
1.696281635306133
.155502243527363
24020733782922586e-22
6.485845684814136
.1568788479753959
.4539560642533336
23.364365922801344
.0024998429451052284
16465752354675742e-23
3.6763750573855645
.000996694026764104
4.217188800060774
4.428483392131411
.009114708662950383
2183991353667134e-20
.006396575354488974
.0036383086086963245
.0655116154257866
.0016244661204700298
.00012839037926864092
.004407017326332399
.16444513340051403
.7648667103495125
.8070413341333292
.0001103325604588716
31575089110423805e-22
4093489656729098e-22
.034528348481195736
3052446850330234e-24
1075811723267943e-20
.9135141765132369
24667796563745147e-21
.873563535393233
4763994867650838e-20
6427294097191663e-23
70.39350023818207
244.87509241589902
11.28851169482146
20.864714783004146
55.834189788020126
1013498245637058e-22
11.727565832245416
4.672747536902874
.04058407253486738
.07684790587582797
4.124399122043495
.2716971021002316
.0025815536854463432
.0031597293320257086
.31769661054491105
.040330860645581806
.6300824763251467
.04296531268686145
.23870317413901582
.0013936705375605606
9.113427481269653
2.8589962638665245
2.8194985741741125
2.6967874587955185
.5047738280034775
22.221733728358725
3.621884556682467
2.44099754712427
6.6525833604129785
1.5424826711855237
10.970733364862667
5.093117805702718
.0013936705375605606
1.9290478977422016
5.57468215024224
2.2733805279641035
1.6695332365531015
1.1766777881003903
.09910104952627607
1.0158668753736413
.16746990977157286
1.5386736002847061
2.0264532130141926
9.263356228858868
.4371013675084782
11.642943928752766
10.054045557792422
1.9994366716065386
3.9613701530391188
12.036377751138515
17.927846501228977
8.66295979356214
6.05550046908749
26.23634718736087
.0013936705375605606
1.721868493442907
2.8350652027013505
5.843891962533113
26.417152880637914
27.853772509472154
2.97223553620228
4.911257024566129
11.979788836271805
.03858095795484405
4.04144195651386
5.6098122480063
11.194085636241432
2.7532624898573146
.6156155356409964
12.361318197289759
14.863003264815307
1.7671089500936565
6.604415519724773
.41187618178880375
10.453791886734162
13.596276728276449
1.4727575745777342
1.5037363147151395
23.828470272576475
16.250272688091393
.892973004914377
.3964041981051043
.009910104952627596
.09645239488711002
2.0938573412769723
4.405847464273321
.1936557773969249
8.757659070806575
10.396362767511897
.8053179943455219
3.290782262532858
24.40293309945894
.7993980726451938
9.47425288198325
1.771009715216322
6.727294734730215
1.1371565741731755
.000126983359421705
2.4157165301179058
3.386759942137597
.341232936544047
.0001362439363096391
29.29710645523032
.3740753349201598
.9229379462629995
.6455328323941318
.14838067698349008
.0013936705375605606
13.548351122240996
.8447596391851787
.4552138824892424
1.1672948656806978
.03858095795484405
.7122270554638398
.41827516620929567
.6364126329468286
.5612795177677691
.000126983359421705
2.578877162029207
6.207763400496044
.3047191218839708
4.896377326275246
.9113677343675861
.57871436932266
.3858095795484401
.17823868357262285
5.759833494409258
.0017450841913221405
1.4604761830450537
2.230669376553778
27.734510274683885
1.1048075699321425
.1247124862082536
.13004379101131808
20.230905441834395
29.265720377426835
2.8747973142034104
12.05277387467767
36.172276696808865
.20766881769846093
8.347666182765503
8.347666182765503
8.347666182765503
8.347666182765503
8.347666182765503
8.347666182765503
8.347666182765503
8.347666182765503
