.19848679291165283
7.106138931023007
.9203353791917822
4.773603701538967
.20129339402927732
6.50005511413803
.0037028459623736705
11.311738432349264
58619454907715826e-24
.2794897114112647
1.1734903054740813
5266989153221349e-20
7.436553448887914
6.264877444614823
7.739092365672631
.11675583229497487
10.528013765849193
4.102735876627095
6.402777227516461
.004238649641117204
37.36468096341116
3.6426844807567935
.43756310146800736
20725883535836517e-22
2.2713911193550644
12399060538245144e-22
2401941959637511e-25
1.3812022065861251
7562703317807651e-20
2.460988908204839
12.374777616378905
.5785112859243985
6.624791985399515
139.60383283101936
167.61553622264194
4.485171477231321
2.610922602700413
3.920210206197126
4.997251268315475
18.905981418146993
10.741725711759763
.0004124650339495618
.25899072536985795
.07674415551893701
45.76087445934247
47.451084276785586
5201769022101192e-24
2.9289416198352822
2.409072386473365
.9100850562713614
1.4170274051998997
7.756460289241652
21.792083161268213
23.637703901502835
5.645033817677517
8.909796409140013
.7947897305405697
1.0541038290800782
4.216775724505165
8.475063204892784
.000624208989186199
15.25380438231628
14.265122715072396
2.9906851918270605
4.978811502943546
1.42244541065163
.4107985934163746
2.549309998923567
.9732596917740118
.5774427123877428
1.9090581863794425
.012662273313263991
.002871986076532474
.005786351427188152
.0460995714900994
9.593204429685699
.06834606408843864
.025220171689931358
.07544505066712671
13.419411209484696
16.672645754467958
12.903474989331906
.5669872643482129
.0058348937008186165
41542338154786924e-21
.11620703423544769
1.3268476704863175
.13014316645425272
2357596380804941e-21
6.3346910110670045
.08935512740725711
.417096724352687
20.808869489104147
.0012055166642485902
12642225946598578e-23
3.330224901920806
.0007677100817161654
4.062487519631209
4.284582119439955
.008508515391676606
10621262403884404e-21
.005721363042670258
.001826557165444089
.03335218846127206
.0016202367931272943
9897619638605542e-20
.0036175266188317916
.13835264153176455
.7382392742497075
.5383786239043012
899085110158135e-19
22447266746454466e-22
18926266337953388e-23
.02103009855205529
21406473134293596e-25
7217478426155849e-21
.7491236071455399
10393640531119324e-21
.7330495109673619
3237333019914325e-20
51280304922257054e-24
67.92020193792008
236.27132718474166
10.891886201092348
20.13162630986889
53.87243754907817
4656593897061314e-23
9.827595680458394
4.161510992157244
.03587254333549088
.06823953784093068
3.996914084423837
.2656171844908396
.0018435480487933888
.0022654069288098795
.31746942804566813
.04023720505109102
.6295193175223167
.04286553941553129
.23857514153491183
.0013447034744082718
8.990411704029954
2.852357154498332
2.790872764132064
2.6020349629622608
.49159447358700664
21.44096595756655
3.5289233222520986
2.435329106809161
6.305070425983388
1.5369754633316148
10.585273115093408
4.914169471421056
.0013447034744082718
1.922160515516476
5.378813897633084
2.2652637566496456
1.6399411846139715
1.1739453282419936
.09901247441030724
1.0135078477056554
.16708101417877094
1.458297459318757
2.0217474200473524
8.937885224603694
.4217436701977467
11.233865344343775
9.700793429333029
1.990610593024272
3.860257584733118
11.613475742679292
17.29794584095755
8.358583911411682
5.842738510003858
25.314524679827915
.0013447034744082718
1.6913488123879123
2.828481665610177
5.748399512187755
25.48897770684534
26.875121242374146
2.867805083464543
4.7386984273958115
11.558875097560213
.038443210310329545
3.899444591873205
5.412709688098972
10.800777832489322
2.7206704679605775
.6141859643884785
11.715596418631524
14.340786858651766
1.7630054016793195
6.487353934601264
.4082096618055127
10.08649454227383
13.118567166908486
1.4674993099416822
1.4509020550371439
22.991249295872723
15.401402461117026
.8908993591676516
.39604989764122894
.009901247441030714
.09610802577582377
1.9844799055466626
4.175697927167221
.1935865241061814
8.300182683432006
10.031083213649808
.8034478994775407
3.1188807111104877
23.12818997627687
.7975417249122184
9.141371955903782
1.766897108515832
6.4909290677798355
1.1345158897623167
.00012668848096320678
2.4101067969228316
3.267765040904644
.34044053159606663
.00013590391285508234
28.26774318513948
.3732066639492088
.890510224299809
.6432280522167413
.14803611006150064
.0013447034744082718
13.072325442474963
.8427979536435541
.4541567930519591
1.1645841946748876
.038443210310329545
.7105731346889259
.4035789335439663
.6349347670514325
.5599761246323242
.00012668848096320678
2.4441636046699515
5.883486655857541
.3040115086553927
4.724341532096209
.9092513727131202
.5766481546549423
.38443210310329506
.17760230852843056
5.708559481632016
.0016539257201992172
1.3841848633368847
2.2254893565088447
26.285734584344436
1.1022420057933255
.12033067284314675
.1259242544591046
19.52008606401193
28.237459867287136
2.7737903847744296
11.629295783137719
34.901352106212975
.20737482801568424
8.199705923069853
8.199705923069853
8.199705923069853
8.199705923069853
8.199705923069853
8.199705923069853
8.199705923069853
8.199705923069853
