.21994724530942678
7.099667772532371
.856160508711688
4.568305611583687
.20066080838355818
6.473941267637611
.003576603558759722
10.612610476018286
4698064026876727e-23
.2583507987573062
1.1176332922568102
57042224604359376e-21
7.483804323314417
6.368753971003687
5.445931242859775
.08621346997450309
8.780980050608592
3.2337946817891985
5.7725033134274835
.00376766746096325
30.118807982500613
3.3942994711235093
.33296488238455774
17626874869989362e-22
2.1622775981686355
4505181100373665e-22
18315264226952126e-26
1.3783471720222942
4904871851025728e-20
1.855375775091769
11.705499407350567
.5505949470176444
6.2381297389603505
134.97079189191123
164.70953351806168
4.505518365275898
2.3833525574740206
3.7022481376632115
5.046024633030194
17.50320894783529
10.342275736505727
.0003920363441861161
.2533694411007198
.07047667475155252
44.86920457249459
46.76635801434442
49245962366447155e-25
3.162120596199695
1.6253069892968315
.7402320180383116
1.2816074868322327
7.473716082306834
20.46356073354358
20.70499507687349
5.644230674683057
5.856316093369513
.591965255853393
1.0482594002767207
3.8236392314121637
6.104581639615158
.0006237482773305308
14.612738014098097
13.584436104774374
2.433248840470102
4.217818599311401
1.1198155751101615
.30271529615061926
1.676411714836696
.7735871373243984
.47417545747683054
1.9325744692967604
.009280669556725265
.002073019775016364
.0033018842554153223
.03359336154422965
8.224589246629476
.047865073642505584
.018538078075227542
.056507144099663266
11.304926203975937
14.083905705174443
12.23400411986769
.5121239640404384
.004448787803609167
2927613692512202e-20
.052144466236319215
.9922407019319488
.0949783864008021
21092861666541804e-22
6.17803695849417
.04797959821914227
.3573298617894735
17.79881324853498
.0005250204721334463
9084632105377712e-23
2.9005601237124807
.0005498840796092257
3.732325754997004
3.969301766253599
.00822006741402874
49061106978315e-19
.005267665210673762
.0008246639645700434
.01535337534611964
.0016146814074151038
7752848883214536e-20
.0030054528398694835
.1155729608567157
.7072803648273062
.2852699756049503
7737857615050144e-20
1504528303115984e-21
8534156877446992e-23
.01199858453062271
14953626965054824e-25
4851088904581366e-21
.5688069416056275
4009183899700128e-21
.589285229151636
1927105501824582e-20
42963444742281476e-24
65.06668156856223
226.34489844071194
10.434287162091366
19.28583957625437
51.60910361444467
20073967694072572e-24
7.865766146161737
3.524627463842639
.02929684634481817
.05609999060399179
3.730896097780578
.25078972150351786
.0012574657105758364
.0015532279888636148
.3171970234789677
.040125105373868465
.6288441913325727
.04274611727559015
.23842159305446736
.0012882086665972246
8.844982658692285
2.844410570834364
2.7569051663623547
2.492716092335512
.4762326726106896
20.540170150826373
3.420513934836605
2.428544351097193
5.911932713009893
1.530392762458179
10.140555761680009
4.707711270693187
.0012882086665972246
1.9139281084245976
5.152834666388896
2.2555618752174347
1.6051222565742147
1.1706747508694908
.09890628876560162
1.0106842444646733
.16661553135669932
1.367368779818367
2.016114890826571
8.562379310020273
.4040250221487172
10.761898791358435
9.293235576739544
1.9800707118408607
3.742323414524648
11.125560679925671
16.571210062840496
8.00741608844201
5.597268489664895
24.250989682088576
.0012882086665972246
1.65543840709949
2.8206015983604216
5.635866048438203
24.418113442527176
25.746021155714047
2.7473204561000095
4.53961226302932
11.073253962807126
.03827856216849198
3.7356178620548377
5.1853063985367855
10.347006514522876
2.6820689098029327
.6124748602430701
10.985098189276236
13.738289718681758
1.7580937201592217
6.349615635242385
.40385289614678604
9.662732291712468
12.567418943559892
1.4612141679730655
1.3899455435742385
22.02532168802017
14.441084537435227
.8884173395921453
.3956251550624065
.009890628876560151
.09569640542122985
1.860742367533867
3.9153321862249006
.19350345284721607
7.782644477359119
9.609648950202889
.8012095171127069
2.924410301271746
21.686086542345468
.7953197969770985
8.757316986457578
1.7619745848142334
6.2182267232270885
1.1313551616529776
.00012633553055808403
2.403392309829013
3.130476961063247
.33949207422540834
.00013549700466880925
27.08013509987055
.37216692109150074
.853097363447547
.6404731755370787
.1476236857856568
.0012882086665972246
12.523119965155091
.8404499431779342
.45289152550057443
1.161339697146897
.03827856216849198
.7085934987042569
.38662343761413936
.6331658573482496
.5584160475160358
.00012633553055808403
2.291763579808512
5.516635799019863
.3031645414779027
4.525858541630989
.9067182249642675
.574178432527379
.3827856216849194
.17684165691142945
5.647632810273065
.0015507991044539625
1.2978772989895893
2.219289208208035
24.646749944976875
1.0991711917814264
.11527523990538403
.1211527031430093
18.69999187103253
27.051124070113325
2.657255581616493
11.140716075603839
33.435047290979384
.20702258971686774
8.02561128287107
8.02561128287107
8.02561128287107
8.02561128287107
8.02561128287107
8.02561128287107
8.02561128287107
8.02561128287107
