.22352398737572243
7.098441399077858
.8443861331354541
4.5309630148869875
.2005614030084922
6.468536874257514
.003555624877554904
10.494653431080316
4523661392544264e-23
.2539862243299646
1.1086106590487865
5798871631164996e-20
7.50114762389442
6.395230242491494
5.0702007114879475
.08133728018514673
8.502436085577346
3.095571171968542
5.666033428323976
.0036802375363786995
28.843784739510923
3.347922411947735
.315636314420951
1713799030496927e-21
2.137588501724927
382738477769935e-21
1738893115758677e-25
1.3778542148179531
46092187935317406e-21
1.787643835883022
11.596976708010667
.5459706533109887
6.176030400066404
134.20544732234876
164.17298046865622
4.513548047662345
2.346195333598676
3.667133803195055
5.062386475608614
17.281502659941584
10.28518517549476
.00038871907538670555
.2524447228941409
.06910442329090123
44.72233934202274
46.6689139709192
4890285740541312e-24
3.217740714960541
1.5006573097157996
.7135754137879825
1.2574563049642156
7.424474079469676
20.247518860464265
20.154028080844704
5.6456469730061825
5.3870230945293995
.5592891119310377
1.0477887868594
3.761029310486955
5.700467274487198
.0006240183573848647
14.508153357539323
13.484096876518132
2.346920384110528
4.092730741555784
1.0741488450995265
.2855325993732955
1.54266366999797
.7386746279702713
.45350425699199837
1.9367026644066936
.008748180714600002
.0019490066272026556
.0030203160175342235
.03162828341375999
7.953335518160338
.04537064706686335
.017479198732168758
.05343155627934497
10.939600879125596
13.659203676360052
12.09191447815804
.5046193588329313
.004246259591948149
27565891146190262e-21
.045811263040727766
.9458437457835882
.08879896220569487
20518999791802624e-22
6.151622977446059
.0435416991063366
.34656285828916644
17.30525631041783
.00045955124162820946
8590774496742729e-23
2.8275503270750084
.00051874170364815
3.661551963310036
3.9009012233222005
.008220084986858592
4360568013461365e-21
.005226962449046559
.0007246197404745106
.013548805089850928
.0016137128518333096
7435893952426162e-20
.002906217540129108
.11252398348919615
.7022291513253799
.25157705764979454
7567198106875689e-20
1393441548467869e-21
7527701860834529e-23
.010993854278173728
14071817017455869e-25
45445880743655915e-22
.5397610285579937
34245014488673945e-22
.5676001139338469
175451879325528e-19
41820892128508517e-24
64.602889153058
224.73152206044793
10.359912026763896
19.148370968566535
51.24123621671777
17639009474274155e-24
7.511388508342596
3.3930870078960202
.027935363384066363
.05355684000402549
3.639957731071049
.24512588774870236
.0011732112300614727
.0014504483254778491
.31715164544766833
.04010645248098532
.6287317407144304
.04272624595714045
.23839601125074292
.0012790263724529467
8.820974231962907
2.843088294289565
2.7512842302052216
2.474948122773205
.4737194543820377
20.393760730529113
3.4027722939806058
2.427415397609822
5.848835565850182
1.529298389899897
10.068274330725073
4.674154913905103
.0012790263724529467
1.9125594725738768
5.116105489811785
2.253948939583984
1.5993914036085812
1.1701305411901517
.09888860223297057
1.0102144093134626
.1665380770639291
1.3527750634636573
2.015177662755809
8.501347050699145
.4011451497404548
10.685188454892348
9.226993806418983
1.9783194986136103
3.7230210278990548
11.046258177674279
16.453091213721468
7.95033958230895
5.557371408540328
24.078129705033003
.0012790263724529467
1.6495279077179679
2.819290389854176
5.617325828589832
24.244062214732004
25.562504660734213
2.727737677944093
4.507254108499732
10.994324300511524
.03825118945147756
3.7089905438963493
5.148345764895545
10.273253511773659
2.675688775603089
.6121901400446985
10.867855928469151
13.640363799917784
1.757276437973042
6.326945266399873
.4031313027615154
9.593856765223203
12.47783893966273
1.4601692645166262
1.3800380734907312
21.8683261735466
14.286957066701468
.8880043424593894
.39555440893188226
.009888860223297045
.09562797362869381
1.8408829508777498
3.8735444489271247
.19348961110350998
7.699581511706788
9.541151799413573
.8008370601394379
2.8931985206084354
21.454634281248275
.7949500779485096
8.6948952200393
1.7611554985367737
6.173903479400991
1.1308292304075271
.0001262768011641827
2.402275048730414
3.1081630603624415
.33933425509356563
.00013542930518406629
26.88710909996743
.37199391245640595
.8470165233414367
.640015177900905
.14755506020144168
.0012790263724529467
12.43385572240793
.8400592445712224
.45268099054909877
1.160799827038894
.03825118945147756
.7082640959897751
.38386760292733946
.6328715185594955
.5581564575505643
.0001262768011641827
2.2673039401491795
5.45775759493082
.3030236098674942
4.493598423016493
.9062967203285073
.5737678417721627
.38251189451477524
.17671519874903321
5.637541773370239
.0015342476645004008
1.2840252545051551
2.218257530820731
24.383698979450067
1.0986602218460333
.11445356311666981
.12037521134427615
18.56669915976007
26.858304859541438
2.638314781884584
11.061305546365361
33.19672375930762
.20696394152900138
7.996957018042902
7.996957018042902
7.996957018042902
7.996957018042902
7.996957018042902
7.996957018042902
7.996957018042902
7.996957018042902
