.2271007294420181
7.0971722742856045
.8322946241845953
4.492732470920197
.20046232381408208
6.4628079651938055
.0035346739315795478
10.37673501971645
43544769295510174e-24
.2493732083389034
1.0996684201191531
5899240131976065e-20
7.520621839784789
6.423753066076749
4.700839993908665
.07798799183489534
8.2276189424461
2.959815995886386
5.559479689927193
.0035902471691921195
27.564162904559684
3.2999437321346297
.30403459821376655
16656525065973646e-22
2.1108812511480872
3253457832477749e-22
1647511285624408e-25
1.3773564207555347
4422502162521509e-20
1.726249617901569
11.489356469388504
.5413562297089062
6.1146212976980525
133.4417858229297
163.6223723516944
4.52253617178745
2.309353290484595
3.632377443293907
5.080583627216172
17.063305108110434
10.22999094025358
.0003854275235881346
.2515234440511099
.0676417930304835
44.57597247929176
46.57687222121074
4859347403358132e-24
3.2788367034538872
1.3793159168729678
.6874098123928999
1.2328904334365869
7.374759873813036
20.033234550421874
19.587024863892058
5.647343257421771
4.93456933825867
.5367911879428768
1.047484674091766
3.6992486601881285
5.299147368180135
.0006243649161848544
14.404223421990304
13.387057813165459
2.2624087370926778
3.96835021765314
1.0297787466057466
.2737069017934782
1.4137237306681032
.7167723991809359
.4319439921620444
1.9408962019928209
.00838174643853264
.0018625193951754436
.002762107004300525
.030264241809926592
7.66828646479022
.043016871785357944
.01675080183633633
.05134646449595737
10.571666803504947
13.237173234107896
11.940374225081785
.49753912698020497
.00405118551465625
25939577233441137e-21
.04027389605890534
.9017581473908692
.08259011776402597
19909741448488997e-22
6.124651000504639
.03956928317330241
.33568948328451476
16.81447444698102
.0004026441278278351
812221736233794e-22
2.7542543847233234
.0004889631112461739
3.586328291319189
3.8280129795537685
.008235186887275947
38858482427427645e-22
.005196428934260038
.0006368260741391723
.011964473825533931
.001612733882594458
7262048824414812e-20
.0028602949692964484
.1096718254713682
.697209348324886
.22044752587308075
754490051372829e-19
131009527552019e-20
6772829868790824e-23
.010087763056435148
1348630263947867e-24
4337528735917122e-21
.5109013271595991
2978645761497777e-21
.5465066954824267
1593843887374705e-20
4150487324711543e-23
64.14240228851106
223.12964456990264
10.286066979449
19.011882130000725
50.87599069116486
155421638793983e-22
7.288046298791742
3.317756219311975
.02702581455459836
.05187677542837889
3.612507365695373
.2437669316719632
.0011132218184100222
.0013775262969436982
.3171062739081248
.0400878082592386
.6286193102048314
.042706383876234454
.23837043219185655
.0012699095225466167
8.797030971671528
2.841766632429061
2.745674754238999
2.4573067894533898
.4712194983898241
20.248394802499604
3.38512267108229
2.426286968937007
5.786411688072027
1.5282047999185453
9.996508065489325
4.640837720681572
.0012699095225466167
1.9111918154235394
5.0796380901864655
2.2523371573477067
1.5936810112852686
1.1695865844965772
.09887091886306476
1.0097447925736647
.16646065877719518
1.3383370673407975
2.0142408703725563
8.440749781766995
.39828580281876297
10.609024849932993
9.161224155822625
1.9765698341911286
3.703818194961856
10.967520881867557
16.33581422372244
7.893669873038408
5.517758682722779
23.906501739203858
.0012699095225466167
1.6436385103634052
2.817979790887046
5.5988465988820835
24.071251488470324
25.380296128337164
2.7082944705722514
4.47512657768262
10.9159571873479
.038223836308470815
3.6825530045140686
5.1116485578517015
10.200026162960754
2.6693238183621086
.611905552203688
10.751864684989778
13.543135820800284
1.7564595357153465
6.3043558366969545
.4024109986914433
9.525472129819928
12.388897392233888
1.459125108262164
1.3702012161342199
21.71244960077153
14.134474191826207
.88759153731586
.39548367545225904
.009887091886306463
.09555959077117693
1.8212354413802285
3.8322026019003608
.19347577034993546
7.617404857940689
9.473142842943082
.800464776309565
2.86231978093367
21.225651699490058
.7945805307905336
8.6329183473339
1.7603367930264635
6.129896137120848
1.1303035436507793
.00012621809907170797
2.4011583070109515
3.0860081957591583
.339176509326816
.00013536163952455768
26.695458838988515
.3718209842475209
.840979022725499
.6395575077751219
.1474864665190772
.0012699095225466167
12.345227685629647
.8396687275878617
.45247055346862336
1.1602602078993272
.038223836308470815
.7079348464041347
.38113140968288
.6325773165994791
.5578969882602083
.00012621809907170797
2.2431052936917237
5.399507642574837
.30288274377170726
4.461568229390858
.9058754116368412
.5733575446270613
.3822383630847077
.17658883101584208
5.627468766742514
.0015178728343975697
1.2703210163454621
2.217226333027419
24.12345486286731
1.0981494894443053
.11363774259986673
.11960270864644522
18.434356455073782
26.666859914060534
2.619508977414764
10.982460993503745
32.96009881207133
.20690530995579237
7.96840505642634
7.96840505642634
7.96840505642634
7.96840505642634
7.96840505642634
7.96840505642634
7.96840505642634
7.96840505642634
