.2342542135746094
7.094509177601133
.8071926560688324
4.413642492522187
.20027251637820104
6.450327283873192
.0034928693583253794
10.1417024575983
40314674653592535e-24
.23946307332573244
1.082022834807992
6114847928386365e-20
7.564417070524821
6.4853672095243855
3.987435074347959
.06891309275837537
7.69035157889303
2.696386283689735
5.3462787907038765
.003402809232731305
25.014023573891023
3.1993071302556646
.2710638189750712
1571582355974736e-21
2.0516446030450304
23503425562947302e-23
1469886786217218e-25
1.3763463240516354
39679686697706196e-21
1.6205187942890975
11.27682317575897
.5321589825285964
5.993883038843297
131.91928322704538
162.48002044403495
4.542468244264453
2.2367528255341136
3.563945186374062
5.121068086899436
16.637391047868707
10.123236526409771
.0003789214603260517
.24969115206527656
.06448036778768397
44.28473490564113
46.409978175142726
4807367974705418e-24
3.418412534911582
1.148692589797328
.6366367943218907
1.18268150586912
7.2740893091511305
19.610262073729615
18.414711603325486
5.6512288524252074
4.086223127329191
.4756431871832385
1.0474122730449316
3.5782032171517595
4.513487060538664
.0006252427636608254
14.198345926226603
13.201988713838192
2.0990556408374332
3.7223531153407623
.9449290244002614
.2417880243149594
1.1718896417540188
.6486196495252999
.38648487605920695
1.9494544906387967
.0073969655841699036
.0016350832843165688
.0023126537932097856
.026637597838476114
7.056086214184923
.038767881238726536
.014787216932111408
.045570353539987035
9.831807769847357
12.40335028127285
11.609848335489815
.4845967759925737
.0036847981316816478
22926609210696257e-21
.031265142707020806
.8201004054086913
.07022667156343175
1860393526100564e-21
6.06887788696695
.03289384684960999
.31380283619541954
15.84377307830087
.0003107617781734501
7255147197607975e-23
2.6073138566068517
.00043362758476254374
3.4241806358692752
3.670003184068531
.008315256141483344
31190680513619386e-22
.005167755109579891
.00049322086267556
.009371696761118462
.0016107480213428194
6694161162878689e-20
.0026743591534959285
.10456750284008447
.6872641267462525
.16591434149396983
728201729201464e-19
11082912909247071e-22
53511470076848586e-24
.00855136512319428
11985329952644199e-25
3830658217547746e-21
.4537895300718222
21834295216175285e-22
.5060674653611437
13064626170504127e-21
39680407959552006e-24
63.23125266400141
219.9600643138907
10.139952307537424
18.74181632881581
50.15329184982268
12201819569584548e-24
6.588993701159089
3.043296137616889
.024187009842892595
.04654382939057964
3.387517352996011
.22938976624604782
.0009649907353418813
.0011962610814663795
.3170155503005919
.04005054581304941
.6283945094968868
.04266668740989655
.2383192823074203
.0012518703231504814
8.749339247685588
2.839125151619276
2.7344900898944697
2.4224004859999484
.46625909688514794
19.96076420771402
3.3500975949951024
2.4240316850603008
5.663555778242987
1.5260199654521782
9.854506608647887
4.57491412886489
.0012518703231504814
1.9084594344295795
5.007481292601923
2.2491170497734374
1.5823213189820071
1.1684994295968487
.09883556160916762
1.00880621392265
.16630593015496192
1.3099217683732143
2.0123685918593748
8.3208480362782
.3926281107657972
10.458322527233092
9.031087995469903
1.9730751462934313
3.6657091629224667
10.81172608502838
16.103762250847232
7.781539455651307
5.439378335674284
23.56690734757134
.0012518703231504814
1.6319227230739144
2.8153604204380267
5.562070313970677
23.72931680918368
25.019766331163975
2.6698228605002745
4.4115569302199615
10.760894858255854
.03816918868859161
3.6302419486822712
5.039037048180412
10.055133709968937
2.656639291206409
.6113367733479219
10.52358329240306
13.350754140701975
1.754826870279765
6.259418649161921
.40097424932332215
9.390161788381139
12.212911791378954
1.457039035225721
1.3507373625983352
21.404021952365987
13.834373925823446
.8867665026398973
.3953422464366705
.009883556160916749
.09542297172147893
1.7825673428719777
3.750838059817018
.19344809181289765
7.455673675507267
9.338575844572023
.799720727758427
2.801547592595748
20.77499300255866
.7938419517672032
8.510286826998644
1.7587005236000874
6.042820312637404
1.1292529031492988
.00012610077674033113
2.398926380744787
3.042171122177907
.3388612377523338
.00013522640961372674
26.316247016084677
.37147536895900374
.8290328265520188
.638643149119603
.14734937480064847
.0012518703231504814
12.169862417586632
.8388882381538632
.4520499727388966
1.1591817220593748
.03816918868859161
.7072768063349696
.3757173976030177
.6319893229115263
.5573784114807114
.00012610077674033113
2.195480140737795
5.284866400330558
.30260120800231705
4.398191179703061
.9050333817218619
.5725378303288733
.3816918868859157
.17633636657887694
5.607376716025634
.001485645668733035
1.243349820265552
2.2151653753320164
23.611270601677134
1.097128736800671
.11202350641902854
.11807254456036154
18.172494467327088
26.288054341917196
2.5822985746856064
10.826453970794912
32.491897114209465
.20678809663453235
7.911606594910032
7.911606594910032
7.911606594910032
7.911606594910032
7.911606594910032
7.911606594910032
7.911606594910032
7.911606594910032
