.23783095564090506
7.0931158076843515
.7942007652007327
4.372797511765993
.20018063652353157
6.443552070162661
.0034720221932019913
10.024914978167033
38775347815003855e-24
.2341706429089263
1.0733183210337107
6229285728404638e-20
7.588166678549064
6.517894275208451
3.647743208972636
.06410300505202554
7.427905204724754
2.5690901939041595
5.239809609651741
.0033057841619591223
23.75861958637745
3.146532158959729
.25321643648443704
15256741230001172e-22
2.0190513431615305
19961869916903967e-23
13840542078404098e-26
1.3758340187348774
37431430854921607e-21
1.5744810278792383
11.171923579700533
.5275772264578242
5.934563065475611
131.16035135929644
161.8888589673
4.553080253406309
2.2010582687770377
3.530275140451838
5.1428466557056565
16.429676795090252
10.071014221781542
.00037570717671992306
.24878011254107266
.0627891303376571
44.139864103890545
46.335491321486494
4786279403209971e-24
3.4972120113135317
1.04070080361979
.6120685695253479
1.1570678314663445
7.223214238684998
19.401764628956762
17.81170155414014
5.6532881167611455
3.6940940641425377
.44310900356250155
1.0476588038449388
3.518929104633606
4.134737801208664
.0006257575083160232
14.09640261200923
13.113606219783385
2.020142914207047
3.6010451612104455
.9044469404391098
.2248929295081627
1.0600343998935855
.6105278132228702
.3628848817325894
1.9538108511189949
.006877045877069077
.0015161448481248727
.0021213143016382495
.024730947291662825
6.730663150950926
.03692141141116452
.013749022838875717
.04248030346334753
9.461264500986317
11.992620624479413
11.430459303362033
.4786788283478384
.003513170870336643
21532923703783906e-21
.02759253171488411
.7822933866973307
.06415343529938444
17917623144838655e-22
6.039888414257665
.030070815777359414
.3028725829218992
15.364092724357135
.00027357530593174854
6851971158462462e-23
2.5339231134052045
.00040799912573677633
3.3375340356071397
3.5851452021711214
.008382157595914557
2807604463078928e-21
.00517029850314688
.00043431123928226734
.00830776730671845
.0016097422953830528
6376718435152874e-20
.0025641945603477223
.10231165999987776
.6823388362600895
.14247014233987637
7115478749294976e-20
10062540131039787e-22
47394702641234374e-24
.007895307369854233
11219713326351467e-25
35775972733299943e-22
.4255612053619814
18558804197855643e-22
.486707412674868
11791052055282002e-21
3858678921356494e-23
62.78054277064637
218.3921975873515
10.067675124489343
18.608225395804773
49.79580114912196
10866752545631724e-24
6.197286948693072
2.881857194146144
.022585954243033998
.043518374423967277
3.2372020085909226
.2195707416992868
.0008894715762520921
.0011036430585329895
.31697019823074507
.04003192758054506
.6282821392913496
.04264685301587615
.23829371148128142
.0012429470405003699
8.725590430210778
2.8378053320984997
2.7289148547839948
2.405133710177716
.4637985113795297
19.818484661946524
3.3327211871382505
2.42290482936847
5.603109368062775
1.5249287198479307
9.784264071365703
4.542304320071665
.0012429470405003699
1.9070947091862314
4.971788162001477
2.2475087227858697
1.5766718728911118
1.1679562311554845
.09881788772404519
1.0083372518083675
.16622861978598644
1.2959411400161578
2.01143310532437
8.261537357253971
.3898294729644589
10.383776013723871
8.966714753823915
1.9713301200786204
3.6468019367412423
10.734660524795672
15.9889752640187
7.726072947074744
5.400606659860479
23.398923354690883
.0012429470405003699
1.6260961824478648
2.8140516483894276
5.5437728574728915
23.560175168019512
24.841426416330894
2.6507924676797
4.380111525142906
10.684191621017435
.038141894183724635
3.6043657262035236
5.003118989389676
9.983461110563502
2.650319649083821
.6110525822101087
10.411266426962818
13.255590487896612
1.7540111067486444
6.237070313337478
.40025779941778716
9.32322908279776
12.12585863429069
1.4559971173751007
1.341109359561888
21.25145492190113
13.686721413223637
.8863542729289643
.39527155089618077
.009881788772404506
.0953547354593115
1.763542228438565
3.7108058424679404
.19343425402929273
7.376100219041843
9.272010841576419
.799348962876184
2.7716470316139046
20.553264145689653
.7934729197420543
8.44962583569108
1.7578829593300083
5.999747326037803
1.128727949177256
.00012604215647604584
2.3978111957151995
3.020486645526297
.3387037118763911
.00013515884532860355
26.128665837689372
.3713026818045963
.823123513022701
.6381864601214658
.14728087673492382
.0012429470405003699
12.083116114749288
.8384982655343632
.4518398289986508
1.1586428551256547
.038141894183724635
.7069480157090753
.37303929870301444
.631695531056375
.5571193038793746
.00012604215647604584
2.172048060552524
5.228461693695692
.30246053826780245
4.366841045172394
.9046126603163721
.5721284127558688
.381418941837246
.17621026974577214
5.59735760750364
.0014697895615468615
1.2300797058399147
2.2141356149840297
23.359270514885775
1.0966187163379209
.11122500725122503
.11731481912674438
18.04296163825462
26.100674119799557
2.5638920515475627
10.749283430769088
32.26029614370417
.2067295148770677
7.883359364455556
7.883359364455556
7.883359364455556
7.883359364455556
7.883359364455556
7.883359364455556
7.883359364455556
7.883359364455556
