.24498443977349638
7.090212030090825
.7673429296701353
4.288567424429978
.19999855189364318
6.428874824413759
.0034304537390273545
9.793686698784667
3583828931769437e-23
.22301034448277607
1.0561428636550116
6467594943858245e-20
7.637206013486518
6.584212424366019
3.0090054044048813
.05989651364694699
6.9174273977328475
2.323953828279091
5.027575679333925
.0031063025644602928
21.318596285409953
3.0363145217225664
.23843542368413922
1435963964470514e-21
1.94836406837276
14343789390527382e-23
12195599470177144e-26
1.3747949990317188
3639716801356002e-20
1.4937179399740834
10.964857630942268
.5184496976626989
5.818018161538912
129.6469881808967
160.66783241847605
4.57438350717752
2.131050354622438
3.464028022212213
5.187508289402254
16.02459496239428
9.966407670950069
.00036935594175770934
.24696818140130772
.05923693379865167
43.85161942692918
46.20465069768557
4753442956802664e-24
3.672750809193903
.8412842845453885
.5645640324305311
1.1051168109961849
7.120583353621871
18.991149603794273
16.585461941103652
5.657197264116526
2.9778875181449322
.4145805898301811
1.0487343288123452
3.4029000712958184
3.4155904605742076
.0006268733010282433
13.894540273250428
12.943868725769368
1.8682794334680048
3.3622163959680296
.827199875744803
.21006502848390077
.8555402019250478
.5839755753608955
.3146899765059718
1.962602981556802
.00642118389320604
.0014081966456180887
.001776634160505076
.023020269385568684
6.04394140291278
.03337981258663193
.01283845517077977
.03986203751516841
8.722679984209178
11.184914263028556
11.045470672359356
.4676339756197553
.003192676110146786
18954830900177318e-21
.021588958091296316
.7122359349903429
.05242842602495265
16497107190157123e-22
5.979038807905415
.025297515745005838
.2811849838899226
14.420444086050377
.00021314787094337657
6111525063683587e-23
2.3875700293686606
.0003607060935909335
3.1553825386250387
3.405984832791782
.008574541970887214
229883019018012e-20
.005210782495042861
.0003374988734952013
.006557857017681849
.0016077111152723378
6278062334200683e-20
.002554889796245465
.0983621475140998
.6725829628787645
.10283027147565711
7409661270982761e-20
8900823610661511e-22
40693888816934966e-24
.006774221193650644
1069591646975477e-24
33953629670306848e-22
.36987797718651594
14584695219318658e-22
.44960698582877673
9541038099366095e-21
3980291945833902e-23
61.88873834056513
215.289912696074
9.924662705666544
18.343893532594315
49.08844638434291
87202988187373e-22
5.917096441393478
2.786803332350606
.021163446998972255
.04088512564889402
3.1927955352389716
.21737124268483582
.0008181307244649412
.0010169891576216783
.31687951355424987
.03999471707659961
.6280574591591785
.04260721188470115
.23824257805969012
.001225290842765283
8.678286009441827
2.8351675333990984
2.7177984628084193
2.370968524548306
.45891622825480927
19.536960934386702
3.2982382945668953
2.42065268926027
5.4841452213326285
1.5227485691072284
9.645277537340252
4.47778039376195
.001225290842765283
1.904368185717491
4.901163371061131
2.2442955182977253
1.5654334207644565
1.1668705917028235
.09878254943462678
1.0073999814955337
.1660741068487828
1.268425965528707
2.0095634366867285
8.144181321620497
.3842919029527437
10.236273347430581
8.839341596666792
1.9678446962923097
3.6092795492502354
10.58217350590505
15.761850133466654
7.616323241556848
5.323890455574304
23.066539106547662
.001225290842765283
1.6145054358797362
2.811435929229904
5.507358326345991
23.225500320350722
24.488551255493967
2.6131376727133833
4.317891565104607
10.53242151838756
.03808736371434983
3.553165319510573
4.932049140642725
9.841644960956922
2.6377254289459526
.6104845962075497
10.190216408927549
13.067293385024538
1.7523807171783017
6.192612733207952
.39882873772733474
9.190791600868426
11.95360949512499
1.4539155163451047
1.322058755420888
20.949575696131124
13.396127561221007
.8855303883157757
.3951301977385071
.009878254943462665
.09521840928587448
1.726099037051902
3.632018722365184
.19340658143155687
7.219492269577927
9.140300920327611
.7986059514966533
2.712799951806306
20.116881171345415
.792735370266045
8.329597982788835
1.7562489707926796
5.91452026350227
1.1276787732233453
.0001259249976869416
2.3955823806580407
2.9775803046027676
.33838887977689347
.0001350238180146087
25.757505301035668
.37095754828889316
.811430954102027
.6372740616167811
.14714397611644106
.001225290842765283
11.91147413771691
.837718864068992
.4514198345403316
1.1575658726484739
.03808736371434983
.7062908929194008
.36774023494064606
.631108357006277
.5566014499735547
.0001259249976869416
2.1259315514489656
5.11745199475119
.3021793949471389
4.304809593743685
.9037718041547975
.5713104557152467
.3808736371434979
.17595834652791587
5.577373064201096
.0014385832706150905
1.2039628887295055
2.2120775301748137
22.863310949848255
1.095599386579471
.10964504394054084
.11581392546696526
17.78665940812633
25.7299112085393
2.527471686432636
10.596588691910588
31.802035132457544
.20661240114496163
7.827167103822278
7.827167103822278
7.827167103822278
7.827167103822278
7.827167103822278
7.827167103822278
7.827167103822278
7.827167103822278
