.25571466597238335
7.085582953800119
.7252158739551451
4.156132295670912
.19973990282479395
6.403862834479345
.003368458402811929
9.455139832837572
3178608724242783e-23
.20515108640093968
1.0309544015721268
6837590049979075e-20
7.709053028647245
6.681286193905323
2.1753472040773505
.05055380897429757
6.19194592171295
1.9822744151837894
4.7119998260684985
.0027995186478759204
17.930516849764096
2.860218400541222
.2033173492985897
13070628320785297e-22
1.8301829319533434
8618175937847971e-23
9943215991018277e-26
1.3732010210880068
33435237145800326e-21
1.3940226445993098
10.661089250678199
.5048548060735933
5.6484113798802085
127.38805016310674
158.74339566413389
4.603548850637639
2.0299317263968764
3.3673838258366895
5.25220428940576
15.44234070828305
9.803702980680363
.00036002188901621424
.24427546010432166
.05363589012422601
43.422994995593314
46.052325270929074
4726100432321075e-24
3.978086479502284
.5890049937393715
.4977910974907248
1.02618195560735
6.964953830792141
18.392398200262424
14.734171405452576
5.66149497345564
2.084891297395067
.350987356757921
1.0517956668802824
3.235184453678857
2.4656727447634514
.000628621270987435
13.596848775287704
12.70379284465562
1.6560713504192286
3.016565909258373
.720816719611285
.17727076205771086
.6000774327502016
.5103905956530108
.2432431132092964
1.9758306690958582
.0054159609163369005
.0011782892890924762
.0013596930984218147
.019323439693493136
4.957601962282007
.028737364585200008
.010826835608262324
.03385135581580419
7.637617806087212
10.01833798576229
10.408745834967277
.45227341964809975
.002767827937433819
1557289324458226e-20
.015117291849760262
.6196365542574391
.036602157918861566
14327994363653648e-22
5.8804515551678325
.019837181750059073
.24964094725460748
13.054442743221708
.00014854792493803273
5142352286694703e-23
2.1718324573828203
.0002992620651956714
2.867213566211579
3.1200100855871873
.009023947308683961
17458863597627807e-22
.005364499322873176
.0002322983939549145
.004651566904351348
.0016046265756393691
5783745249416775e-20
.0023905278237740784
.09378707397414561
.6581859171659785
.0598501635659143
7531421393436918e-20
6788508116010893e-22
3135312148246931e-23
.005463204260768783
947481770156584e-24
29914996288307165e-22
.28944404277173147
9641123917027976e-22
.3980684544299563
6841745783816399e-21
3987359706752892e-23
60.57472819516014
210.7189174379501
9.713944118817917
17.954419407666826
48.04620964950683
6456767761372136e-24
5.15072816962266
2.4675342289514663
.01772616938016275
.03438207755119067
2.875371940510399
.19667486786349067
.0006771994952130229
.000844095337244871
.3167435351835818
.039938966163006524
.6277205896042888
.0425478192658291
.23816589849960407
.00119927569620331
8.60780979383428
2.8312154319284537
2.701208723289814
2.320628563204316
.4516889989480222
19.122155824983807
3.247181775252896
2.417278403635012
5.310418117813399
1.5194841857993922
9.44049080425856
4.382708995894365
.00119927569620331
1.9002857075963164
4.797102784813238
2.239484322952404
1.5487257650215125
1.1652440243387452
.09872956569408897
1.0059957092959213
.16584260669431883
1.2282446865642642
2.0067621917797083
7.97126558332029
.3761326889694475
10.018938701575534
8.65166634510802
1.9626281117588278
3.553718610797487
10.35749477242244
15.427197472238419
7.454614887526148
5.210854606739363
22.57679465193308
.00119927569620331
1.5972740412640405
2.807516908593684
5.453184520552935
22.732380830903253
23.968614904248334
2.5576560211988504
4.226214897015427
10.308799109821317
.03800571415192633
3.4777251763871866
4.827332793497664
9.63268899137473
2.618946223434615
.6096336069654481
9.867410080956732
12.789851049935745
1.7499379739090224
6.126519828633776
.39669470622426894
8.995654428393086
11.699812688598263
1.450798693490138
1.2939890505921199
20.50477821366891
12.971764174465267
.8842959970818413
.3949182627763559
.009872956569408883
.09501428537981572
1.671419561218932
3.5169634006881285
.1933650799575759
6.990792731134912
8.946235756561094
.797492729185028
2.626863701208644
19.479617321339433
.7916303312918916
8.152745512533267
1.7538008353444132
5.788944272783596
1.1261068375667853
.00012574946366199007
2.3922430419635483
2.9143608751247294
.33791718024814893
.00013482152993132967
25.210626754253283
.3704404494385188
.7942028034792367
.6359079090874252
.14693886374916265
.00119927569620331
11.658571941237167
.8365511200412855
.45079057472730527
1.1559522756621339
.03800571415192633
.7053063538247168
.35993244288441506
.6302286191295984
.5558255715173119
.00012574946366199007
2.058586155620147
4.955341022746188
.30175816988121235
4.213410679629639
.9025119851725855
.5700857122788942
.3800571415192629
.17558113685526652
5.5475299543710985
.0013930117376434585
1.165823675240043
2.208993989340914
22.139045521440906
1.0940721682066836
.10731708082488604
.11359851187550064
17.40901637416223
25.183618534380365
2.473808879155476
10.371603897888253
31.126820256067266
.20643685493335143
7.7436288251075585
7.7436288251075585
7.7436288251075585
7.7436288251075585
7.7436288251075585
7.7436288251075585
7.7436288251075585
7.7436288251075585
