.259291408038679
7.083973586051641
.7107868166967544
4.110456184253618
.1996540195123866
6.3946796569193936
.003347899226023458
9.345121539339646
305282981464924e-22
.1989907037959279
1.02270895379508
696096840085664e-19
7.731063003043206
6.711530134720096
1.9350933690736545
.04984736156759844
5.960915998945474
1.8758538072667088
4.6078777537275375
.0026971287841792953
16.893530335526442
2.7989520045910923
.20104530380288615
12657017497700623e-22
1.7880512195805751
7241763036796763e-23
9256374128610202e-26
1.372660551002988
34095090013435377e-21
1.3651112047179295
10.561646383575228
.5003504537667708
5.5932458998308086
126.638048265885
158.07813584712642
4.611766044193169
1.9973708650236126
3.3358881235191276
5.271812416348373
15.254827036085919
9.746663020630054
.00035696162869369404
.24338454837310494
.05173567214977457
43.2811177055904
46.012107081678565
4722294559050101e-24
4.0894260407251615
.5182023562077447
.4768124361964521
.9997181358995951
6.912754911045064
18.19767061864045
14.123683777402091
5.662256455105168
1.8364274212928426
.3461647069559424
1.053176169438482
3.180968316827655
2.190180348792774
.0006291890307128355
13.498986866227137
12.626866870448882
1.589363871892121
2.905468675927977
.6879024522555274
.17477142035466284
.5288762565220868
.5090838292939578
.2206266150097051
1.9802086283914289
.005339968965926073
.0011586687647451447
.0012516272192320645
.019018885995788375
4.593073274681603
.027535166703343546
.01067375458899558
.03344578275911793
7.286101707512995
9.644033089631137
10.18275302187258
.4472173390714115
.0026400221136834365
14565345406376478e-21
.013471127883928185
.5917635695928677
.03196519365441406
13615061603856347e-22
5.8456574361101765
.01837472711080544
.23951514850022468
12.613116209611155
.0001322102884091823
4850559915403283e-23
2.1015856343785746
.0002811044182908658
2.76902377154981
3.021990032504633
.009219141734073127
16026472682021697e-22
.005440877621119765
.00020538890090613662
.004162302070180901
.0016035913077127454
5881684886835925e-20
.0024422317050522
.09258755888668418
.6534499585521331
.04932701566217558
7942719695836413e-20
6434771587943266e-22
30231604656184885e-24
.005103435619459674
9539300573024595e-25
30043881604385443e-22
.2639091186736019
8794747124202656e-22
.38199288978068074
61032508712873625e-22
41851261969195827e-24
60.14295406397208
209.2169218002886
9.644703531079758
17.82644105643502
47.70373827495176
5888109958167441e-24
5.129771829755322
2.470251511592936
.017385174053635183
.03376682016236826
2.8969466123380183
.1984971534174091
.000663691010509403
.0008280112725107113
.3166982220280678
.039920399800355624
.6276083399098573
.042528040129852715
.23814034413101176
.001190727309157893
8.58444513808796
2.8298992893864194
2.695701344183911
2.3040872197836815
.4493053044628679
18.98585389736847
3.230339177294252
2.416154687330316
5.253740772108434
1.518397613883291
9.373199380319107
4.351469229322806
.001190727309157893
1.8989268273251434
4.762909236631571
2.2378828842572136
1.5431962671808392
1.1647023392324165
.09871191076327414
1.0055280536964297
.1657655117097794
1.2151358037670363
2.005829311482942
7.91444673535751
.37345163088086675
9.947524125197047
8.589997628948819
1.9608923251067065
3.535389019111797
10.283666982519042
15.317233053351025
7.401478704132419
5.173711852861484
22.41586820312685
.001190727309157893
1.5915712089346445
2.8062117827458906
5.435245264606987
22.570345370315188
23.797767618847057
2.539425155962887
4.196090613840869
10.235318420565973
.037978536546502864
3.452936096662262
4.792923767077391
9.564027586789376
2.6127162460715594
.609350207575867
9.762096600932427
12.698685526133161
1.7491244830713386
6.104645989553685
.39598590289425395
8.931533779551316
11.616416912683146
1.4497612380621745
1.2847655507146423
20.35862101144611
12.833318359802712
.8838849158308757
.39484764305309655
.0098711910763274
.09494634136625707
1.6535807353134016
3.479427344944444
.19335124811199847
6.916180983512778
8.882467361946961
.7971220000289183
2.598827554372332
19.271714105316093
.7912623273792158
8.09463308321901
1.752985548784577
5.747680919924226
1.125583346101218
.00012569100671205362
2.39113096380697
2.8935874325964965
.33776009323470824
.0001347541679395863
25.030926460288214
.3702682433854936
.7885417590853672
.635453176039396
.14687055651705394
.001190727309157893
11.57547012764581
.8361622338741446
.4505810164413988
1.1554149099959952
.037978536546502864
.7049784791999295
.35736685947292834
.6299356457699982
.5555671857822051
.00012569100671205362
2.036615155104357
4.9024533649382125
.3016178920484808
4.183377664381525
.9020924358846769
.5696780481975423
.3797853654650283
.17545558008140405
5.537617778475328
.0013781443192831875
1.1533810031176788
2.207967097875262
21.9027586022645
1.0935635686460874
.10655212915749239
.11286949854902054
17.28492563296113
25.00411075387789
2.4561756728440685
10.297675538728148
30.904949582055977
.20637837268043638
7.715981335904193
7.715981335904193
7.715981335904193
7.715981335904193
7.715981335904193
7.715981335904193
7.715981335904193
7.715981335904193
