.26286815010497466
7.082334471403811
.6961797691745419
4.064060587390586
.1995760310416899
6.385056151778413
.003327397177686133
9.236750471946054
2931343658740694e-23
.19279788046780494
1.0145377325539398
7082762952754357e-20
7.751458990978097
6.74006395618024
1.7135896341433212
.046663212213202694
5.736859667832649
1.7731976590443799
4.50439077586692
.0025955020920677653
15.908065076602258
2.7367990952237378
.1887188589705054
12250998697218563e-22
1.7450294064844007
6069565049818041e-23
8604008176201637e-26
1.3721157748902255
3307615522019902e-20
1.3380620322185939
10.463105426853051
.4958603396818809
5.538752124176757
125.88956088272523
157.40138423833136
4.618905914941474
1.9654203338376302
3.304745757912244
5.289843518344629
15.070492724034606
9.687697222186928
.00035392673140992624
.24249694643023154
.049845150098653555
43.13973834387477
45.97620426710807
4720828349115008e-24
4.20425461678885
.4538086825806743
.45645545026756623
.9734120533416701
6.860447261900936
18.00545319619289
13.522891858506592
5.662572680538257
1.6110108588435104
.3244045703081951
1.0547107711164976
3.12762216246089
1.9358549481273137
.0006297296242106893
13.40181925328201
12.551096016810188
1.5250667859387048
2.796514494359239
.6561894044068834
.16361042040621057
.464224858105176
.4820964767263412
.19890563688596896
1.9845386259802524
.004998497729046612
.0010816664482909476
.0011454672598624582
.01777266643582524
4.2312832254935175
.02623405837659273
.009989822490346781
.03137068771025742
6.941194122494971
9.277268276891474
9.952099925618565
.4420120153897536
.0025184403535122323
13613326105733507e-21
.012028150424027998
.5652625602134669
.027690604731111994
12913724923321343e-22
5.809629821398675
.017062401703917946
.22960528030174904
12.182120168297601
.00011792182692788235
45772838595995844e-24
2.0322237841919333
.00026400465202768627
2.6711499818169253
2.9238278478399207
.009436427142678713
14753096251192357e-22
.005528993688414612
.00018178483191329023
.0037316459939212357
.001602554733520384
5680476269280646e-20
.002368967407990519
.09151295007072835
.6487454821085423
.0404001614859431
7968343066064388e-20
5769553849933808e-22
2779913828124264e-23
.004775308688987168
9136053323021052e-25
28696706983750675e-22
.23918082956007777
7628494649063579e-22
.36643649296660935
5433515970477333e-21
417815334137474e-22
59.71425775937025
207.72563287655944
9.575956512794686
17.699374976558605
47.363708147858034
5390621274320323e-24
4.849266283961241
2.3467073661376947
.016166677259117117
.03144243745204154
2.740916878421295
.187997642218125
.0006181321360226555
.000771859891625168
.316652915355029
.039901842068621594
.6274961102880418
.042508270188573304
.23811479250431392
.0011822398577985614
8.561143902792974
2.828583758677574
2.690205193884932
2.28766378844456
.44693418978226473
18.85052357427103
3.213583941496754
2.4150314934059156
5.197668406142872
1.517311818967138
9.306387631558565
4.320452149978564
.0011822398577985614
1.8975689187797113
4.728959431194245
2.2362825907395907
1.5376865118534087
1.1641609059384221
.09869425898953378
1.0050606154952877
.16568845256426862
1.202166846515014
2.004896864852825
7.858032910642367
.3707896842472534
9.876618615170493
8.528768507476801
1.959158073619421
3.5171539714795834
10.21036546113929
15.208052496644214
7.34872129275426
5.136833864626366
22.256088890442925
.0011822398577985614
1.5858887379917663
2.8049072636099717
5.417365023794017
22.409464951246495
23.62813818852141
2.52132424627002
4.166181066364789
10.162361525587842
.037951378375594216
3.4283237215685665
4.7587600194005
9.495855623051021
2.606501088729731
.6090669399297307
9.657907247680617
12.60816985986636
1.7483113703999074
6.082850248805512
.39527836603884137
8.867870203571202
11.533615609011155
1.4487245245113032
1.2756077989473236
20.21350566534733
12.696350329814695
.8834740256786282
.3947770359581351
.009869425898953364
.09487844593898545
1.6359323228457863
3.4422919528687506
.19333741725584458
6.8423656492560125
8.819153529211665
.7967514432131095
2.5710906682123267
19.066030069317627
.790894494539961
8.036934898221437
1.752170641225768
5.706711705678762
1.1250600979903345
.00012563257693691085
2.3900194026204793
2.872962069930124
.3376030792460694
.00013468683960447822
24.852507128526227
.3700961173856353
.7829210684590878
.6349987681677765
.1468022810388247
.0011822398577985614
11.492960690838427
.8357735284879267
.45037155557253516
1.1548777941342192
.037951378375594216
.704650756993722
.3548195643753139
.6296428086044794
.5553089201624833
.00012563257693691085
2.0148786752775862
4.8501302353564695
.3014776794264927
4.153558734244395
.9016730816320099
.5692706756339126
.3795137837559418
.17533011309230898
5.527723313443057
.0013634355972551699
1.1410711453401727
2.2069406837790897
21.66899383364067
1.0930552055173977
.10579263031464063
.11214516382785476
17.16171945096538
24.82588256327986
2.438668161768354
10.224274164982093
30.68466047444678
.20631990699517438
7.688432559267039
7.688432559267039
7.688432559267039
7.688432559267039
7.688432559267039
7.688432559267039
7.688432559267039
7.688432559267039
