.270021634237566
7.07897400495473
.6666526830126766
3.9692309355899655
.19942107838223444
6.364442229840193
.003286573477501742
9.025483393220666
27018487723825742e-24
.18040947472577193
.9984152859512112
7318410121965758e-20
7.786280228074455
6.790904648062665
1.3285824581629522
.0427142072428997
5.307626085179024
1.5798246926933777
4.299739298596365
.0023967612391423507
14.100795801550309
2.6103426570758774
.17354444162327387
11465178762996273e-22
1.6569708656679771
42364434835008826e-24
7405928179593121e-26
1.3710137604971397
3267870630519141e-20
1.2885421961618655
10.26871710308736
.486924288799759
5.431746959150462
124.3972252573454
156.01442422581195
4.629443233251862
1.9034329198963826
3.243505854101789
5.3201634636236035
14.711111494077096
9.56347724908045
.0003479326024640775
.2407316209748357
.04612519777719031
42.85847114307871
45.915377971139776
4724295826669527e-24
4.442158098870251
.34405254618146397
.4177771221647252
.9211885609215551
6.75560853682954
17.628753307485358
12.357839513530658
5.661702078038299
1.2276284219288716
.29736120748207867
1.0581891894916267
3.023544275562982
1.4935011551709183
.0006307066344614111
13.209563442901718
12.402442504258108
1.402962498706597
2.5862456625870838
.5965314382860092
.14976011325787225
.3541365827973182
.4515411325573822
.15904836633496694
1.9930243201453315
.004575646414613631
.0009848560519745092
.0009597330812856178
.016211650286432844
3.535409110076968
.023840039276810738
.009141623638298919
.028826896070135038
6.276208623143994
8.570399132982784
9.479711400387735
.4311215085140869
.0022931621998979563
1186926593927252e-20
.009645434390630746
.516079505779768
.02031389441424391
11564050441075807e-22
5.734816484489916
.014812785041027345
.21057499906136642
11.348070659657292
9439526395175278e-20
40762881426798916e-24
1.8972670574027273
.0002327979338902266
2.4777471172106385
2.728911092460013
.009937400791604892
12593591033621046e-22
.005739432616068249
.00014279438747170144
.003016098970748203
.0016004797292559674
5537178504348208e-20
.002327792964201115
.08971082330388766
.6394308091875942
.02667685958988837
8416692968958545e-20
4797298079803785e-22
2478399916301803e-23
.004198545057985444
8802158361254352e-25
27438752553299746e-22
.1929458848971524
6019231411595437e-22
.33697523101733334
428813427119176e-20
4370687404610398e-23
58.866010084603765
204.77486715178094
9.439928985191893
17.447953385936394
46.69090140433898
456797201321348e-23
4.524702195400253
2.2098032795429825
.014555228732074717
.02838500281741288
2.556803074342011
.17573523174703248
.0005608853131501558
.0007016162916328074
.31656232145266666
.039864752481845823
.6272717112478976
.04246875787299811
.23806369747542475
.0011654460090926965
8.514731002627936
2.8259545316210994
2.679246487897859
2.2551672698239114
.44222943251896724
18.582749789751418
3.180333732003055
2.412786671726083
5.087312435486543
1.5151425579101796
9.174189359903647
4.25907964653178
.0011654460090926965
1.8948560140840862
4.661784036370785
2.2330854359584804
1.526725945521766
1.163078794318926
.09865896491101779
1.0041263908835714
.16553444172365236
1.1766426539595154
2.003033271785679
7.74640867892955
.36552257553165063
9.736320148954373
8.407616401990678
1.9556941707024247
3.480965545114555
10.06532608384638
14.99202041901229
7.2443318892351725
5.063864568099402
21.93993867173319
.0011654460090926965
1.5745845881709994
2.8023000443449386
5.381780807792207
22.091136008529745
23.292497856890073
2.485508554850908
4.107000000823612
10.018004049539945
.03789712028168171
3.37962400169788
4.691161303906213
9.360965937498372
2.59411509267274
.6085007996226761
9.452852279655538
12.429069404330441
1.746686278852204
6.039491941944173
.3938670826799393
8.74190112076652
11.369779316154299
1.446653320916895
1.2574876482501265
19.926370568590315
12.426783678971098
.8826528183147379
.39463585964407116
.009865896491101764
.0947428007042042
1.601198498886885
3.3692058226930857
.1933097585115241
6.697089759413413
8.693876472186057
.7960108462817461
2.5165017286792337
18.66122351175123
.7901593417634233
7.922769343871963
1.7505419624060803
5.625647231019943
1.1240143313798456
.00012551579886044633
2.3877978301959075
2.8321513241057215
.33728927020733057
.00013455228383686145
24.499474499889363
.36975210539647596
.7717995875805633
.6340909270228097
.14666582528492478
.0011654460090926965
11.329701905617128
.8349966597219076
.4499529259046863
1.1538043113589809
.03789712028168171
.7039957695534634
.3497793129891902
.6290575426022905
.5547927490457137
.00012551579886044633
1.972099129798654
4.747153133296669
.3011974496934187
4.09455697033524
.9008349578695267
.5684568042252252
.3789712028168168
.17507944821137358
5.507987389104332
.0013344873752822828
1.116844125839829
2.204889286807009
21.208921612636484
1.0920391881158447
.1042898342314432
.11071040912916813
16.917935316899143
24.473228139554337
2.4040266092251934
10.079037213003735
30.248781458695902
.2062030253088287
7.6336297276088265
7.6336297276088265
7.6336297276088265
7.6336297276088265
7.6336297276088265
7.6336297276088265
7.6336297276088265
7.6336297276088265
