.2843286025027486
7.071980595489869
.6074649944656404
3.7725861182030807
.19910472749917668
6.317612221926092
.0032057074089168066
8.627330952447709
22959341052868372e-24
.15651597345295906
.9670296619073585
7737877736627415e-20
7.826003911909329
6.861678532794598
.7730354668541208
.035553917701219365
4.534458049505213
1.2415816013877303
3.9013175986169344
.0020290388073733617
11.135805023982007
2.3552629151125988
.14536202596957082
10008722190181326e-22
1.4797577269584026
20274318702639938e-24
54381002410130236e-27
1.3687669814103143
32027862982078895e-21
1.2049703066510393
9.890610329934605
.46923793465241714
5.225334603452679
121.43205216561908
153.11336785217577
4.632974442017078
1.7874111372056132
3.1250431817138478
5.352317682254144
14.027279072888668
9.288060342039174
.0003362430796000319
.23724013241731703
.03919985129212433
42.30186231769166
45.813188557016105
4750659845011101e-24
4.922650998917565
.1914934038416386
.3488665130339768
.8206661901505854
6.545719802454026
16.906646455746962
10.235516851290477
5.653212842285665
.6942323171728282
.24816145606551196
1.0660576375583337
2.826142484442992
.8572283715806667
.000632095067093687
12.83337155632561
12.112769180697562
1.1865113288069302
2.200565329575849
.4921138207496551
.12466637895096384
.2006547591097188
.3933953767629402
.09654215133059696
2.0090585726120325
.0038103732969616945
.0008113250855568231
.000684669249447999
.01340151659331267
2.3375073825720043
.020014270205784345
.007605980164219338
.02417200205191148
5.070924779411662
7.277280852353151
8.523456628567594
.40604869553432327
.0019010142577653712
8968052612072262e-21
.006388330953890927
.4312745829598525
.010134681512297825
9156067404110981e-22
5.575932342657261
.011518413353077128
.17614139724964387
9.817121178949469
6237012664492304e-20
32351642569972006e-24
1.6462231783928774
.00018045045111732784
2.1144140073942435
2.359304821620489
.011149794325698615
9399539479556416e-22
.006258872510543041
8973697079112062e-20
.0020267102567343796
.0015963440883835658
5201525933559048e-20
.0022168728170458792
.08681957775082183
.6211773755764676
.011139818901526995
9366502813785615e-20
31639050956496566e-23
20158079143128434e-24
.003300799988379247
8221137574273214e-25
2495574339657443e-21
.11693482809577573
3781530407557927e-22
.2847035562366014
26358874962212916e-22
4770353085946171e-23
57.20549238489835
198.998489733443
9.17364341324053
16.955774021659078
45.37382440038244
34162820152644195e-25
3.9066968796201933
1.9382490835643322
.011606230606749219
.022755143971745787
2.2086991745669686
.15241253451231654
.0004604986097075069
.0005780232912178604
.31638121139684716
.03979067670286624
.6268231538811037
.04238984339025624
.23796154030743727
.0011325706074242618
8.422658700361117
2.820703406999517
2.657462816977548
2.1915525427181177
.43296797485980165
18.058559601037576
3.1148618569723796
2.4083032862516323
4.873580119799449
1.51081333537109
8.915399885456942
4.138937698277487
.0011325706074242618
1.8894418348560824
4.5302824296970465
2.226704832529059
1.505038636121078
1.1609175876804794
.09858841461404512
1.002260545996349
.16522684937815332
1.1272085839360724
1.9993112807863096
7.5278946552675565
.35521175770248425
9.461673847734007
8.1704507468397
1.9487847271759582
3.4097019100537604
9.781399041882565
14.569119066868057
7.039980663335428
4.921020901063788
21.321047456879256
.0011325706074242618
1.5522174415056897
2.7970928739551595
5.311312052140288
21.46797975424918
22.63545307151854
2.415396261828714
3.9911479805447394
9.735411887848109
.037788836697121624
3.284290116063318
4.5588310106501595
9.09690778911673
2.5695193944932315
.6073700972368461
9.055711346559775
12.07846487538249
1.7434406260214774
5.95370029691967
.3910596143239081
8.49530581866868
11.04905569705587
1.4425197929327025
1.2220158964857513
19.364278947764003
11.904699516472624
.8810126928651956
.3943536584561805
.009858841461404496
.09447209174280398
1.533927642736085
3.2276560021065785
.1932544528928513
6.41572616698706
8.448635870005457
.7945317169797051
2.41077640735842
17.87721298255723
.7886910855943735
7.6992804628135225
1.7472891450316161
5.466956557302096
1.1219257134404996
.0001252825682495435
2.383360878420074
2.75226078294007
.33666252693472554
.00013428357544182862
23.80838279888773
.36906504041973853
.7500283332699527
.6322791366280589
.14639329417457583
.0011325706074242618
11.010108807331296
.8334450878654809
.4491168335821337
1.151660338354437
.037788836697121624
.7026876205802133
.3399125878726995
.6278886421428569
.5537618457414352
.0001252825682495435
1.889245694095318
4.547711867408761
.3006377714231758
3.9790559484055708
.8991610467806117
.5668325504568238
.3778883669712159
.1745791930443789
5.468726681671985
.0012784218041990718
1.0699223603095303
2.2007922115383654
20.31787511471065
1.0900099856625558
.10134798178736273
.10789573303840287
16.440706929994594
23.78287680715976
2.33621279392764
9.794723401618725
29.39551083725416
.20596946054153603
7.525193180605388
7.525193180605388
7.525193180605388
7.525193180605388
7.525193180605388
7.525193180605388
7.525193180605388
7.525193180605388
