.28790534456904426
7.070186471254271
.5928163895484012
3.7222236865675447
.19903390042711172
6.304707219347239
.003185664908968756
8.533259363417445
2204863055198697e-23
.15090362692852333
.9593578817186226
7828465116476662e-20
7.828836165270539
6.872083363666058
.6728576713478616
.03353434989500802
4.359302441781149
1.166942957947266
3.804427361268905
.0019451081418789527
10.52124603043061
2.292587400556381
.13724129472612281
9669261756046617e-22
1.4367428057871967
16844675752353817e-24
5031258519564529e-26
1.3681979098640773
31488136676467365e-21
1.1869657645730798
9.798284779716901
.46485691512494487
5.175240971804889
120.69505274922037
152.3630670073569
4.629884574589017
1.7600957110781854
3.0962281200887833
5.353645684019258
13.863128827997954
9.213674033804907
.00033338212144340504
.2363753462841107
.0376229536677447
42.163933758383536
45.786778541853124
4760070800003023e-24
5.038531201807378
.16488441334080126
.333360806486055
.796665198789702
6.493333009521123
16.732629851192463
9.75851031016929
5.649592047105248
.6007255577682693
.2342435001656161
1.0680635257542965
2.7791236107885613
.7432140506716736
.0006322990268036966
12.741053826533056
12.041252397796423
1.138087686349175
2.1117672751587815
.46893961627859804
.1175926520982083
.17370414885580346
.3752933092130574
.08462305277026605
2.0128255391615943
.0035945238231413325
.0007632897691565596
.0006308095620654536
.01261884503177849
2.0903087743253193
.01920056248004411
.007173308704080413
.022839154799799852
4.798992663044009
6.980216785947951
8.289459786442631
.3989458070334229
.0018130601110688022
8352724674485293e-21
.005800920264556977
.41256539288403865
.008422779961926103
8623893078881809e-22
5.534358738615057
.010887990541809108
.16832235250870028
9.46503889645673
5661069573770638e-20
3054692139009694e-23
1.5877321612509787
.00016914747122211818
2.031104625861245
2.27383803647525
.011482103792884285
8768448794392545e-22
.006399969796009234
8027873427352804e-20
.0018464943678268785
.0015953175768253867
5046664432451149e-20
.002157387901971213
.08610614096394227
.6166920374582981
.008918293988401094
9482229573355975e-20
2794964565184896e-22
18975621155480447e-24
.0031177388299442423
7986774959635134e-25
2401520707439587e-21
.1018710248672831
33339764031751784e-23
.27296097908239225
2331003607893484e-21
4805754671724526e-23
56.79773387489177
197.58003628982416
9.108254042158006
16.834913928286205
45.05040155653529
3199156867216238e-24
3.717488935466116
1.8507526432268944
.010816864430232328
.021235277553483298
2.072736099132906
.1430666886203463
.00043315077445686126
.0005441491153250782
.3163359500751742
.039772179275295146
.6267110646671263
.042370137692267835
.2379360078657648
.001124497688477016
8.399796610040363
2.8193921511653897
2.6520446294855735
2.1759312419974233
.4306830763335228
17.92983889523122
3.0987055783835515
2.4071837421951363
4.821565019303868
1.5097329639156785
8.851851264129692
4.10943551241211
.001124497688477016
1.888090708957702
4.497990753908064
2.2251125323524787
1.4996651165094286
1.1603779137977135
.09857078492402341
1.0017946267561366
.16515004063971453
1.115178030147756
1.9983818641824007
7.474236116897406
.35267982220085364
9.394231406991398
8.11221209380622
1.9470611838824685
3.392115134246226
9.711677612473967
14.465270956570471
6.989799956796931
4.88594405674912
21.169071865369588
.001124497688477016
1.5466754768920956
2.795792593911371
5.293839511209602
21.314956835076558
22.474108448249414
2.3981794118421424
3.9626992340010885
9.666018253072975
.03776181417915401
3.260879824702748
4.526335841693879
9.032065386558601
2.5634069941180675
.6070877500813459
8.95906089162283
11.992370050647567
1.7426301555953234
5.93244348361298
.3903608796190892
8.434751611401948
10.970298460640567
1.4414882576849894
1.2133054150200426
19.226251125575786
11.777642173308541
.8806031379185135
.39428313969609363
.009857078492402326
.09440453544788495
1.5175562281848558
3.1932076402888097
.19324062896068037
6.347251937955264
8.388414324305572
.7941623643045166
2.3850464975141796
17.68641176312291
.7883244480440577
7.644400293117291
1.7464768855506496
5.427988305004267
1.1214041656472948
.000125224328344517
2.3822529293003956
2.732642775835957
.3365060231699271
.00013421648223271046
23.638677578444533
.3688934737508637
.74468216067556
.6318269984882421
.1463252405605067
.001124497688477016
10.931629182821098
.8330576455944586
.4489080533655473
1.151124967874204
.03776181417915401
.702360963321684
.33748970425462155
.6275967565645472
.5535044193671684
.000125224328344517
1.8690820151932352
4.499174717306889
.30049801442825064
3.95069339339358
.8987430552379754
.5664272126873096
.3776181417915398
.17445435275308802
5.458955309268164
.001264777370951529
1.0585032150967788
2.1997691328198017
20.10102501889406
1.0895032744821425
.10062557734116485
.10720331685133427
16.323518214685166
23.613353392426987
2.319560360600071
9.724906996695603
29.18598078690107
.20591111069848922
7.4983255825471415
7.4983255825471415
7.4983255825471415
7.4983255825471415
7.4983255825471415
7.4983255825471415
7.4983255825471415
7.4983255825471415
