.2914820866353399
7.068377195930118
.5783099698657485
3.6714737146633745
.19896203276667848
6.291319457735618
.003165695570147829
8.441404262198539
21178813161484407e-24
.14545978587114655
.9517543637684539
7912761757010273e-20
7.828793971226988
6.879541937751792
.5861950984958368
.03415449645818792
4.190655222402233
1.0962035803084862
3.7087682637997035
.0018648010599745955
9.953112437643107
2.230648518782361
.1398618602814889
9340365327504283e-22
1.3945052510012739
14018060737978118e-24
46554506229824346e-27
1.3676264531205187
3342353929955027e-20
1.1699249228713673
9.706831775135703
.46049272107854805
5.1257248440784
119.95986408281892
151.60324025270577
4.625230075273879
1.7334462678833213
3.0677202183410897
5.3522664678603515
13.701540504411764
9.13733469661507
.0003305454429082749
.23551376987319406
.036111286578390495
42.0264891713836
45.75840522051171
4770226336165282e-24
5.15109584131983
.14212307659371556
.31854619296475484
.7731039061205967
6.441018619513815
16.561164877389352
9.30327074141958
5.645391308931837
.5205293733913829
.2385239183177986
1.0700332479261836
2.7330382147014562
.6448581885162912
.0006324449824292592
12.649421007327017
11.969976525344515
1.0916725560000347
2.0262012757604597
.44690620012829435
.119758817305354
.15057798698652813
.38657283340195525
.07415001942626208
2.0164937838911214
.00366191808399753
.0007755054071438398
.0005862847947759001
.012829981875762933
1.8671611514888269
.01858068019778688
.00730593021020643
.023302690039473772
4.539438775764307
6.6942094330826
8.058833443556194
.39153385994887013
.001728382888331509
7777635875396088e-21
.0052834666816726
.3947549504023678
.006987652025157891
8119617248963561e-22
5.492340545178956
.010321651246694768
.16083283553774774
9.124161540714049
5154113759687967e-20
2883755318764031e-23
1.5311362075034574
.00015844917330594895
1.9510031959304006
2.1915554707842633
.011819599526085906
8189432031510793e-22
.006541724806349836
7198785096961503e-20
.0016871927538742648
.001594294848817855
52821166666968375e-21
.0022645723239857595
.08535774702173889
.6122377818790934
.007147124454573634
.00010349109367811523
26626686889912927e-23
19293229929434363e-24
.00294902562300619
8376245322090507e-25
2490802051629131e-21
.08846183394141316
3178538601541855e-22
.2617441039305204
20636243164223778e-22
52201715299870844e-24
56.3928820013799
196.17169404791935
9.0433307879748
16.714915365327858
44.729284176873634
30034365235054284e-25
3.8196718892905923
1.9078888462062706
.010881937059830375
.021391340242085017
2.0996237968377667
.14499193485992265
.00043988151268587795
.0005530683548350226
.31629069522856107
.03975369044659518
.6265989954970677
.04235044115483738
.2379104781636341
.0011164823159457373
8.376996576020874
2.818081504892775
2.646637488950886
2.1604212950355235
.4284102362238533
17.802035752864843
3.0826331020452487
2.4060647185793886
4.770105133966143
1.5086533650263096
8.78875563823333
4.080143627810853
.0011164823159457373
1.8867405492399651
4.465929263782949
2.2235213708185753
1.4943107825074005
1.1598384907923271
.09855315838656259
1.0013289241070955
.16507326760723762
1.1032758918725702
1.99745287963498
7.42096007420068
.35016593516651606
9.327269718102507
8.054388585006778
1.9453391649255414
3.374619071059718
9.642453180298311
14.362163109688339
6.939976954805061
4.851117251693726
21.01817960575796
.0011164823159457373
1.5411532993040071
2.7944929183267946
5.276424450052139
21.163024713497318
22.313913942411833
2.3810852892132277
3.9344532794603104
9.59711927890305
.03773481098479927
3.237636409582773
4.494072308967553
8.96768520192862
2.5573091340693375
.6068055341801399
8.863442094744471
11.906888938081586
1.7418200619313278
5.911262565613532
.3896633933984761
8.374629054399849
10.892102631656304
1.4404574600808893
1.2046570247251949
19.08920721100792
11.651941054820933
.8801937733610188
.39421263354625036
.009855315838656242
.0943370274619981
1.5013595639931907
3.1591269842422927
.19322680601736686
6.279508610710039
8.328622057549483
.7937931833297464
2.3595912316833054
17.497647177822863
.7879579809319841
7.589911327283544
1.745665003663517
5.3892978311990625
1.120882860305222
.00012516611551338685
2.3811454952313453
2.7131646123255475
.3363495921587967
.0001341494225459335
23.470182072513673
.3687219868379262
.7393740973541527
.6313751836692345
.14625721858241794
.0011164823159457373
10.853708986833162
.8326703834331377
.4486993702043038
1.1505898462708346
.03773481098479927
.7020344579158194
.3350840917462174
.627305006674644
.5532471126623102
.00012516611551338685
1.8491335657160288
4.451155658320843
.3003583224019478
3.9225330159829346
.8983252580064341
.5660221647719884
.3773481098479924
.17432960173421289
5.449201396143282
.0012512785799518563
1.047205959151787
2.1987465296982913
19.886489605910583
1.0889967988557874
.09990832243096864
.1065153444004879
16.2071648590024
23.445038396235773
2.3030266312829597
9.655588266022065
28.977944335519304
.20585277738558455
7.471553912537001
7.471553912537001
7.471553912537001
7.471553912537001
7.471553912537001
7.471553912537001
7.471553912537001
7.471553912537001
