.2914820866353399
7.068377190063923
.5783116461530872
3.6714729712151044
.19896111006999873
6.29131847171404
.003165695590626682
8.441392454156329
21178912144558487e-24
.14546789677683475
.9517543524421611
7912781043563797e-20
7.828802954157165
6.879548134558511
.5858960896901191
.03280271669234637
4.191355082493983
1.0962022635414772
3.7087548371057415
.001864842926095472
9.953458726797741
2.230723021093118
.13434135722191543
9340402915193491e-22
1.3945729693547115
14011407128000899e-24
4655765477565688e-26
1.3676264620373
32100239837777786e-21
1.1699759978115336
9.706831868411836
.4604927086074623
5.125724994989444
119.9598652783336
151.6032321209284
4.625233232868306
1.7334438781008028
3.067720304720241
5.352272204336819
13.701541240231816
9.137331369736039
.0003305454439502096
.23551376991293
.036113737670571244
42.026488907826256
45.75842433303899
4770229026375242e-24
5.1510675428148645
.14205111607634704
.3185472362576738
.7732016718196499
6.441020236650025
16.561160868515753
9.303857881915759
5.645389169586365
.5202618257329098
.22919956156627366
1.0700338630094761
2.7330479453381016
.6445337067904207
.0006324429575513464
12.649423533105246
11.96995189904246
1.0918658673694446
2.026209516115326
.44690752667736017
.11502759524591981
.15050052496093178
.37128626035155216
.07411478685219702
2.016488248148375
.003516856138467212
.0007447765428334628
.0005823394369498811
.012322442402199311
1.8662469580729446
.018452366718854172
.007016498196574739
.022379968669930493
4.539593632449392
6.694236949150333
8.059205967870154
.3915335860728642
.0017284675753128844
7777768579776825e-21
.005283999043788119
.39475679539487846
.006984861702407979
8120885877296239e-22
5.492329463518707
.010322640405140828
.16083317503820954
9.125580707043877
5154637526881445e-20
28852160968199333e-24
1.5311436054423668
.00015845756680836154
1.9511238604029175
2.191635670845017
.011819367748044112
8190526445879801e-22
.006541600439309337
7199847315749532e-20
.0016873623373545284
.0015942951904577
5072913128974823e-20
.0021748765043413283
.08535654138299735
.612237782238882
.007143997813304543
993940266039216e-19
2555907559639619e-22
18537853305321367e-24
.0029492975848436414
8044256656644227e-25
2392610401681742e-21
.08842681965324972
3052948862567605e-22
.26174557290638123
20625234139096705e-22
50131705306778675e-24
56.392882151179876
196.17169456902263
9.043330811997171
16.714915409728743
44.72928429569085
3003681707137395e-24
3.6683589771982716
1.832291891649607
.010452492149117974
.02054682483668161
2.0193001391585863
.1394354559854579
.0004226676763134562
.0005314205153141656
.31629069522856124
.039753690446597045
.6265989954970683
.042350441154839366
.23791047816363411
.0011164823189115198
8.376996576480575
2.818081504892907
2.6466374889969955
2.160421300774387
.42841023656324095
17.802035800153515
3.0826331043233113
2.4060647185795014
4.770105198574903
1.5086533650267053
8.788755661579456
4.080143638649196
.0011164823189115198
1.88674054924046
4.465929275646079
2.223521370819158
1.49431078275372
1.1598384907923815
.09855315838656269
1.0013289241071424
.16507326760724536
1.103275906815907
1.9974528796350735
7.420960093913446
.35016593609668395
9.327269742879123
8.05438860640216
1.9453391649267358
3.374619073498018
9.642453205912169
14.36216314783946
6.939976973240161
4.851117264580055
21.01817966158988
.0011164823189115198
1.5411532995580481
2.7944929183269256
5.2764244506782925
21.163024769714
22.313914001685692
2.381085295538255
3.934453289911647
9.597119304396484
.037734810984809165
3.2376364181831114
4.494072320905441
8.96768522575005
2.5573091341520096
.6068055341801682
8.863442214795496
11.906888969710607
1.7418200619314093
5.911262566587935
.38966339340247624
8.374629076645904
10.892102660589684
1.440457460081267
1.2046570279252014
19.08920726171579
11.651941212640823
.88019377336106
.39421263354625075
.009855315838656252
.09433702746202283
1.5013595843283778
3.1591270270311353
.19322680601736686
6.279508695762937
8.328622079673329
.7937931833297835
2.359591263642824
17.497647414820005
.787957980932021
7.589911347445105
1.7456650036635988
5.389297845514995
1.1208828603052745
.0001251661155133927
2.3811454952314564
2.713164619532698
.33634959215881244
.00013414942254594189
23.470182134859
.36872198683794344
.7393740993181989
.6313751836694
.1462572185824248
.0011164823189115198
10.853709015664554
.8326703834331766
.4486993702043248
1.1505898462708883
.037734810984809165
.7020344579158522
.33508409263632244
.6273050066746733
.5532471126623361
.0001251661155133927
1.849133590761646
4.451155718609588
.30035832240196186
3.922533026402607
.8983252580064761
.5660221647721368
.3773481098480913
.1743296017342586
5.449201396199221
.0012512785968998177
1.047205973335684
2.1987465296983943
19.88648987526344
1.0889967988558384
.09990832269636143
.10651534458586141
16.207164902054515
23.44503845851431
2.303026637400635
9.655588291670814
28.977944412495248
.2058527773855859
7.471553913768599
7.471553913768599
7.471553913768599
7.471553913768599
7.471553913768599
7.471553913768599
7.471553913768599
7.471553913768599
