.3093657969668182
7.059155182176813
.5095588505087282
3.4137616352052778
.1985429353317197
6.217373367019171
.0030669998181318443
8.015352637337264
17436244594160125e-24
.12164470504149438
.9147334194922033
8232894887135165e-20
7.785848483127871
6.873075905411068
.3017994269104438
.028100820022628377
3.4626672987227627
.798998272996564
3.252120172220661
.0015174193947296909
7.700643237811796
1.9430608677459205
.11521047828205652
7868631464362247e-22
1.2040139113937205
5796026944067374e-24
320439803216686e-25
1.3647424461571787
33549513255501136e-21
1.1012937734647523
9.262512035840341
.4389348943114621
4.8863395282266175
116.31281152689289
147.6703982656446
4.579324290173645
1.6099090719011375
2.929553359506983
5.3053562271291455
12.929286794395223
8.731049099869034
.00031672131259514075
.2312536048549258
.029718682178070544
41.34642243151377
45.56694015804337
4826533501993332e-24
5.645503747341225
.06957720584141769
.25479085987816313
.6659992796557721
6.181167237150551
15.740715673337958
7.387804404470956
5.61592934822827
.26247354554212987
.19671742557625116
1.0786547888814049
2.517665368861129
.3250999732285874
.0006322174792967991
12.201488322708377
11.614581772136114
.8936629432495883
1.649511527718834
.35325468218814227
.0985581090622429
.07607186829013896
.33654551347569384
.038790174587518454
2.0331001755490696
.003016369055961261
.0006301492268954845
.00039858925252553307
.01046686796221587
1.0601699939384501
.015331579445161423
.006009665713937143
.01933117389442007
3.4418009980224484
5.438091299535404
7.005008391798111
.3515920405838617
.001359470845779641
5448066501376801e-21
.0034754472504008103
.3176285820236466
.002758559854262092
6036922244364353e-22
5.282591715922799
.008241360543084542
.12843554959541034
7.631125000414461
3385316644341029e-20
21877429319276366e-24
1.279599411496406
.00011391629479866622
1.6091021210366918
1.8378869043944321
.013482502662711929
5941529387977647e-22
.007204395619044792
436368908537975e-19
.001125650840888136
.00158926312210625
4895754933272592e-20
.0021257382922765466
.08088257644716677
.5904298568919225
.002461534150759546
.00011654763712880405
15482238714934415e-23
1589157909524256e-23
.0022847868441049435
7876051458399128e-25
21862247092921888e-22
.04261900269600231
1923865669545155e-22
.21349018894286528
11448065642918447e-22
57365161116484275e-24
54.411499942821514
189.27913844180506
8.72559045024098
16.127631434452116
43.157706381682246
2265096900309237e-24
3.2778368184980002
1.660222025462921
.00841487995233226
.016646599080211832
1.7833432295515075
.12363598778697148
.00035905264877874617
.00045324438883637006
.31606451808897484
.039661375146292255
.6260389501801169
.042252095727048154
.2377828707358201
.001077254350447211
8.263921364029326
2.8115374070372106
2.619766703239946
2.0845141975261945
.41722469130714596
17.176555497295034
3.0035125852660762
2.4004773986463537
4.520927767656033
1.5032669397420202
8.479959880317935
3.9367864682975675
.001077254350447211
1.8800042191889983
4.309017401788844
2.21558261430261
1.4678245040136495
1.157145134845306
.09846507296794278
.9990036562063671
.16468993745348443
1.0456437489051749
1.9928144307173332
7.160222253637802
.3378627423373169
8.999553094675974
7.771395049854606
1.936751888027786
3.288483116221393
9.303662484489136
13.857543886522388
6.696138630941371
4.680671685775782
20.279699100835593
.001077254350447211
1.513836749115943
2.7880035974599355
5.190204735048899
20.419455029097698
21.52990739455303
2.2974250912501413
3.796214997225186
9.259921404309626
.037600084383779916
3.1238810123337784
4.33617163202335
8.65260269620625
2.5270367297548253
.6053964213535314
8.40043989760542
11.488536563138505
1.737775238915289
5.806486940358519
.38619461156136803
8.080383767289613
10.509405100187486
1.4353145182601958
1.162331012455625
18.41850177199402
11.0432752281986
.8781498033144703
.39386029187177113
.009846507296794262
.09400021095944971
1.4229326087094474
2.9941027510933296
.19315770613118516
5.951484096911243
8.035993241080439
.791949851169278
2.236332579689945
16.583617503854594
.7861281991728906
7.323237350068465
1.7416112519933917
5.199943117412593
1.1182799664181124
.00012487545702579577
2.3756160422676618
2.617836700468767
.3355685272247468
.00013381462636111754
22.64554967177134
.3678657473149826
.7133959504840484
.6291209512974865
.14591758271708752
.001077254350447211
10.472360428431788
.8307367713423743
.4476574086495195
1.1479179673586943
.037600084383779916
.7004042062064195
.3233108043395188
.6258482903441058
.5519623722325941
.00012487545702579577
1.7525398389698765
4.218639348338691
.2996608357429853
3.784713556041496
.8962391833544723
.5640012657566981
.37600084383779886
.17370718349265418
5.400692628961355
.0011859151776124582
.992502757533098
2.193640640310441
18.847673276712808
1.0864679502033492
.09639801136794224
.10314114368389651
15.637720905580414
22.62128942665168
2.2221090493885898
9.3163360647486
27.95979493505248
.20556135860931876
7.339122520068246
7.339122520068246
7.339122520068246
7.339122520068246
7.339122520068246
7.339122520068246
7.339122520068246
7.339122520068246
