.32367276523200084
7.051630188259136
.46018087524469675
3.2057875176920803
.19820406702163793
6.150117489202339
.0029895037844915855
7.71186299944198
1507609279997282e-23
.10680776428907061
.8862660913854035
8371888860521294e-20
7.7061743297281
6.821483206628362
.1921179750445366
.025466485163103254
3.002669446096366
.6209044318662706
2.9182268668308855
.0012992026298097922
6.438239702903725
1.7468744789589636
.10431315751704927
688931228621962e-21
1.08077813675811
31254094160525764e-25
24413726894384942e-27
1.362415357605947
3514912820970663e-20
1.0651136259346128
8.922315656072092
.4220225203988778
4.703931237317712
113.43298879794979
144.37984795965482
4.519333915095039
1.5217862106157247
2.8238982914331627
5.225867353740066
12.350118935146838
8.387134391496705
.0003060846799260019
.22790200728149115
.025924944880156956
40.810753420702994
45.33484642232798
4871773555659947e-24
5.944527224407919
.04270467290131173
.21468352830498658
.5934557238267898
5.976217175782315
15.125497052717872
6.249668423043656
5.583622702283727
.1653370846483301
.1784739380108863
1.0833521904551233
2.3639029389685744
.20360703908516273
.0006309591635982857
11.855145782695173
11.330336474907503
.7704726969559667
1.4052397394657112
.29530314503426536
.0893340206066254
.04798310208773767
.31902524071757593
.024787061193195993
2.0443311868414145
.002736515581326981
.0005654638789180967
.00030175351975499814
.009421297165380111
.7105672118128143
.013391145807354381
.005445849604195626
.017625934075482127
2.783295975040806
4.626227340248011
6.307813322525087
.31839304733719676
.0011249398951217982
4118782257314462e-21
.0026341021549472813
.2679816354628351
.0014119036562455268
4815201531935883e-22
5.118801286158754
.007220102741278262
.10797598599448456
6.669130137970762
25632342964400187e-21
17751920144687055e-24
1.1137822967530413
8751510534081508e-20
1.4037365335193395
1.6239630635781848
.014655422133777643
47214786973893783e-23
.007615130229391526
3103314180748649e-20
.0008610638423559116
.0015853494306319142
4783304509071576e-20
.0020946632501990027
.0763096274520974
.5735328506546457
.0011690567439450244
.0001300055061291419
10978249606468969e-23
1445061921931383e-23
.001917981517870372
7773649199626927e-25
20132829838424713e-22
.02463216741790806
1408200701523185e-22
.18309765195024538
7625106533524173e-22
6273422278952715e-23
52.876636838272496
183.93987070685114
8.47945522401943
15.672696237324336
41.94029514928076
18701169322017186e-25
3.0676999922236923
1.5674968363070412
.007273544989778696
.014459139528609064
1.6170465039876616
.11232894103751469
.0003244684686131339
.00041084188848998396
.31588369283393186
.03958767727846341
.6255912743516551
.042173583840990306
.23768083407534685
.0010468666941897307
8.174561140045391
2.806313071989437
2.5984666339367157
2.025713320210669
.4084868989490103
16.692031796905574
2.9416808329658304
2.3960168859838697
4.330990807519146
1.4989716494510712
8.240753507363074
3.825735894300757
.0010468666941897307
1.874632476050011
4.187466776758923
2.2092520217508684
1.4469738958072598
1.1549949539982707
.09839466132166613
.9971473302684977
.16438391434666025
1.0017132980640724
1.9891114281365934
6.9582436099865825
.3283321640926398
8.745689811786075
7.552176179846769
1.9299093673525738
3.2211600514675487
9.041220752509217
13.466644299974632
6.507251058674889
4.548637276091174
19.707640584640703
.0010468666941897307
1.4923325319169922
2.7828229924034016
5.1222444658384925
19.84345421728228
20.92258246252612
2.2326183314340993
3.689129724032946
8.998713539622306
.03749264952100017
3.0357612267393552
4.213855028732159
8.408526340092482
2.5030770245439595
.6042714874529695
8.047513662114811
11.164462958945386
1.7345461443768013
5.7240051559777
.38344183225977885
7.852448810009576
10.21295125943713
1.4312133886791782
1.129543476949969
17.898944714375467
10.579316006862369
.8765180452652379
.39357864528666453
.009839466132166597
.09373162380250034
1.3631511859423127
2.8683120275722125
.19310244401445986
5.701445419948167
7.809310470947267
.7904782679162198
2.1423779239486476
15.88689283612381
.7846674335815446
7.116660306129457
1.7383750294623979
5.053260874779007
1.1162020039456377
.00012464341628356208
2.3712017264137777
2.543991631512642
.3349449813977121
.0001335473911090862
22.00675422025908
.3671821875260348
.6932721692156898
.627323361632936
.14564644197410212
.0010468666941897307
10.176951559791334
.8291931151138868
.44682558180505016
1.1457849322250229
.03749264952100017
.6991027309946961
.3141907134505658
.6246853532444071
.5509367282702946
.00012464341628356208
1.6789106843715238
4.0414023795311245
.2991040127739227
3.6779527204725615
.8945738120294929
.562389742815002
.3749264952100014
.17321084930276498
5.362196714108624
.0011360915273813256
.950804910015606
2.1895644670215106
18.055829223498005
1.0844491000979501
.09367877460446332
.10051890668963198
15.196605316367975
21.98317831861792
2.1594268370295273
9.053536830939782
27.171092956579812
.20532852065354038
7.234869479036295
7.234869479036295
7.234869479036295
7.234869479036295
7.234869479036295
7.234869479036295
7.234869479036295
7.234869479036295
