.33116808466930464
7.047653706978684
.43649337853702364
3.0973596502197793
.1980429917674379
6.11235577072128
.0029494486625133874
7.564621978738393
1402605357496371e-23
.10042993062758548
.8717424912216377
8408110927520146e-20
7.651412521938865
6.781069883829681
.1580495417465028
.0234925464895323
2.800121884122273
.5453404250031509
2.7568229031136355
.001202663197455036
5.913090926156667
1.65734969923411
.09617927937849033
6439845317516644e-22
1.0268372311781233
23637451474387894e-25
21423816770649288e-27
1.3611925338527513
3477956361143718e-20
1.052299136073261
8.749385320937234
.41328792199667813
4.611340375798174
111.93893950262998
142.61142511295225
4.481425860062284
1.478965037977954
2.7701482997448825
5.1723773802946456
12.058976089568597
8.204075326845214
.0003006589082602119
.22616590650476034
.024343510204216635
40.533013715220484
45.18333725172746
4894108670141911e-24
6.066797664005792
.034511381095832724
.19689414535424282
.5602183743926841
5.87017435128876
14.81646349745174
5.770829119707698
5.5642090103035935
.13549655940943894
.1647792073730401
1.0849250583626289
2.289950735620099
.16615624945574395
.0006299584119658728
11.677841881052586
11.181378789443345
.7166956953964516
1.2950327478127923
.26983681114112457
.0824217718170943
.039348475432267
.3013034870792812
.02040625062796124
2.049516139814043
.0025257722502078886
.000518921248909662
.0002644252196454554
.008660132197631778
.5962854462386457
.01257952717607763
.005023427268412655
.016308544551630316
2.5041140292161805
4.260657975621256
5.997523523861926
.30135485369290815
.0010220505675904224
35686984928114413e-22
.00232189997851861
.24549527421983525
.0010402204291384775
42989994390368305e-23
5.033790989608174
.006837885907631094
.09889663007147328
6.240852710979987
2258206828212055e-20
1598179400342227e-23
1.0379773683855134
7642118205624836e-20
1.3175243870073132
1.5337276293632798
.015189212995951495
4231852556869672e-22
.007777970952946898
2652936130786476e-20
.000762199254018057
.0015833409411901795
45610373265851725e-21
.0020053560616488577
.07366627572356647
.5648722459058231
.0008353972110419059
.00013179035017570656
9146359156237473e-23
13364758221210504e-24
.0017679751793769284
7440018091007876e-25
18524406751940475e-22
.019118379742603418
1175520929021292e-22
.16959125793125263
6385607116721066e-22
6292899303426866e-23
52.089894004809366
181.2030594472893
8.353290796248181
15.439504752709446
41.316272355566646
17093527131192174e-25
2.8767165108808657
1.475729631705572
.00655413001069916
.01306160609770499
1.441233380641472
.10005887978077027
.0002990967180260839
.00037930865626616074
.31578900106222973
.03954912216809403
.6253568679562466
.04213251027235873
.23762739527042012
.0010312905358239085
8.128132333198945
2.8035799560892403
2.5873768978070073
1.9955730629510968
.4039825228011616
16.44367378517498
2.909797402276442
2.3936833644984787
4.234691128403956
1.4967262785810427
8.11814068340296
3.768813395489615
.0010312905358239085
1.8718243874812428
4.125162143295635
2.2059426928946446
1.4361689084334575
1.1538700848220809
.0983577932596687
.9961761915703969
.16422381806427408
.979440180097275
1.9871741987783424
6.854713041081618
.3234469635099062
8.615564123116448
7.4398085853509555
1.9263342745608054
3.186441948860193
8.906697907295918
13.26627630141589
6.41043073419744
4.480958845824638
19.414413822850687
.0010312905358239085
1.4811888380247942
2.7801127538901413
5.086996519736485
19.54820670665958
20.611278779194667
2.199399568344333
3.6342397660922403
8.864823152279042
.03743648774962479
2.9905926318351925
4.151157768782602
8.28341725158734
2.490615522909268
.6036829772019651
7.8685770127939865
10.998348740121674
1.7328568404662221
5.681262295434655
.38200751210442213
7.735613508148254
10.060994427605218
1.4290695156760354
1.1127371842522422
17.632629242692612
10.34408467481929
.8756643894738602
.3934311730386748
.009835779325966854
.0935912193740619
1.3328414883175026
2.8045350443983166
.19307349889400305
5.574673651354114
7.693117017379143
.789708407723369
2.0947421020804637
15.533647412559292
.7839032326588131
7.0107726811058795
1.7366819965356903
4.9780742325004566
1.1151149158814924
.00012452202394629952
2.3688923728331948
2.506139996004801
.3346187727991469
.00013340760155405716
21.679319322621232
.36682458256562867
.6829570859694138
.6263836683419957
.14550459443387587
.0010312905358239085
10.02553036160401
.8283855498746869
.44639041079208114
1.1446690328452545
.03743648774962479
.6984218629871229
.3095159211996149
.624076961583258
.550400161645898
.00012452202394629952
1.641580067117073
3.951541705699044
.2988127103026181
3.623229063340239
.8937025714206098
.5615473162443714
.3743648774962476
.17295138969554705
5.342138634428828
.0011108305064291759
.9296637412149966
2.187432013048697
17.65435745002695
1.0833929367254402
.09228494343488479
.09917185581426474
14.97049751071861
21.656094202965615
2.127297078217196
8.918830736809365
26.766818707324287
.20520664379190864
7.180844542167284
7.180844542167284
7.180844542167284
7.180844542167284
7.180844542167284
7.180844542167284
7.180844542167284
7.180844542167284
