.4741827472212233
6.970501982707545
.2338694321479714
1.444118067370617
.19407888661529407
5.270503822121238
.0022630787098872505
5.569008731395472
6900558961569003e-24
.05908274212342565
.6385086343797667
7079857546821642e-20
6.048172191931441
5.409817772517065
.05944701603770798
.011845641232801359
1.3685125569058145
.11745442920634626
1.2913195143380536
.0004363892659660849
2.3717560755430123
.9136292072080113
.05491147763382538
30147540568793473e-23
.6822850515291716
22468796552750774e-26
7063837704436265e-27
1.3377622335010932
3674575269980549e-20
1.1421467124083364
6.0664312912119955
.26716475417978
3.1547346996025496
85.87769583479388
107.04853024166232
3.5087930556388565
.9126934525665306
1.9152788708219448
3.7165558709546938
7.69703509806843
5.120693610541757
.00021449352184790225
.19549843161832797
.01558768031904718
35.58185257497139
40.2379809750556
5152511827765716e-24
6.017119622689494
.0100490194348086
.0700531825886742
.2992107512979868
4.0963842275697955
10.186537592444475
2.6019660266441256
5.065738997741008
.05156146270515204
.08356307481088435
1.0468417142655049
1.4823048846871751
.056080279455781396
.0005865178924440077
8.774232281328985
8.48560176012611
.34473155481258944
.4726978458133231
.09240777661271013
.041654622895660486
.01507091310575306
.23676255720578643
.007965614529361929
2.085253477468113
.001284936167772467
.00023640746058818093
6184859358131823e-20
.004075791342271926
.23056856319124525
.005791615093924217
.0025302305751108076
.008563146646641278
.8737091548653522
1.5482661417069083
3.7839662397120195
.13624176234970564
.00038827301168613124
4899162348269275e-22
.0008842721472606814
.055048879881276394
.00013640250673727702
10934526986148145e-23
4.110232091759419
.005151052757194672
.03445349830205739
3.1290290622840593
8390685936924054e-21
4407246835874348e-24
.44520791450130776
12875568508405418e-21
.8116659726141089
1.0065267643066191
.01867641667757967
174512911049296e-21
.0072604776889783635
7888008209141523e-21
.0003000480672097199
.001549180048534334
2969252132559006e-20
.0013705514940580547
.04326523922512043
.422557100104989
9103087721656522e-20
.00016896302055371666
4536301376586957e-23
8584604064125074e-24
.0009080644261019134
4703474767319673e-25
7049492557333946e-22
.003655744326081942
27356081718826033e-24
.07573201109155683
23209940168956382e-23
654373947143742e-22
39.132043962138766
136.1270976614136
6.275331307779828
11.598783032288253
31.038461817957582
769754496465112e-24
1.9322823802692304
1.0309190039222582
.0024111638991426054
.0050417480411668845
.9392547012333443
.06707094986518068
.00015787926692396593
.0002062978950998918
.31398766004123535
.038820621691669416
.6209010580243849
.041356423418245414
.23661005320107228
.000774747335478793
7.291076050545131
2.7519376130550555
2.3846167824498448
1.4991555333526358
.32694841003005665
12.353155592927974
2.3635154250612818
2.349591375198811
2.7573406654969577
1.4545219785590517
6.098676992593248
2.8312856897689294
.000774747335478793
1.8190431681171835
3.0989893419151735
2.143740092075404
1.2447869948719104
1.1326156331315402
.09765697160960075
.977826483906155
.16119879189070677
.6377443256461888
1.9505701663450596
5.149538834666968
.24298649550566037
6.472361682926259
5.5890863706685785
1.8593743000294598
2.5912387972584776
6.691073205747231
9.966165555893726
4.815775921596209
3.366278275228486
14.584896163252004
.000774747335478793
1.2838076299352839
2.728902680070676
4.459042146825165
14.68540681145081
15.48402972808651
1.652278282440219
2.730188513774746
6.6596151890718085
.03638086336234361
2.2466546453524754
3.1185183115706963
6.222839463177377
2.2643794104339
.5925630505792729
5.12347812841517
8.262406261944747
1.7009373700797528
4.924185016320359
.35564496446299676
5.811307042533498
7.558227632552492
1.388772983534533
.8359333656629239
13.246347221006719
6.735359074930461
.8595345264086713
.390627886438403
.009765697160960062
.09095215840585896
.8678550394735571
1.8261210301411905
.19252204110962068
3.629845457358421
5.7793819527097385
.7751618661132208
1.363952507197844
10.114446696442872
.7694636232021089
5.266777174479695
1.7046920662283367
3.7397315436082943
1.0945743399355805
.00012222831048826931
2.3252570371391976
1.8827141496943627
.3284550472335396
.00013076819850577905
16.28638516184601
.360067621386376
.5130651006880868
.608721063865883
.14282437903196313
.000774747335478793
7.531585585830194
.813126569784508
.4381678356979677
1.1235840658456826
.03638086336234361
.685556832563212
.23252093072500635
.6125813748567889
.5402617120924789
.00012222831048826931
1.0688844445750916
2.572973165256037
.29330853751992064
2.7219168266773286
.8772404424688051
.545712950435154
.36380863362343585
.16807455119515596
4.973474721299466
.000723296702162587
.6053333197541346
2.1471392030874674
11.495307743619422
1.0634366841642575
.06932819758097371
.07666366695437457
11.246445743783648
16.268937508692673
1.598111963476807
6.700187880042046
20.10832132399625
.20289497820513347
6.22393497435955
6.22393497435955
6.22393497435955
6.22393497435955
6.22393497435955
6.22393497435955
6.22393497435955
6.22393497435955
