.7106449696046575
6.842050240807021
.1903565658141295
.4508768876419281
.18736647938414291
4.117315547878846
.0014375167400731712
3.502369078671042
6467718320990217e-24
.04591096008591126
.3860215143665048
4389863997908095e-20
3.8010125085404227
3.415287069148077
.04850155887850445
.005648054285074852
.95466336323205
.06472762764836831
.8491043196411452
.00017911243712078064
1.423888010550414
.5292421209418733
.04310548349169846
22925958844145922e-23
.6083292053911795
3034209084168034e-26
6562689220937921e-27
1.298985886314701
2357876257214986e-20
1.2517075579929613
3.442420160091859
.1218543090724268
1.6645313305384748
54.15513810762542
63.74920641601104
2.203821725319153
.4290622552060037
1.0244697306397843
1.9543817896403135
3.6787661438316928
2.2379546008359146
.00012557627415893358
.15375149678502714
.01468665985213798
28.663673840114264
31.35580042770702
548471740240791e-23
4.120712871556402
.005763615155660159
.03589389217244569
.21336024567950698
2.227440531464062
5.798644431639614
1.4079174031995283
4.202769669077607
.045505772576759786
.04002077622453965
.9416283996887459
1.0628781464027617
.03949407438733498
.0004913104146993091
5.483872720295762
5.181354902027932
.24006259408055686
.24328402171628377
.04604212607654004
.01994906916286112
.013274030230776323
.2325204143606157
.007290425376501839
2.029395014778355
.0006180652205277144
9544781292733041e-20
2009260152495925e-20
.0017488936651163878
.1458247233285587
.0024789201342334858
.001203333611547663
.004216807041290155
.6524028699389047
.7967127959014757
2.8408345358207128
.07627578099460516
.0002959789428056741
9590420109149844e-23
.000609571629128135
.008544019492995788
9244276780482302e-20
4447511785073297e-23
3.340887222490467
.0036009291864015805
.017608028705671887
2.201353548285585
5369365334458571e-21
1735004761297934e-24
.24798874273870256
3000102283893752e-21
.7136756503525669
.901293852688961
.018259646866528194
12215087673697753e-23
.004543280506881983
5057098485590826e-21
.0002088559993661046
.0015008797070677532
1528845882865228e-20
.000735704978840737
.03564817434060731
.26187773775034545
59832586363322405e-21
.00018183365005708065
4443521461548314e-23
6697393084912093e-24
.0006214806043619004
22629296243022627e-26
30385538583090704e-23
.0031926275147938963
9895584846079128e-24
.059410782981126835
1344629663892748e-22
49224262402273114e-24
24.386191109038055
84.83128103151817
3.9106423546930067
7.228095213511299
19.34245659019559
4703586435127648e-25
1.4366555271677441
.8012704727471226
.0008638915042282629
.002000622854843329
.868765596953032
.06624946672534984
8823393011252889e-20
.00012287996144651463
.31103181220896586
.03764542765439598
.6136033019221285
.04010446453437965
.2349375124350505
.0004828047469864707
6.091889065945078
2.668629810838563
2.083626346297366
.9342392994825596
.23044014279548006
7.698202868735588
1.6759001793742982
2.278463565961401
1.3564602108780996
1.3873353113787774
3.800555442428872
1.7643922198848543
.0004828047469864707
1.7350186915369705
1.9312189879458848
2.044717351814052
.982654396151297
1.0983286206990601
.09650916109892219
.9482253131031342
.15631891488744143
.31373519176544196
1.8915216934231527
3.209074339870957
.15142360368524407
4.0334271595770845
3.4829902698646196
1.753728767679556
1.8409133080704267
4.169723157772867
6.210685496149422
3.0010809574877726
2.0977873127544693
9.08897233905438
.0004828047469864707
1.0134578980705833
2.646292200944662
3.5861920317326583
9.151608266731474
9.649291727579527
1.0296618801687072
1.7013907815556037
4.1501192442308
.03470037383073935
1.4000635793668665
1.9433889933420487
3.8779306426398406
1.9344976339460003
.5746247349778318
2.5204699257742313
5.1489418318972175
1.6494458851939704
3.8872289585958075
.3159872393664213
3.6214730891551183
4.710113881896077
1.3246233662656848
.520934475827551
8.254819378734283
3.3134268483554488
.8335143390379243
.38603664439568874
.009650916109892209
.0867509345768483
.42693702834276104
.89835128050375
.19161370687592907
1.7856846620930333
3.6015781063535903
.7516958430749168
.6709897433757435
4.975752423503845
.7461700997477952
3.2821345808015274
1.6530869176160778
2.3305148130561713
1.0614389293833877
.00011852816413789167
2.254865887124191
1.1732642205594477
.3185119191691054
.00012651823003073878
10.149301207379903
.34916750430351895
.31973038793636555
.5806032766296284
.13850073991178746
.0004828047469864707
4.693511170227486
.7885112634159236
.4249034363813601
1.0895704607817365
.03470037383073935
.6648033704409595
.14490170406119243
.5940370562007344
.5239066844048501
.00011852816413789167
.5258324577863993
1.2657615237752495
.28442937924387546
1.6962360561201792
.8506842542286336
.5205056074610898
.3470037383073932
.16031092225102003
4.418885979772147
.00035582226361067647
.29779075644874786
2.082140110370571
5.65506024015656
1.0312438857033341
.043203740573595426
.05008871735527888
7.008526706928141
10.13842823062936
.9959066741489844
4.175403213470056
12.531044050838707
.1991298247371282
4.913271980756482
4.913271980756482
4.913271980756482
4.913271980756482
4.913271980756482
4.913271980756482
4.913271980756482
4.913271980756482
