.704604146533225
6.845358548263335
.1904255013691924
.46181329116872105
.1875481690291224
4.142107915899458
.001454465405775293
3.5438551404281977
6440857381901087e-24
.04614798864683494
.3909608372220226
44453267428816196e-21
3.847150148279783
3.4560674480835885
.04852606583705317
.005720426219612924
.96023902703641
.06513948671029496
.8556139785799155
.00018275609426206065
1.438137140490991
.5361974047903625
.043036917602609324
2296089149992166e-22
.6094623263596
316324902986361e-25
65298616957728526e-28
1.2999735825579948
23793951063869827e-21
1.25124115898415
3.490481724522514
.12435125319118587
1.6920831249449115
54.80423157562176
64.5697427057161
2.230199179257068
.43738331670540365
1.0411007800911236
1.9867498499452436
3.748105249513217
2.2861415153094016
.0001272561616954413
.15469638201229124
.014694125513477286
28.822796154210877
31.563334659534956
5474055988398423e-24
4.164889193040105
.005817853117740896
.03631396509328348
.21455965276553082
2.261859277233987
5.8779675443897395
1.4275574677747678
4.223608590770768
.04543510962732066
.04053123502967769
.9438836284749793
1.0686813300402769
.03966570218983809
.0004936862628027403
5.550049851458127
5.248185856554779
.24146162764243873
.2460893916262227
.046606053712083935
.020202492948217472
.013255099196733863
.2312183674404144
.007271984644090008
2.031627916067655
.0006258786240635828
9706693263354615e-20
20644508206581965e-21
.0017756436704217077
.14697557908704573
.0025376548749348636
.0012188304868497076
.00426846334298866
.6530507445870001
.8058878023086584
2.8611587399359233
.07704254548713017
.0002962634792870789
9869510215128084e-23
.0006134261317137245
.008893336160227996
9232662473358963e-20
45117285175232424e-24
3.3567949792567155
.0036430176398827897
.01781030630953079
2.213933905010044
5414080352164056e-21
17650283582087387e-25
.2506228052302362
30765902702208088e-22
.7151606779369224
.9029063197698339
.01828151401727766
12292477037484181e-23
.004600406603169869
5096662301179801e-21
.00021015925407679933
.001502049954219827
15468182157641193e-21
.0007437460418707586
.03564956562372462
.2650915426936949
5976382843415844e-20
.0001806801536983132
4404452860514055e-23
6697655745776828e-24
.0006263742180845464
2292764694305771e-25
307242969603544e-21
.003175921061118197
10068624558926362e-24
.059439117991576605
13577320137008042e-23
4936503080445969e-23
24.68260359193948
85.86239944299253
3.9581759447034797
7.315952215833026
19.577562825428362
4750786894505115e-25
1.4390417279661858
.8016024858781384
.0008793660347785519
.0020300869939387004
.8523661281431396
.06482127750769415
8895864913194214e-20
.0001236452680420438
.3111069768156076
.03767500248336459
.6137886633632591
.04013597122067289
.23498009277160203
.0004886732056223836
6.119918511185987
2.670726327604441
2.090820951886498
.945594914188666
.2325087034680418
7.791773997412387
1.6906843356901688
2.2802535621036455
1.3812667977549253
1.3890124537382535
3.8467509335598082
1.7858382864874491
.0004886732056223836
1.737116146505638
1.9546928224895364
2.047189199863876
.9886084031654689
1.099191484614612
.09653831523992429
.9489702535436089
.15644172143953577
.31947269827572056
1.8930077020584366
3.248080418706445
.15326414721816137
4.082453190482304
3.525325778070715
1.7563514513262164
1.8570618007620945
4.220405857202256
6.286175953031441
3.037558891004313
2.1232857738791426
9.199448175399441
.0004886732056223836
1.0195985467638713
2.6483711689394576
3.6062054204542853
9.26284543848798
9.766578207720004
1.042177349808271
1.7220710699898065
4.2005636594336115
.03474232293011271
1.417081256294125
1.9670107534678574
3.9250666240304883
1.9422946315335565
.575076169038141
2.5665636155726737
5.211526867251182
1.650741715338216
3.9107820903742034
.3169430936815501
3.665491846546031
4.767364993569841
1.326224696484627
.5272663987063057
8.355156142971587
3.374021925390939
.8341691607667736
.38615326095969715
.00965383152399242
.08685580732528167
.4347447402089738
.914780091984551
.19163685836446737
1.818340792622767
3.64535504159101
.7522863869305862
.6832606269807511
5.066747672595096
.746756302494225
3.3220287018621737
1.6543856082115884
2.358842061009236
1.0622728121881027
.00011862128169295104
2.256637344565745
1.187525166812204
.31876214704858036
.00012662506393137075
10.27266526850542
.34944181568380056
.32361668890577483
.5813051648763267
.1386095482306229
.0004886732056223836
4.750560477077915
.7891307300340062
.4252372470787578
1.0904264441516878
.03474232293011271
.6653256502290666
.1466629743508158
.5945037408801978
.5243182735818686
.00011862128169295104
.535448743204966
1.288909436963612
.2846528313539699
1.7168536892197235
.8513525649078498
.5211348439516902
.3474232293011267
.16050472128157067
4.432253010796236
.00036232944739991057
.3032366753276948
2.0837758717761314
5.758478491584897
1.0320540468157164
.04372887908156448
.05063632813913317
7.093714869088963
10.261660131467085
1.0080118515710215
4.226154953587462
12.683358033118605
.19922513663213887
4.943042015827342
4.943042015827342
4.943042015827342
4.943042015827342
4.943042015827342
4.943042015827342
4.943042015827342
4.943042015827342
