.7263028178737078
6.83346519646613
.18941340638740845
.424411171956113
.18697280539477792
4.05289876141879
.0013944692398639466
3.397166481913977
65075096997066705e-25
.04529159478224025
.37351855998031874
4251541287827491e-20
3.685508730416609
3.3118507129069794
.048183835672981054
.0053231969473836955
.9343640485620052
.06340458046280965
.8325443082625664
.00017002908684298843
1.3878803522124703
.5115262419040087
.042009665434768216
22736288188971302e-23
.605250592869469
2711680525321358e-26
6615483101022718e-27
1.2964269771360624
22425732561270396e-21
1.2522683421570826
3.321366558073085
.11560736053177657
1.5951983057947408
52.50730170953812
61.67625860409197
2.136953531451913
.40823333348709206
.9825867556282347
1.8730056421971089
3.505232067558444
2.1177440357767394
.00012133564034662347
.15132947063040808
.014662276907665495
28.255230437761675
30.822169824679857
5512840933776183e-24
4.008091389815325
.005595871754935025
.03466362213217189
.20903626153646912
2.1408346172020223
5.5989760980006675
1.3580638437083181
4.149131593122149
.045448824567999375
.03773190025196625
.9358775610899703
1.0484554784939961
.0388468423533728
.00048519006838440294
5.315995657365797
5.011911697063373
.23494445982897877
.2351055825051467
.04440071409555858
.01880749004815231
.013252937627591926
.2298190709994725
.007300145955176252
2.023488004151855
.0005827579340342347
8901258734411839e-20
19576430596220952e-21
.0016380075322366126
.14212740990803258
.0024543260293836172
.0011339175268098524
.003979801380666058
.6476297978245508
.769944062700986
2.7873905616219132
.07397198466530318
.00029376413592190135
8877712517844523e-23
.000596686926560011
.007713206388401356
9183555653729679e-20
42470810619434906e-24
3.285628799195997
.00349225947815953
.017015208431722904
2.15548141043023
5228958255971229e-21
16515136278866378e-25
.24011723023310505
28013350695426523e-22
.7098556494436544
.8968391830138331
.01820323431015918
11953555801903315e-23
.004398601979929121
4932715700985369e-21
.00020450118887597432
.0014978573013145118
14447144468556737e-21
.0006966654741641863
.03548045454810546
.2537291800319909
5939995508404874e-20
.00018005707922046758
4405169522677784e-23
64980122933303256e-25
.0006061009154334749
21307451120762825e-26
28627953372674584e-23
.0032193331508603962
916974575812633e-23
.05906018596603329
13043821636849653e-23
475905175968863e-22
23.634354336924257
82.21589611060789
3.7900755670508746
7.005249925800772
18.746120325032223
4560226724067716e-25
1.3933702221426516
.7797368807451378
.0008000934956335429
.0018683416065553961
.8057259732455019
.06156751579633705
8412040566962821e-20
.0001177656456551431
.31083706964342606
.037568877559212156
.6131231045481519
.04002291411063132
.23482717987296453
.00046791966875049353
6.019832753542741
2.6632032855270293
2.0650929266285454
.9054362996141425
.22516369128011599
7.460863959595235
1.6381786103897849
2.273830424203829
1.2942159146468426
1.3829975697330892
3.6833826816931374
1.7099952480326461
.00046791966875049353
1.729593858208935
1.8716786750019758
2.0383241925411073
.9673879745248727
1.0960952243559634
.0964336343773755
.9462971443321444
.15600104818863478
.2993387309936387
1.8876753786195828
3.110137196207403
.14675514878355353
3.9090748635316133
3.3756081801364606
1.7469489736279376
1.7997070220014324
4.041168797416599
6.019207388102104
2.908556339361019
2.0331116266356126
8.808755408305666
.00046791966875049353
.9977129162812857
2.6409110980461565
3.534832744606717
8.869460243362656
9.351799908819894
.997916961050619
1.6489361711742867
4.0221692809701
.03459187716417866
1.3568990163746928
1.8834734738916072
3.758372371165337
1.9144331689505076
.5734562643056067
2.404812366898761
4.990197738185079
1.646091819444702
3.8268373534976172
.31352305777602585
3.50982151448021
4.564899042833299
1.3204817042654637
.5048738416334797
8.000319742922365
3.161382637522218
.8318194292981225
.385734537509502
.009643363437737541
.08647969291044653
.40734604096904603
.8571283660570324
.1915537111034957
1.7037444148291787
3.4905399025648483
.7501673071564264
.6401998359240693
4.747428580800433
.7446528001521204
3.180944958451758
1.6497254480093997
2.2586640378950547
1.0592805463834105
.00011828714304151798
2.250280730066852
1.1370919794547232
.3178642411043635
.00012624173536161587
9.836393881063616
.34845748963892487
.3098729624065674
.5787879209675886
.13821910558103653
.00046791966875049353
4.548808199914257
.7869078651806278
.42403941648503857
1.0873548737189982
.03459187716417866
.6634515260216852
.14043432213311519
.5928291115437536
.5228413463529937
.00011828714304151798
.5017034262025838
1.207679145381716
.28385100632023424
1.6439403681435618
.8489544303246411
.5188781574626792
.34591877164178614
.15980968267468731
4.384425925298921
.0003394945407595048
.28412594275891095
2.077906182545439
5.395564796080064
1.029146902815185
.04187175064901655
.04869671910364133
6.792450810817523
9.825856122867984
.9652024425668231
4.0466737345509225
12.144706567126189
.19888298797340404
4.83693987262436
4.83693987262436
4.83693987262436
4.83693987262436
4.83693987262436
4.83693987262436
4.83693987262436
4.83693987262436
