.7371521535439491
6.827507661620218
.18935448895265206
.4075138232264505
.18665187531161695
4.009429680766066
.0013653759650314717
3.326205082623049
6559008893746097e-24
.04488045159573364
.3651026848301857
4161503929198171e-20
3.609831075478909
3.2420257888272785
.04810160078214805
.005277798721055161
.9263416606502022
.0627283908733397
.8213976871338795
.000164026100902546
1.3636707657424014
.4997045110696591
.042778779199430614
22683303616853976e-23
.6032778405850615
2518058579891775e-26
66783348625496674e-28
1.2946549685017459
22368791146173052e-21
1.2526570053691073
3.240374311277554
.1114626024449427
1.548871949830114
51.39427521196372
60.28386045904923
2.091848070774197
.39440565653644544
.9545760000331738
1.8186684181236816
3.39005524923353
2.0382568763402245
.00011849074116702642
.14967394371118806
.014648936414896655
27.975575475361747
30.457244053387747
5533117065950387e-24
3.931670528099598
.0054981737385972835
.03395764785841836
.20729239714560252
2.0829711867093352
5.465474890429801
1.3250807118385763
4.112265828639794
.04553861632034668
.03740988647702299
.9320395675634892
1.0390254586220362
.038513069719728114
.00048097714600858126
5.202702579151315
4.897621800801754
.23293852545338736
.23040149192724693
.04345577297982114
.018650420986779586
.01327586821391973
.2354831673169924
.007327645242966036
2.0192771329660233
.0005779592216313802
8761569487640897e-20
1796800177431919e-20
.00161708532062158
.1400108633795927
.0022634407439761687
.0011241284584946603
.00394956061179777
.6467684010092186
.7545590385640074
2.7511615910513645
.07267708185744183
.00029336963543932315
8454943901070107e-23
.0005898979237576572
.007194599282838341
9201196374236063e-20
41544450773020415e-24
3.256162007050584
.003418222919590029
.01667619486655271
2.1373732167287596
5151166661630909e-21
16028422045185941e-25
.23564350261950745
26851931954209073e-22
.7072913773734602
.8940503394006376
.018163733381944304
11817185427605293e-23
.0043010231736566
4863751101736721e-21
.00020220055361464413
.0014957726210718188
14349661030153237e-21
.000692939841510273
.03548965053038458
.2482333682116373
59504780959986456e-21
.0001847208146474731
4535875649641655e-23
658834684717305e-23
.0005974896951333213
21111714332758816e-26
2847534698865276e-22
.0032484564142929795
901497606112024e-23
.059032216854733664
12808265355776657e-23
4802108533035715e-23
23.127044066628343
80.45113588555994
3.7087217787073277
6.854882575684664
18.34373576087114
44783919913061206e-26
1.409084038652176
.7903633650192361
.0007885442078074704
.0018522178691250776
.8412419394147778
.064587782046142
8411576700873356e-20
.00011819641559624465
.3107022038813286
.03751592725166641
.6127905958253534
.039966505036186796
.2347507607431229
.00045787579574061295
5.970405362611391
2.659449714960455
2.052347879539048
.8860011533290014
.22157866024040637
7.30071687632713
1.6125404287959109
2.270625643329588
1.252769890509179
1.3799999022063034
3.6043190509624403
1.6732902829162999
.00045787579574061295
1.725844938140853
1.8315031829624535
2.033906094942988
.9569491869265487
1.0945503664043892
.0963813365201201
.9449634147113145
.15578117727377905
.28975269505504864
1.8850148521855175
3.0433782520377144
.14360505662806838
3.825166761056948
3.3031509141639903
1.7422666274150633
1.771697360157042
3.954425305053625
5.890005393264675
2.8461243185130085
1.9894709841138545
8.619675900422665
.00045787579574061295
.986946901516341
2.637188946522675
3.499677884900517
8.679077709137491
9.151063977054468
.9764967218502385
1.6135418361832
3.9358336123067517
.034516898762817015
1.3277732447564743
1.8430448070656074
3.6776990903848343
1.9006526710851588
.5726480238807721
2.327800555904121
4.8830833856075
1.6437717855828768
3.7855431226838494
.3118269040227787
3.434483365791309
4.466913706137416
1.3176195407944498
.49403674909381734
7.828593267412313
3.060142388796881
.8306470467978883
.3855253460804804
.009638133652012002
.08629224690704244
.3943011744554151
.8296796517067924
.19151215100244082
1.6491836330135041
3.4156156327411398
.7491100067470092
.6196980498214949
4.595396730994769
.7436032719962494
3.1126661290975144
1.6474002928407243
2.2101819237980327
1.0577875757557993
.00011812042683891424
2.24710914059007
1.1126843552300472
.3174162370537303
.0001260505064615573
9.625256163172022
.34796636686811755
.30322155428790887
.577533389655639
.13802429688232898
.00045787579574061295
4.4511682523817155
.785798781913346
.4234417670748582
1.0858223345877973
.034516898762817015
.6625164445226658
.13741990621531416
.5919935666508076
.5221044435790584
.00011812042683891424
.4856368548700757
1.1690043783327404
.28345094118498665
1.6086532678223855
.8477578974203199
.5177534814422547
.3451689876281698
.15946329284240995
4.360706264800004
.0003286225535032185
.27502708178181073
2.074977541112285
5.222777005230125
1.027696403131559
.040972975550839695
.04775495601206181
6.646651183390257
9.6149445974453
.9444844189200398
3.959812078979181
11.884021029311105
.1987121340590586
4.784745934632742
4.784745934632742
4.784745934632742
4.784745934632742
4.784745934632742
4.784745934632742
4.784745934632742
4.784745934632742
