.7697001605546733
6.809588344012195
.18898947857366213
.363079454293814
.1857461898600214
3.8818263362227614
.0012815842401643009
3.1224834070009515
6708526682439389e-24
.04366258505448041
.3410163346751716
3876031889346117e-20
3.372464320883925
3.0415769977887264
.04801650209871002
.004659474257677034
.8963852886419844
.06075018593859452
.7895992543207897
.00014737716318795804
1.294804072232987
.4657571961440676
.04075389064155993
2250265396035681e-22
.5972439349805017
20299505174396714e-27
686013364005726e-26
1.2893445756735085
200854177751107e-19
1.2523405300458823
3.0107518285631665
.09987524535398143
1.417907015418658
48.19170083787123
56.31000763590872
1.9624695960795053
.35571367479094973
.8752733461651083
1.665359110813162
3.067895833593608
1.81743906111429
.00011039120733857949
.14481656326682404
.014601275849254565
27.152821808632293
29.382854287552657
5597065247370116e-24
3.7103475015116283
.005232480595321135
.031882833950059274
.20083096589038604
1.9193485602041753
5.087277365810613
1.2311555513642238
4.003270524594132
.045958509829927996
.03305077174610527
.9210922578185735
1.0130218379071254
.0376490886204117
.00046850980747486755
4.877113523870963
4.569683128323871
.22541615561733022
.21660872434552597
.04068883744501363
.016475983601292495
.013388003159389747
.22946361684552166
.007435028494588116
2.0062169179497733
.0005106546431531833
7569867149212341e-20
1700101515486153e-20
.001409842518303094
.13426519345194315
.0021881197173223574
.000992063811927682
.0034959997638989767
.6433442979543358
.7094392200668088
2.6418318016525655
.06883588969345295
.00029174608943137513
7339160132550173e-23
.0005686165684537127
.005874288281053911
927208199221216e-19
38251889495042634e-24
3.159981118261259
.0032010719474882105
.01568146147904904
2.0696426759711355
4913281738536969e-21
1462239822507485e-24
.22234422023132736
23769752916854666e-22
.6996146486038338
.8854023294170554
.018047870480366785
11386925397731155e-23
.004021840541176204
4650883862372818e-21
.00019497977535196153
.001489559258856752
12734389189492944e-21
.0006174542475072479
.035477680431355824
.23245503743428214
59932600526427185e-21
.0001806415557461634
44995060318596924e-24
6209603644465295e-24
.0005709805817748939
18602721559750712e-26
2536136737280991e-22
.0033516136561182143
773828820205812e-23
.05887865561293021
12168632278244552e-23
44677472893342444e-24
21.669519770412606
75.38090361231586
3.47498883450585
6.422870690681891
17.187667545763137
423167300161815e-24
1.319575900636867
.7455566079068155
.0006728872070138092
.0016098365589621935
.806384434754971
.06258226562013756
7606702139596035e-20
.00010813469657851589
.31029795758624606
.037357523683609103
.6117941512219685
.039797754389080474
.2345216525343668
.00042901931520559957
5.824544906666289
2.6482207155785993
2.0145827479095995
.8301631394552098
.21116242930749665
6.840607395998269
1.5380083549053387
2.261038376534527
1.1362268198052938
1.3710458282530633
3.3771658283994466
1.5678353343744145
.00042901931520559957
1.7146468625589408
1.7160772608224
2.0207091769149876
.9263038260552067
1.0899288443960484
.09622461305977856
.9409734939619283
.15512342212485788
.2627974903664072
1.8770557505371919
2.8515769248927434
.13455470594374241
3.5840951621420523
3.094978062605831
1.728294754852201
1.6902569068382838
3.705207508646916
5.5188024872299755
2.6667544287712825
1.8640895351224396
8.076442315785712
.00042901931520559957
.9553408932026073
2.6260539388239934
3.3962971793751366
8.132100473595926
8.574340983646604
.9149554503772673
1.5118523845428538
3.687787510986032
.03429293725117876
1.2440936461652174
1.7268915028399023
3.4459212737748333
1.859903496326031
.5702301310851289
2.111249194934698
4.57533922883304
1.6368312849746531
3.6643148101741083
.30679330141836547
3.2180336138832
4.185397605894021
1.3090702193114225
.46290131462354206
7.335215693539429
2.7754625018652446
.8271398042572362
.38489845223911423
.009622461305977846
.08573234312794681
.35762000100024444
.7524959525749915
.19138752479351953
1.4957628602107156
3.2003549726709624
.7459470381992735
.5620485850773731
4.167894721096486
.7404635545446954
2.9164981062366135
1.6404444715796882
2.0708907180688563
1.0533212773454632
.00011762168674524099
2.237621167567416
1.042560197681219
.3160760098971057
.0001254785560292121
9.018648389402651
.3464971478426595
.2841117717650031
.5737860874470126
.13744151664187013
.00042901931520559957
4.17064447010761
.7824809022833115
.4216538681294531
1.0812376649641142
.03429293725117876
.6597191001306417
.12875935921607506
.5894939911346433
.5198999610347058
.00011762168674524099
.4404588770608134
1.0602538719952912
.28225412575905556
1.5072719060157018
.8441784077038775
.5143940587676809
.34292937251178723
.15842862166985747
4.290314447646295
.0002980513514189708
.24944177606812276
2.0662163596560443
4.736910866202974
1.0233571587342751
.038390755913018576
.045037543315006756
6.227762562762712
9.008986684398966
.8849606430320712
3.7102547945751247
11.135060230989552
.19820045246205814
4.631519130276032
4.631519130276032
4.631519130276032
4.631519130276032
4.631519130276032
4.631519130276032
4.631519130276032
4.631519130276032
