.7805494962249147
6.803599032056151
.18883769009274354
.3500748128856514
.18545065252208845
3.840081460337056
.0012547806599078845
3.0575225252866365
67579507683588295e-25
.04326350188907808
.3333588185223934
38306028319172727e-21
3.32931899936918
2.977526638695097
.04779773871981183
.005241641694824632
.885309849662227
.06010239678187484
.7793447867003297
.00014225448849993145
1.2730836014865692
.454944755078975
.04697339309851303
22439481280411582e-23
.5952175673121055
1884347741215811e-26
6919971577092228e-27
1.2875764279755901
22716531408275505e-21
1.251860235579129
2.9384254428480783
.09627904940669287
1.3768032509931007
47.168243742880186
55.04962072231057
1.9211814732699577
.34369384722838914
.8503472685007621
1.6172389276251813
2.9678616938578837
1.749279327253301
.00010782949328705756
.1432331523102285
.014583533473532365
26.883891402128793
29.031433364424725
5619447889563029e-24
3.6392162705176845
.0051265077168431965
.031212209373967306
.198447281124846
1.8679697133021578
4.968215432549346
1.2014889624942442
3.9674501079186535
.04591635283416637
.037141966859483386
.9176345005930291
1.0050566771109815
.03721666411404825
.00046440569088633136
4.773181646286263
4.465138539531364
.2226299612674082
.21216005664381962
.03979732288811746
.018535016994972866
.013372115343350506
.2667367273574783
.007441897493784275
2.0017012158415963
.0005746542692567529
8456262634105218e-20
14359643642042117e-21
.0015794573614038427
.13187725371951123
.001864265009887397
.0011159875297645464
.003936229372746562
.6420695414508246
.6948841526959773
2.605392802218185
.06758604892051188
.0002911149202201699
7013217479155127e-23
.0005613996431414494
.005501140425327702
9257519187848036e-20
37498016021038804e-24
3.1262117535125187
.0031305515335768703
.015360491818862104
2.0445707953719907
4834102358262271e-21
1419170391156779e-24
.21800767587825687
228631855580157e-20
.6970568470230833
.8826507227816289
.018008992472379276
11240113634363182e-23
.003932878233961821
4579522402240894e-21
.00019252825200783178
.0014875021983634736
14350558417085498e-21
.0006967369340399803
.035465533566432166
.22742331991184664
59825076333885885e-21
.0002102300983993988
524142501608847e-22
7128738003488028e-24
.0005621064817884218
20915319627762751e-26
2859439753946589e-22
.003373843666712297
861979599850626e-23
.05881611368577577
11915155365773506e-23
5114651006969215e-23
21.204384724490847
73.7628566765821
3.400398390959315
6.285004125787409
16.818735210488118
4150060762711578e-25
1.5138951787077726
.8575178585280865
.000754166492755494
.0018158404241024502
.9250649730645323
.07205389732200686
8632939614451942e-20
.00012322138951643087
.31016332573369654
.03730487126233125
.6114623632167059
.03974166265913196
.23444533283140312
.0004198104392824725
5.776720977330285
2.6444882617378607
2.002149432389774
.8123437334838657
.20780032510584767
6.693774135779241
1.51393788188334
2.2578516250213663
1.099840302567476
1.3680740663014108
3.304675150280092
1.5341818354515764
.0004198104392824725
1.7109303403233818
1.6792417571298917
2.016329260121862
.916308365126328
1.0883926774604655
.0961724285588962
.939647267597596
.15490478815326614
.2543816659494909
1.8744101916137383
2.7903679835796815
.13166649660679228
3.5071627572944317
3.028544529305172
1.7236624075302789
1.6639506693438186
3.625675433965811
5.400341696426675
2.609512692137035
1.8240769561309422
7.903081927219708
.0004198104392824725
.9450321021740387
2.622352727270028
3.362520093497381
7.957545385744324
8.390293227654208
.8953159821317054
1.479400556548427
3.6086293555933007
.034218606806467586
1.2173892447123462
1.689823872039331
3.3719547638151384
1.8465155147145746
.5694264376352767
2.04363857011422
4.477129824801085
1.6345243030904373
3.6247743111650674
.3051335555204825
3.1489586999658608
4.095558277277406
1.3062327904015898
.452965163452871
7.177765693511325
2.6865811162064
.8259740173116593
.3846897142355848
.00961724285588961
.08554651701616887
.34616758137401726
.7283980291036459
.19134600074877384
1.4478625641183633
3.131659529811552
.7448956859191045
.5440495463529453
4.034422098842617
.7394199307931594
2.8538956353490335
1.638132397199918
2.0264391630988605
1.051836705827677
.00011745590844969944
2.234467420724536
1.020181700577339
.3156305262143576
.00012528848318062925
8.825063599467219
.3460087880157529
.27801332826431857
.5725423976826558
.13724780389215516
.0004198104392824725
4.0811218167364185
.7813780584637419
.421059580957578
1.079713747546051
.034218606806467586
.6587892791853535
.1259955466767866
.5886631468253457
.5191672039065146
.00011745590844969944
.42635362602874427
1.026300311740103
.2818563112983664
1.4749183977400617
.8429886062188398
.5132791020970132
.3421860680646755
.1580852253075848
4.267103928472023
.0002885065576796189
.24145365492318271
2.063304194086903
4.585216076146322
1.0219148192286986
.03756670045614802
.044166546498477725
6.094083983065914
8.815609282428206
.8659650116707476
3.6306143801801327
10.89604677768014
.19803018489179874
4.581541825631638
4.581541825631638
4.581541825631638
4.581541825631638
4.581541825631638
4.581541825631638
4.581541825631638
4.581541825631638
