.8022481675653974
6.791594499309281
.1891606804617964
.32642247883490544
.18483720450521493
3.7584958978673013
.0012028010644346135
2.9318466940545544
6884456629691912e-24
.042493857820570906
.31857348941791724
36314619688767834e-21
3.16554434093314
2.8538405095929122
.04794359459371856
.00422197028744117
.8678918644082106
.05907487882935651
.7596036883528483
.00013253840115961312
1.2307998260193893
.4341898688326791
.03985275593004743
2239530057640138e-22
.5913850789447229
16460008673169585e-27
7070993115244543e-27
1.2840432959772934
1848647785254277e-20
1.250857613632488
2.799697157988445
.08945885697642296
1.2982125040877726
45.184899709158856
52.619235784477716
1.8414595123790327
.32088240487848446
.802637411083786
1.5254753034332094
2.778069686874108
1.620765081746017
.00010290154138061046
.14011869761058257
.014552120296774426
26.353863984554295
28.338902688811633
5666050068372122e-24
3.5008746122799375
.004980737681221215
.03002642030195397
.194664593124699
1.769664904304689
4.739866522201369
1.1449868574934727
3.8966444373237765
.046388689466153474
.029962780056243078
.9110354732207971
.9901320611006964
.036806682681926495
.00045629340864339736
4.571913478730095
4.263008072557752
.21826249872229672
.20428837480576134
.03821967131614975
.014938037168863346
.013502201790976496
.22945888934792436
.00754556984922618
1.9925029810031678
.00046305583502008414
6715148662684363e-20
14679210523600285e-21
.0012621143085594412
.12876127106464996
.0019293506412965894
.0008986010380580902
.0031753767013323678
.6421193096685094
.6691411874880281
2.5334006330031555
.06540359862580239
.00029110779869115166
644556428873688e-22
.0005490790971651152
.004837953374392127
9376281445666035e-20
35663251992759556e-24
3.067065485936827
.002992814215407529
.014794684004374028
2.005143892345509
4695545677903193e-21
13404254472394643e-25
.2103633654824614
2130850882831237e-21
.6921765125008481
.8771285258429559
.01793397076401958
10993786134049242e-23
.0037614504261361146
4454424523263412e-21
.00018833241849742396
.0014834055699241915
11597123862830682e-21
.0005645032387565788
.035579048702876134
.21768650945132414
60591945005443144e-21
.00018126192254228537
4581255096276746e-23
60111217278551185e-25
.0005464361023543593
16825640842171065e-26
23257734697459872e-23
.0034631209947112566
6828068258227303e-24
.05891701867188323
11564557539669503e-23
42649234380400335e-24
20.3038523159971
70.6302101110998
3.2559863274811383
6.018085279693685
16.104457653100365
40054212081576984e-26
1.2676650500090196
.7217484019113958
.0005940711603569651
.0014492136942008574
.7980518141113255
.06266944512185277
7065150441441055e-20
.00010168656759021639
.30989423724516413
.03719978894322612
.6107993269140879
.03962971625813922
.23429276792689382
.00040198144254854624
5.682247906030089
2.637039128421314
1.9775125302288867
.7778441774559983
.2012358568543055
6.409495170710087
1.4669211746049426
2.2514915900735413
1.0305255573314764
1.3621498524491324
3.164328372430228
1.4690264215455622
.00040198144254854624
1.7035214452408003
1.6079257701941865
2.007597886559711
.8966398528726454
1.0853268358485126
.09606814444382814
.9370004198621994
.1544684442167017
.23834988358359926
1.8691302546182724
2.671863399104067
.12607473108999795
3.358216500855398
2.8999247869904727
1.7144349278395807
1.6125600655834758
3.471696043694008
5.170993720630168
2.498688879978458
1.7466099399488924
7.56744467601371
.00040198144254854624
.9247470363717953
2.614965946488627
3.29597034643356
7.619595117201708
8.033964521754932
.8572926643968226
1.4165716575435519
3.455373897952017
.034070428904815965
1.165687746043112
1.6180584715719353
3.228750677290372
1.8200279663273766
.5678224473626468
1.9148432472739396
4.286989881734941
1.6299200892548065
3.5469687157243284
.30184095272398365
3.0152250689658366
3.9216233573311876
1.3005763697575539
.4337281134319455
6.87293201351702
2.5172659118162883
.8236473703531605
.38427257777531254
.009606814444382805
.08517607226203983
.3243512161654599
.6824925247319092
.19126297968489334
1.3566145669915728
2.9986605800374355
.742797424659406
.5097621542532164
3.780162512880039
.7373370939278633
2.7326930848632216
1.6335180198954493
1.940377993962283
1.048873836995051
.00011712505248277487
2.2281732556305607
.9768554406618104
.314741441584049
.00012490920080498026
8.450270561065132
.3450341323033724
.26620633573196434
.5700630994582999
.13686119707548355
.00040198144254854624
3.9078000011433804
.7791770317424903
.41987351823302604
1.076672353199345
.034070428904815965
.6569335669709463
.1206446216401698
.5870049695807402
.5177047864810211
.00011712505248277487
.39948373146347027
.9616202445723265
.2810623636490802
1.4122798522549609
.8406140316733934
.511056433572239
.3407042890481593
.15740066391966254
4.221058916136776
.00027032413747025296
.22623662883472967
2.057492170552246
4.2962440468179155
1.0190362359365246
.03597127424216007
.04247476026830514
5.835273355069007
8.441217760929552
.8291882049978108
3.4764252370111057
10.433300823234605
.19769008843963834
4.483199264363225
4.483199264363225
4.483199264363225
4.483199264363225
4.483199264363225
4.483199264363225
4.483199264363225
4.483199264363225
