.8136792697757036
6.785256232291895
.18903926437981683
.31509336996020965
.18453282183594
3.716081449198406
.0011762681422456344
2.86785479621357
6939707647495802e-24
.04209011657325255
.31105908273935245
35552156089729786e-21
3.1000677742453213
2.790776507464724
.04781546731067361
.0042549819388974265
.8578735562972554
.05845346632044139
.7494995202200991
.0001277055882912162
1.2092833198298891
.42360050295863705
.04124439169712986
2233504436925442e-22
.5893096306090909
1527857724484495e-26
7137991556106236e-27
1.2821837662695863
1872946954318084e-20
1.2500152310085275
2.729653237189632
.08605637836447441
1.2586769551085224
44.17324418758431
51.385454802663396
1.8008439372842941
.3094936143762183
.7786105925979837
1.4793074914399036
2.6833401198395928
1.5569329084122994
.00010040618936992781
.13850562084548967
.014532883350922968
26.078787664917968
27.97921411302953
5691488289930441e-24
3.43007133401202
.004884712228343671
.029366151381412228
.19249440518240646
1.720170770555424
4.624567283319466
1.116293647007787
3.8597610612331197
.046439718251492484
.030192755606032615
.907711214062648
.9827318742031301
.036435622384136376
.00045206358075965125
4.469322074555587
4.1601022811469965
.21574628498322296
.19991692312032325
.03734526736255772
.015057320122992317
.013512973134997072
.23938782050328639
.0075685784600791695
1.9875407898773165
.0004668050686431123
6718239981188104e-20
13192962158307744e-21
.0012667173555521967
.12660799117310517
.0017473349567041516
.0009055405941199008
.00320279821531444
.6409662484191018
.6548372251288694
2.4953008104296313
.06416657048934059
.00029053438347921714
6163725324503143e-23
.0005415997834106156
.00452798567532705
9382811903274632e-20
3491981176912515e-23
3.030435668702948
.0029218871285437106
.014479247794898214
1.982446101012085
4614989499230023e-21
12994288123549104e-25
.20605404654302342
205249138780029e-20
.6895843587825056
.8741743526363143
.017894573940166747
10843228259702977e-23
.003674239026638113
4381496327321871e-21
.00018578726245000737
.0014812578158397273
1170853221674027e-20
.0005706826188630414
.03557570540045461
.2127269976883468
60623182628958064e-21
.00018933651891597623
4799788672887012e-23
6191586503862378e-24
.0005373395797369034
1694739759882685e-25
23510633827078378e-23
.003496609644611733
6808042559280216e-24
.058864306382561425
11335486441275449e-23
4377647683481385e-23
19.84492751046465
69.03376649362853
3.1823917766097107
5.88205943722412
15.740451109828202
3923280750972172e-25
1.3039530100320316
.7445093674993489
.000595888393739652
.00146403708505207
.815178983624021
.0642334039158571
7185575384122491e-20
.00010389088911709582
.309752572327342
.03714454950084344
.6104503211847958
.03957086852028714
.23421243496477637
.0003928955187308333
5.6331014129309285
2.6331232844035526
1.9646556960700114
.7602626868936241
.1978614418212825
6.264622351552426
1.4427423875291163
2.2481482608908196
.9957845298107162
1.3590392347450935
3.0928055520138185
1.4358222465773145
.0003928955187308333
1.6996312682846832
1.5715820749233347
2.003013317896215
.886448630509774
1.0837151909731417
.09601325189346673
.9356090307662953
.15423906789585012
.23031464388843825
1.866354708951513
2.6114716876318056
.12322508361682126
3.282311257327959
2.834378239556232
1.7095936720058786
1.5861283870613612
3.39322583976799
5.0541145564835706
2.4422114051385364
1.7071315880303972
7.396398904882832
.0003928955187308333
.9142363473288335
2.611082879814399
3.261442573139695
7.447370597786606
7.852374075350036
.8379154120818653
1.3845531094206056
3.377272620939175
.03399262536569362
1.1393398878219947
1.5814857484330251
3.155771729570151
1.8062271840111286
.5669792652840453
1.8502901447543403
4.190091718412275
1.6274997562524824
3.5066538147300386
.3001206861520409
2.947072407250431
3.832983516545075
1.297606361814633
.4239246245662447
6.71758420371957
2.4324039656982928
.822424303697387
.3840530075738669
.009601325189346664
.08498156341423395
.3134167037246668
.6594843698969897
.19121925774958634
1.3108804426201586
2.9308823228804313
.7416944152954522
.49257707727578376
3.6527258579047084
.7362421928256337
2.670926449496069
1.6310923441831808
1.8965199329559492
1.0473163226238316
.00011695112884578686
2.2248645527677327
.9547757295724116
.3142740695310956
.00012470985260626863
8.259270414217236
.34452177743220563
.2601893154662563
.5687612982163837
.13665796645442232
.0003928955187308333
3.81947260752008
.778020000856736
.4192500313886827
1.0750735597085985
.03399262536569362
.655958060255644
.11791771008353243
.5861333026138927
.5169360261053183
.00011695112884578686
.38601635531725764
.9292021496075435
.2806450029950607
1.3803583111372266
.8393657705491282
.5098893804854038
.3399262536569358
.15704122234211823
4.197002052791692
.00026121098328153156
.21860975059514104
2.054436918803869
4.151409276244251
1.017523028602827
.035158221143693075
.04160973023620505
5.703379582004384
8.250422233110454
.8104461933930177
3.3978481398665195
10.197478552817872
.19751115679702477
4.4322431525488675
4.4322431525488675
4.4322431525488675
4.4322431525488675
4.4322431525488675
4.4322431525488675
4.4322431525488675
4.4322431525488675
