.818674264346922
6.782483429992839
.18921282386179228
.31035904839003653
.18439319389521613
3.6977108499818896
.0011648543298383423
2.840358204100545
6973692054813812e-24
.041921531011288975
.30783334523263056
35988262039727626e-21
3.1266444246300145
2.7635666804709196
.04787184127724246
.0037274860789172784
.8533623410851313
.058259584188047685
.7451257033918133
.00012565474177821792
1.200059459393048
.41910470215921
.03655320354083997
22337996928132394e-23
.5884892473026067
14826799607395175e-27
71786273227459536e-28
1.2813716061358256
1644462389112371e-20
1.2497817013856425
2.699680551911734
.08460922469999248
1.2417923402232036
43.73821127608336
50.85607743871217
1.783340236553537
.3046475148344116
.768343898153246
1.4595297925833883
2.643038334853688
1.5297933583537797
9933690305658523e-20
.13780667401788302
.014526683524635757
25.959477693222006
27.8231734844801
5702813861339305e-24
3.3995798047766863
.004854858055424173
.02912255104578449
.1915177811250341
1.69902158756774
4.575224036980111
1.1041870454706342
3.8437448492622
.046572633871971435
.02647433272371777
.9062935768742183
.9796185234963805
.03636078261932737
.0004502274683300422
4.425218293383824
4.115907534432026
.21461261274406593
.1983006988152282
.037021451015160044
.013193523593901229
.013549844402665556
.21291709240460618
.007596555291737562
1.9853581319907159
.000408954179260511
5866104700377043e-20
13359887140306563e-21
.0011077348511275924
.12597587688470982
.0017757372869979834
.0007931862339996097
.00280660902397055
.6414095702481754
.6495532222778999
2.478988506724258
.06372214697362526
.0002907397910487954
605441079498226e-22
.000539096365465277
.004400208526489273
9421402037134413e-20
34546259339018555e-24
3.0179533453785
.002891300322342966
.014363467035736155
1.9722211668484992
4586485146913783e-21
1283367775858409e-24
.2044824491368868
20229237363132204e-22
.6885484901949863
.8730077728126765
.017877701363105413
1079441907586002e-22
.0036368435468376726
4355806374448176e-21
.00018493224365165938
.0014803211021745298
10264479377447397e-21
.000500583720674957
.03562344243180889
.21059573036560592
60876031054528684e-21
.00016848580394923106
4286651564103704e-23
5485675448012228e-24
.0005340833305628609
1484180247608214e-25
20659585328200731e-23
.003520115806863384
5943787485946574e-24
.05892324760059913
11263792012775595e-23
3865372543769314e-23
19.64766387491279
68.34755326623375
3.150757991539277
5.823590267784872
15.583987015438655
3893167228397172e-25
1.1524297542902373
.6588063083704742
.0005193399331591266
.0012799804600700426
.7243024409418792
.057170924501435634
6317515366845886e-20
9152379564012704e-20
.30969069001289656
.0371204375432281
.6102978804195923
.03954518154555235
.23417734089902725
.0003889900371725858
5.611759772981151
2.6314140226711404
1.9590639811794213
.7527054820858978
.19640476052028216
6.202350409275237
1.4323026066705813
2.24668890127257
.9809739613798216
1.3576822339591839
3.062062276840679
1.4215498076270223
.0003889900371725858
1.6979341863257127
1.5559601486903447
2.001013308936148
.8820318644618822
1.0830117097059575
.09598927560402859
.9350016909116592
.15413894537672657
.22688911287060332
1.8651431862317016
2.5855129937050396
.12200019489033849
3.2496842471616643
2.806203797711125
1.707482505645185
1.5747151009637
3.359496310393384
5.003875370102981
2.4179352015439504
1.690162265101769
7.322876815311097
.0003889900371725858
.9096811278613406
2.609387925357439
3.246468917633068
7.3733418366008205
7.774319476410336
.8295863194013784
1.3707902987560205
3.343701670624294
.03395868372651421
1.1280145590556134
1.5657653771620872
3.124402554549556
1.8002296227698695
.566611217207086
1.8227702868076587
4.148441139178167
1.6264432834814009
3.4891817706910024
.29937207077463135
2.917777756666183
3.794882683821684
1.2963107017573174
.4197107057903864
6.650809705226053
2.396226173909941
.8218904364081331
.38395710241611436
.00959892756040285
.08489670931628543
.3087551736456829
.6496756832815014
.1912001559206501
1.2913833687864875
2.9017486058597366
.7412129528858804
.4852508472610739
3.59839789371342
.7357642696636465
2.6443767600884667
1.6300335393249137
1.8776680416263296
1.0466364692639092
.00011687521136395734
2.223420307501143
.9452850155623546
.3140700621290416
.00012462284428176027
8.177171161999999
.34429813507803414
.25760296737939337
.5681933900140723
.13656925650533885
.0003889900371725858
3.781506076674712
.7775149581105824
.41897788004688646
1.07437568805708
.03395868372651421
.6555322526160612
.1167455780021851
.5857528209136302
.5166004630222067
.00011687521136395734
.38027503129110773
.9153818786443939
.2804628255152391
1.3666371978363305
.8388209059012802
.5093802558977126
.3395868372651417
.15688441666889685
4.186533130052566
.00025732592278202
.21535830957158392
2.053103304678102
4.089664260801851
1.0168625152174715
.03480873946790041
.04123729435510973
5.646686535850138
8.168410934067762
.8023901517449155
3.3640726636512626
10.096113017885571
.1974330207390945
4.410159322309409
4.410159322309409
4.410159322309409
4.410159322309409
4.410159322309409
4.410159322309409
4.410159322309409
4.410159322309409
