.818674264346922
6.782483408858251
.18920422341883572
.31036146292061145
.18439059362840574
3.6977653871473746
.001164854331793388
2.8403586068549607
6973325371546288e-24
.04191739304996783
.3078333452951397
3569141358982972e-20
3.1054010204246114
2.7636209557919917
.04788456147677663
.003972131483710788
.8536873807455139
.05825806022631922
.7451402659241766
.00012565399299528914
1.2000517816135963
.41907233442487846
.03895855337082002
22336890925072404e-23
.5884345310675011
1483011993920438e-26
71775067411130614e-28
1.2813716072223984
175240372987782e-19
1.2496698406028939
2.6996806127808486
.08460922413571215
1.2417923440768504
43.73821125553435
50.856077009245666
1.783367380285037
.30464755746323247
.7683439003517781
1.459562795349452
2.643038345803674
1.5298206742686995
9933690453823353e-20
.13780667401698052
.014525133728869778
25.95947768890293
27.823175610680103
5702815831696182e-24
3.3995793009938895
.00485606694196058
.029121036966593725
.19158583374744292
1.6990212264385398
4.575224512874595
1.104072480726343
3.8437475478741296
.0465842629496661
.02819921540454201
.9062937100383399
.9796038882949837
.036369859586178124
.00045022821815884586
4.425217929329867
4.115912124459812
.21469542976476028
.19829066504762555
.03701951593931992
.01405851690168507
.01355323531559747
.22688419295932383
.007598429219904085
1.9853614919960436
.0004358090051991141
625137626574429e-19
13554733776135584e-21
.001180417236823876
.12600708333089683
.0018009390688021102
.0008452744896331526
.002990866287532352
.641329974372222
.6495202119626032
2.478775190483255
.063718767810752
.00029069630228848034
6053933468869592e-23
.0005390650452034493
.004400208203681041
9422377473733022e-20
344936785978406e-22
3.017780687757584
.0028913214135567293
.01436269821391483
1.972960007517154
4586218201319644e-21
12831257014076796e-25
.204471519433363
2022632616185073e-21
.6884691154175661
.8729303441668947
.01787783809044151
10792797180157477e-23
.003636869815409381
43551794177829265e-22
.00018492168129938336
.0014803209716710182
10938392994210112e-21
.0005334502865903196
.03562183990115808
.21059572966653536
6088170597895483e-20
.00017954301310241027
4569266627887311e-23
5843561841841351e-24
.000534054288410287
15816571380633355e-26
22010956154736807e-23
.003520745503910186
6333468957899404e-24
.05892012635064521
11266683018279523e-23
4119293363337144e-23
19.64766387080855
68.34755325195648
3.1507579908811087
5.823590266568369
15.583987012183286
38930086383007903e-26
1.2281056108002397
.7020711122974362
.0005526296824245784
.0013620439851348375
.7742197659379796
.06112849728292534
6731471619332502e-20
9752150199402751e-20
.30969069001289656
.037120437543228094
.6102978804195923
.039545181545552345
.23417734089902725
.00038899003709132884
5.611759772971995
2.63141402267114
1.9590639811786597
.7527054819286636
.1964047605112504
6.202350407979615
1.4323026066102014
2.2466889012725697
.9809739598065387
1.357682233959181
3.0620622762010385
1.4215498073300719
.00038899003709132884
1.6979341863257091
1.555960148365317
2.001013308936144
.8820318644561881
1.0830117097059573
.09598927560402859
.935001690911659
.15413894537672654
.22688911250671923
1.8651431862317012
2.5855129931649463
.12200019486485361
3.249684246482831
2.8062037971249314
1.7074825056451748
1.5747151008991604
3.359496309691612
5.003875369057711
2.417935201038863
1.6901622647487073
7.322876813781406
.00038899003709132884
.9096811278554681
2.6093879253574386
3.246468917619173
7.373341835060588
7.774319474786343
.8295863192280843
1.3707902984696734
3.3437016699258213
.03395868372651414
1.1280145588199801
1.5657653768350113
3.124402553896893
1.800229622768354
.5666112172070858
1.8227702838843052
4.148441138311591
1.6264432834814004
3.489181770668478
.2993720707745713
2.9177777560566827
3.794882683028963
1.2963107017573148
.41971070570271213
6.650809703836752
2.396226170066881
.8218904364081329
.38395710241611436
.00959892756040285
.08489670931628525
.30875517315050227
.6496756822395534
.1912001559206501
1.2913833667153707
2.901748605253584
.7412129528858802
.48525084648283
3.598397887942321
.7357642696636463
2.6443767595360774
1.6300335393249132
1.8776680412340996
1.046636469263909
.00011687521136395731
2.2234203075011427
.945285015364892
.31407006212904154
.00012462284428176024
8.177171160291852
.3442981350780341
.25760296732558213
.5681933900140711
.13656925650533883
.00038899003709132884
3.7815060758847854
.7775149581105821
.41897788004688635
1.0743756880570796
.03395868372651414
.6555322526160611
.11674557797779787
.5857528209136301
.5166004630222066
.00011687521136395731
.3802750306812237
.9153818771763071
.28046282551523904
1.366637197550851
.83882090590128
.5093802558977115
.339586837265141
.15688441666889655
4.186533130051726
.00025732592236932147
.21535830922619292
2.0531033046781015
4.08966425424286
1.0168625152174713
.034808739460629144
.04123729435003441
5.64668653467059
8.168410932361445
.8023901515773025
3.3640726629485345
10.096113015776574
.1974330207390945
4.410159322280938
4.410159322280938
4.410159322280938
4.410159322280938
4.410159322280938
4.410159322280938
4.410159322280938
4.410159322280938
