.8236692589181405
6.779708638318796
.18939149965209018
.30575410054621494
.18424069088033312
3.6795667309878084
.0011535486989177064
2.8131425573538356
7008070664808266e-24
.041737302622313455
.3046421902952277
349712657147082e-19
3.0490466198240442
2.7368849930007966
.04797878581461472
.004305152963132767
.8500970577779856
.05807065287114243
.7408038605514955
.00012363552613263543
1.1908960950615781
.41452866850130143
.042734830988690325
22341656807778453e-23
.5874516105982762
14403377445526709e-27
7216716341583065e-27
1.280559688841105
19036307832973686e-21
1.2490838732307472
2.6700855303513293
.08318561693141754
1.2251410300558985
43.307395207057496
50.33251194784883
1.7661427667513245
.29987909598308493
.758215819862462
1.4401823418227604
2.6033849408382967
1.5032605708416031
9828020696637506e-20
.137111295751368
.014514189640482853
25.840704943109824
27.66781763705853
5714269630317193e-24
3.369357084202175
.004829884283710634
.028881783975336764
.1908018780259279
1.6781569265836314
4.526498927336891
1.0917751987062017
3.827791784781097
.046751427920009136
.030543366115328416
.9048973797805299
.9765045237065443
.036321357126869874
.00044839938454558004
4.381548979608989
4.072179216238287
.21379628880004453
.19670341792807025
.036701580963026434
.01523693065652707
.013600050970117985
.24963708291901346
.00763199701045832
1.9831700852638154
.000472422567734733
6754369702689685e-20
14035910369292692e-21
.0012770722835332466
.12546829442453017
.0018694985231584643
.0009161458874568946
.0032428025338009235
.6416873562480373
.6443311282369739
2.4618599705102158
.06328275377402989
.0002908380221234225
5947588352780426e-23
.0005366032874776403
.004276827349382137
9466011810467841e-20
34070229105836545e-24
3.0053611378717315
.00286101623238588
.014249008217667494
1.9648266286527705
4558168479912699e-21
12672003707099825e-25
.20292717263416865
19934154896060453e-22
.6871908874044625
.8715561883221977
.01786119666146634
10741726552760004e-23
.0035999047085205384
4328644075343687e-21
.0001840804682421913
.0014793853340235536
118649719231509e-19
.0005789688988364121
.03567289795748386
.20848595713606885
6116633261334766e-20
.0001976640215830311
5052903779003089e-23
63983380780664796e-25
.0005308447370127783
17139592397313547e-26
23918621013415004e-23
.0035460534459533658
68413915760490695e-25
.05898401286272076
11203681148355305e-23
4500850624833476e-23
19.452361084527702
67.66816115356976
3.119438653449345
5.765702295118051
15.429078209546146
3863424514677762e-25
1.3430042034879084
.7687213502511675
.0005949397199322819
.0014710323950931845
.8613434611259111
.06819916852594203
7321955785155765e-20
.00010629336782086977
.309628820061289
.03709634123761306
.6101454777216746
.03951951124522213
.23414225209172415
.00038512337698461255
5.590498988228337
2.6297058704863456
1.953488181175802
.7452233976037201
.19495880348132627
6.140697464192832
1.4219383686846134
2.245230488980852
.966383672337172
1.356326588138665
3.031624596778191
1.407419239948926
.00038512337698461255
1.6962387989032106
1.5404935079384519
1.999015296985184
.877637105121055
1.0823086850955563
.09596530530191455
.9343947453047128
.15403888785098613
.22351453019283668
1.8639324499579462
2.5598123350688615
.12078748183491864
3.2173815568580335
2.7783094161922106
1.705373946350399
1.5633839412307968
3.3261020601718094
4.9541355726012455
2.3939003089053994
1.6733616210822304
7.2500855519435135
.00038512337698461255
.9051486049504116
2.607694071160694
3.2315640078705314
7.300048938049662
7.697040757843354
.8213400197865289
1.357164293543172
3.3104644231507137
.03392477597806417
1.116801806619439
1.5502012699381962
3.0933451962257013
1.7942519763750728
.5662434080443078
1.7956597350602208
4.10720457612477
1.625387496507482
3.4717967817847986
.2986253227292123
2.8887743015364333
3.757160581995585
1.2950163354166704
.41553867432052694
6.584698960354782
2.3605864588254226
.8213569156726969
.3838612212076582
.009596530530191445
.08481193994516034
.30416297507135215
.640012882456773
.1911810559998892
1.272176277306747
2.872904484577508
.7407318030121007
.47803358115772976
3.54487795595086
.7352866567399895
2.61809098060024
1.6289754217776564
1.8590035423616222
1.045957057222985
.00011679934316308904
2.221976999749777
.9358886413967588
.313866187156049
.00012453589666174615
8.095887994924128
.3440746378987278
.2550423281776553
.5676260488681454
.13648060414129978
.00038512337698461255
3.7439169417355838
.7770102432071255
.41870590536900726
1.073678269420927
.03392477597806417
.6551067213846159
.11558509717891227
.5853725861986926
.5162651177660157
.00011679934316308904
.3746190986765093
.9017671582546298
.28028076629383564
1.3530524755059423
.8382763949460591
.508871639670962
.33924775978064137
.15672776756615248
4.176090320795645
.00025349864526052975
.21215522762640554
2.051770556252624
4.028837586494856
1.0162024305967925
.03446273171903268
.040868192025916246
5.590557031401033
8.087214845891982
.7944141889734131
3.330632923311028
9.995755079303674
.19735491559204357
4.388185525605272
4.388185525605272
4.388185525605272
4.388185525605272
4.388185525605272
4.388185525605272
4.388185525605272
4.388185525605272
