.8236692589181405
6.779708680011034
.18927284140471107
.30575442969030847
.18424932489393747
3.6795078354360182
.0011535486979449337
2.8131447645246195
7002974952646907e-24
.041741617809400215
.3046421906335633
3495990411963414e-20
3.048249336365035
2.736868221748606
.047886828419635215
.004158321781223171
.8496606373459424
.058031891976960494
.7408095857756486
.00012363624423345157
1.1909035183758283
.4145622098415173
.04126643173632218
22326415861036765e-23
.5875088247136131
14376918141443142e-27
7212208331122826e-27
1.280559689271281
18387035459266818e-21
1.249203968265669
2.6700853425123756
.08318561658763463
1.2251410050410096
43.30739521125744
50.332511683945576
1.7661343636336735
.29987933004776535
.7582158053573246
1.4401721761504074
2.6033848633283694
1.503253326873037
9828020219670898e-20
.13711129575088685
.014515815518233598
25.840704955714582
27.66780661737892
5714263183270047e-24
3.369356798163739
.00482065974938203
.028860686003767757
.19071045919840635
1.6781580744648088
4.52649819336135
1.0918938340571476
3.827782611694024
.04666195545343744
.029509753359962032
.9048966849909738
.9765200994803476
.03625193639808331
.00044839692962239967
4.381550150854229
4.072165101114002
.21368509412690292
.19656620485432935
.03667445828817485
.014717859009711537
.013574004886814548
.24112752290286232
.007617530604971377
1.98316000156278
.00045630115202211624
652383593855675e-19
13035694624408199e-21
.0012335305128574293
.12522974333596515
.0017371813321919757
.0008848812144366641
.0031321707168723845
.6412780374972525
.6438796828073868
2.462090683816108
.06323661388678091
.0002906516015589112
59437588583711904e-24
.0005362110342735923
.004276827139491041
9442595507552887e-20
34206673733340434e-24
3.0034873713503396
.002860981876717867
.014238682529009788
1.9638344652027562
45548439658856315e-22
12668274729762136e-25
.20277809502955957
19921625830898753e-22
.687289901481824
.8716348897470642
.017860855900055535
10734915402967943e-23
.0035998405071901215
4326283262962771e-21
.00018394841349706533
.0014793857360003502
11460157050777282e-21
.0005592148883744392
.03564673585254218
.20848595747572
61011287919604536e-21
.00019092023917165036
48711221781830845e-24
6177752692480832e-24
.0005304857198157581
1655437850464559e-25
2308802306213574e-22
.003539728920723477
6603646451922519e-24
.05894103585181646
11182047989249991e-23
43471301554910156e-24
19.452361082329112
67.66816114592162
3.119438653096773
5.765702294466387
15.429078207802286
3860544753322727e-25
1.2971822601644447
.7424959923231272
.0005773628787564205
.0014275538930131606
.8235032229214317
.06516099211720687
7075184191841792e-20
.00010271046268532844
.309628820061289
.03709634123761305
.6101454777216746
.03951951124522212
.23414225209172415
.00038512337694108427
5.5904989882234615
2.629705870486345
1.9534881811753972
.7452233975194918
.19495880347650124
6.1406974634987845
1.4219383686523612
2.2452304889808516
.96638367148962
1.3563265881386635
3.0316245964355444
1.4074192397898535
.00038512337694108427
1.6962387989032088
1.5404935077643387
1.9990152969851818
.8776371051180203
1.0823086850955561
.09596530530191455
.9343947453047127
.1540388878509861
.22351452999680665
1.863932449957946
2.5598123347795405
.12078748182126672
3.2173815564943915
2.7783094158781942
1.7053739463503936
1.5633839411963242
3.3261020597958795
4.9541355720413085
2.3939003086348305
1.6733616208931
7.250085551124078
.00038512337694108427
.9051486049472819
2.6076940711606933
3.2315640078631285
7.30004893722458
7.697040756973402
.8213400196936976
1.3571642933897796
3.310464422776551
.033924775978064134
1.1168018064932133
1.550201269762986
3.0933451958760783
1.7942519763742664
.5662434080443077
1.7956597334853648
4.107204575660557
1.6253874965074817
3.471796781772794
.29862532272918035
2.888774301209932
3.757160581570935
1.295016335416669
.415538674273561
6.584698959610551
2.3605864567551067
.8213569156726968
.3838612212076582
.009596530530191445
.08481193994516024
.30416297480459065
.6400128818954594
.1911810559998892
1.2721762761910043
2.8729044842528
.7407318030121006
.47803358073847774
3.544877952841879
.7352866567399894
2.6180909803043324
1.6289754217776562
1.8590035421515099
1.0459570572229848
.00011679934316308903
2.2219769997497765
.9358886412909807
.31386618715604897
.00012453589666174613
8.095887994009097
.3440746378987277
.2550423281488294
.5676260488681447
.13648060414129976
.00038512337694108427
3.7439169413124302
.7770102432071254
.4187059053690072
1.0736782694209268
.033924775978064134
.6551067213846158
.11558509716584836
.5853725861986925
.5162651177660157
.00011679934316308903
.3746190983479553
.9017671574637487
.2802807662938356
1.3530524753530146
.838276394946059
.5088716396709615
.339247759780641
.15672776756615228
4.176090320795198
.00025349864503820265
.21215522744033805
2.051770556252624
4.028837582961425
1.0162024305967925
.03446273171513756
.04086819202320036
5.5905570307691645
8.08721484497793
.794414188883625
3.330632922934586
9.99575507817391
.19735491559204357
4.388185525590099
4.388185525590099
4.388185525590099
4.388185525590099
4.388185525590099
4.388185525590099
4.388185525590099
4.388185525590099
