.8286642534893589
6.7769320027110265
.18916422284626586
.3012796481278762
.18411617720704984
3.661324877362318
.0011423502820016166
2.7862105398628505
70251213937233575e-25
.04156411645527716
.3014852281674621
3281506929131197e-20
2.888194789206172
2.710614271280257
.04780702122228623
.004537668794580883
.8459503805188022
.0577499957690852
.7365215178809689
.00012165085686095394
1.1818281479063382
.41008047378169876
.045569743679775496
22293262533877677e-23
.5865497954090636
13914631082509017e-27
72386631924582345e-28
1.2797480215413906
20109653076611822e-21
1.2486480939789204
2.6408621205603207
.08178518366573144
1.2087200910933442
42.88075736761851
49.814682512719806
1.7491925107059907
.29518768719066923
.7482246724582826
1.4211902368333988
2.564369831388406
1.4772695770907063
9723592120416923e-20
.13641946743844732
.014505412450147413
25.722467144426354
27.513099958254045
5725832211597538e-24
3.3393987539963095
.00477696785906452
.0285713945166724
.189901248304469
1.6575765448780113
4.478380260644766
1.0797943384356172
3.811870786075786
.04665611874719368
.032177345994755795
.9035199232826605
.9734836376750061
.03606978488159773
.0004465710243608623
4.338313788256697
4.028864395872244
.21275529446864314
.19465372971327213
.03629253810971567
.01606000533430507
.013570453472692482
.26711398283165605
.0076231373000081055
1.9809424027794287
.0004980103038341153
7096920087639504e-20
11915471239974514e-21
.001343639374386304
.12423585391018117
.001592102109598249
.0009656174218788116
.0034191526310874947
.6405132175253593
.6376201433443582
2.445286108438384
.06268970769843944
.0002902685705222343
5830652821610651e-23
.0005327720716167911
.004157666748822301
9435940236158526e-20
3395199626484185e-23
2.9862915241352934
.002830853441365223
.014100422987400045
1.955426776649137
45186274550161914e-22
1249619570637419e-24
.20087596758044843
19603146039580254e-22
.6860889978327184
.8702812453777573
.01784386688802837
10664814975558006e-23
.003563193003060977
42930631611017525e-22
.00018277798121846674
.001478451876994039
12515694864842614e-21
.0006110684455764749
.03563337506245701
.206397461005319
6096114825104247e-20
.00021161589405564726
5403372842704598e-23
6799881143091398e-24
.0005263916385146785
18061170214441917e-26
25213103485578646e-23
.003552475169284845
7169349072448459e-24
.05889770745207177
11078199741690368e-23
478207624025071e-22
19.25899965496525
66.99552237621724
3.088430637772364
5.7083897440415505
15.275709237704387
3824097726141532e-25
1.4282186161376926
.8185526948279072
.000629998813677233
.0015627385615634472
.9041912980212453
.07167042893456788
7753099744182657e-20
.00011278470917452605
.30956696247004944
.037072260573838
.6099931130815367
.039493857608472474
.23410716854207916
.0003812951524103271
5.569318752359151
2.627998827128919
1.9479282507642253
.7378156869984172
.19352349176640637
6.0796573655113795
1.4116491270407794
2.24377302340072
.9520103890494909
1.3549722959306085
3.0014894752172427
1.3934291338097449
.0003812951524103271
1.6945451043251887
1.52518060964131
1.997019280049316
.8732642428477285
1.0816061168455051
.09594134098562944
.9337881936895349
.1539388952764391
.2201901386976814
1.8627224996197347
2.5343671477021616
.11958682346448436
3.1853999637455783
2.7506923121220503
1.7032679909020891
1.5521343170168609
3.2930397575325183
4.904890201697335
2.370104329386588
1.6567279798588646
7.178017852774136
.0003812951524103271
.9006386655195854
2.6060013165099423
3.2167275282563086
7.227484590081649
7.620530209953061
.8131756905468721
1.3436737343863534
3.277557562611034
.03389090208650373
1.105700511875449
1.5347918740112827
3.062596556167396
1.788294178702269
.5658758376406225
1.7689524066987188
4.066377915294554
1.624332394885549
3.4544984142942528
.29788043735804925
2.8600591483372346
3.719813447728774
1.2937232615009202
.41140811393477456
6.519245373580409
2.3254768239371337
.8208237412661173
.38376536394251776
.009594134098562935
.08472725521625923
.2996390776468941
.6304937993734786
.191161957987113
1.253254858672495
2.844347081405709
.7402509654712345
.47092365962274807
3.4921540363114554
.7348093538532754
2.5920664886358136
1.6279179910952504
1.8405245731017617
1.0452780862145827
.0001167235242111918
2.2205346289050576
.9265856696482201
.31366244452615316
.00012444900970387364
8.01541280379059
.3438512858000479
.25250714239938027
.5670592742123989
.13639200932492443
.0003812951524103271
3.7067014526301056
.7765058559335506
.41843410724036595
1.0729813035060702
.03389090208650373
.6546814663818812
.11443615183857486
.5849925983087522
.5159299901953456
.0001167235242111918
.3690472884479372
.8883549336939909
.2800988252540844
1.3396027888689337
.8377322374538697
.5083635312975554
.33890902086503694
.15657127487754993
4.165673559885395
.00024972829198814775
.20899978608188732
2.050438672965477
3.9689156056001447
1.0155427744624623
.03412016337769546
.04050239341964685
5.534985468908194
8.006825868071488
.7865175093581672
3.297525582736756
9.896394724882349
.19727684134364362
4.36632121423864
4.36632121423864
4.36632121423864
4.36632121423864
4.36632121423864
4.36632121423864
4.36632121423864
4.36632121423864
