.8336592480605773
6.774153277413853
.18941407465737453
.2969216509202635
.18397678175835325
3.6432191189376564
.0011312581282457651
2.7595527181254176
70628588431498665e-25
.04139956418112863
.2983620688281006
3333841682884976e-20
2.9221378527585995
2.684221531773945
.047914055687177826
.003745190482694045
.8415784399923626
.05758641112121231
.7322479811933642
.00011969998270581795
1.1728530951917346
.40573963485409487
.03805493483117576
22306183853138147e-23
.585752861661523
13521406447650682e-27
7283542182131273e-27
1.2789366008315504
16634095045603668e-21
1.2483917510375826
2.612005783681159
.08040755834772749
1.1925264672903453
42.45825931212305
49.30251391612581
1.7322221201397683
.2905713509982887
.7383686980378334
1.4022299915564893
2.525982572180068
1.4515482782711149
9620390475786039e-20
.1357311705701297
.01449945125003252
25.604761949882253
27.35904945559306
57375279688052844e-25
3.3097068249163253
.004752762010069439
.02834733379272585
.18895326056999043
1.6372701940440237
4.430860837709255
1.068171401972567
3.7960330691420734
.04683871216401916
.026596813867000874
.9021632652955264
.9705444869426759
.03603325835622171
.0004447559672006344
4.295502013713288
3.9860365807935367
.211656839281697
.19316690444945164
.03599469568204437
.013259161133541798
.01362171738582577
.22384213033626957
.007659284317563792
1.9787305474908874
.0004110380634762509
58381819935791466e-21
1285496803382527e-20
.001107095856226817
.12374459762445254
.001723593512126863
.0007968515112799605
.002822793188718681
.6412682864817242
.6327606254653081
2.429059882921727
.062284702442009
.00029062548241642476
57329184722234755e-24
.000530518638229187
.004042558713295249
9489074825087788e-20
3349166324727107e-23
2.9747624623811775
.0028009721440704492
.013994214704009597
1.9455130333414943
4492555859283475e-21
12344284925168597e-25
.1994323934621319
1934205083765585e-21
.6850855388947259
.8691314939961629
.017827529385057366
10621638756858195e-23
.003527044562610807
426947232135133e-20
.00018200652292678997
.0014775185153544164
10337154301656072e-21
.0005049845298291357
.03569831505551289
.20433002381856918
6131098267774756e-20
.00017742480453640207
4551299824598487e-23
5680128482303988e-24
.0005233912080843902
14902076499113305e-26
20888488114532113e-23
.0035804214424802927
5899194631261933e-24
.058984180935898314
11020025160529856e-23
3978059560613774e-23
19.06756028635592
66.32956979648142
3.057730849523683
5.651646894051751
15.123864791787286
3796274796183609e-25
1.1891409774315644
.6823904049931314
.0005154994544861735
.0012828514907556004
.7568688880821154
.06009113679330697
641977382145675e-19
9358192509597613e-20
.30950511723670865
.037048195541749214
.6098407864896749
.039468220624486426
.2340720902493045
.00037750498134542384
5.548218760199892
2.6262928918790784
1.9423841447769374
.7304816108885699
.19209874699826873
6.019224020671763
1.4014343390269703
2.2423165039176274
.9378508830925762
1.3536193559834306
2.9716539042988437
1.379578092823324
.00037750498134542384
1.6928531009013392
1.5100199253816968
1.9950252561365192
.8689131685356821
1.0809040046595628
.0959173826536785
.9331820358103702
.15383896761092322
.21691519168407092
1.861513334706886
2.5091748918595664
.11839809993843486
3.1537362756645404
2.723349728971039
1.701164636084776
1.540965641581825
3.2603061024475344
4.856134342092294
2.3465448878535478
1.6402596811879195
7.1066665245525105
.00037750498134542384
.8961511970424623
2.6043096606914267
3.2019591646119485
7.155641549874616
7.5447801960375855
.8050925167810625
1.3303172747603962
3.2449778044923288
.03385706201802673
1.0947095667767053
1.5195356513324636
3.0321535652788922
1.7823561638430956
.5655085058410424
1.742642302913867
4.025957081680269
1.6232779781707136
3.437286236612014
.2971374100148885
2.831629430940056
3.68283755331392
1.292431478719579
.4073186123519587
6.454442411822955
2.290889383169727
.8202909129635791
.383669530614714
.009591738265367841
.08464265504506675
.29518246524679026
.6211162959231853
.1911428618821309
1.2346148628898617
2.8160735459612174
.7397704400605343
.46391948567635033
3.440214292325063
.7343323608022472
2.566300686628028
1.6268612468318244
1.8222292894163643
1.044599555952411
.00011664775447629623
2.2190931943588033
.9173751717647447
.3134588341534451
.00012436218336581956
7.9357375561769254
.34362807868781714
.2499971570015758
.5664930654811918
.13630347201885643
.00037750498134542384
3.6698558947907687
.7760017960771801
.41816248554635754
1.072284790018631
.03385706201802673
.6542564874285465
.11329862730217401
.5846128570835856
.5155950801688881
.00011664775447629623
.3635583491051858
.8751421924044198
.2799170023192692
1.3262867954797208
.8371884331952653
.5078559302704005
.338570620180267
.15641493844690957
4.155282782346835
.0002460140160950592
.20589127618529357
2.0491076542550655
3.909884858870483
1.014883546536334
.033781000251318374
.040139868962900546
5.47996630164026
7.9272359767889835
.7786993247125855
3.2647473374051255
9.798022037225556
.19719879798167106
4.344565842678409
4.344565842678409
4.344565842678409
4.344565842678409
4.344565842678409
4.344565842678409
4.344565842678409
4.344565842678409
