.8386542426317958
6.771372550251437
.1896007925134442
.2926755840802452
.18383201288357376
3.625274957674426
.001120271295923206
2.7331583774216286
70980525925264326e-25
.04122735620881987
.29527233253724783
3552939637179629e-20
3.0746735764910804
2.6578055079139222
.047978365977920046
.003708278486060491
.8377184849567649
.0574056606091523
.7280303020349238
.0001177819360293801
1.1639659707366856
.4013803590286912
.03812971959161209
22311052690703506e-23
.5848440095241279
13130885649390802e-27
7324234187040057e-27
1.2781254288186648
1650659304253004e-20
1.247895446113817
2.583510380806344
.07905238099784187
1.1765572327565057
42.039862865711285
48.79593291091962
1.7152802890570942
.2860280495411771
.7286462129882115
1.3833613000558271
2.4882131800130396
1.4261382353462453
9518397605349446e-20
.13504638673847272
.014490181970652488
25.487587055486728
27.205656774007902
5749346661566538e-24
3.2802802243456792
.004724877245438299
.028113950146883022
.1881123836777838
1.6172378242139775
4.383928803013868
1.0564608107245075
3.7802472158217775
.04698405730792678
.026335690267685518
.9008270514738629
.96762979357961
.03596769036932183
.0004429459076137493
4.253113379635229
3.943644445731191
.2106887197941048
.19162016921006528
.0356851380105016
.01312961221289661
.013662110101370875
.22500831232278037
.0076894634545876805
1.976501009390584
.0004070304776170508
5762415062548987e-20
13067263734655028e-21
.0010942714359907307
.12315666751478435
.0017570978669851894
.0007889597257106855
.0027958828321051903
.6416836893250777
.6277035892925298
2.412450086820561
.061858310167191885
.0002908042417785956
5635448442112725e-23
.0005280537986543615
.003931343081608781
9529604875518457e-20
33121543518326917e-24
2.9620746152994113
.00277136621803789
.01388341539340966
1.9367617691202106
44647950575715585e-22
12192970604605269e-25
.19791994763905735
1907599481580644e-21
.6839199834678734
.8678485095483781
.01781111748489906
10572057368012828e-23
.003491255874417391
424362320494337e-20
.00018116368561930355
.001476586565808238
102431516261088e-19
.000500671914390002
.03574949169328167
.20228342946406705
6157608921732723e-20
.0001784497132361281
45956112363703256e-24
5684208989376506e-24
.0005202061782180927
14751987770277797e-26
20742085389321825e-23
.0036052101913243303
5820980320853683e-24
.059047769671647904
10953283033268192e-23
39704828537747736e-24
18.878023875374915
65.67023696037992
3.027336225237149
5.595468082901118
14.973529719562626
3767124765515318e-25
1.1878701010855528
.6825403393140914
.0005075489705319881
.0012672166089787171
.7647098995340622
.06085735368010131
6379497620668148e-20
9319045109058803e-20
.30944328435879764
.03702414613119955
.6096884979365876
.03944260028245403
.2340370172126125
.00037375248557684553
5.527198707743781
2.6245880640175088
1.936855818175636
.7232204374224231
.19068449138712976
5.959391399159868
1.3912934659280527
2.240860929917425
.9239019758258711
1.3522677669469008
2.9421149067952395
1.3658647348239341
.00037375248557684553
1.6911627869430461
1.4950099423073837
1.993033223256762
.8645837736289694
1.0802023482416805
.09589343030456732
.9325762714116298
.15373910481230346
.2136889539653802
1.8603049547095507
2.484233053659793
.1172211926365941
3.1223873329632665
2.6962789382813344
1.6990638786869632
1.52987733248232
3.2278978284954882
4.807863128543259
2.3232196333600386
1.6239550817331236
7.036024447282332
.00037375248557684553
.8916860875601668
2.602619102991853
3.187258604217677
7.084512648365372
7.4697831571651925
.7970896918864934
1.3170935818527858
3.212721897730277
.03382325573886088
1.0838278745603236
1.5044310795159357
3.002013185719298
1.7764378661098188
.5651414124906802
1.7167235174005164
3.985938041773456
1.6222242459183764
3.4201598193075315
.29639623606513676
2.8034823124042565
3.6462292090056727
1.2911409857834504
.40326976148947075
6.3902836085335855
2.2568163720544203
.8197584305404128
.38357372121826927
.009589343030456722
.08455813934715212
.2907921374146007
.6118782669679824
.19112376768475234
1.2162521055016529
2.7880810568884558
.7392902265773845
.4570194869648515
3.389047064137361
.7338556773857787
2.540791003462656
1.6258051885417981
1.804115865658235
1.0439214661503646
.00011657203392645368
2.2176526955032263
.9082562286504653
.3132553559520715
.00012427541760529038
7.856854301460735
.3434050164679193
.2475121215181721
.5659274221094492
.13621499218576358
.00037375248557684553
3.6333765914782283
.7754980634254751
.4178910401724517
1.0715887286649208
.03382325573886088
.6538317843454176
.11217241005857129
.584233362363073
.5152603875454271
.00011657203392645368
.3581510484467036
.8621259682827593
.27973529741272335
1.3131031665638284
.8366449819409485
.5073488360829127
.33823255738860847
.15625875811820797
4.144917923368044
.00024235498377053467
.20282900011315094
2.0477774995601608
3.8517320946058304
1.014224746540441
.033445208495539065
.03978058935281251
5.425494039352307
7.848437229939591
.7709588548767582
3.232294916445201
9.700627199933372
.19712078549390705
4.3229188681448445
4.3229188681448445
4.3229188681448445
4.3229188681448445
4.3229188681448445
4.3229188681448445
4.3229188681448445
4.3229188681448445
