.8436492372030142
6.768589863924394
.18947002259479684
.28854331782139975
.18369309919440324
3.60735399850888
.0011093888381528028
2.707023757941298
7119567344167581e-24
.041039439802013016
.292215643087806
3589311512001429e-20
3.095384793801383
2.631936720918313
.047900396575860815
.004935426666298785
.8341199540270712
.05712183286311293
.7238323821320651
.00011589486031642926
1.1551520874821521
.39694243558512465
.05134418001406925
22275303510853296e-23
.5837144915758339
12715136574382878e-27
734760653189383e-26
1.27731451153781
22018238101880536e-21
1.246935463721287
2.5553707753928525
.07771929742190699
1.1608095596356807
41.625530197034024
48.29486766727748
1.6986524334030542
.2815565025295845
.7190555896539967
1.3649240383192052
2.451052028386769
1.4013099819965331
9417597866585152e-20
.13436509763452648
.014474512638736448
25.370940163788045
27.05291651293223
5761287204038366e-24
3.2511150302365945
.004682825874795878
.027828040627449722
.18732621822228374
1.5974759833682328
4.337576030399533
1.0444500611621703
3.7645083104026127
.04698572415129837
.0349644281760347
.8995111722681569
.9647095622744993
.03579257687376658
.00044113962039549296
4.21114426618438
3.9016760086101256
.20978709411009538
.18973155066919897
.035308460876285364
.01746952083015613
.013660685055709878
.30396942760215745
.0076963760264606084
1.974248943155966
.0005418796254008202
7646990068919096e-20
12055215730039432e-21
.0014537182515029238
.12219926554117545
.0016251960752428725
.0010501946099008264
.003722654169896987
.6406853119223298
.6215212596315969
2.395052599485777
.06131516261520332
.0002902851618778257
5529946425890588e-23
.0005245609123115322
.0038238665937536764
9520387537477367e-20
3286809540158166e-23
2.9443462707046097
.002741966443673402
.013746769544197773
1.92860348989404
4428471579571155e-21
12026238651336563e-25
.19603165579343865
18772257580568902e-22
.6824792952834183
.8662883006765303
.017794410343408073
10497743933046753e-23
.0034557819078814152
4209008008880329e-21
.000179974561217542
.001475656235556873
13644913880207395e-21
.0006673210354526524
.0357315953995068
.20025746679513973
6150708275351568e-20
.00024122928246174811
6219115148406602e-23
7620173894559362e-24
.0005160948654505808
19632880751862764e-26
27606607400815027e-23
.0036178639467181707
7706142030716209e-24
.05899626514253479
1085350433986497e-22
5328091831360309e-23
18.69037150664601
65.01745806773965
2.997243731586603
5.5398477040502865
14.824689017873833
3730828061219679e-25
1.5952740280679722
.9178638555042615
.0006754388693086706
.0016920650373246102
1.0309347923856231
.08225846985141493
852725775152633e-19
.00012483276812305495
.3093814638338482
.037000112332048495
.6095362474127761
.03941699657157236
.23400194943121555
.0003700372906125941
5.506258292131464
2.6228843428253628
1.9313432260498438
.716031441948564
.18928064771162673
5.9001535297929495
1.381225972898476
2.2394063007863645
.9101605351403678
1.3509175274721346
2.9128695347702087
1.3522876912443185
.0003700372906125941
1.6894741607633794
1.480149162450378
1.9910431794219985
.8602759501098305
1.0795011472960019
.09586948393680186
.9319709002378902
.1536393068384723
.21051070111724907
1.8590973591182096
2.4595391439544456
.11605598410583376
3.0913500070764197
2.669477238439099
1.6969657155011153
1.5188688114354914
3.1958117013917824
4.76007174367419
2.3001262380896685
1.6078125543262123
6.966084571017566
.0003700372906125941
.8872432256688804
2.600929642698391
3.172625535782869
7.014090787023741
7.395531608772895
.7891664171963386
1.3040013359639187
3.1807866232462394
.03378948321526755
1.0730543492539508
1.4894766511539288
2.9721724095355966
1.7705392200321022
.5647745574347496
1.691190230314859
3.946316801749434
1.6211711976842262
3.403118735079238
.2956569108857326
2.77561498370051
3.609984761360336
1.2898517814046242
.39926115727963324
6.326762560784777
2.223250139785096
.8192262937720948
.38347793574720745
.009586948393680178
.08447370803816878
.2864671083393878
.6027776381866952
.19110467539478673
1.1981624633061916
2.760366820589826
.7388103248193012
.4502221141519695
3.338640862580541
.7333793034028744
2.515534893321446
1.6247498157798796
1.786182494141856
1.0432438165225237
.00011649636252973623
2.2162131317309344
.8992279302520633
.3130520098362349
.00012418871238002198
7.7787551672420205
.3431820990462992
.2450517879473163
.5653623435326596
.13612656978833798
.0003700372906125941
3.597259902126838
.7749946577660345
.4176197710041921
1.0708931191514426
.03378948321526755
.6534073569534165
.11105738771341055
.5838541139871991
.514925912183838
.00011649636252973623
.3528241723089165
.8493033386461035
.27955371045783034
1.3000505864199634
.8361018834617708
.5068422482290127
.33789483215267513
.15610273373557737
4.13457891829837
.00023875037340985005
.19981227025729864
2.0464482083198963
3.7944442550954065
1.013566374196998
.03311275459897382
.03942452554639556
5.371563245815326
7.77042176355704
.7632953273663993
3.200165081166597
9.604200493184788
.1970428038681377
4.30137975054915
4.30137975054915
4.30137975054915
4.30137975054915
4.30137975054915
4.30137975054915
4.30137975054915
4.30137975054915
