.8448852770421469
6.767900940711683
.18961432034722697
.28754002428390896
.1836647984149774
3.6029050435799315
.0011067119123325292
2.700617024761571
7132622936389978e-24
.04101426454111621
.2914643047048021
3237183795999467e-20
2.842252277450137
2.626193731049287
.04795594961135898
.003716515493844081
.8326919767710741
.05710964782421612
.7228008575518616
.00011543301248988917
1.1529865272346753
.39601195791502375
.03877709268099861
2228909621799539e-22
.5837192193632977
1263139825249197e-26
7365417762732965e-27
1.2771138862955638
16588663636659726e-21
1.2472695655200476
2.5484619191225235
.07739278757865932
1.156945983713474
41.52362407136279
48.171719086907416
1.6948741135340297
.2804630665717223
.7167021533937499
1.3607694480194368
2.4419472306766106
1.395540130499804
9392837061883793e-20
.1341970460532028
.014478683502026413
25.34215646118397
27.015217032921033
5764261701480774e-24
3.2439373556993445
.004678846796819787
.027787850073052206
.18701890155490686
1.5926264721748786
4.326194281894806
1.042066920077002
3.760626336906764
.04705028743641331
.02639261808227586
.899188473128779
.9640700046074875
.03579809701371802
.00044069463929952705
4.200822383024805
3.891363515051528
.2094270510644749
.189463699527063
.03525449033885466
.013159980738395848
.013678986096151015
.2297937785041206
.007708506335213371
1.973693737999672
.00040799144611175834
57526400101013455e-21
12324169926846119e-21
.0010943275232027927
.12212895283208357
.0016636087765007353
.0007906711990596202
.002803227426246609
.6413621664339452
.6206477556039852
2.391781688437536
.06124792392820035
.00029063288419173326
5510685590547149e-23
.0005242694289883074
.0037978308019474332
9545274300728411e-20
32777853116118165e-24
2.942745698758997
.0027347099827229725
.013728010417416652
1.9253618059496258
44243275314194975e-22
11996141557735127e-25
.195780882931732
1872921224639234e-21
.6825144206980818
.8662569498017962
.017790432443684574
10496239605011857e-23
.0034470888968561168
420652084148394e-20
.00017987314595335283
.0014754260430247497
10275813127806062e-21
.0005026161994122597
.035765547437189564
.19975929096694772
6167411072200823e-20
.00018237139639865288
47082283958101e-21
5766094770147545e-24
.0005156001734166966
1478068090175668e-25
20833896890142733e-23
.0036276611960798463
5801346440912941e-24
.059047539987973505
10843829417227277e-23
4019163736295673e-23
18.644224480435987
64.85692822805754
2.989843456798583
5.526169672176633
14.78808646492725
3725881539385543e-25
1.2036981522233376
.692769966936364
.0005075148443087908
.0012723796862911117
.7736685205843077
.061700382640452814
6425354628482813e-20
9410967641358067e-20
.3093661678993874
.036994167440012986
.6094985780225499
.039410663353259955
.23399327252013372
.00036912365866351735
5.50108872372353
2.6224629180442753
1.9299815271059109
.7142635412031427
.18893485675244578
5.885585893216774
1.3787459787734113
2.2390464902927545
.9067918001579418
1.3505836111705514
2.905677582126591
1.3489488568338224
.00036912365866351735
1.6890565609085328
1.476494634654071
1.9905510385168403
.8592132716521936
1.0793277013962894
.09586355919480903
.931821158357854
.15361462126229436
.2097315476210812
1.8587986537255266
2.4534664761479075
.11576943878283374
3.0837173813819443
2.6628862278727494
1.6964469131107691
1.516156938613515
3.1879211569853223
4.748318999463685
2.294447165003414
1.603842822207249
6.9488851222444
.00036912365866351735
.8861472351759668
2.600511745428808
3.169014880883118
6.996772809621678
7.377271843798949
.7872179442446117
1.3007817218536677
3.172933176158832
.033781131218170606
1.0704049494192718
1.485799093539005
2.9648340365110273
1.7690825920681046
.564683813824616
1.6849307063398717
3.9365732402146283
1.620910720427973
3.3989149432981387
.29547424547666684
2.7687619162076453
3.601071612612006
1.289532959176266
.3982753708235922
6.311141615122284
2.215021327140059
.8190946668239
.3834542367792361
.009586355919480894
.08445282804542645
.2854068209154464
.6005466052666946
.19109995119333534
1.1937277601423741
2.7535514012187483
.7386916184873755
.44855572791871945
3.3262837059765182
.7332614696854876
2.5093239705148527
1.6244887635389338
1.7817723618797052
1.0430761961704478
.0001164776447947317
2.2158570477364425
.897007712486388
.313001711059213
.0001241672660169173
7.7595492130716375
.3431269591994511
.24444674854094622
.5652225987303547
.13610469802337433
.00036912365866351735
3.58837817139566
.774870137615199
.4175526710876234
1.0707210563231517
.033781131218170606
.6533023725101953
.11078318405834649
.5837603048214053
.5148431778686892
.0001164776447947317
.35151828056123796
.8461598515829702
.27950879392860783
1.296840726815806
.8359675450742745
.5067169682725586
.3378113121817058
.1560641486654632
4.132024455603205
.0002378666977241657
.19907271436716129
2.046119400841001
3.780400054531346
1.0134035221869457
.03303099832388739
.039336908537151445
5.3583007127615945
7.751236384782825
.7614107308261197
3.1922637881492553
9.580487465772372
.19702351163293735
4.296066358260966
4.296066358260966
4.296066358260966
4.296066358260966
4.296066358260966
4.296066358260966
4.296066358260966
4.296066358260966
