.8469972362973883
6.766723525250321
.1897335751397142
.28583540974434135
.18360455434013082
3.595377876921808
.0011021526039634094
2.689687746760043
71494019720008536e-25
.04094587719268008
.2901851445015317
30632554030933585e-21
2.712750683104701
2.6156942803864793
.04800366992962198
.003435650263949624
.8309429169781575
.057047529229004905
.7210426875369247
.0001146482403325959
1.1492973726903466
.3942354116923757
.03602613624466944
2229636298111618e-22
.5833859538458251
12480489758850102e-27
738531511213739e-26
1.2767711216357664
15349062010033052e-21
1.247147822854889
2.5367064527079393
.07683796318108771
1.1503758300609292
41.35007108334617
47.962070078117144
1.6880794548163027
.2786027794888841
.7126996237497634
1.3532752486268127
2.4264761958996814
1.3853850218747263
9350695418480107e-20
.13391039658475387
.014476098072621067
25.29304958318082
26.950896364112054
5769362330240609e-24
3.231711707244463
.004668530187066352
.027697638078988316
.18663869542332065
1.584378007917655
4.306826965423823
1.0373321704239769
3.753999988460176
.04712514947430106
.024411427738697655
.8986401540623736
.962894260003359
.03578049908625324
.000439934856909936
4.183244583959271
3.87380253371533
.20898783300738313
.1888654992070859
.035134684812042946
.012166847665535182
.01369994329116974
.2137961617293657
.007723483762726132
1.9727421451822547
.0003771610795064611
53105847929118786e-21
12498243488137594e-21
.0010109105959046445
.12191732350424231
.0016894315793281127
.0007308738535706877
.0025916769551452964
.6417361082094478
.6186927781149857
2.3849528600448346
.06108543359052374
.00029080871578089727
54730740172096685e-24
.0005233590683898332
.0037538478106280172
9568177721645976e-20
32624252792850125e-24
2.9379560194455427
.0027223873268097205
.013685327082121423
1.9213941059283324
441378553225835e-20
11936551091631283e-25
.1951990500962576
18629023994349608e-22
.6820917795055406
.8657799672314327
.017783584742362652
10478907778050219e-23
.0034322775752158316
41969312932348224e-22
.0001795610198975519
.0014750329435364584
9502108049665025e-21
.00046488000917594823
.035796007255991934
.19891096696325675
6182528367113786e-20
.00016971254008223767
4389749693653583e-23
5357369648483087e-24
.0005143811444945556
1366192621696971e-25
19291384156447192e-23
.003639626348876095
535630651035131e-23
.05908901730296234
10819103103918926e-23
37278116718822555e-24
18.5656388819751
64.58355560671386
2.9772412357942484
5.502876810017624
14.725754527969661
37145981523259314e-26
1.1168394242238964
.6431324897364121
.00046789791093518833
.0011747027471144846
.7205920976922192
.0575147384620207
5948411658204557e-20
8720257885934331e-20
.30934003425360473
.0369840119115399
.6094342196125226
.0393998444555384
.23397844746206056
.0003675677986355187
5.492266970327643
2.6217430073481633
1.9276570817392484
.7112529130108496
.1883454822963692
5.860778087979461
1.3745188370748918
2.2384318339304614
.9010646406083016
1.3500132561241756
2.8934301211519924
1.3432630234907057
.0003675677986355187
1.6883432678364412
1.4702711945420763
1.989710423526034
.8574005630880154
1.0790314075758893
.09585343673272002
.9315653575935613
.1535724514347765
.20840691495941652
1.858288381864854
2.4431250896486123
.11528146940444653
3.0707194808173788
2.651662134960211
1.695560828505048
1.5115344974569591
3.1744840364319464
4.728304856369283
2.2847760465405416
1.5970826081713896
6.919595499791047
.0003675677986355187
.8842777032037272
2.5997978607031107
3.16285504234664
6.967281340072169
7.346176566896339
.783899812491128
1.2952989134812347
3.1595592300992092
.03376686535672878
1.0658931815185002
1.4795364350368545
2.952337230471124
1.7665964975276502
.5645287985087858
1.6742889394165097
3.919980543409674
1.6204657528530075
3.3917441483047344
.2951623953756124
2.757091556176891
3.5858930586273883
1.2889883859823883
.3965966360282004
6.28454008812843
2.20103158821192
.8188698113997424
.3834137469308801
.009585343673271995
.08441716339182187
.2836042346992348
.5967536439444173
.19109187945759634
1.1861883565659639
2.7419451536655366
.7384888350681638
.4457227179375439
3.305275402319407
.733060176934524
2.4987471441007485
1.624042813730249
1.7742621729991586
1.0427898540051053
.00011644566969919512
2.215248757270734
.8932268157275154
.31291578676333737
.0001241306302623953
7.726842633115157
.3430327650103351
.24341640297489353
.564983903725584
.13606733496774295
.0003675677986355187
3.573253120396675
.7746574225768552
.4174380457741298
1.070427125173279
.03376686535672878
.6531230298920292
.11031623179504568
.5836000526841816
.5147018446555415
.00011644566969919512
.34929814438770973
.84081563422936
.2794320640084164
1.2913745297781007
.8357380577579199
.5065029803509311
.3376686535672875
.15599824236094897
4.1276634249422735
.00023636436771944455
.19781540128056066
2.045557706247704
3.7565236208560537
1.0131253256755368
.03289177232530713
.039187652111554463
5.335715419997735
7.718564843483311
.7582013767433419
3.1788083633607385
9.54010561230162
.19699055232952728
4.287002815440075
4.287002815440075
4.287002815440075
4.287002815440075
4.287002815440075
4.287002815440075
4.287002815440075
4.287002815440075
