.8469972362973883
6.766723539556752
.18964939873300862
.2858355954854126
.18360560537936946
3.5953692379553432
.001102152603886828
2.6896818309780626
7145716613468652e-24
.040941152681442584
.2901851446432047
32793289823144836e-21
2.8710668345959625
2.6153229916808325
.047960334188301965
.00379618647119567
.8310118266143572
.05702015503651448
.7210423442316176
.00011464819130176347
1.149296846303772
.39419978134716294
.03980463431354886
22285586059852461e-23
.5833225293358519
1247097941182685e-26
738058644740593e-26
1.2767711216264583
1696000494799703e-20
1.2470203306614176
2.536706395470799
.07683796319315232
1.1503760666142726
41.350071095420404
47.962070087900806
1.6878931506332988
.2786021704914982
.7126997507670191
1.3530545317858291
2.4264769233395644
1.3852045016075833
9350695273655788e-20
.13391039658474996
.014474297626601311
25.29304958291034
26.950896344549115
5769361149996012e-24
3.231711709524628
.004664876014096639
.027683325142717014
.18665315423125114
1.584378343297343
4.306826820911545
1.0372063093006911
3.753997140868503
.0470881922529092
.02695368003309292
.8986401527810054
.9628775834915715
.03575248163829102
.00043993411044869945
4.183244929597131
3.873798318867091
.20900538427005547
.1887721480964503
.0351163274496414
.013442200441186086
.013689194163853733
.2362196015479779
.007717482441578231
1.9727391133844694
.00041676170480029373
58682692329100704e-21
12166244034443755e-21
.0011169631405937755
.12182233537701974
.0016444157492666207
.0008076162958992305
.002863725992824224
.6413572580729127
.6183856191213548
2.3847253121759775
.061053870459655143
.0002906210841940162
54702661377284527e-24
.0005230874132207732
.0037538478085624976
9555104133791353e-20
32655913735710405e-24
2.9366419073060555
.002722381855264088
.01367828428981612
1.9215508512852741
4411499022186447e-21
11932033093808287e-25
.1950974124047042
18617074535329988e-22
.6820109089945122
.8657003675303783
.017783481044550357
10472263924759389e-23
.0034322587788579214
4194566982936149e-21
.0001794695608903464
.00147503306547301
10499608923825571e-21
.0005136827562411587
.03577765084506039
.19891096698735616
617373888596371e-19
.0001875170035251078
4846771737679584e-23
5914033441405164e-24
.0005141342692150736
1509634978959288e-25
2129922417568992e-22
.003636416062130163
59154840714572446e-25
.0590585006430074
10810561316117781e-23
41192891177164775e-24
18.56563888195829
64.58355560665538
2.9772412357915523
5.5028768100126415
14.725754527956328
37126799045760804e-26
1.2341080310637784
.7106698828283748
.0005177962010889851
.0012999941995830017
.7951285997889908
.0634707371480021
6573931340384303e-20
9637334004316895e-20
.30934003425360473
.0369840119115399
.6094342196125226
.0393998444555384
.23397844746206056
.00036756779863518583
5.492266970327602
2.6217430073481633
1.9276570817392449
.7112529130102055
.18834548229633089
5.860778087974154
1.3745188370746353
2.2384318339304614
.9010646406022811
1.3500132561241756
2.8934301211493723
1.3432630234894893
.00036756779863518583
1.6883432678364412
1.470271194540745
1.989710423526034
.8574005630879904
1.0790314075758893
.09585343673272002
.9315653575935613
.1535724514347765
.208406914958024
1.858288381864854
2.4431250896464
.11528146940434214
3.0707194808145983
2.65166213495781
1.695560828505048
1.5115344974566847
3.174484036429072
4.728304785907769
2.2847760465384725
1.5970826081699434
6.919595499784781
.00036756779863518583
.8842777032037015
2.5997978607031107
3.1628550423465787
6.967281340065861
7.346176566889687
.7838998124904181
1.2952989134800619
3.1595592300963484
.03376686535672878
1.065893181517535
1.4795364350355147
2.9523372304684505
1.7665964975276434
.5645287985087858
1.6742889394053226
3.9199805434061243
1.6204657528530075
3.3917441483046358
.2951623953756121
2.7570915561743945
3.585893058624141
1.2889883859823883
.3965966360278413
6.284540088122739
2.201031588197213
.8188698113997424
.3834137469308801
.009585343673271995
.08441716339182187
.28360423469733986
.5967536439404301
.19109187945759634
1.1861883565580382
2.7419451536630537
.7384888350681638
.44572271793456586
3.305275402297323
.733060176934524
2.498747144098486
1.624042813730249
1.774262172997552
1.0427898540051053
.00011644566969919512
2.215248757270734
.8932268157267066
.31291578676333737
.0001241306302623953
7.72684263310816
.3430327650103351
.24341640297467312
.564983903725584
.13606733496774295
.00036756779863518583
3.5732531203934395
.7746574225768552
.4174380457741298
1.070427125173279
.03376686535672878
.6531230298920292
.11031623179494579
.5836000526841816
.5147018446555415
.00011644566969919512
.3492981443853758
.840815634223742
.2794320640084164
1.2913745297769315
.8357380577579199
.5065029803509311
.3376686535672875
.15599824236094897
4.12766342494227
.00023636436771786525
.1978154012792389
2.045557706247704
3.756523620830954
1.0131253256755368
.032891772325277346
.0391876521115334
5.335715419992903
7.718564843476322
.7582013767426553
3.17880836335786
9.540105612292981
.19699055232952728
4.28700281543995
4.28700281543995
4.28700281543995
4.28700281543995
4.28700281543995
4.28700281543995
4.28700281543995
4.28700281543995
