.8491091955526298
6.765545782678249
.1895722876861716
.2841512494709425
.18354617644417573
3.5878419438632765
.0010976116767640112
2.6787887228819054
71539174117566254e-25
.0408579152558144
.288911781352892
3820718115843832e-20
3.249950249568051
2.6036496119354404
.047910290850816516
.004555119795939953
.8294483024666699
.05689442009762323
.7192876068409945
.00011386876231882795
1.1456201665148131
.39231856635431533
.04799368518207374
22267728870451414e-23
.5827879229610183
12302299087970036e-27
7388716398054333e-27
1.2764284035536377
20369946899024635e-21
1.246487432812821
2.5250129667032284
.07628698489874824
1.1438452182145227
41.17723343384571
47.75338615803064
1.6805161923975547
.27675339114627995
.7087206117774272
1.3448814302406387
2.4111134342842524
1.3745390850354404
9308762178599475e-20
.13362436644898457
.014465967277467162
25.24403641511875
26.88668998905249
5774481909084974e-24
3.219532140125478
.0046469469672152305
.02756019502993446
.18631186186262502
1.5761773207470289
4.287560301541977
1.0320978652359636
3.74737717432412
.047085519067372884
.03229231794914922
.8980953867155529
.961657751190486
.03567620902711345
.00043917448299466663
4.16574114026799
3.8563088604024034
.208613408597108
.1879591994452991
.034954363329276636
.016126428958653946
.013687602417844532
.28522751705133165
.007719867326146143
1.9717816086962998
.000500158466920349
7033146540990593e-20
118724719767226e-19
.0013392081460681785
.12141245468917881
.001606563075702236
.0009691714913610715
.003436906910408604
.6408016650605478
.6157239722777453
2.377164606200787
.06081851510839063
.00029033119638118275
5426437049873758e-23
.000521544596308113
.003710490102931965
9548377135641161e-20
3252792815147053e-23
2.9287803456909587
.0027100910292136952
.0136193882504099
1.9180049233200982
4395654207734101e-21
11860749117148711e-25
.19428109137519667
18488594274308502e-22
.6813248138720361
.8649648427002989
.017776515863807456
10438503124488703e-23
.0034174908095168767
4179105385225266e-21
.0001789444698011924
.001474640336538071
12603711095156717e-21
.0006167703006899402
.03576550223605005
.1980662686390553
6168869306555846e-20
.00022648897685445004
5856593204097678e-23
7114686790341938e-24
.0005123423859389536
1811486723999152e-25
2554970120156072e-22
.0036412485559046194
7081075679577966e-24
.0590287854252224
10768102906064896e-23
4960328600966204e-23
18.487384522610125
64.3113352537465
2.9646921332794802
5.479682127509262
14.663685320759617
3696986677394053e-25
1.486526032089377
.8565256433142514
.0006209587328009297
.0015612590102997122
.9600244360971073
.07673210348746581
7902484548748842e-20
.00011595749403733337
.30931390281545657
.03697385917093219
.6093698679982537
.039389028527788375
.2339636233432552
.0003660184965733449
5.4834593638282545
2.621023294279788
1.9253354359052148
.7082549746469738
.18775794636945609
5.836074847893261
1.3703046555060505
2.237817346301799
.895373652926137
1.3494431419402506
2.881234283349831
1.337601155992896
.0003660184965733449
1.6876302759899084
1.4640739862933814
1.9888701635291715
.8555916788506147
1.078735195093185
.09584331533948597
.9313096270509311
.1535302931835939
.20709064847590286
1.85777825008249
2.432827292198476
.1147955568219468
3.0577763665357467
2.6404853517133313
1.6946752067171864
1.506926149143561
3.161103553478219
4.708374932473872
2.275145691940245
1.5903508885063726
6.8904293333939055
.0003660184965733449
.8824121154403496
2.599084171950919
3.1567071771242916
6.937914177366434
7.315212356901789
.7805956666966961
1.2898392152017948
3.1462416553581023
.033752605519798126
1.0614004307652682
1.4733001737039166
2.9398930985956415
1.7641138966997463
.5643738257472977
1.663714384272307
3.903457784990328
1.6200209074292136
3.3845884817571554
.29485087440810154
2.7454703868322325
3.570778482402024
1.2884440427632167
.39492497711702645
6.258050686841115
2.1871302063442295
.8186450177022248
.38337326135794386
.009584331533948588
.08438151379949523
.281813033343033
.5929846383881879
.19108380806279368
1.1786965707143
2.7303878265636765
.7382861073164511
.4429076008159454
3.2843997839086545
.7328589394418458
2.488214899117436
1.623596986342375
1.7667836396410441
1.04250359044556
.00011641370338136635
2.2146406337911095
.8894618554868938
.3128298860551431
.00012409400531731245
7.694273911725479
.3429385966791268
.24239040032586967
.5647453095223479
.13602998216890613
.0003660184965733449
3.5581918216413158
.7744447659324092
.4173234519272353
1.0701332747125087
.033752605519798126
.6529437365064636
.10985124774027874
.5834398445388965
.5145605502407659
.00011641370338136635
.34709203025612934
.8355051701386368
.2793553551518937
1.2859313728164439
.8355086334397388
.5062890827969713
.3375260551979809
.15593236388884224
4.123306997010251
.0002348715262022301
.19656602919192767
2.044996165849131
3.732797987099501
1.012847205533804
.03275313316572537
.039038962011091055
5.313225324472333
7.686031013062306
.7550055501206288
3.165409653324407
9.499893968753511
.19695759853975198
4.277958394253072
4.277958394253072
4.277958394253072
4.277958394253072
4.277958394253072
4.277958394253072
4.277958394253072
4.277958394253072
