.8491091955526298
6.765545768802001
.18968980684170075
.28415118865579225
.18354709791804263
3.587846003808801
.0010976116767348265
2.6787942453950566
715907045694135e-23
.04086904634586006
.2889117814378717
33374130764670504e-21
2.911118259861722
2.60447354167502
.04796832839822512
.0037921880715324433
.8293477743660586
.05693256944342918
.7192880909232939
.0001138687873797549
1.1456204364920581
.3924022925511285
.03996101943899875
22282769558739074e-23
.5829375248580526
12313767760663655e-27
7396191538203384e-27
1.2764284036256497
1695777510010977e-20
1.246790824964437
2.525012999011237
.07628698489070458
1.1438448333244828
41.17723340704124
47.753386151609725
1.6809297930930487
.2767539573576692
.7087203877732202
1.3453703745896797
2.4111122507455325
1.3749348625768592
9308762259992384e-20
.13362436644897924
.01447021828931726
25.244036415142595
26.886690144125637
5774482556035776e-24
3.2195320992139695
.0046513334482884625
.027580081658961617
.18629076173336237
1.5761770901361176
4.287560412520777
1.0323935157359432
3.747379152584591
.04713004263448598
.026925056000950676
.8980953969166178
.9616972823073762
.035709883160899715
.00043917500181093073
4.165740897167263
3.856311786417549
.20858780301636778
.18808902021531684
.03497985879898561
.01342848029600221
.013700547576784959
.23748127587734555
.0077271044352721155
1.9717835770073278
.0004163418465258668
5854336292665462e-20
12102580504058946e-21
.0011149742183922356
.12152653284800966
.0016379024383339205
.0008067508727118228
.0028610948580292455
.6413827333109497
.6161511298553436
2.3777096439020715
.06086242835179888
.00029062584588453096
5430510171964765e-23
.0005219229310409339
.0037104901019269737
9566209654093323e-20
325184870683289e-22
2.9306131230119106
.00271009377510636
.01362918268591498
1.9177762290285216
4398836918692891e-21
1186812256786116e-24
.19442244908017742
18507327492763604e-22
.6815247226336819
.8651560737379815
.017776587460024352
10448890268716345e-23
.003417503861136636
418283057789717e-20
.0001790718479841808
.001474640251919311
10491979630471474e-21
.0005134290235525099
.03579099894600806
.19806626864184285
618092354986648e-19
.00018856392410890026
4879911425084665e-23
5933075700114024e-24
.0005126860226235003
15079121922493922e-26
21297539510643108e-23
.003645572974441086
5899195643588608e-24
.05907138676081332
10778325260011067e-23
41288889833776724e-24
18.48738452258691
64.31133525366575
2.9646921332757574
5.479682127502381
14.663685320741202
36996352501626534e-26
1.2374081537956023
.712970023716317
.0005163743023418132
.001298264691654094
.7985757769446086
.06379986607351947
6577436971780502e-20
9651262478152785e-20
.30931390281545657
.03697385917093219
.6093698679982537
.039389028527788375
.2339636233432552
.0003660184965728853
5.4834593638282
2.621023294279788
1.9253354359052102
.7082549746460844
.18775794636940407
5.836074847885933
1.3703046555057026
2.237817346301799
.8953736529175402
1.3494431419402506
2.881234283346213
1.3376011559912164
.0003660184965728853
1.6876302759899084
1.4640739862915428
1.9888701635291715
.8555916788505814
1.078735195093185
.09584331533948597
.9313096270509311
.1535302931835939
.2070906484739145
1.85777825008249
2.4328272921954213
.11479555682180265
3.057776366531907
2.6404853517100157
1.6946752067171864
1.506926149143189
3.1611035534742498
4.70837493246796
2.275145691937388
1.5903508885043756
6.890429333385253
.0003660184965728853
.8824121154403152
2.599084171950919
3.15670717712421
6.9379141773577215
7.315212356892603
.7805956666957159
1.2898392152001752
3.1462416553541517
.033752605519798126
1.0614004307639355
1.4733001737020666
2.93989309859195
1.7641138966997376
.5643738257472977
1.6637143842563331
3.9034577849854264
1.6200209074292136
3.3845884817570235
.2948508744081012
2.745470386828785
3.57077848239754
1.2884440427632167
.3949249771165305
6.258050686833257
2.18713020632323
.8186450177022248
.38337326135794386
.009584331533948588
.08438151379949523
.2818130333403272
.5929846383824945
.19108380806279368
1.1786965707029828
2.730387826560248
.7382861073164511
.4429076008116929
3.2843997838771197
.7328589394418458
2.4882148991143116
1.623596986342375
1.7667836396388255
1.04250359044556
.00011641370338136635
2.2146406337911095
.8894618554857769
.3128298860551431
.00012409400531731245
7.694273911715817
.3429385966791268
.2423904003255653
.5647453095223479
.13602998216890613
.0003660184965728853
3.5581918216368478
.7744447659324092
.4173234519272353
1.0701332747125087
.033752605519798126
.6529437365064636
.1098512477401408
.5834398445388965
.5145605502407659
.00011641370338136635
.3470920302527968
.8355051701306146
.2793553551518937
1.2859313728148292
.8355086334397388
.5062890827969713
.3375260551979809
.15593236388884224
4.123306997010245
.00023487152619997503
.19656602919004035
2.044996165849131
3.7327979870636607
1.012847205533804
.03275313316568424
.03903896201106215
5.313225324465661
7.686031013052654
.7550055501196807
3.165409653320432
9.499893968741581
.19695759853975198
4.277958394252905
4.277958394252905
4.277958394252905
4.277958394252905
4.277958394252905
4.277958394252905
4.277958394252905
4.277958394252905
