.8496728279862111
6.765231384332773
.1897527173034713
.2837047555437638
.18353289458793942
3.585839421341042
.0010964029080954003
2.6758959470226817
7164923684667751e-24
.04085681053763583
.28857292716566535
31354273293149516e-21
2.76389482503232
2.6019537347334447
.047992599794156904
.0033387275817658574
.8288730807048745
.05692614227892109
.7188208895359834
.00011366168967822432
1.1446414823610138
.3919764469179771
.035233042931996694
22288691606705898e-23
.582928681453779
1227643190143169e-26
7404067430701644e-27
1.2763369480339426
14933458753640992e-21
1.246920297334572
2.521902741178131
.07614058858098496
1.1421082502813777
41.13122763119056
47.697855781688745
1.6792611676959512
.2762627754152376
.7076622319830284
1.3435455464438417
2.407029354095266
1.3723823201070453
9297606420677482e-20
.13354813623206907
.014471795101374823
25.230971768958298
26.869574326252533
5775853563201986e-24
3.216289466234817
.004649315967950536
.027561395188061256
.18618761837907685
1.5739962994653924
4.282435620668595
1.0312986017060268
3.7456145436353565
.047157366245728145
.023727041072695056
.8979506163824171
.9614086761545826
.03571072299849664
.0004389725682073281
4.161081889938441
3.8516578211281582
.20846856370377229
.1879646601680663
.034954810573812646
.011824433457723415
.013708271342318383
.20945387476521615
.007732302424404196
1.971527918351727
.0003665373117498101
5152033130820941e-20
12063803885556845e-21
.0009814937314469548
.12148907125964763
.00163327394161765
.0007102283399788543
.0025189742685036505
.6416709471409944
.6157454648184227
2.3761827614761235
.06083090475531334
.00029077258765685006
54218630085119934e-24
.00052178004529755
.003699023319011561
9576824731504931e-20
324963345156192e-22
2.9298151854164396
.0027068211660879527
.0136204487623818
1.9166992087085775
4396873187932742e-21
11854980809474455e-25
.19430531561429393
18487504988455405e-22
.6815227139928468
.8651322035261183
.017774744097324713
10447773111821701e-23
.0034135764852183227
4181548946584505e-21
.00017902222657991686
.0014745354610071943
923778825410671e-20
.00045208147470462376
.035805806701084804
.19784144936748546
6188045895974523e-20
.00016631395765414472
4306685529923483e-23
5234365033972501e-24
.000512452278519347
13274759766616139e-26
1876785057969722e-22
.003649835251331362
51930594651312655e-25
.05909372430988204
10773426966393598e-23
3638102940865682e-23
18.46655608532434
64.23888019059468
2.9613520229413113
5.473508554638569
14.647164776725473
36973240348495717e-26
1.0904517368686268
.6283831536282696
.0004544479125023119
.0011429808618529415
.7030365834507769
.056161809074263394
57929835241286135e-21
8502191117075392e-20
.30930692932015524
.03697115011357368
.6093526952091507
.03938614251210133
.23395966729210985
.000365606129248373
5.481111208682654
2.6208312531295967
1.9247163158672773
.7074570335264363
.1876014568688681
5.829499752383357
1.3691821750294668
2.237653382472084
.8938609473026446
1.3492910325293772
2.877988199107735
1.336094174745391
.000365606129248373
1.6874400460801962
1.4624245169934935
1.988645977819173
.855109575507792
1.0786561566702644
.0958406143574918
.9312413904303892
.1535190440908611
.2067407753391422
1.8576421315395055
2.43008639660988
.11466622473319034
3.054331384731725
2.6375105023783734
1.6944389332240626
1.5056986658718026
3.157542160192058
4.70307033723061
2.272582445132529
1.5885591518925137
6.882666370760266
.000365606129248373
.8819148994889596
2.5988937382699535
3.1550684770782396
6.930097716895202
7.306970821079261
.7797162244008178
1.2883860439774
3.1426970059284107
.03374880092160388
1.0602046254700268
1.4716403099068718
2.9365809275875616
1.7634519387002334
.5643324743411995
1.6609035911506318
3.899060033346608
1.6199022092554598
3.3826813554240354
.2947677923576426
2.7423772582340695
3.5667555371557027
1.2882988091789351
.39448004289128935
6.251000180799943
2.1834351186547107
.8185850359648854
.3833624574299672
.009584061435749172
.08437200230400961
.2813369190873608
.5919828094933988
.19108165405429925
1.1767051999328575
2.727311690426523
.7382320134388696
.4421593223556042
3.278850893781412
.7328052432103146
2.4854116022034547
1.623478026150993
1.764793128642
1.0424272066953564
.0001164051738037986
2.2144783681082743
.8884597613046449
.31280696515578926
.0001240842328046651
7.685605313880607
.34291346972863573
.24211731609128312
.5646816513557641
.13602001531577165
.000365606129248373
3.554183056901381
.774388022726832
.4172928748332107
1.0700548665482692
.03374880092160388
.6528958956244529
.10972748605719558
.583397096174524
.5145228486300526
.0001164051738037986
.3465056291884612
.834093610433708
.2793348869157538
1.2844826042835138
.8354474161131661
.5062320138240576
.33748800921603844
.15591478717199503
4.122145145953607
.00023447471814637186
.19623393706840536
2.044846329937072
3.726491542311906
1.0127729946930444
.03271623251170257
.03899937557015526
5.3072392867869755
7.677371701912241
.754154938411229
3.1618434086580804
9.48919110564663
.1969488048774611
4.275547877538958
4.275547877538958
4.275547877538958
4.275547877538958
4.275547877538958
4.275547877538958
4.275547877538958
4.275547877538958
