.8523484196750339
6.763738647469275
.18974007338563864
.2816034426510835
.1834576572850798
3.576332826856978
.0010906825720041389
2.6621852450645043
7179087144462344e-24
.04075815080500813
.2869699569553975
3362790933749557e-20
2.9263797141233234
2.5880285191227927
.047976216804461555
.0038335770882972397
.8268048809488248
.056794972715706195
.7166077786921684
.00011268402823556712
1.140009719193131
.3896568323378144
.04070606682525531
22276973800300194e-23
.5823394587349462
12075499619417479e-27
741953323966957e-26
1.2759028487333715
17167091260049166e-21
1.2464179411473624
2.5071979670523357
.07544933448086985
1.1339022831676624
40.913526489969115
47.435179814521085
1.670361145831526
.27394347768327215
.7026615554310508
1.3337354877177405
2.387750474022545
1.3593832455222927
924485014574138e-19
.1331868671167978
.01446369892639104
25.169044008235392
26.788435324173346
578238069124659e-23
3.200941385091599
.004630056790984129
.027420466960902723
.18573685265407797
1.5636891438520544
4.258204850495429
1.0250442827962634
3.7372481297409217
.047188334151112364
.027215915348683596
.8972667877120621
.9599024825930278
.03564013031188725
.00043801282021323614
4.139036294807891
3.829640230858194
.2079496866975746
.18703322946659048
.03476902040770974
.013575526476760828
.013716237704965934
.24243231678711386
.007740918962512497
1.9703134711573473
.00042091830008139034
5906306004946712e-20
11933416789074342e-21
.0011258847663956509
.12105910767848584
.0016181721797087403
.0008155391953840562
.00289292572261052
.6413698700537381
.6126973782197614
2.3669271543790447
.06056563750783643
.0002906074073313876
5370036223381544e-23
.0005201007168387055
.003645181335269418
9581298102853134e-20
3231856844428138e-23
2.9211638655807923
.0026913294238590894
.013553246414834071
1.9120075977064892
4379149201403263e-21
11770372532991754e-25
.1933772299710771
18339746377025956e-22
.6807699408439832
.8643123893533347
.017766022534338018
10412184913718125e-23
.0033949999749667914
416454324097016e-20
.0001784496173972511
.0014740381978988893
10611863092927144e-21
.0005194805911061979
.0358089378614984
.19677771892977894
619063971564231e-19
.0001925670134408128
4992462010324147e-23
6036416747461326e-24
.0005104353905641006
152417602338163e-24
21559932051855475e-23
.0036591770953376293
5947574313766778e-24
.05908689411862579
10727722607874431e-23
4195694221991996e-23
18.368002082801972
63.89604426975022
2.9455476090922925
5.444297034449986
14.568994450451255
36794243587823225e-26
1.2580824608889538
.7255104542567804
.0005208462827535558
.0013123766718863713
.8136945572684521
.0650928922519144
6665684913112637e-20
9794513989237179e-20
.30927382792952757
.03695829278850908
.6092711817113501
.03937244533374029
.23394088862954063
.00036365492907776983
5.469978106354615
2.6199198159885437
1.9217800363243323
.7036814122387159
.18686037058190588
5.798388345868467
1.363866232934392
2.2368752017329947
.8867148449831983
1.3485691953062817
2.8626286889249117
1.3289635853675141
.00036365492907776983
1.6865373075251797
1.454619716311081
1.9875821015643536
.8528247094818753
1.0782810362643092
.09582779369752087
.9309175359321225
.15346565532022727
.20508795591724735
1.8569961059583286
2.4171172896602955
.11405426355594807
3.038030750135639
2.623434395523195
1.6933177802632582
1.4998853656484294
3.1406907009062976
4.677970562062101
2.2604539196513818
1.580081184374414
6.845934328481761
.00036365492907776983
.8795584092223228
2.597989930260231
3.1473010813885955
6.893112538678136
7.267974312071076
.7755549636659372
1.281510067707583
3.125924773617295
.033730746150503546
1.0545464286275825
1.4637863255394323
2.920908714381841
1.7603129772179051
.564136218448569
1.647625254021222
3.8782511737744274
1.6193388616394597
3.373642778466315
.294373716884998
2.727741488901851
3.547720150558368
1.2876096012819618
.39237474578215326
6.217639272315471
2.165979326662832
.8183003595653662
.3833111747900835
.009582779369752081
.08432686537625877
.2790877298637988
.5872501161804637
.19107142919816764
1.1672978577909732
2.7127563243920734
.7379752811235177
.438624414864025
3.2526376398654904
.7325503981434974
2.472147230645439
1.6229134349858996
1.7553746195465296
1.0420646855021694
.00011636469199151528
2.2137082468613065
.8837181481336743
.3126981813927436
.0001240378526893433
7.644588073741713
.34279421593383125
.24082516229332984
.5643795606834624
.13597271211998696
.00036365492907776983
3.535214768264541
.7741187165650344
.4171477543778721
1.069682737382314
.033730746150503546
.6526688403465511
.10914188239142879
.5831942102463282
.5143439148533733
.00011636469199151528
.34373543916291294
.8274253268464873
.2792377436180223
1.2776274602470414
.8351568755438208
.5059611922575525
.3373074615050351
.15583137662949648
4.116634244359818
.00023260017565488746
.19466511610461873
2.044135201019243
3.6966995596391294
1.0124207862394417
.032541629535025
.03881200360085376
5.278915127607534
7.6363984036654315
.7501300954811765
3.1449689940768004
9.438548324185913
.19690706627277232
4.264123547409375
4.264123547409375
4.264123547409375
4.264123547409375
4.264123547409375
4.264123547409375
4.264123547409375
4.264123547409375
