.859037398897091
6.760004192287438
.18988593230458345
.27647564323262835
.18327342075290437
3.552664937612052
.0010765092529929387
2.6282371251549614
7222473092733485e-24
.040533692855452406
.2830026236523436
3260865962644324e-20
2.8472090206569716
2.554677157170543
.048011656381340924
.0036805117011780328
.8215730265148545
.0565263297600669
.7111110140369012
.00011027773385112288
1.1285295863659854
.3840734159832056
.039702747859890856
22270469671519178e-23
.5811523551417944
11603263757845615e-27
7470547205681103e-27
1.2748179281656318
16529442648576898e-21
1.2457240187377259
2.470863525725338
.07374763695261086
1.113653792840428
40.37423387819107
46.78515185587587
1.6488928592890346
.2682322572496202
.6903186400534718
1.3101994159598511
2.3402777158417853
1.327960598739365
9114398956214508e-20
.1322880128401632
.014451416256439505
25.014878797772216
26.586383343591596
5798855131660039e-24
3.162893738559668
.0045878421677139625
.027100625252237533
.18459687361988386
1.5382449401130691
4.198321207677074
1.0101405856803087
3.7164046581029972
.047323452859641235
.026136024256496488
.8955820741553389
.9562747093740323
.035507344756809014
.00043562177511443447
4.084431791279685
3.7751323178098977
.206636752783998
.18491748283008283
.03434650266129826
.01303538413657367
.013752894554418837
.2375078680349928
.007771899847483825
1.9672636610970602
.00040416164774810575
5646728424600891e-20
11642964838713664e-21
.001078476776109654
.12013649677123187
.001585193821166945
.0007829143646457652
.002778550001360729
.6415453160541305
.6057769653633592
2.3448510044110513
.059972914844985736
.0002906709071314952
5249865062756729e-23
.0005164781184003119
.0035147409611698418
9618545490749241e-20
3191271003506107e-23
2.902227605250606
.0026529025295176055
.013401224619896686
1.9001369613335002
4339813203073541e-21
11574058802592985e-25
.19128446536486268
18008862769074105e-22
.6792760909302835
.86263225733448
.017744349223859618
1034015163795655e-22
.0033490299647681615
4128185513613745e-21
.00017721173635922436
.0014727964467950683
10198596260570699e-21
.0004996145062816858
.035855251859348514
.19414350431109328
6214824420868397e-20
.00018879843261041836
491426160977356e-22
5875803500163868e-24
.0005059283554192612
1462891618736566e-25
20767788925548195e-23
.0036889163164430467
5679761310287392e-24
.05913412501976029
10627337192543114e-23
40714216374385796e-24
18.12391206765773
63.04693796286107
2.9064046060988096
5.371948472009823
14.375388958682686
36388714648623213e-26
1.2221191414372554
.7060408337422397
.0004976306130834645
.0012595994349323724
.7937364707813157
.0636603935007799
6431847783295517e-20
9478628566080938e-20
.3091910899503158
.03692616903458537
.6090674456691499
.03933822322417173
.23389394856711773
.00035882236553897427
5.442244183236572
2.6176426096264898
1.9144589202671716
.6943302805371967
.18502043752280412
5.721334309573448
1.350666500316165
2.2349309336643994
.8690985372782054
1.3467662912685525
2.8245875847872854
1.3113031593605824
.00035882236553897427
1.684282573446942
1.4352894621558985
1.9849249002811704
.8471392189825447
1.0773438058876854
.09579574955033851
.9301083923383243
.15333226460936683
.20101348647708053
1.8553820247482888
2.3849965291563
.11253861112989011
2.997658750586293
2.5885719135588268
1.6905181422895488
1.4854501197475682
3.0989544664866937
4.615805613463411
2.230415038503977
1.5590836889209378
6.754959588475599
.00035882236553897427
.8736946942951626
2.595731785120965
3.127966149651975
6.801510853509979
7.171391137052687
.7652487135918664
1.264480245388088
3.0843847617046007
.033685651468938795
1.0405326968905302
1.4443342574942428
2.882093134488373
1.7524899965561183
.5636458772641266
1.6148919873779808
3.8267135931778915
1.6179313495715169
3.3511518565314216
.29339083158812906
2.691492883401146
3.5005749541797084
1.2858881942104894
.3871605282963083
6.1350138644295535
2.122947952465111
.8175891016201797
.38318299820135404
.009579574955033846
.0842141286723469
.2735431115980904
.5755832552894362
.19104586945149518
1.1441072251286601
2.6767068548134807
.7373338408798289
.42991029137451303
3.1880176937341065
.7319136731502373
2.4392951843397594
1.621502815936928
1.7320476721987774
1.0411589339913732
.0001162635490422905
2.2117841152628053
.8719745314251836
.31242638746846985
.00012392197823154184
7.54300012692641
.342496262857315
.237624867713315
.5636250408617806
.13585452608879023
.00035882236553897427
3.4882357543013525
.7734458608327371
.4167851739987366
1.0687529805553755
.033685651468938795
.6521015475513742
.10769150996628964
.5826873040586726
.5138968526081702
.0001162635490422905
.33690646894812026
.8109869202458757
.27899503314939955
1.2606492333982766
.8344309660947241
.5052847720340814
.3368565146893876
.15562304544478003
4.102889201785419
.00022797912268644467
.19079771656334676
2.042358460503655
3.623257463452333
1.0115408008897258
.0321091880092556
.038347502711166694
5.208764304037596
7.534919288321506
.7401617132074404
3.1031759059700037
9.31312067054103
.1968027584560226
4.235696094912723
4.235696094912723
4.235696094912723
4.235696094912723
4.235696094912723
4.235696094912723
4.235696094912723
4.235696094912723
