.8645253785380638
6.756937459578936
.19000300563348857
.2723978275073357
.18312215760787584
3.5333511526217265
.001065015572915216
2.60073144875226
7258161614869321e-24
.04034936012817432
.27978991663948133
32097303859121764e-21
2.8055493322548224
2.527600853185043
.0480402169043923
.0036287987434820263
.8173207430720848
.05630688940576909
.7066385744588652
.00010834317256261306
1.1192152374280862
.37954286935190956
.03965474621326461
22264882885385623e-23
.580162784457768
11231345636960844e-27
7512273981403795e-27
1.2739281567297855
16335790030943824e-21
1.2451025789835954
2.44150244103743
.0723792420068203
1.0973217721548296
39.937013824959855
46.258854668795905
1.6314737663409402
.2636378402304562
.6803593320585626
1.291187166505101
2.3020902123385314
1.3027122729552545
9008885940632246e-20
.13155513038738423
.014440712733947737
24.889088716100783
26.421451157650704
5812537168508543e-24
3.1320192777036047
.004553504438326117
.02684042752153428
.18366983145343727
1.517709668385442
4.149917775862134
.9980590891059294
3.699380676147748
.04743461078961131
.02577044103406223
.8942261913315132
.9533590166597556
.035398729831576485
.0004336688456478068
4.0401697398585785
3.730977065826055
.2055696734264851
.18319677176143848
.03400303318971812
.012853478876707604
.013783026140407873
.23808561451945495
.007797423631469559
1.9647471319757626
.00039852678714073764
5548398395257429e-20
11412035749411161e-21
.0010613518427184667
.11938515376528175
.0015588975819113623
.0007718726752391952
.0027404275349309937
.6416646351544183
.6001484595298203
2.326697959378057
.05949010490871559
.00029070901016371286
51543266069595925e-24
.0005135033032234765
.003411994583525363
9648796354743444e-20
3158522473455273e-23
2.8865774949729297
.002621698300934214
.013277565677091785
1.8904870237723466
4307657087142337e-21
11415557996402557e-25
.1895795006803312
17744978584710079e-22
.6780299058911097
.8612343144668267
.017726692364353473
10280765255101296e-23
.003311807971892519
4098307134530374e-21
.00017619503036335452
.001471779150602811
10063838886393217e-21
.0004933063440304933
.03589284960385725
.19200877988868387
6234446987616536e-20
.0001893777488031603
49455255865938174e-24
58582748998256595e-25
.0005022414553431222
1442017112825922e-25
20530506256027197e-23
.0037134646659858312
5575289566313657e-24
.05917189444361481
10545766781337378e-23
4049612921990996e-23
17.926072472589578
62.35872116781726
2.8746784584421525
5.313308587504648
14.218468029033723
36057834082450143e-26
1.2166025034597754
.7039067425479951
.000488707265078143
.0012416976677348476
.792988271507713
.06373982397816122
63677678392182e-18
9407069884747579e-20
.30912322402325215
.03689983392162453
.6089003411097683
.039310167875367015
.233855443580087
.00035490548097042086
5.419594902340997
2.615775751633421
1.9084731363253906
.6867510106184155
.18352440032470932
5.6588805491033
1.3399322245912475
2.2333370191009196
.8549068977431453
1.3452888970103078
2.7937545470897542
1.2969890485278315
.00035490548097042086
1.682434925923088
1.4196219238816854
1.9827474499917366
.8425028699267066
1.0765754626891495
.09576946690030842
.9294450549215693
.15322291065755972
.19773110729979831
1.8540587979829697
2.3589620424623785
.11131014604065582
2.964936477869753
2.5603152095276287
1.688224633619496
1.473710518771231
3.065126455486881
4.565419741468893
2.2060679545849933
1.5420648198963025
6.681222833149438
.00035490548097042086
.8689130084987579
2.59388055355364
3.112191523503858
6.72726594721785
7.093108638586936
.756895302084557
1.25067725082569
3.050715792774932
.033648698518461716
1.0291743010519545
1.4285679867476728
2.850632369475427
1.7460975943062802
.5632438946529935
1.5885221754522834
3.7849414048727454
1.616777468571461
3.3328111760413126
.2925868736634562
2.6621126999069253
3.462362876739955
1.2844775828466706
.38293430595211597
6.068044401427017
2.088282018971042
.8170060110394439
.3830778676012337
.00957694669003084
.08412174629615421
.2690763853632766
.5661844705359079
.19102490148539308
1.1254249277457498
2.6474880747677836
.7368079869800854
.4228902221580729
3.135960077709854
.7313916848215279
2.412667976608893
1.6203463878280702
1.7131407381534487
1.0404163972253422
.00011618063186519613
2.210206708614802
.862456106950219
.3122035703059794
.00012382698976151776
7.460661165826882
.3422520003733685
.2350309681495217
.5630067476920073
.13575763696153093
.00035490548097042086
3.4501583708668604
.7728942524572501
.4164879299324112
1.067990764186713
.033648698518461716
.6516364798672443
.10651595555814238
.5822717414272266
.5135303501515796
.00011618063186519613
.331405073008236
.7977441939655829
.2787960586577153
1.2468880579452373
.8338358641839477
.5047304777769253
.33648698518461684
.15545232793032984
4.091646347774013
.00022425641761687022
.18768215221541965
2.0409018853383967
3.564092752365526
1.0108193872702684
.03175868593608265
.037970557014185245
5.151905728644529
7.452668537197365
.732082149971906
3.069301813976481
9.21145917409355
.19671722026982116
4.212514349633533
4.212514349633533
4.212514349633533
4.212514349633533
4.212514349633533
4.212514349633533
4.212514349633533
4.212514349633533
