.8672693683585502
6.755403141429372
.19006141663823453
.2704010960930299
.18304638272411786
3.523729066972197
.0010593138994505077
2.5870945248455763
7276069974751196e-24
.040257024454288935
.2781976996089911
3110407211639008e-20
2.7312486047776408
2.51430437773117
.04805568331328168
.0036336269232539603
.8152121839178262
.056197706316248215
.7044145711001981
.00010738905021221532
1.1145927094525134
.3772936794168702
.03996510057896191
2226210094792686e-22
.5796612202428546
11050212602591749e-27
7533105200741979e-27
1.2734833913104904
1637683415345978e-20
1.244771448263551
2.4269716606308718
.07170428180738429
1.0892493746173422
39.720159587449
45.998049033873
1.622902571202951
.26137099276184933
.6754355116762794
1.2818656054318593
2.2832494983624296
1.2903325588147376
8956635094607457e-20
.13119023039022268
.014435106513945634
24.82642754978917
26.33926710837101
5819433858489896e-24
3.116696746319185
.004536342702267152
.026711199043254513
.18320994344140495
1.507555459435918
4.125958382396001
.9920643380421345
3.6908947788102417
.04748932085787092
.025803876934146267
.8935570918203245
.9519208558635577
.03534381358249255
.0004326953739578566
4.018218857783675
3.7090888798557122
.2050405716610652
.18234231708195306
.03383252822242116
.012871081511230597
.013797829256781946
.2403855683284079
.007810062762513555
1.963484168610259
.0003990806293344897
554635541029904e-19
11302733481744264e-21
.0010617806691413918
.11900895688029195
.0015465040592788915
.0007728828804758401
.002744535354768821
.6417175445026585
.5973534518086173
2.317602824241527
.05925015267867557
.000290723868786983
51075750936233206e-24
.0005120176305246005
.003362010601959127
9663637841330956e-20
31423072533260226e-24
2.878727561884525
.0026062055318016443
.013216155832754622
1.8857013620292156
42916404712026785e-22
11337195777976466e-25
.18873198609402725
17615543562560333e-22
.6773975985830326
.8605268033453826
.017717908288195867
10251001165724501e-23
.0032933624709392826
4083360195302172e-21
.00017568719954781198
.0014712710023426525
10081542707327575e-21
.000494320568513088
.03591168029428789
.19095029062686303
6244066690252015e-20
.00019126878203506163
5003032486070412e-23
5898578752909673e-24
.0005004041004935177
1443785943761594e-25
2058474732621875e-22
.003725703364059113
5570341220636514e-24
.059190720324034225
10505032952393974e-23
40728700754334294e-24
17.827964006772827
62.01743511793523
2.8589454921883637
5.284229124910254
14.140651090229866
3589319460209675e-25
1.2240957084724629
.7087775127385516
.0004883935831978677
.001243268387209907
.7994417877327208
.06433123339473146
6389451589667676e-20
9450707734906206e-20
.3090892966460139
.036886673409138766
.6088168060235003
.039296147705080074
.23383619346373025
.00035296310166222576
5.4083056342247335
2.61484282197546
1.9054872662410698
.6829924579207791
.1827809241010774
5.627909789068624
1.3345971202914828
2.232540488152103
.8478982175005205
1.3445508077519719
2.7784644732097865
1.289890694667734
.00035296310166222576
1.6815118623718814
1.4118524066489049
1.9816596207544
.8401942195331941
1.0761914966027797
.09575632827952069
.9291135636396274
.1531682629311473
.19611007218036852
1.8533975385309078
2.3460515654317957
.11070095137882538
2.9487095341522873
2.546302737046658
1.6870790463908514
1.4678755562860468
3.048351177213184
4.540433435777565
2.1939942589752732
1.5336251790379192
6.644656846766062
.00035296310166222576
.8665319882902767
2.592955432928866
3.1043340678959574
6.690447969256866
7.054288422531948
.7527528533141993
1.2438323590348062
3.03401938331158
.03363023724743758
1.0235416834281763
1.4207495081763601
2.835031006220624
1.742910142378811
.5630430108678834
1.5754991854454712
3.7642266166777203
1.616200836706206
3.32367851180037
.29218572121447295
2.647543095035668
3.443413544115241
1.283772857557865
.38083852633708815
6.034834308829086
2.071161908037292
.8167146217114576
.38302531311808274
.009575632827952065
.08407559311859389
.26687044884453875
.5615427885904217
.19101441836534874
1.116198492122793
2.6329985097121487
.7365452006831916
.4194232921886659
3.1102509139443875
.7311308302762062
2.3994635697834585
1.619768483089703
1.7037648076586116
1.0400453274526391
.00011613919545495338
2.2094184272082615
.8577359293643839
.312092221322842
.00012377952283389678
7.419829353834762
.3421299344655989
.2337446558387892
.5626978555025559
.13570921831335858
.00035296310166222576
3.4312758328704227
.7726185958111731
.4163393874047216
1.0676098598765038
.03363023724743758
.6514040704193403
.10593299925241542
.5820640712642814
.5133471969536724
.00011613919545495338
.3286881547173319
.7912041438318489
.27869662463265327
1.2400639042106538
.8335384724036764
.5044535587115633
.33630237247437555
.15536703941447005
4.0860364790460295
.0002224179232409535
.1861435002340191
2.0401739873537807
3.534873680063817
1.0104588734209303
.0315848722935065
.03778347592889335
5.123709615533712
7.4118804684476025
.7280755022973864
3.0525036841821134
9.161045335318446
.19667446511957268
4.20097109766597
4.20097109766597
4.20097109766597
4.20097109766597
4.20097109766597
4.20097109766597
4.20097109766597
4.20097109766597
