.872757347999523
6.752332586645233
.190191488932504
.2664893029993061
.18289538669461583
3.504552985199445
.0010480001389818942
2.5600513688325237
7312621103200078e-24
.04007461542881279
.27504124764917753
3155781238654064e-20
2.7595025157451176
2.48751784392345
.048087750500639015
.003542017958328853
.8110005127423355
.05598472099246845
.6999909948087628
.0001055066654879196
1.1054157425384181
.3728462205986809
.03946537705697821
22258282928210426e-23
.5786798884051081
10699476734850206e-27
7575847339266532e-27
1.2725941030155463
16001490344492076e-21
1.2441413556456218
2.3982056522199495
.07037256899781494
1.0732897353265278
39.28993270099453
45.48107033601989
1.605695996043596
.2568972247774547
.6656983427138111
1.2631940384179043
2.246067251762639
1.2657432909459485
885313256289104e-19
.1304634981585826
.01442439372360819
24.701571101287936
26.175458646288043
58333390579365115e-25
3.086279544923567
.0045029377216916884
.026456658019723956
.18229119103434513
1.4874709291249213
4.078517359487912
.9802327379993474
3.673974997583548
.04760654360729339
.025157117942253764
.8922364567070401
.9490924695062192
.03523982860750081
.00043075438350842927
3.9746741334343985
3.665687750677896
.20398367514225885
.18065942114446484
.033496756465712624
.012547959768747752
.013829680707546964
.23824305456712933
.007836653494698972
1.9609487415327613
.00038905886584934433
53881355220956194e-21
11078326734996644e-21
.0010331164887447022
.11827916480603397
.0015208084543778665
.0007533522861613855
.0026762107118108694
.6418923612496369
.591848697020155
2.299503314433357
.05877800683452319
.00029078896979618525
5016530362771533e-23
.0005090924712331951
.0032647238019225095
9696009891440884e-20
31106580731170136e-24
2.863186640208793
.0025754384470711494
.013095249429352572
1.8761410278080124
4260086492676334e-21
11183221893847414e-25
.1870624846026748
17364155210714084e-22
.6761634286185823
.8591403900497648
.017700417518281112
10192840333062293e-23
.003256797060657022
4053996284056352e-21
.00017468696915419392
.0014702557028469
9835701384307828e-21
.0004825505863859894
.03595230909587275
.18885089235228777
6265116279593802e-20
.00018968526824010237
497848151660222e-22
581498977893533e-23
.0004967801333045858
14070764478082312e-26
20121703629576563e-23
.0037510723087859584
5406217298606123e-24
.0592331552656028
10425757867029321e-23
40051681985500065e-24
17.63335496385346
61.34045631721349
2.8277374055116105
5.2265467797936305
13.986292545761136
35568408690354867e-26
1.2047340434126437
.6986285574932415
.00047422731339649135
.0012118479835522855
.7894676324899387
.06366790486276858
6254083453713197e-20
9273415622754628e-20
.30902145306208106
.03686036646378331
.6086497702299472
.039268122363816806
.23379769798468172
.00034911017648388
5.38579759721731
2.612977960743116
1.8995295332446505
.675536951026856
.18130299514764922
5.566475845334437
1.3239905542226746
2.230948278413528
.8340527611174495
1.3430758438653867
2.7481349127669117
1.2758103210779892
.00034911017648388
1.6796672543008713
1.396440705935522
1.9794857524563299
.8355958800994097
1.075423975211541
.0957300564451632
.9284509357177061
.1530590259425355
.1929077615791524
1.8520757270672588
2.3204421997400817
.10949254607859524
2.916521588289788
2.5185074409348105
1.684790203507023
1.456274848132632
3.0150755488321637
4.490870322174684
2.17004474220782
1.516884213654759
6.572124149875632
.00034911017648388
.8617895036126212
2.591106181408497
3.0886786205483987
6.617415419073106
6.977284210617197
.744535845904792
1.2302547556218792
3.000900199979105
.03359334508601738
1.0123687605232183
1.4052406872078342
2.8040839687149544
1.7365526837129366
.5626414582107656
1.5497726243990853
3.723136532643169
1.615048189878364
3.3054881915021364
.29138506556761634
2.6186426649239105
3.4058254373666927
1.2823645667052184
.37668131460561244
5.968958400140241
2.037341596509169
.8161321547948543
.3829202257806528
.009573005644516318
.08398336271504336
.2625126815050817
.5523732726907709
.19099345385111563
1.0979719205620075
2.6042568474680174
.7360199092281644
.41257446673039255
3.0594631631499993
.7306094002576617
2.373271161684696
1.618613291877405
1.6851666077490663
1.0393035848917682
.00011605636696471322
2.2078427077285667
.8483729326572029
.31186964248193816
.00012368464355854875
7.338834917867411
.34188593324080363
.23119311244645221
.5620805794493641
.13561243281712249
.00034911017648388
3.3938202206887076
.7720675774269675
.41604246126577976
1.0668484587619818
.03359334508601738
.6509395001639863
.10477664064689779
.5816489531118179
.5129810865021049
.00011605636696471322
.3233209568439998
.7782844534286524
.27849786296082557
1.226527437036634
.8329440070041545
.5039001762902602
.33593345086017345
.15519660273704533
4.074839805346123
.00021878602781826508
.18310393527175323
2.038718970117457
3.477152200826295
1.0097382314136616
.031240093620774456
.03741207446425269
5.0677794922679835
7.330972802061841
.7201278714506278
3.0191827272707776
9.061043884554357
.1965889826946796
4.1779794004970485
4.1779794004970485
4.1779794004970485
4.1779794004970485
4.1779794004970485
4.1779794004970485
4.1779794004970485
4.1779794004970485
