.8772934486090289
6.749792672070909
.19029939276584834
.2633357907827388
.1827704624157062
3.4887711356167648
.0010387382011540654
2.5379279005979183
7342996910500506e-24
.03992386930291755
.2724601705928347
3139328576359181e-20
2.7437281870461057
2.4656968147164875
.04811542391851777
.0035042703068941107
.8075505817275372
.05580988020900889
.6963584643613141
.00010397639097526324
1.0978979884184952
.369204559165845
.03946488844460346
22255230557343097e-23
.5778601734719223
1041892597293882e-26
7611221370471293e-27
1.2718593059005685
1586163670808658e-20
1.2435909640054723
2.3747228705847743
.06928991854487294
1.060282288207049
38.93780406818321
45.0583741139483
1.5916676075827267
.2532588000426412
.6577599047505869
1.2480317835139694
2.21582898721668
1.245824036846576
8768576776711414e-20
.12986589015711297
.014415172186834357
24.598837920867044
26.040621523277153
5844944687676829e-24
3.0613660354775565
.0044754663139198216
.026248069008808772
.18153824268369795
1.4710925885915445
4.039779436875432
.9705526061401654
3.660042395966252
.04770310064963925
.024890123927864674
.8911624433928318
.9467941156695446
.035153675248564206
.0004291560862327692
3.9390384689099784
3.6301891367550976
.20311796964578055
.17928059655939838
.03322175365762611
.012415212233768867
.013855889368845868
.2389549811489098
.007858617291656182
1.9588438597995856
.0003849468901815277
5315811814015952e-20
10898907554546786e-21
.0010205662281165173
.11767823768659873
.0015002378945784402
.0007452915911355416
.00264840026533858
.6420300813993397
.5873384623755653
2.28452496806586
.05839082276183933
.00029083829501116586
49432306943991645e-24
.0005066804816436072
.0031869223237532547
9722603255222999e-20
3084882378490229e-23
2.8503054231508895
.0025502278809703695
.01299618248805743
1.8683086174323036
423414664089717e-20
11057742587393858e-25
.18569305353489238
17161294658565803e-22
.6751318877525346
.8579837230419964
.01768604624697589
10144765575852568e-23
.0032268997157668734
4029761114369453e-21
.0001738620676988098
.0014694174942295024
9737747435262895e-21
.00047797631614726605
.03598609475442226
.18713317119843206
6282402280940938e-20
.0001903542019878562
5010059275542003e-23
5806423330106547e-24
.0004937990523863558
13918427135617554e-26
19952730407269573e-23
.0037721121701784948
5329229712038689e-24
.05926834834307356
10360622413724738e-23
39913592454064384e-24
17.474105085188377
60.786480046344934
2.8021996198974977
5.179344931805785
13.859979918614881
3530168200818144e-25
1.2013710215986635
.6975645452035765
.0004676719372645155
.0011989314686548743
.7896025262019046
.06379722208927212
6208544255464245e-20
922495896185905e-19
.30896538805250195
.03683863656839567
.6085117410537089
.03924497304999018
.23376588425297526
.00034595730209555347
5.367264261877689
2.6114375599499513
1.8946192209887094
.6694360599766087
.18009043509739592
5.516204039159221
1.3152873364402276
2.2296330914700455
.8227795976811809
1.3418579309756662
2.7233160310333715
1.2642882573953937
.00034595730209555347
1.6781441173843683
1.3838292083822157
1.9776907375106392
.8318141168322615
1.0747899920822181
.09570834684880965
.9279035960235791
.15296879470120664
.19030039568362694
1.8509838927839863
2.299485884874564
.10850369995637456
2.8901819773642816
2.495762364617335
1.6829007000623115
1.446755498489601
2.9878458800424275
4.450312495523264
2.150446692795057
1.5031849699505018
6.512770159918247
.00034595730209555347
.8578891925096173
2.589578674450161
3.0757981948809414
6.5576523958297095
6.914271150071981
.737811813900378
1.2191441121305222
2.973798551216727
.03356288234768732
1.0032258831406597
1.3925497155015525
2.7787598013798136
1.7313154222515639
.5623097702434287
1.5288257000576342
3.689512242637531
1.6140960878897275
3.290528120347731
.2907249384645713
2.594993250078512
3.3750668387468092
1.2812017073311592
.3732794405000146
5.915051704396418
2.009804627790085
.8156510291835939
.3828333873952386
.009570834684880961
.08390720586921824
.2589645266392732
.5449073251258628
.19097612732662758
1.0831315921248164
2.580737353428333
.735586011327381
.406998057647049
3.018111069045995
.7301786919560387
2.351837739326196
1.6176590881925315
1.6699475766364618
1.0386908954276557
.00011598794950294734
2.206541141963657
.8407111299619502
.3116857893259374
.00012360627580434178
7.272556630348718
.3416843849037537
.22910516745919526
.5615708798773705
.135532486678191
.00034595730209555347
3.363170043257148
.7716124287320637
.41579719622835803
1.066219531064637
.03356288234768732
.6505557588016713
.10383038468232626
.581306059860448
.5126786742795765
.00011598794950294734
.31895090957745775
.7677650615479119
.2783336831110738
1.2154504556041228
.8324529704824818
.5034432352153093
.33562882347687295
.15505586910403596
4.0656083363590785
.00021582888797753985
.18062907914229578
2.037517106050561
3.4301545684460866
1.0091429712943931
.030957958931783488
.03710784927008514
5.0220114991152665
7.264765518670873
.7136242720852807
2.991915965842156
8.97921202997239
.19651835507162108
4.1590705841613085
4.1590705841613085
4.1590705841613085
4.1590705841613085
4.1590705841613085
4.1590705841613085
4.1590705841613085
4.1590705841613085
