.8818295492185348
6.747250988311936
.19040570902289472
.26025218240913434
.18264548045987453
3.4730508380453005
.001029556528437429
2.5160092977837425
7373435098735538e-24
.0397731112110735
.2699040643286076
3126134047089076e-20
2.7303065624188063
2.444073206435932
.048141457267379575
.0035018516375545294
.8041397674762067
.05563550496504977
.6927472756499071
.0001024688780886357
1.090440234058852
.36559352633067743
.03986215026430986
22252024015228541e-23
.5770322076440193
10146280567951351e-27
7646537269066738e-27
1.2711247331411901
1588133353845289e-20
1.24301333583685
2.351502285727915
.06822337985933397
1.0474392364649308
38.58879298762143
44.63980341103927
1.5777681001783956
.24967322759599228
.6499196283859928
1.23305941765676
2.186031466001961
1.226223946224664
8684909555292768e-20
.12927105016799254
.014405605346434121
24.496525755167852
25.906286085814315
58566518147976596e-25
3.036657282198213
.004448005365648013
.026040789407031424
.1807934185691485
1.4549128723704685
4.001464581879082
.9609604118361404
3.646157244368622
.04779810993875041
.024872113943956407
.890104196712669
.9445306256946796
.035066430352601596
.0004275632465185203
3.9037221881015474
3.5950263199912253
.2022621536094826
.17791067097171673
.03294862494775464
.012407475688961805
.013881629208723156
.24208173847292563
.007880363864015402
1.9567307474155309
.00038471726775613136
5297375542135423e-20
10717646465264815e-21
.0010183310113847282
.11707636275136389
.0014792466019625998
.0007447496638157793
.0026472823054625697
.6421537361808936
.5828572103896033
2.269529478347998
.05800570959058691
.00029087982950617584
4871589255485403e-23
.0005042679247216422
.003111397092452737
9748678965710489e-20
30594903931081005e-24
2.8373649450225504
.0025252163009313456
.012897741526026435
1.8605640249623443
4208285464254521e-21
10933749006839752e-25
.18433088309826867
1696253380814728e-21
.6740895100934512
.8568165800698582
.01767175311048261
10096567635675909e-23
.0031972941390204543
4005515212736011e-21
.00017303687678348243
.0014685801731972867
9737941229040132e-21
.00047821634646915144
.0360196470066264
.18543116789439512
6299339946535313e-20
.00019295000478284196
50924885832513486e-24
585583997057674e-23
.0004908257025758456
13906578166415906e-26
19983876319918833e-23
.003793116077589277
5306131919739778e-24
.059302943346845424
10295570339772339e-23
40177076812898956e-24
17.31629341956828
60.23750683046174
2.7768924704177294
5.132569371825771
13.734808042529979
35036113722296844e-26
1.2100773197010297
.70352267903486
.00046587313711041184
.0011981879210128132
.7977590868781932
.064578815038797
6225441509791103e-20
926941757201234e-19
.30890933321466096
.036816919483199546
.6083737431796322
.03922183738312955
.23373407485028286
.00034283290185811797
5.348794702517521
2.6098980672526984
1.889721601963367
.663390267122781
.1788859846859931
5.466386246312254
1.3066413290332495
2.2283186798545764
.8116588037012799
1.3406411224999768
2.6987212928895805
1.2528702514516947
.00034283290185811797
1.6766223616617062
1.3713316074324737
1.9758973503001571
.8280494691751423
1.0741563826981504
.09568664217574342
.9273565789967351
.15287861665293098
.1877282712645777
1.8498927021580356
2.2787188300930543
.10752378427356382
2.8640802439954203
2.4732227029962046
1.681013315708309
1.4372983747472388
2.960862127074997
4.410120953580222
2.1310256367373777
1.4896094464723888
6.453952206052972
.00034283290185811797
.8540065335437554
2.5880520679865726
3.0629714832394814
6.498429102728381
6.851827171314707
.73114850778552
1.208133810771551
2.946941662105768
.03353244723323408
.9941655766563053
1.3799733581435798
2.753664340955598
1.7260939558235173
.5619782778125316
1.5081618969086077
3.6561916193782658
1.6131445471835357
3.2756357559020217
.29006630686642
2.5715574171662485
3.3445860263214984
1.2800399024481233
.3699082893045821
5.861631849293736
1.98263985210958
.8151701872051401
.3827465687029737
.009568664217574338
.08383111808308513
.2554643290687765
.5375422882217613
.1909588023739654
1.0684918473826164
2.5574302679846412
.7351523692177602
.4014970199911948
2.9773178949056645
.7297482375652481
2.3305978858915344
1.6167054470290934
1.6548659912114874
1.0380785671557728
.00011591957237459181
2.205240343496813
.8331185223246578
.3115020445549102
.0001235279577046814
7.20687691344438
.3414829553833271
.22703607906224188
.5610616425053946
.13545258766904697
.00034283290185811797
3.332796672849761
.7711575483560744
.4155520757793958
1.065590974132273
.03353244723323408
.6501722436622742
.10289267451812549
.5809633687512489
.5123764403348731
.00011591957237459181
.31463992840448096
.7573878510549642
.27816960004850305
1.2044735122961543
.8319622234362883
.5029867084985108
.33532447233234053
.1549152630895125
4.056397781082411
.00021291171720073184
.1781876734711028
2.0363159505056614
3.3837921618156694
1.0085480620924203
.030678372249695572
.036806097955351516
4.976656844580743
7.19915616464377
.7071794078444121
2.964895455225842
8.898119212944117
.19644775282262505
4.1402473458757125
4.1402473458757125
4.1402473458757125
4.1402473458757125
4.1402473458757125
4.1402473458757125
4.1402473458757125
4.1402473458757125
