.9090461528755704
6.731963094189004
.19115383347335888
.24309763901798115
.18189708303732063
3.379951911525012
.0009761153696131341
2.388717385215598
756397034850787e-23
.038884264244027834
.2550777798548065
2788363867619529e-20
2.4626125454566203
2.3189493070122036
.04836201871310913
.0032278825060525914
.7839588901009696
.0546417558458032
.6715027339229859
9388122695681958e-20
1.0469050400978932
.34466870638396446
.039181764220228205
2224779742811686e-22
.5721118289135719
8679469619485975e-27
7867353698015175e-27
1.2667221022887296
14807960359275086e-21
1.2394537710266902
2.2174966185259533
.06214978952818662
.9737212832786544
36.55872238054389
42.21249509830273
1.4972983987360102
.22922921159316656
.6048744929553499
1.1474005764829482
2.0161383940168562
1.1153038503571548
8200984969002398e-20
.1257594103182834
.014347291307157313
23.89140099760994
25.110583449405457
59289988079615225e-25
2.892623298472387
.004291438389848092
.024846169433538415
.17638221534670878
1.36186260810635
3.7801370497418287
.9055911740621032
3.5638428026915268
.04842416406341288
.0229352706708588
.8840785989866012
.9317043310688551
.03458406958824105
.00041812136124266526
3.698372564348927
3.390935139381552
.19719807715306167
.17001824931557974
.031376550478727595
.011442350729842456
.014051907900356861
.24224749190637354
.008020786386854264
1.9438868519391717
.00035479738988979467
4802640641677246e-20
9734638124907907e-21
.0009304376451823069
.11365585848492941
.0013654184215415605
.0006863031275574378
.0024438995789401556
.6433437645010339
.5570401249892284
2.1800051990240616
.05578731816620668
.0002913450977761742
4478224495818036e-23
.0004902350963476979
.0027018887994407874
9923929244680918e-20
29158713233604872e-24
2.7607548888453364
.0023793102425529516
.012330875504329828
1.8147178040729437
4058507093478399e-21
10228477323781447e-25
.17646744843482967
15869669539454318e-22
.6679055564421584
.8498826516262648
.017587519386838404
9817859356878664e-23
.0030256016651337963
3864491435506538e-21
.0001682329046686946
.0014635743993961525
9014474667703936e-21
.0004439476948323017
.03624711936208781
.17554117358678165
6413590571098495e-20
.0001937266825240677
52043313003919065e-24
5707239576863271e-24
.0004735548250710064
12806632533189957e-26
1868989841943395e-22
.0039267025512219654
47867767603979565e-25
.05955016507825668
9925387701658213e-23
38683812207139396e-24
16.39890668616239
57.04622978977218
2.629777597117123
4.860654884359452
13.007162097823668
3349668614961729e-25
1.1692392448919993
.6852113475782211
.0004214252545136042
.0011057509293818074
.7845539183965761
.06424778455131366
58558326866650375e-21
8832844664333102e-20
.3085732176907951
.03668688556345218
.6075464128831531
.03908330951805519
.23354330931044198
.000324670218406227
5.239304404743357
2.600680151126369
1.8606006140971505
.6282450189231118
.17182657259853512
5.176786728648024
1.2559458147068727
2.220448466472928
.7480203986203693
1.3333634083204542
2.5557477909241344
1.1864953916874312
.000324670218406227
1.6675207623370367
1.29868087362491
1.965171126911794
.8058166976118692
1.070362562714715
.09555651746387371
.9240812422042182
.1523386636626215
.17300936756095797
1.843359053972629
2.157996319031466
.10182736351953023
2.7123463159781163
2.342195719246727
1.6697333775874368
1.3818397830297793
2.8040008653136876
4.1764805111655745
2.018127650989372
1.4106925610259002
6.112033182829569
.000324670218406227
.8310768259832461
2.5789113098885426
2.9871267292036063
6.1541537718377155
6.488829433042908
.6924135473098577
1.1441290088588936
2.7908178820662215
.03335041524674069
.9414964350140955
1.3068647996004517
2.607780053051882
1.695094195363564
.5599934230418824
1.389913912305477
3.4624930255084565
1.6074470713617175
3.187686346843159
.28614573368659935
2.4353208334159455
3.1673957480709145
1.2730911639736318
.350311199502361
5.551092915564721
1.8271902500566681
.8122910822666661
.38222606985549484
.009555651746387367
.08337603811685165
.23543455500254798
.4953960886980436
.19085488565835118
.9847163536661565
2.421942115721727
.7325558797362169
.3700174994334633
2.743880197456154
.7271708349717843
2.207126913806678
1.6109953944417212
1.5671941050221245
1.0344121706460216
.0001155101552755272
2.197451640642932
.7889813700359544
.3104018484377072
.00012305909009174392
6.825069265035526
.3402768694902455
.2150081073774456
.5580159010293809
.1349741817849651
.000324670218406227
3.1562309737864402
.7684338919458398
.4140843846734789
1.0618274063716118
.03335041524674069
.6478758960443556
.09744160180409361
.5789114604132133
.5105667746198109
.0001155101552755272
.28997046984982155
.6980045798466655
.27718713101098974
1.140662626551367
.8290238105947544
.50025622870111
.3335041524674066
.1540743005172854
4.00157099158383
.0001962182962165628
.16421680382357476
2.029123872824932
3.1184847009450927
1.0049859645674677
.02905308610892401
.03504642636848756
4.713002328264179
6.817757547911041
.6697142880768547
2.8078205148413202
8.426712525587208
.19602467167369406
4.029083488059347
4.029083488059347
4.029083488059347
4.029083488059347
4.029083488059347
4.029083488059347
4.029083488059347
4.029083488059347
