.9271905553135942
6.7217343832471395
.19170099927351206
.2328064405499938
.18139915720226824
3.319003099779716
.0009420112449749021
2.307736385787349
7696129439852761e-24
.038301844251380834
.24566185764724438
23651830510412454e-21
2.1328956655700027
2.239733196279904
.048548648239417916
.0030645386958243815
.7708883597370308
.054009077199947526
.6577187033230836
8856647880880098e-20
1.0189767543852615
.3313689204140228
.03882777029491628
2225202283455258e-22
.5688140655375542
7839537368127734e-27
801963378060838e-26
1.2637917085638999
14165847524441843e-21
1.2368933828258406
2.1329882038085306
.05839491701012607
.9276153474231367
35.26440390678744
40.671246266490364
1.4463190957132996
.21656438316918258
.5766634757255399
1.094048949889091
1.910889167765303
1.0473184541085223
7894854658671162e-20
.12347204416262425
.014305801287286212
23.496195451547997
24.589640670632388
5979203340733483e-24
2.8005112101137355
.004192607837767559
.02408603598256163
.17352041021579304
1.3034852379226
3.640337895504215
.8705520613517099
3.5099138563196925
.04887400601752556
.021779896733354804
.8803594614570648
.9238121023263907
.03428533450917759
.00041193670403757575
3.567506610734312
3.261218165213617
.19391824222198314
.16499896982446294
.030378396013992313
.010866791864792188
.014174435421286439
.24292717148975504
.008120503539032008
1.9351762383719602
.00033695182297795276
4510273138447901e-20
912211732520768e-20
.000878343465846248
.11149992997783635
.001293195980914822
.0006514628624826684
.002322468167799553
.6442908586914673
.5406207030178786
2.1205650206284363
.054373781058700534
.00029172488157030085
4245642122666225e-23
.00048113344958160753
.0024655972568152053
.00010050352739581065
28274437222824232e-24
2.7099402122201313
.0022859726920109644
.011970417122958663
1.7850038090911076
3962328452774119e-21
9789601408481375e-25
.17144889893913012
15218613320182403e-22
.6637659971448444
.8452429101617279
.017532769412543298
9637528814972319e-23
.0029165810563143964
3773105539412362e-21
.0001651141991734496
.0014602539342162505
8583006503331042e-21
.00042348139399601997
.036411530610526384
.1692442876113739
6496166767261211e-20
.00019472022268927938
52963477206883376e-24
5624021183764597e-24
.0004624293833372633
1215191202671348e-25
17924233342005616e-23
.004020989521653677
4479989562709012e-24
.059732281250849825
9692437461623624e-23
37810572647063413e-24
15.814478200550198
55.01320147124081
2.536056901707782
4.687429606143392
12.543609484687707
3250923006229866e-25
1.1451785049602792
.6748587195005576
.0003952544826136824
.001051614896736889
.7772378313574305
.06416221618544009
5634300145462282e-20
8576128362721322e-20
.3083493438760189
.03660045153256508
.6069954844968422
.03899122953006572
.23341621878957827
.00031309953703716713
5.167558877793585
2.594552967936585
1.8414363625255614
.605855460153779
.16727575612819195
4.99229506185209
1.2232463010715782
2.215217106318292
.7083915950771602
1.3285335606353883
2.4646653889298076
1.1442107614849282
.00031309953703716713
1.661480495112426
1.2523981481486706
1.9580526795636481
.7913274817496084
1.0678407964381509
.0954698659803796
.9219041136362256
.15197975489841092
.1638436359166694
1.839016113683203
2.0810890870540777
.09819841355387082
2.615683015171576
2.2587239413164477
1.6622555006279278
1.3460613779463628
2.7040711559292605
4.027638016538237
1.9462050948451235
1.3604179340106473
5.894210960567234
.00031309953703716713
.8161334132127229
2.5728354139276157
2.9376098179285375
5.934830445110418
6.257578848383564
.6677371338991316
1.1033542427852134
2.6913579912546184
.033229609902248484
.9079431411113462
1.2602904132497534
2.514843311817735
1.6747376091949573
.5586740826814134
1.3162787207060016
3.3390958018967023
1.6036599379574619
3.1303692476598424
.2835615020717747
2.3485302385371987
3.0545152776953146
1.2684796406838625
.33782671820514676
5.353261627892746
1.7303889280751916
.810377330488186
.3818794639215184
.009546986598037955
.08307402475562113
.22296164685099645
.46915087625290486
.19078563926640216
.9325478152182817
2.3356283150507338
.7308299835048202
.3504146238706539
2.598514256244332
.7254576258660006
2.128468752962432
1.6071999012145484
1.5113420354307237
1.0319751032271214
.00011523801420452811
2.192274460839764
.760863447537168
.30967054397990923
.00012274750079644984
6.58183567812032
.33947517970393715
.20734559273584602
.5559945977665206
.1346561836115528
.00031309953703716713
3.0437483965297023
.7666234673831915
.4131088049276095
1.059325748860228
.033229609902248484
.6463495052278648
.09396895275084631
.5775475492966998
.5093638830772436
.00011523801420452811
.2746083449609754
.6610255263101295
.2765340801816444
1.1000113963085392
.8270706366321634
.49844414853372676
.3322960990224845
.15351619655325138
3.9654321118172637
.00018582299640028632
.15551688672342506
2.024343271997038
2.953272872772775
1.0026182250723206
.028017684698211278
.033920302393667716
4.5450391301005855
6.574784537865263
.6458468367482931
2.7077546797973158
8.126399161149697
.1957431239021992
3.956637408748041
3.956637408748041
3.956637408748041
3.956637408748041
3.956637408748041
3.956637408748041
3.956637408748041
3.956637408748041
