.9317266559231001
6.719172512980202
.19185509655861196
.23036105330729803
.18127444941648896
3.3038985649693915
.0009336698717943518
2.287972604573973
7730363135445135e-24
.038157905752106154
.24336425941038362
25523643515525677e-21
2.271513144443173
2.2198622483764625
.04858471325730897
.003003308124696863
.7676728007643292
.05385772666916476
.654316715041027
8728610696640023e-20
1.012124773376811
.3281253514472023
.0384624146832614
2225537968063957e-22
.5679933963377868
7643946097353533e-27
8059004621848457e-27
1.263059710956701
13909133373998213e-21
1.2362454690614035
2.112436481802365
.0574910617537888
.9164517024827726
34.94797648258336
40.29517655238315
1.4336052384055749
.21351352421817799
.5698281754418957
1.0808379256316145
1.8855242002876753
1.0307860079267839
7820294909035182e-20
.1229068027631402
.014295278895102799
23.398405496482862
24.460559393656467
5991996043248112e-24
2.7779584279455847
.004168134793565043
.023902011000505236
.1728157416504239
1.2893262552086202
3.606309568101594
.8620259946030936
3.49654992767098
.04898555800269654
.02134719880730703
.8794654642371749
.9219178590480843
.03420992656637088
.0004104043427204071
3.5355197045877182
3.2295559918624392
.19311136871083937
.16378399248050882
.030136940429615858
.010650603745167153
.01420475114096592
.24135326537147575
.008145381042838276
1.932981413897481
.00033024411221450824
4408224862147836e-20
8989281199435227e-21
.0008595917082491188
.1109645647759055
.0012777338227579912
.0006384169200564392
.00227659407018781
.6445952660973334
.5366463154236224
2.1057595123362534
.05403199520059152
.0002918521019415729
419110853964714e-22
.00047892375403092144
.002410573726276189
.00010082915371469477
28062561722357996e-24
2.6974440867710623
.002263124625921535
.011883210108231512
1.7776912056608114
3939014973744353e-21
9684157965266568e-25
.17023320729103517
15065674811859762e-22
.6627358712855429
.8440886119632879
.017519255991905947
9593909707702897e-23
.0028899804546348106
37508590845480466e-22
.00016435650019250427
.0014594258325274362
8417597471471876e-21
.0004155100945834919
.03645670351002279
.16770587657279343
6517486760003872e-20
.00019357242032635885
528132086879664e-22
5563805984400289e-24
.0004597263294758767
11907539962143627e-26
17613001412222818e-23
.004044859250804308
4375137819087888e-24
.059784081809044834
9634858625548771e-23
373256067895533e-22
15.671654912530634
54.51636773325938
2.513153333173095
4.645096618597439
12.430325977795006
32269332578743125e-26
1.1310198319191294
.6674659186088558
.0003861746368860686
.0010311155590355336
.7701005667665722
.06370425741618585
554001628626552e-19
8452229311255452e-20
.3082934008055725
.036578874862031326
.6068578304783845
.03896824344989324
.23338445696718002
.0003102718809621475
5.149776534539728
2.5930234290312586
1.8366762219848645
.6003838746998399
.16615701068719302
4.947208781643822
1.2152053230404005
2.213911193203497
.6988168839759361
1.3273288348149406
2.4424065694954287
1.1338771961867091
.0003102718809621475
1.6599738501077828
1.2410875238485921
1.9562771003153987
.7877460696411362
1.067211283738649
.09544821538984066
.9213606334197055
.15189015990813254
.1616291044476655
1.8379319782933454
2.0622944115481636
.09731156669593398
2.59206032943347
2.238325014716638
1.6603912700027204
1.3372624696123292
2.679650221603698
3.9912637209604944
1.9286285800033924
1.3481317643405395
5.840979321875553
.0003102718809621475
.8124397337239905
2.57131867793832
2.9253593802662308
5.881231964827977
6.201065571446186
.6617066843460813
1.0933896597742208
2.6670518717181966
.03319947700215562
.8997433495593353
1.2489085125384418
2.4921313268826064
1.6696867755399702
.5583447335583009
1.298487729724416
3.308939850154797
1.602714549562493
3.1162017347323623
.2829190990970954
2.327320255733619
3.0269294218906473
1.267329372281826
.334775746680001
5.304915396191088
1.7070007707421389
.8098995974566027
.38179286155936265
.009544821538984062
.08299869250538898
.2199480688101405
.4628097732045007
.1907683315944162
.9199433800713341
2.314534851749774
.7303991451651279
.3456783751453424
2.56339240631154
.7250299546345245
2.1092461834985587
1.606252425943115
1.49769284409573
1.0313667340439827
.0001151700791774631
2.190982072855997
.7539919581378289
.3094879872347958
.00012266972682471673
6.522393981667704
.3392750525524908
.20547301882380456
.5554904170157999
.13457680119993048
.0003102718809621475
3.0162597782911615
.7661715280959273
.4128652693370557
1.0587012559451405
.03319947700215562
.6459684697558966
.09312030288498076
.5772070739018084
.5090636032657452
.0001151700791774631
.2708967035648064
.6520910210323464
.27637105801963285
1.090077003122281
.8265830625753547
.49799215503233385
.3319947700215559
.15337698672722622
3.956448503796046
.00018331138909316862
.15341490065796873
2.023149882680836
2.9133560601561586
1.0020271623338108
.027764652141553502
.03364447137573697
4.503992095572696
6.515406521479909
.6400140822551214
2.683300478930571
8.053008244722594
.19567280016695338
3.93873034820568
3.93873034820568
3.93873034820568
3.93873034820568
3.93873034820568
3.93873034820568
3.93873034820568
3.93873034820568
