.936262756532606
6.716608744608953
.19199725501432927
.22796353005646863
.18114999522276018
3.2888458625295613
.000925401132861329
2.268368960557224
7764182814534407e-24
.038013597074734264
.2410887601782481
29647030351198062e-21
2.567252650478584
2.1997653453892374
.04861712277579095
.002986791503746327
.7644642961225926
.05370335906551085
.6509322986409305
8602445987252832e-20
1.0053235858504008
.3249067788169649
.038662554285244906
22257266462615263e-23
.5671597578047947
745446471201875e-26
809774180254431e-26
1.2623279566422843
13858881907730312e-21
1.235565234039631
2.0921090212187794
.05660075218527018
.9054296752962706
34.63436074138869
39.92272510010041
1.420802031198982
.21050477307186552
.5630778087630746
1.0675673569866833
1.860527085183526
1.0143399973788714
7746505835280748e-20
.12234417653478653
.014284281518036557
23.30101688712168
24.33193208019622
6004883027599522e-24
2.75559276653105
.0041441370992912905
.023717599560960593
.17211248431037812
1.2753368960524853
3.572639949572302
.8535667373030199
3.4832330718046087
.04910126627981084
.021229830295445284
.8785854338770371
.920050295627524
.03413737472705735
.0004088774589328936
3.503819422900003
3.1981948604787767
.19230622293396815
.1625666511664811
.02989515466255699
.010592779850422559
.01423624993243158
.2433303226712777
.00817098399894819
1.9307797293002926
.0003284549675939196
4372233387810585e-20
8845517714886998e-21
.0008536742168179446
.11044077996414522
.0012606356394742624
.0006348823542758323
.0022646051452169694
.6448413693098805
.5326638854947603
2.0909293791354173
.053688556471674566
.0002919501132510714
4137463736657965e-23
.00047668503162431023
.0023570651052780742
.0001011543816029437
2785256037113087e-23
2.6847653784703747
.002240469575852314
.0117957840084439
1.7703935820986447
3915537978255236e-21
9579357174329135e-25
.1690131288142689
14914283958451053e-22
.6616895318780621
.8429176041866562
.017505800782004224
9549515470453461e-23
.0028636345846625106
37283783978966077e-22
.0001635889814999598
.0014585985296126384
837742039007846e-20
.00041371526026242076
.036499374612899954
.1661815256850965
6538742338158152e-20
.00019527461617336456
5344627959066326e-23
55847545110935305e-25
.0004570054719048748
11840629726632415e-26
1756102170272986e-22
.004069110352897307
433552515204761e-23
.05983152384687325
9578419249158993e-23
37391812680786586e-24
15.530121486341912
54.02402098674678
2.490456610729494
4.603145947588082
12.31806555385769
32028515168565196e-26
1.133534120586744
.6699150200921745
.0003829012929311031
.0010260502723607242
.7740882707746827
.06416838326797407
55278390134962674e-21
8453470616063458e-20
.30823746788474105
.03655731091136007
.6067202076770104
.038945270920457374
.23335269946673234
.0003074697619384903
5.13205538298957
2.5914947918185525
1.8319283864786673
.5949617040810378
.1650457474503987
4.902529683434665
1.207217202171218
2.212606049949615
.6893715858965821
1.3261252014503748
2.4203487733114315
1.123636955105006
.0003074697619384903
1.6584685713419711
1.2298790477539634
1.9545031311778986
.7841808663880325
1.066582142148998
.09542656970920778
.9208174735952321
.15180061773582515
.1594445048697025
1.8368484820221638
2.0436694740093153
.09643272910544723
2.5686509842583627
2.218110314353151
1.6585291301245866
1.328521077814592
2.6554498369622714
3.9552179279409825
1.9112108017089562
1.3359565531949444
5.788228427325066
.0003074697619384903
.8087627711934848
2.5698028360940786
2.9131600294508186
5.8281175416966216
6.145062675692913
.6557306968265629
1.0835150686368527
2.6429652649536806
.033169371426839386
.8916176117438714
1.2376294037421849
2.4696244578139206
1.6646511746715849
.5580155785928347
1.280937204056159
3.2790562420318063
1.6017697184921766
3.102098341532246
.2822781514736499
2.306301823955299
2.9995926987237094
1.266180146953209
.33175232900669427
5.257005787674638
1.68392873073988
.809422146057835
.3817062788368311
.009542656970920774
.08292342856709839
.21697522267615732
.45655437731726384
.19075102549254588
.9075093080845997
2.2936318871662804
.7299685608129282
.34100614216456765
2.5287452678019338
.7246025355234695
2.0901972163861355
1.6053055092265878
1.4841669209697865
1.030758723506185
.00011510218419940392
2.189690446759818
.7471825263484226
.3093055381103969
.00012259200213130412
6.463489113462622
.3390750433798516
.20361735645082693
.5549866934605816
.13449746558576747
.0003074697619384903
2.9890194145210627
.7657198552355701
.4126218773154192
1.0580771311806443
.033169371426839386
.6455876589116719
.09227931732291961
.5768667992237144
.5087635004749744
.00011510218419940392
.26723522918925
.6432772756725063
.27620813196232313
1.0802323291601157
.8260957759528358
.4975405714025903
.33169371426839356
.15323790313788554
3.947485247961125
.00018083372899217848
.15134132530546066
2.0219571968906025
2.8739787682926505
1.0014364480381601
.027513904765704245
.03337088334344014
4.463315763917152
6.45656475823638
.6342340043771831
2.659067128183853
7.9802801343626415
.1956025016965937
3.920904331940161
3.920904331940161
3.920904331940161
3.920904331940161
3.920904331940161
3.920904331940161
3.920904331940161
3.920904331940161
