.9471592311311721
6.710442328784957
.19235607560893955
.22239142981522983
.1808512312213765
3.2528944453719615
.0009058314109662128
2.222043662379727
7846890873350025e-24
.0376697888067079
.2357116013516808
2887923173411675e-20
2.5033201765484763
2.1541512226373687
.048737987156941096
.002901778688734342
.7568247908018821
.05333999247846051
.6428706790667988
8306851050872144e-20
.9891894637841959
.3173052450007184
.03854115294104948
22264164866175673e-23
.5651656108203608
7021541677943002e-27
8192442935133803e-27
1.2605711627779481
13525796232299566e-21
1.2339277399978246
2.0441783475716844
.05451626779113698
.8795200261719917
33.89234749374019
39.04259005407814
1.3914971737052773
.20345675696745796
.547202604686407
1.0374223558066629
1.801947113336546
.9767127348496262
7572347539618706e-20
.12100326645437483
.014257691603884359
23.068703518591512
24.024779660131433
6036224170339027e-24
2.702622425342228
.0040875813231627065
.023282592806093936
.17043716427979894
1.2424119630499793
3.493197215321528
.8336167216993331
3.451436384900953
.04938654801962799
.0206281305027
.8765274180685502
.9156863034425792
.033967926769134744
.0004052321429541573
3.4288258268629046
3.124074578863304
.1903891263789162
.1596953224877557
.029325164387588816
.010293204244821896
.014313950432727051
.24429844069896
.008233862426963546
1.9254642095082195
.0003191656035731276
42205990796320896e-21
8513817627508787e-21
.0008266389401186449
.10920746815546448
.0012210957575839478
.000616751470530376
.0022013558126403212
.6455027717934605
.5232705885171407
2.055410101790323
.052878478306292005
.00029221962179341025
40137429693656104e-24
.0004713835092027966
.0022344285051112997
.00010196341362689901
27362161290123914e-24
2.654512553595659
.002186832469839689
.011589609197560288
1.753013768307838
386007015369857e-20
9333725451441738e-25
.16613325769697382
14564293492123804e-22
.6591882482577014
.8401167676186014
.01747373076683214
9444672971865556e-23
.002801374936242245
3675156217855756e-21
.00016177075705299505
.0014566144107857567
8153288379844267e-21
.00040308396471191055
.03660611341136127
.16257645717191702
6591679267495402e-20
.0001963354632347235
5415277255630208e-23
554884508407121e-23
.0004505691586851903
11500328751927996e-26
1716937949715679e-22
.0041285803891542
4176326637069125e-24
.05995176441603777
944552935838079e-22
3696882104659452e-23
15.195335573912827
52.85941443971865
2.4367693430850403
4.503915016428734
12.052522568927639
31459110364584594e-26
1.1218422841807862
.6653443244333787
.0003693455569939334
.0009984195090933345
.7715132204181748
.06428038027212948
54131434942200366e-21
832566486381666e-19
.308103149089329
.03650556261655603
.6063897421413484
.03889014237542566
.23327643028052292
.0003008415752314219
5.08973499011258
2.587826430193286
1.820573380506765
.5821359964948924
.16240658183474538
4.796844877638214
1.1882423068547905
2.2094740200682152
.6672007757490911
1.3232383303502693
2.3681728342383015
1.0994144901626226
.0003008415752314219
1.6548582146548314
1.2033663009256892
1.950248330350426
.7756824450000127
1.0650723536621345
.09537459320986537
.9195140206634815
.15158573805999018
.15431662620622483
1.834248351586188
1.9996136853819442
.09435390961713955
2.513278064978041
2.1702940698947826
1.6540644871040244
1.3077555682821183
2.5982057775800627
3.869954509749043
1.8700104509803948
1.3071570725199007
5.663450437848665
.0003008415752314219
.7999979477616113
2.5661651802754406
2.8840626223781323
5.70247965466162
6.012592339474034
.641594979997953
1.0601575191673738
2.585990337969106
.0330971642930966
.8723968338543981
1.2109495809510185
2.416386273026149
1.652616787049155
.5572256858478162
1.2397411116395403
3.2083689755567595
1.5995023511849447
3.0684798996352285
.28074441499402636
2.256584417613772
2.934929883340004
1.2634237715598686
.32460067817996646
5.143679470116889
1.6297720684188137
.8082763775428398
.3814983728394615
.009537459320986534
.08274291073274143
.20999710439121783
.4418711779678995
.19070945974783257
.8783229926224436
2.2441876091677653
.7289352619366999
.33003907796910037
2.447418545913786
.7235768324646491
2.0451384199781373
1.6030331368701132
1.4521724399690472
1.0292996444610887
.00011493925258293511
2.1865908548056048
.7310753642727995
.30886770409658026
.00012240549555761905
6.324154395300303
.33859506947400103
.19922793666903454
.5537785307286297
.1343070791944816
.0003008415752314219
2.9245845295242683
.7646359490122124
.4120377950069121
1.0565793818674492
.0330971642930966
.644673804482493
.09029003375707909
.5760502218430291
.5080433259612648
.00011493925258293511
.2586407038965222
.6225888999939795
.2758171486136102
1.0569455463573334
.8249264052665168
.49645746439644844
.3309716429309657
.1529043161782789
3.926036892514676
.00017501795364580403
.14647405218387832
2.019095037872409
2.781549026563645
1.000018875813927
.02692078205770907
.03272273542734453
4.367099179790862
6.3173793097745214
.6205616960159315
2.601745090136558
7.808247650999781
.19543373616336748
3.8784122250000617
3.8784122250000617
3.8784122250000617
3.8784122250000617
3.8784122250000617
3.8784122250000617
3.8784122250000617
3.8784122250000617
