.95746535739656
6.704599744925015
.19271115141663378
.21735060831383296
.18056885730060893
3.2191534373710566
.0008876969009835068
2.179172265420237
792671425230892e-23
.03734762181074388
.23073919193247613
3278702861980481e-20
2.761814510281188
2.1110871413161334
.04884379030632454
.002797654746274892
.7496768777110585
.05300362061421968
.6353318648336677
8036696542573566e-20
.9741875154848445
.3102771292696468
.03807366126991678
22272893353219573e-23
.5632812824554111
6639056314744436e-27
8283699201049331e-27
1.258910865706205
13096646299829482e-21
1.2323585024438133
1.9999850845205671
.05261322886091023
.8557342967583046
33.20503665489192
38.22867801986477
1.3639484186164346
.19701431942583475
.5326199356396226
1.0092804061299212
1.7483955575374408
.9421059050701951
7411558993611053e-20
.11974867184850231
.014232062543400557
22.85107904291258
23.7366105019452
6066356923782971e-24
2.653488949330749
.004035379162524914
.022880342269724737
.16886864230251117
1.212132611998817
3.4198798825852204
.8152027116065959
3.4216122050794833
.04966482088112476
.019891693441263174
.8746516776084737
.9117103112823989
.033813067139417174
.00040181356034532114
3.359371770766258
3.055520926537221
.18859531728847995
.15704050487627755
.028798576841408543
.009925709143940097
.014389769886991916
.242963675458212
.008294949776337513
1.9204030730710884
.000307764571317465
40446803303055184e-21
8214810714653783e-21
.0007945282274951164
.10807013901008956
.0011853068214814947
.0005945631626744658
.00212343448707897
.6461851851481594
.5145854853810513
2.021926427022894
.05212908807638576
.0002925012589206766
3902892414637599e-23
.0004664486994250609
.0021256460421695406
.00010275717753024599
2691508558592887e-23
2.6260783033678403
.002137111680198742
.011399003664622081
1.736747097324326
38086433739765413e-22
9108737620333992e-25
.16346748904901737
14249167911736103e-22
.6568261731383424
.8374714266573505
.017443709828226805
9347285020023842e-23
.0027437959057346984
36256340333496033e-22
.0001600775841509502
.0014547418810959942
787386412090188e-20
.0003896655802022834
.036711081052731506
.15923907482239708
664367131773212e-19
.00019553415041805223
54334368509288605e-24
546498368717175e-23
.0004445929959245377
11084789143738056e-26
166551189324238e-21
.004186258913204665
3994289874875972e-24
.060071173529257275
9323020174410004e-23
362371617814691e-22
14.885331397704208
51.781015140897814
2.3870561485893327
4.412029420510825
11.80663577609954
3093088201679237e-25
1.1005870218842786
.6549677815655851
.00035370404883827396
.0009642437095913566
.7619382823550159
.06379356473890646
5257758977174242e-20
8131669138198215e-20
.3079761612678867
.036456685344761236
.6060773461756406
.03883807239148957
.23320431613900278
.0002947040243859485
5.050028613247472
2.5843615912284728
1.8098983386663314
.5702596816114883
.1599492459322561
4.698983139905637
1.1705699555240632
2.206515756875925
.6468876520202136
1.3205136471455106
2.319859095787008
1.0769850359609134
.0002947040243859485
1.6514506921546837
1.178816097543796
1.9462325693579157
.7677292176592928
1.063646329046164
.09532545874059718
.9182828839959231
.15138278002323302
.14961841116288857
1.8317924777742618
1.9588190224238904
.09242896983014727
2.46200399522638
2.126017309964371
1.649852789130942
1.288413850834411
2.5451990744519017
3.7910025146500215
1.8318598588767938
1.2804894053617313
5.547908844249527
.0002947040243859485
.7917954087049777
2.562729343542719
2.856809140956755
5.586141815389108
5.889927806926503
.6285056262113008
1.0385289571140899
2.533232845348683
.03302901384309362
.8545988286382229
1.1862446690096609
2.3670889190896363
1.6413144664713513
.5564796167737877
1.201996829096948
3.1429141669806144
1.5973607786258133
3.037018161149928
.27930144235702314
2.210547224817021
2.8750535800962074
1.2608222526558999
.31797841140958366
5.0387418654777205
1.5801531787547676
.807194176876453
.38130183496238873
.009532545874059717
.082572534607734
.2036036808233038
.4284182800748937
.19067015428339917
.8515821909454274
2.198403327033713
.7279592910335059
.31999094123151334
2.3729061689105073
.72260803595886
2.003414994520764
1.6008868369445424
1.4225462748359572
1.0279215158999968
.00011478536049949035
2.183663229866992
.7161604968159143
.3084541613474839
.00012222935463052583
6.195133600465278
.3381417247765671
.1951634333163835
.552638244034068
.13412725554177682
.0002947040243859485
2.8649192846589875
.7636121784845125
.41148611789655454
1.0551647284853678
.03302901384309362
.6438106511846889
.08844800220742612
.5752789486111599
.5073631071138699
.00011478536049949035
.25076631164379226
.6036339979352935
.27544785722971743
1.0353825126354332
.8238219118898658
.4954352076464039
.330290138430936
.15258947053583455
3.9058578132340274
.00016968948060380154
.14201460661183046
2.0163916729638283
2.696863948865572
.9986799512531285
.02637156385689361
.032121291023952295
4.278004800988421
6.188496735303038
.6079014479796652
2.548666180529766
7.648949465783216
.19527424798886872
3.8386460882964606
3.8386460882964606
3.8386460882964606
3.8386460882964606
3.8386460882964606
3.8386460882964606
3.8386460882964606
3.8386460882964606
