.9579035147993215
6.704351129452279
.192720514064239
.21714100312769669
.18055677254579774
3.2177244907581057
.0008869338961908471
2.1773747549014546
7929853428309013e-24
.03733334493598721
.2305301984829666
2426966283186369e-20
2.1602329913818497
2.1108844435213245
.048878792905971274
.0028251350106563125
.7493766564287587
.05298766389978122
.6350131633506841
8025409403639732e-20
.9735552007564857
.30997755033492425
.03848702393864985
22272545038335083e-23
.5631920365924106
6623177304985084e-27
8287158895312107e-27
1.2588403080313606
13227726863349018e-21
1.232272295602766
1.998130317922623
.05253376479816343
.8547377619270269
33.17612423014407
38.194467883149315
1.363607319753482
.19674558860074443
.5320088017290723
1.008978262958133
1.746156389133227
.9413162942731612
7404806377740787e-20
.1196956259278748
.014230698076385157
22.841871908364496
23.724408982358494
60676479526245055e-25
2.651420637685582
.004033082785574688
.022862593063275136
.16880272536002155
1.2108634905561388
3.4168012670909342
.8144146973013802
3.420349603791865
.04967554803790749
.02008545599063688
.8745734199884244
.9115420331194655
.033805724906908655
.00040166884599351086
3.356450341771649
3.052639319666588
.18851998058238303
.15692339796428093
.02877538228078889
.010023153227984756
.014392671017402606
.24567283931159037
.00829736894157806
1.9201871817396607
.00031079178333908
40834003238598675e-21
8200449822451298e-21
.0008022255625515734
.10801962425534184
.0011835334867988559
.000600404968520054
.0021443448162928353
.6461838713643194
.5142022611289953
2.0204761359148233
.05209566135061378
.00029249765597120315
3898153438945262e-23
.000466223332743435
.0021211687212257125
.00010278370021063739
26895617303760856e-24
2.6247900121853083
.002135019429992589
.011390574894251094
1.7360637777898573
38063383407886343e-22
9099004652001001e-25
.16334931416184442
1423531054999134e-21
.6567135641718359
.8373471470216036
.017442438897503052
9342677597118901e-23
.002741375489362789
36233703260183417e-22
.00016000035781107194
.0014546623597555893
7951805454720916e-21
.0003935398056725886
.036714298446853935
.1590987247473371
6645386083539794e-20
.0001977269541379933
54960217794326114e-24
55231561786869944e-25
.0004443261301222704
11193626128041917e-26
16821990456676182e-23
.004188567348249944
4032006152366342e-24
.06007415741067698
9317636919403848e-23
366192080512055e-22
14.872292875174839
51.7356585469148
2.384965252220236
4.408164787372159
11.796293978362575
3090751908803546e-25
1.1122260621434736
.661992181632674
.0003570813022852956
.0009738053787136587
.7702664414374247
.06450616036234162
53111178260714045e-21
8216162692054407e-20
.3079707636337897
.03645460881424856
.6060640684572908
.03883586021993277
.23320125075322548
.0002944458840087685
5.048347407450872
2.584214388989727
1.8094458868234133
.5697601735046395
.1598456020780445
4.694867155121835
1.1698244809714595
2.206390076297657
.6460378947932315
1.3203979336496683
2.3178270593964676
1.076041671431096
.0002944458840087685
1.651305979426259
1.1777835360350757
1.946062025588975
.7673929051035576
1.0635857449849395
.09532337038570203
.9182305796679279
.15137415743566532
.14942187112107733
1.8316881409993457
1.9571032322091846
.09234800843444177
2.4598474497184903
2.1241550655941803
1.649673969728545
1.287597921469519
2.5429696557989114
3.7876818582013656
1.830255276123312
1.2793677850555143
5.543049259163783
.0002944458840087685
.7914485536792789
2.562583373451712
2.8556562037047457
5.5812487408604845
5.884768636844549
.6279550986786415
1.0376192774540975
2.531013908286165
.03302611958852513
.8538502590711057
1.1852056005852512
2.365015512634921
1.6408356733194045
.5564479203402533
1.200417875643215
3.1401611911765026
1.5972697948085732
3.0356877606439987
.27924026006185143
2.2086109380778858
2.8725352316714607
1.2607117697761465
.3176998842763781
5.034328275509354
1.5780774758422258
.8071482000323681
.3812934815428081
.009532337038570203
.08256529897131276
.2033362252633168
.4278555061086137
.19066848341992854
.8504635451978
2.1964776775105457
.7279178273166175
.31957059835739743
2.3697890987984325
.7225668770432542
2.0016601413136823
1.6007956522871103
1.4213002225205629
1.0278629666826935
.00011477882245849094
2.1835388509421563
.7155331896688379
.3084365921562163
.00012222187174774563
6.189707091181474
.33812246461612
.19499248362408456
.5525898176484024
.13411961580886964
.0002944458840087685
2.86240981317731
.7635686840205073
.41146268012454434
1.0551046275262739
.03302611958852513
.643773980476726
.0883705278644876
.5752461813894886
.5073342082997575
.00011477882245849094
.2504369028431489
.6028410590832444
.27543216803924986
1.0344755890435544
.8237749879492804
.49539179382787646
.33026119588525105
.15257609948048606
3.9050022167014373
.00016946657503119462
.14182805499358803
2.016276821632863
2.693321325005649
.9986230676014315
.026348464187810262
.03209596748478436
4.274257564162572
6.183076039454866
.6073689682844974
2.546433724931242
7.642249514181802
.19526747035112674
3.836964525517785
3.836964525517785
3.836964525517785
3.836964525517785
3.836964525517785
3.836964525517785
3.836964525517785
3.836964525517785
