.9604721256930067
6.702893301864872
.1928085037321559
.21591976105520166
.1804864092381201
3.209356645312127
.0008824739006069974
2.1668399933781743
7949863231183177e-24
.03725325991697536
.22930892027214167
24683534615190436e-21
2.189240469332371
2.1004057038832413
.048908440950171016
.002808909883010853
.7476078198437731
.05290406621269683
.6331477714248391
7959559374737284e-20
.969857041921357
.308249824737885
.03849862483295648
22274691774258465e-23
.562718785766804
6531933797508425e-27
830996048905112e-26
1.2584267248606553
13165869353983812e-21
1.231870174431871
1.9872961254506398
.05207025508275969
.8489233030005984
33.00713228073588
37.99455541694437
1.3568909382419299
.19517514700903682
.5284426555527815
1.0021533600345083
1.7331010904725939
.9329416402412471
7365355429949595e-20
.11938513197485004
.01422412122975018
22.787970460160416
23.652960981013077
6075235652531505e-24
2.639329043201708
.004020259525726137
.02276337977799319
.16841441455783007
1.2034529542185957
3.3988157264617467
.8098910920178426
3.4129567688041096
.049746065395388415
.01997051362942653
.874117053217828
.9105738366208832
.0337678497978196
.0004008215462948513
3.3393750222745617
3.035800143595989
.1880760694928772
.15626865213931607
.028645593308676918
.009966012674804145
.014411884899800796
.24615954378048602
.008312822272156732
1.918920506587789
.0003090201675318898
40538911032166465e-21
8126866154900824e-21
.0007970119619091405
.10774033894404011
.0011746690601252018
.0005969436913789253
.0021322951904939724
.646347923664364
.5120602212268263
2.012137426896959
.05191060112323423
.0002925644364354502
387140047721766e-22
.0004649977162319678
.002095155740103286
.00010298325992023857
26786465548853456e-24
2.6176925148551637
.002122789358136914
.011343559741071794
1.7320375628550293
37936177021161515e-22
9043926598336413e-25
.1626911477515982
14158833699209715e-22
.6561202776906107
.8366833851138469
.01743500351731382
9318451779489111e-23
.002727231959692641
36110766801935387e-22
.00015957978204133585
.0014541963187365977
7909453149531841e-21
.000391542337835389
.036740438064125254
.1582784478601132
6658454788522911e-20
.0001981882016604005
5519182054316035e-23
5520546063065196e-24
.00044284709065301646
1112866907879835e-25
16750837100613468e-23
.0042031278492368936
4000801486122314e-24
.06010372751314708
9287565907444228e-23
3655956244519767e-23
14.7960865202588
51.47056250623487
2.3727445738084696
4.385577135748138
11.735849191996813
30776956136555056e-26
1.1106347091580244
.6616160541805359
.0003544410228181406
.0009686689437864179
.770445458976807
.06460137539051376
5290351221248701e-20
8195536451065144e-20
.307939122976932
.03644243794471419
.6059862363169843
.03882289433706182
.23318328134738742
.0002929371289211254
5.038502923615019
2.5833516136864034
1.806795751776786
.5668406945538453
.15923935998384695
4.670810426565603
1.1654638237761998
2.205653442806474
.6410787665160451
1.319719790149986
2.305950400363132
1.0705279813628754
.0002929371289211254
1.6504578847819122
1.1717485156845031
1.9450625471143426
.765424300699496
1.063230652343381
.09531112873943973
.9179240158355039
.15132361910372452
.14827487613474793
1.8310766068719229
1.9470749396807332
.09187481272981095
2.447243071270197
2.113270791314216
1.6486260662157899
1.282825080094938
2.5299393551077514
3.7682735914049967
1.8208769587159122
1.2728122420525367
5.514646404089162
.0002929371289211254
.7894182389630501
2.5617278199586497
2.8489066907418246
5.552650149776344
5.854614794992314
.6247374260895602
1.032302465608805
2.5180448694290676
.033009157695638204
.8494750886495671
1.1791325492134994
2.352897057662948
1.6380316514657398
.5562621425946835
1.1912032052972166
3.1240708518968203
1.5967365244508287
3.0279002657959015
.27888186047141256
2.19729390778328
2.8578162208766305
1.2600642805080564
.3160719745558559
5.008532131596152
1.5659638077476554
.8068787225710256
.3812445149577589
.009531112873943974
.08252289423909545
.20177537189448713
.42457119360002293
.1906586886086494
.84393520088596
2.185222818635562
.727674801998388
.3171175045007611
2.35159807900604
.7223256382129278
1.9914035370072372
1.6002612047736433
1.414017410777362
1.0275198005790478
.00011474050197943795
2.182809846644964
.7118667626650282
.3083336163831971
.00012217801404474488
6.157990729798875
.33800957780873575
.19399333261638615
.5523060129079685
.13407483814154292
.0002929371289211254
2.8477426855212746
.7633137561763736
.41132530768355685
1.0547523664217269
.033009157695638204
.6435590477321194
.08791771296452015
.5750541275874711
.5071648278384007
.00011474050197943795
.2485144943644049
.5982135191713549
.27534021124443536
1.0291748856111858
.823499959407482
.49513736543457254
.3300915769563818
.15249773788400614
3.899990220240688
.00016816571251051523
.14073935180189345
2.0156036600508442
2.672646801034173
.9982896636378413
.02621345337069944
.031947914317301894
4.252356059689053
6.151393655905113
.6042567800327896
2.5333856741806953
7.603090254495168
.19522774252522906
3.8271215034974766
3.8271215034974766
3.8271215034974766
3.8271215034974766
3.8271215034974766
3.8271215034974766
3.8271215034974766
3.8271215034974766
