.9613283293242351
6.7024072195753455
.19283935099908922
.21551550243473064
.18046303309796152
3.206570746861604
.0008809921475764906
2.1633421182676655
7956618063820533e-24
.03722684280795159
.22890330636273207
24308571469408695e-21
2.1608245174563905
2.097019949795341
.04892144088862769
.0027912145219609816
.7470176771410686
.052876681583257784
.6325270769998834
7937730321960838e-20
.9686276679009047
.3076775770194207
.03833359661890753
2227560189073153e-22
.5625644515999799
6501999539774385e-27
8317705582330308e-27
1.2582888817627136
13087598720187976e-21
1.2317429973284826
1.9836994850374445
.051916633838620926
.8469944273578379
32.950991457673005
37.92815932357977
1.354708273645386
.19465466780582383
.5272595171112424
.999940862521566
1.7287730312145853
.9302059888130394
7352256171366693e-20
.11928181494479886
.01422202054464718
22.770031205198155
23.629175655298198
6077771408036031e-24
2.6353111871289965
.004016094566957814
.02273060922661805
.1682848603194869
1.2009939144727446
3.3928440817082683
.8083945575819402
3.4104958245779238
.04977083676423587
.0198455303966255
.8739658390070356
.9102539413632565
.03375607465830943
.000400539502940694
3.3337025603926285
3.0302073484854706
.18792795938658244
.1560523837441018
.02860272323534713
.009903420608075832
.014418654407878
.24524119954746473
.008318186158682864
1.918497835317836
.00030707705664186795
4026337778285103e-20
8101789873502116e-21
.0007917918702625873
.10765009664732765
.0011716308774824477
.0005931772081519221
.0021189471453495166
.6464114351975693
.5113527090871943
2.00937030145422
.0518495462572902
.00029259133265483557
3862595398028641e-23
.00046459396488682497
.002086572946205546
.00010305390245206631
26750580219511914e-24
2.615347259841768
.002118726033676045
.011328035141371349
1.7306942052400414
37894215302901393e-22
9025735933079997e-25
.1624738237452449
14133745398635655e-22
.6559272174382278
.8364665807254165
.017432528123739435
9310533445156017e-23
.0027225343335559845
3607036540633821e-21
.00015944119897657512
.0014540410256968425
78607129666106e-19
.0003891621170642566
.0367494897296795
.15800596802034683
6663088286329522e-20
.0001974716797424323
5502788683298284e-23
5495621699172124e-24
.00044235882724203416
11058311840465629e-26
16654119859160406e-23
.00420812107176482
3972969866780398e-24
.06011413761266534
9277797503227071e-23
3637916095162669e-23
14.770771275436184
51.38249936269897
2.368684945628731
4.378073667940761
11.715769835533878
3073381073577253e-25
1.1052271664985165
.6585847140077958
.0003520133706629168
.0009627201383484567
.7670632004757635
.06434363744024038
5260234727790348e-20
8152707588718488e-20
.3079285768137147
.036438381891249996
.6059602944914749
.038818573338140046
.23317729185314418
.0002924359305044955
5.035225696885659
2.5830640859343412
1.8059132362461359
.5658708630420869
.1590377906677679
4.662818941161227
1.1640138865653618
2.2054079529657264
.6394341976456255
1.319493819722902
2.302005053135399
1.068696370152671
.0002924359305044955
1.65017528337221
1.1697437220179836
1.9447295017074642
.7647692221141573
1.06311231447649
.09530704854005123
.9178218506376117
.15130677674289206
.14789450439527865
1.8308728075370437
1.9437436075262133
.09171762026043044
2.4430559804874536
2.109655107708598
1.6482769129874808
1.2812380677402242
2.5256107757855615
3.7618262941149734
1.8177615439784653
1.2706345342190049
5.505211164329072
.0002924359305044955
.7887426254729273
2.561442698940834
2.8466604000345943
5.543149887814273
5.844597889057464
.6236685366322261
1.0305362560362876
2.5137366408811577
.033003505667444165
.8480216861021819
1.177115121894405
2.348871387430783
1.6370980427612163
.5562002304637254
1.188147394042662
3.1187257480850334
1.5965588072322052
3.0253088761302593
.27876249619245813
2.193534465504633
2.8529266632770263
1.2598485246591673
.315531193761793
4.9999628239660785
1.5619466175599015
.8067889167451137
.3812281941602049
.009530704854005125
.08250876416861035
.2012577545395428
.42348203481838664
.19065542378337277
.8417702413949897
2.181484029289475
.7275938115908326
.3163039982618923
2.3455654895670093
.7222452431687874
1.9879963611968676
1.6000830952571208
1.411598109099972
1.0274054373398762
.00011472773132970143
2.1825668993028136
.7106487999724423
.308299298766062
.00012216339830796956
6.14745476525671
.3379719572488522
.1936614212895353
.5522114437224874
.13405991557482194
.0002924359305044955
2.84287036315569
.7632287991433205
.4112795270625767
1.054634972190414
.033003505667444165
.6434874194313748
.08776729086304799
.5749901239033641
.5071083802522103
.00011472773132970143
.24787697644519374
.5966789131558728
.2753095658024552
1.0274140271464247
.8234083036332941
.495052585011662
.3300350566744414
.15247162629636749
3.8983209846734077
.0001677343145134022
.14037831105478793
2.0153793228036987
2.665790620545629
.9981785537210294
.026168603674205922
.031898715182622446
4.245080525406621
6.140868978573286
.6032229317715408
2.529051198406701
7.590081808583646
.19521450171284666
3.8238461105707837
3.8238461105707837
3.8238461105707837
3.8238461105707837
3.8238461105707837
3.8238461105707837
3.8238461105707837
3.8238461105707837
