.9630407365866919
6.701434846145509
.19289895996096354
.21471116494626702
.18041603455068178
3.2010040840317027
.0008780359863417991
2.1563608665686056
7970043560665043e-24
.03717344494178134
.22809428814464697
2893284314025766e-20
2.492885532034257
2.089268076678644
.04892385045779735
.0027867524302742264
.7458442102826962
.05282133657238153
.6312873297366082
7894252307363492e-20
.9661738792699646
.30653218274229593
.038427233942808336
22277162949924546e-23
.5622469319011892
6442098208923918e-27
8332962759563145e-27
1.258013222560549
13076026782720423e-21
1.2314697402895556
1.9765282367442458
.051610707099545655
.8431509065849574
32.83899364064543
37.795727798142416
1.3498469902751744
.19361765038897777
.5249017905743679
.9949897681338815
1.7201533657624533
.9243568914797508
7326133911399669e-20
.11907545183248479
.014217553192150257
22.734194473504196
23.581650867944667
6082851796372214e-24
2.6272944288359947
.0040074681696230345
.022664916575081285
.1680271874034322
1.1960924563499273
3.3809359247042727
.8053960855710237
3.4055789876790983
.049816560201419835
.019813725759112326
.8736647639854788
.9096146908609039
.03372993096005243
.00039997601394230816
3.3223865005044657
3.0190521129649017
.18763346772702164
.15561886002347675
.02851680613328281
.009887842856947219
.014431084904087028
.24611524248105446
.008328285315482527
1.9176519273670722
.0003065952930567311
40159172715457434e-21
8055587688944997e-21
.0007901265911974141
.10746160461416392
.0011661078932418273
.0005922211352381159
.0021157357010865947
.6465223866104138
.5099344100075623
2.0038100031750137
.05172700848422353
.0002926362894584079
38450270995215184e-24
.00046378126697708895
.0020695380676528127
.00010318459395817672
2667838759463719e-23
2.6106278710041706
.0021106194382784988
.011296906952330531
1.728022940332334
3780994427743728e-21
8989347524613648e-25
.16203792570724865
14083402783680571e-22
.6555288431012604
.8360215014049553
.01742758670825626
9294441950352955e-23
.002713165005529853
3598870026875109e-21
.00015916228149171518
.0014537305180300877
7850351717354991e-21
.00038871424759310413
.03676715428777678
.15746242206546737
667164793149959e-19
.00019822221306547823
55304714369476095e-24
5506158400238087e-24
.00044137855724686614
11040213967642144e-26
16644379514195169e-23
.004217740666022519
39613215842717875e-25
.06013419604624889
925757990792846e-22
364212214038571e-22
14.720270650426553
51.206824830612184
2.3605865147496283
4.3631052243540065
11.675714127667943
3064728805223173e-25
1.1066454156135954
.659812220139314
.00035105995046810686
.0009614872471326389
.768977821103897
.06455873401890816
5258264121788027e-20
8157337751283898e-20
.30790748557080877
.036430271138591
.6059084141720601
.03880993278302812
.23316531332618828
.00029143610476822476
5.028677636925118
2.58248912643241
1.8041494981481205
.5639361751557551
.15863541716765267
4.646876965861198
1.1611194214392409
2.2049170552504527
.6361577055929055
1.3190419949381906
2.2941345979106273
1.065042543711801
.00029143610476822476
1.6496102257107026
1.1657444190729007
1.9440635819621062
.763460746385517
1.0628756782543554
.09529888866527776
.9176175543536065
.1512730976446968
.14713668573297334
1.8304652769135288
1.9370980326128853
.09140404170307709
2.4347032782725524
2.1024422885871474
1.6475788283507886
1.2780699305901613
2.51697582231361
3.7489647735154095
1.8115466962648565
1.2662902899720174
5.486389086630871
.00029143610476822476
.7873931326432834
2.5608725521038176
2.842173130653474
5.524198099269404
5.82461546289816
.6215362410119463
1.027012897367031
2.50514228456036
.03299220451421402
.8451223368149108
1.173090616453527
2.3408406982460037
1.6352324214012122
.5560764268735541
1.1820592687775846
3.1080629603013086
1.596203432132684
3.020132748323869
.2785239208800669
2.186034866504521
2.8431726310118512
1.2594171237841387
.3144524063242335
4.982868168384003
1.553943126820665
.8066093350784176
.38119555466111105
.009529888866527779
.08248051128553498
.2002264999777364
.42131209219307675
.1906488943005385
.8374569695738987
2.174025630207035
.7274318578174833
.31468324112947044
2.333546697462994
.7220844799234829
1.981199488042094
1.5997269356927855
1.4067719165171575
1.0271767490460975
.00011470219429420078
2.1820810857358226
.7082191226122199
.30823067499004747
.00012213417207950113
6.12643688460073
.33789672869015536
.19299930130724036
.5520223539268813
.1340300754238526
.00029143610476822476
2.8331507129435534
.763058913443386
.4111879811062368
1.0544002229243656
.03299220451421402
.6433441867457478
.08746721831021137
.5748621379052409
.5069955039270264
.00011470219429420078
.24660684271389607
.5936215012686465
.2752482851506539
1.0239013432420412
.8232250226877222
.49488306771320983
.3299220451421399
.15241941653327784
3.8949846565825674
.0001668748356952609
.13965900573417986
2.014930723213022
2.65213097923368
.9979563709857227
.026079134355608158
.031800544093569666
4.230566779593919
6.119873614435739
.6011605387856536
2.5204044822793383
7.564131648767338
.1951880227820916
3.817303731927582
3.817303731927582
3.817303731927582
3.817303731927582
3.817303731927582
3.817303731927582
3.817303731927582
3.817303731927582
