.9656093474803771
6.699975760458888
.19299365008079963
.21351499619656225
.18034568732989317
3.192666648812849
.0008736200481279703
2.145939480934506
7990483460382649e-24
.03709410896237196
.2268862645778092
2777485478273384e-20
2.409151049924104
2.0791895544139285
.048959751350535104
.0027484297703872017
.7440834175645734
.05273999227715875
.6294318109486324
7829483368423197e-20
.9625056027239305
.3048259218616223
.03812946336088173
2228018130891304e-22
.5617794734094034
635372565105763e-26
8356308337482396e-27
1.2575998013767993
12910037374059808e-21
1.2310773025798465
1.9658261754999886
.051155088369174005
.8374197428758113
32.671704072622276
37.59797860739262
1.3433489221149129
.19207320279769124
.5213857201947808
.9884203511902526
1.707310773396139
.9162536485348931
728714031102776e-19
.11876658332687041
.014211080704137988
22.68054366317809
23.51047797872749
60904960924139535e-25
2.6153165258978315
.003994759253413009
.022567439043971314
.167640534242932
1.1887816263144724
3.3631610805426146
.8009342217721636
3.398216251917322
.04988766491022171
.01954289993091459
.8732165130476977
.9086653075215023
.03369239515522391
.0003991322487615005
3.305484334474112
3.002394756241137
.18719156187307018
.1549755678372025
.028389319736257763
.009752373459737956
.01445045416962922
.2446173503577273
.008343862945641406
1.9163814611693715
.0003023905940103234
3954781472909055e-20
7986824009532453e-21
.0007786749703241302
.10718477142089738
.001157885601283608
.000584061507640033
.0020868925187386284
.6467167485783117
.5078299183148833
1.995503391033406
.051545424166033006
.00029271809934262335
3819071715968314e-23
.0004625789408863663
.002044308608021349
.00010339059156880455
2657164146459307e-23
2.6036201562278594
.002098509492338608
.011250733729171673
1.7240144115152634
3768508575345641e-21
8935355932031691e-25
.16139135580331168
14009233735094092e-22
.6549432970384093
.8353653979766879
.017420187960038618
9270798613357421e-23
.0026991741151466894
35868027070539563e-22
.00015874952419955716
.001453264956445341
7745631081299765e-21
.00038362500711600783
.03679483448619872
.15665062511589808
6685162100954223e-20
.000197084970451075
55090823274751316e-24
5459640368928262e-24
.00043992485201996495
10887703333169417e-26
1644158225322348e-22
.004232480910447569
3899139833583712e-24
.060166208816035606
92277955099016e-21
3606881236195878e-23
14.644843264813465
50.94443855971788
2.3484907541790907
4.340748460131177
11.615887198345128
30518830431806957e-26
1.0961437824943392
.6541214433599672
.00034565389857973446
.0009487216881452502
.7629644773477515
.06413339607440213
51954375487455206e-21
8071320802606145e-20
.30787585141508594
.036418108394522364
.6058306020212347
.038796975556386434
.23314734668952147
.00028994277193637963
5.018871509945949
2.581626927131578
1.8015071202526476
.5610465386568902
.15803376490905216
4.623066141378128
1.156791213368702
2.204180913547484
.6312744198104732
1.318364547835405
2.282379340206863
1.0595852137111081
.00028994277193637963
1.6487630019889243
1.15977108774552
1.943065129868628
.7615022292065499
1.0625208226782825
.09528665016301426
.9173111951880646
.15122259305294886
.14600723232983584
1.8298541510559991
1.9271722477040318
.09093568293007227
2.4222277397865537
2.0916692716368153
1.6465322557107092
1.2733324073753312
2.504078715294524
3.729754894951551
1.8022642425342028
1.25980175669243
5.458276561047061
.00028994277193637963
.7853732213588022
2.5600175697918517
2.8354554857341294
5.495891838458595
5.794769848846544
.6183514589629859
1.0217504331312206
2.4923058131665607
.03297526003977846
.8407918886932029
1.1670796428520485
2.3288461162034313
1.6324379749371403
.5558907731561571
1.1729855231159894
3.0921370939240074
1.5956705177946973
3.0123851569796423
.2781664406974144
2.174833517103061
2.828604075616595
1.2587702994336025
.31284113683931447
4.95733570857254
1.542014719271409
.8063400375245068
.381146600652057
.009528665016301426
.08243815009944606
.1986895175408166
.41807800836184206
.19063910049556998
.8310284665832641
2.1628858167187817
.7271889947468149
.3122676636965993
2.315633882275536
.7218434021480301
1.9710477251221188
1.5991928449849644
1.3995635485233444
1.0268338120455913
.00011466389939850802
2.181352568133474
.7045901732451587
.30812776796528935
.00012209034584636705
6.0950447228461755
.33778391724779605
.19201036346306183
.5517388406302798
.13398532765080753
.00028994277193637963
2.818633510345856
.762804155793129
.4110507003772719
1.054048196994925
.03297526003977846
.643129397493654
.08701903201250921
.5746702123213909
.5068262365467548
.00011466389939850802
.2447138346149798
.5890647327004035
.2751563897476557
1.0186548227615067
.8229501777593453
.49462890059667636
.32975260039778426
.15234113540763136
3.8899855174706945
.00016559386793297163
.1385869526393348
2.0142580110443635
2.6317726413715774
.9976231896079124
.025945503597709085
.03165385366328583
4.208889148833977
6.088515083197999
.5980801628298594
2.507489806639164
7.525372668837632
.19514831112006997
3.8075111460327467
3.8075111460327467
3.8075111460327467
3.8075111460327467
3.8075111460327467
3.8075111460327467
3.8075111460327467
3.8075111460327467
