.9673217547428339
6.699002685083913
.1930461852047445
.2127243983557323
.18029906093850287
3.1871168563316337
.0008706882464519537
2.139019190554098
8003625599132782e-24
.03704087359535207
.22608456836611687
2507234492812485e-20
2.2130382080981232
2.0728619320168424
.048996042152555146
.0027431473608637014
.7429111841260736
.052682701310266734
.6281975286091325
7786601875699387e-20
.9600684587112873
.3036907614671542
.03821009409298623
22280864622795873e-23
.5614615530730828
62962339689556766e-28
8371258216807299e-27
1.2573242324222902
12894449433452428e-21
1.2308020748725867
1.9587278012897664
.050853509545146613
.8336218011249219
32.56064733709641
37.466741793046516
1.3392201329288829
.1910503544196048
.5190554055064027
.9842625772962472
1.698807216852453
.9110358897585576
7261270447088752e-20
.11856112082828185
.01420656704062628
22.64484585809697
23.463105294992754
6095608343129648e-24
2.60736263808409
.003986718500243182
.022501230682716446
.1673830979811768
1.1839351631778336
3.351369099361842
.7979641189052161
3.393315974703796
.04994025411947561
.019505311243687835
.8729199029421748
.908035473955264
.033670842229947935
.0003985706850417521
3.2942639958582647
2.99133981893439
.18689736074031554
.15453869344099086
.028302798525857823
.00973388301514962
.014464864198286579
.2454095701349772
.008355116370827552
1.9155332495419548
.0003018182787402957
3943280497537298e-20
7929641158576064e-21
.0007767881184447564
.10701158504682771
.001150744518776839
.0005829312043641329
.0020830529243764284
.646799825471519
.5064005024146908
1.9899503268362084
.05142143476376347
.0002927498643710811
3801702199894941e-23
.00046174870710656487
.0020277012037909045
.00010353120938457361
26500336614669486e-24
2.5988037488915747
.0020904693386252964
.0112193382890866
1.721345589443888
3759963977263475e-21
8899055751563566e-25
.16095122758103164
13959139239563494e-22
.6545454334761325
.8349199230422191
.017415255108252856
9254358859117279e-23
.002689887372863215
3578532678953314e-21
.0001584646960521545
.0014529547203780027
7732921508815254e-21
.0003830594177741463
.03681096568363775
.15611176557524772
6694355293796428e-20
.0001977700427556444
5535752580446257e-23
5468156961651135e-24
.00043893193238578267
10866366394591284e-26
16425986202298783e-23
.0042427130942420625
3886278949574935e-24
.06018368292237879
9208939243450823e-23
3609880673907173e-23
14.594773182198951
50.770261738477075
2.340461366362856
4.325907629807661
11.576172984874548
30431484941581093e-26
1.0971885095616531
.6551284871562848
.00034462200053627875
.0009472547400207619
.7643203381252585
.06430051661110728
5191824017406601e-20
8073382914128795e-20
.3078547637835505
.03641000215450386
.605778732805661
.03878833980868517
.23313536970087556
.00028895147020089327
5.012344717790098
2.5810522875241926
1.7997476853705818
.5591283449259521
.15763393164391531
4.607260079172785
1.1539147083167058
2.2036902889566656
.6280397388578277
1.3179131097391492
2.2745759844416025
1.0559625379181141
.00028895147020089327
1.6481984279247806
1.1558058808035747
1.9423997800421562
.7601993431130591
1.0622843181152233
.09527849203468247
.9171070125699202
.1511889326930469
.14525908414175054
1.829446847173364
1.9205833295496957
.09062477778246612
2.413946248421353
2.0845179453071765
1.6458349099780396
1.2701838186737013
2.495517379001545
3.71700302507181
1.7961023794206739
1.2554945492409817
5.439614950717567
.00028895147020089327
.7840294933839352
2.559447740171721
2.8309858789687734
5.4771016231305
5.7749577825910485
.6162373422001614
1.0182571128086186
2.4837847279142724
.03296396855849558
.8379172577690448
1.163089448277845
2.3208838925506217
1.6305776641461096
.555767038447521
1.1669750880179042
3.081565211593238
1.5953153404178941
3.0072311409062342
.27792837551148525
2.1673978558327356
2.8189332012215
1.258339267767488
.31177154658945516
4.9403867932452945
1.5341133605522903
.8061605557730138
.3811139681387299
.009527849203468249
.08240992139623887
.1976714227508003
.4159357562319776
.19063257157176847
.8267702361408362
2.155491004116788
.7270271310809051
.31066758893958674
2.303768461188861
.7216827283477822
1.9643087986174474
1.5988368835798055
1.3947785015800842
1.0266052509888393
.00011463837657123998
2.180867024862233
.7021812100663911
.30805918237000157
.00012206113709488404
6.0742060298473035
.3377087305445786
.19135388837571576
.5515499126647535
.1339555041022275
.00028895147020089327
2.808996724880071
.7626343646137796
.4109592053550446
1.053813578338092
.03296396855849558
.6429862444994743
.08672151772416106
.5745422975318005
.5067134230234214
.00011463837657123998
.24345990897687847
.5860463362456362
.2750951431910318
1.0151720861962144
.8227669987871722
.4944595283774331
.3296396855849555
.15228897032759883
3.886656323182711
.00016474535686762784
.1378768263267207
2.013809661044417
2.618287309846036
.9974011304900862
.025856797048576283
.031556436156999094
4.194499139764793
6.067698714753286
.596035352747464
2.4989168079731336
7.499643746757667
.19512184116741907
3.8009967155652933
3.8009967155652933
3.8009967155652933
3.8009967155652933
3.8009967155652933
3.8009967155652933
3.8009967155652933
3.8009967155652933
