.9698903656365191
6.697542546337411
.19312330958478977
.2115485115633442
.18022858851886708
3.1788045880037785
.000866308702300903
2.128685771999051
8023300733383497e-24
.0369600367835444
.22488747496304098
3269170530359545e-20
2.7416100544341275
2.0612333527980136
.048998101478810195
.0027900889141605307
.7411641161522193
.05259638524398158
.6263501384223212
77227205868914e-18
.9564249322080678
.3019885423403733
.039099319907513204
2228168895983618e-22
.5609685407174756
6210003772814973e-27
8393371757953281e-27
1.2569109469612865
13129225025800776e-21
1.230354499287453
1.9481344037468311
.050404368059996936
.8279597655567946
32.39476368793862
37.27077582210636
1.33194566695727
.1895267423937813
.5155809003130422
.9768858548866938
1.6861409026305458
.9024017861823542
7222653380307672e-20
.1182536002359671
.01419930435358925
22.591403042682256
23.39215964639773
61032994551766555e-25
2.5954786647300647
.0039739960120900525
.022402039842314463
.16699931425771966
1.1767063074615771
3.333767456235735
.7935051693152921
3.3859781700155036
.050010514130809966
.019835893443538737
.8724782937276468
.9070934983235263
.0336326811856201
.0003977298332358965
3.277504793132787
2.9748323874448994
.18645891316578772
.15388419496804076
.028173210979525843
.009900605580667205
.01448397602756928
.2515445407009918
.008370577135764544
1.9142595504390285
.0003070000478042564
4004885372825131e-20
7853977595757464e-21
.000789482518691083
.10673389961050177
.001141461537623173
.0005929019432447103
.0021189718507421624
.6469031690416427
.5042589906075513
1.9815755771093815
.051235519514663576
.0002927851591562525
3775837911403528e-23
.00046050067276056847
.0020031033900721733
.00010372063549685081
26392881232938824e-24
2.5915571101447745
.0020784588888971387
.01117229604997098
1.7173678333816418
3747144264666577e-21
8844781071750955e-25
.1602915232860574
13884046609412299e-22
.6539261050304234
.8342308118261853
.01740787848398732
922937354474361e-22
.002676021116810744
3566021490079111e-21
.0001580365445045198
.001452489559992468
7868635431720937e-21
.0003898797066171114
.036834837117092976
.15530696757454385
6706717151595762e-20
.00020278772386098505
5686875322550353e-23
5590161632271386e-24
.00043744227159825746
11051834695875033e-26
16730423592612577e-23
.0042572608302304405
3944555218232184e-24
.06020927860542611
9179137191883991e-23
36869232211968855e-24
14.519988851741186
50.51011243818453
2.328468728035376
4.303741467875669
11.516856109228064
3030055704784085e-25
1.120797080667398
.669817360347438
.0003499521680267919
.0009640010113158668
.7821555836751651
.06588796238821827
52904278376748106e-21
823853076836342e-19
.3078231350444197
.03639784617751266
.6057009373088145
.03877538979115318
.2331174053715255
.0002874708687578974
5.002570440670981
2.5801905679316737
1.797111754420218
.5562633439839542
.15703607769238942
4.583652253551625
1.1496133566546525
2.2029545568263957
.6232187683648134
1.3172362424207908
2.262920946028313
1.0505517343104906
.0002874708687578974
1.6473519292885745
1.1498834750315914
1.9414021824611156
.7582491924602912
1.0619296599728174
.09526625615180112
.9168008238557326
.1511384562009187
.14414404361937336
1.828836061332526
1.9107421667857614
.09016041199584247
2.401577069969891
2.073836773567068
1.6447894451072662
1.2654755275356027
2.482730226093819
3.697956920067689
1.7868990631236858
1.2490613338640628
5.411742098090186
.0002874708687578974
.782018210893147
2.5585932335526973
2.8242946757829146
5.449036686963179
5.745366616918143
.6130797119674612
1.0130395136404362
2.471057693683631
.032947038585771464
.8336237288241966
1.1571297211504623
2.3089915701549364
1.6277911721903893
.5555814880236797
1.1580171318292583
3.065775120974219
1.594782722581468
2.9995166462469163
.2775716597000453
2.156292003384015
2.804488849848116
1.2576929969932884
.3101740139607253
4.915072010074436
1.522337170629003
.8058914080502098
.3810650246072045
.009526625615180116
.08236759646442857
.19615405364589794
.41274294233228603
.1906227786053132
.8204237668550132
2.1444461629576788
.7267844031337909
.3082828365318212
2.286084230260534
.7214417847025852
1.9542435844148671
1.5983030900280504
1.387631588430055
1.0262625047907727
.00011460010298196652
2.1801389125907047
.6985831992580499
.3079563326003992
.00012201733706938871
6.043081501542972
.33759598186797035
.1903733817077449
.5512666420093763
.1339107812258377
.0002874708687578974
2.7946032884966656
.7623797487049533
.41082200100599203
1.053461748267967
.032947038585771464
.6427715747512932
.08627715243267486
.5743504787310318
.5065442498197159
.00011460010298196652
.2415910574300894
.5815477163020678
.27500329891657044
1.0099702948550378
.8224923067763361
.49420557878657134
.32947038585771427
.15221075619785124
3.8816678733291807
.00016348073545089336
.13681845363106862
2.0131373231576903
2.5981887633974345
.9970681344869063
.02572430555789532
.031410871754563904
4.173006321352543
6.036607530249253
.5929812384951957
2.4861122362253614
7.461215205986844
.1950821429702703
3.7912459623014536
3.7912459623014536
3.7912459623014536
3.7912459623014536
3.7912459623014536
3.7912459623014536
3.7912459623014536
3.7912459623014536
