.9760383563294107
6.694045111731104
.1933573725707312
.2087818800695036
.1800602410620022
3.1589693774628964
.000855914150893527
2.104179901528402
8073016080097276e-24
.036771521703373285
.22204858613395004
24892751476331942e-21
2.193553956714749
2.0384914211970107
.04910605623037263
.0026895409939207706
.736987533084035
.05240487832007075
.6219478995806771
757194458508941e-19
.9477630915497257
.29797933223495704
.03824172221883671
22289953021597768e-23
.5598497598307847
6009517103862955e-27
8450071752448054e-27
1.2559220773828437
12688611952369415e-21
1.229406774283313
1.9230404134206645
.0493448955408848
.8145710509256915
32.001115195869225
36.80602898251862
1.3171546411324968
.18593128783915655
.5073629747191796
.9620523986548241
1.6562387179732003
.883976539707229
7131129838450788e-20
.11752081597353455
.014183564369437598
22.463991990574065
23.222899622058
6121821164440908e-24
2.567261209023784
.003944055516989348
.02217296735319444
.16608170483055715
1.1596010445613059
3.292054314469819
.7830332487384651
3.3684762149667558
.05018344990244018
.0191254864290342
.8714371843481513
.9048889722516357
.03354441938576563
.0003957244578613501
3.2377366411204647
2.9356842052712753
.18541068308037761
.1523725192012934
.027873835213492165
.009545035040621435
.014531070992091026
.2470144759248915
.008408428449846562
1.9112036996814106
.0002959623775915206
38468655561268144e-21
7697945601082041e-21
.0007596803706084559
.10608171334379929
.0011227959292706307
.00057149778000447
.002043185347420864
.6473943679590798
.4993135925890022
1.96175180899403
.05080864049388167
.00029299295269657463
37163413223536994e-24
.0004576614432678002
.0019457185491589051
.00010422471572793297
2614471320444894e-23
2.5748826378643273
.002049953173719989
.011063804142951533
1.707857205596914
3717752003535733e-21
8718846946156764e-25
.15877093049926894
13713178284025155e-22
.6525251614168566
.8326611179528094
.0173903030900946
9173617208211243e-23
.002643136677727679
35375268641992086e-22
.00015706151245864389
.0014513771445568056
7592690644735474e-21
.0003764308248908085
.03690298826540971
.15339757154578282
6739811243193738e-20
.00019930495371355092
5614616463081098e-23
5458587397430565e-24
.0004340161085306275
10651988520574497e-26
1619006448766839e-22
.0042931221170704375
3784571866629334e-24
.060288601780088914
9109034436574975e-23
3589315112716433e-23
14.342544500977843
49.892843774958074
2.3000132225981638
4.251146757341241
11.376112126846026
2999792224936355e-25
1.0915643188328856
.6537380483273277
.00033599759490147264
.0009304243302214932
.7648806813272314
.0646275941765276
5121940162092242e-20
8003818078921964e-20
.3077474446009116
.03636876722903211
.6055147737373157
.03874441137675604
.23307441322721967
.00028395777503647883
4.979252967541202
2.5781292034149654
1.7908183006742449
.5494654194859032
.1556143018806009
4.527636838763007
1.1393830407198393
2.2011945735089617
.6118294934021242
1.3156175665534002
2.2352664800230846
1.037713262301907
.00028395777503647883
1.6453275932377094
1.1358311001459174
1.9390165049642123
.7536017842318907
1.0610812636770115
.09523697584959895
.9160683738147655
.1510177087435043
.14150982233088047
1.8273749685704017
1.8873915701204764
.0890585891270708
2.37222812980608
2.0484930475055543
1.6422898128255812
1.2542769514744139
2.4523895379853067
3.6527653175442794
1.7650619152186042
1.2337969366448787
5.3456068501296405
.00028395777503647883
.7772251192496579
2.5565491235672235
2.808343385022063
5.382445673218159
5.675154245569511
.605587451982482
1.0006594670280735
2.4408596520300465
.032906551864754156
.8234362677419251
1.142988792103269
2.2807740891177493
1.6211410048127295
.5551376231480439
1.1368544579891986
3.0283092192106333
1.5935086195919266
2.9811322173789314
.2767197158164554
2.1299406171327244
2.7702160478325233
1.2561474903960221
.3063834720331175
4.855006415624743
1.4945165761566828
.8052475657024692
.3809479033983958
.009523697584959896
.0822663796618853
.1925693534323904
.4052000968697437
.19059934110490376
.8054305857427794
2.1182395411056696
.7262037609135855
.30264899145242624
2.244306217132624
.7208654108043393
1.9303613702058429
1.597026174548366
1.3706737664357111
1.025442603680174
.00011450854672684565
2.178397157135986
.6900460272593497
.30771030028611673
.00012191256517787279
5.969230847482539
.33732626986039427
.188046886731428
.5505892221349594
.13380379729362185
.00028395777503647883
2.760451294908259
.7617706686696378
.4104937873050034
1.0526201171518086
.032906551864754156
.6422580520165743
.08522278569345454
.5738916189430282
.5061395617491145
.00011450854672684565
.23717599947408843
.5709199766043903
.2747835934229492
.9976277562284104
.8218352016471546
.49359827797131184
.3290655186475412
.15202371315281482
3.869753965380568
.0001604931376093871
.13431810693505572
2.0115289885266003
2.550707063979196
.9962715573275616
.02540993667337573
.031065183297954466
4.122009285129961
5.962835992615478
.5857345958184001
2.4557302176035702
7.370033972884645
.1949871578163517
3.768008921159451
3.768008921159451
3.768008921159451
3.768008921159451
3.768008921159451
3.768008921159451
3.768008921159451
3.768008921159451
