.9778874535042782
6.692992493227122
.19342408834124714
.2079626965971791
.18000963560772357
3.153020173084264
.0008528119414716323
2.0968689670438065
8087849504292364e-24
.036714670751146886
.22120196702976874
24303487283895296e-21
2.1490127876196685
2.031382975970508
.049132863138066606
.002674569131725845
.7357365993860898
.05234632463091412
.620629195515259
7527176666972528e-20
.945174168037107
.2967815844294307
.03819508712872906
2229198855402862e-22
.5595083708274996
5950762425503804e-27
846691598278264e-26
1.2556247526505542
126277392277001e-19
1.2291104356679452
1.9155644527781737
.04903048675603802
.8105893892323536
31.88365033294552
36.667426406111474
1.3125775274725229
.18486366715768668
.504918505348947
.9574657253717247
1.6473598508970488
.8783849230077502
7103850753328183e-20
.11730131916750937
.0141786541964634
22.425810118753418
23.172142703416643
61274226829138755e-25
2.5588366120195327
.003935161384504603
.02210401537073505
.1658068056003792
1.1545102233990931
3.279622258641764
.7799044173130733
3.363229002148855
.050236419300409334
.019019513205657358
.8711283750519361
.9042338762018477
.03351847426915108
.00039512327555110444
3.2258703754957962
2.9240090096239397
.18509672158038246
.15191752416972898
.027783774012554285
.009492204644441239
.014545503739239098
.24701130786668582
.008419987227634776
1.9102825236978962
.00029432343045627905
3821393212419235e-20
7648933169445157e-21
.0007550488413820661
.10588819927508096
.0011168482063570232
.00056830718232907
.0020319856739552423
.6475231803234216
.49782499947483705
1.9557826480453318
.05067985346198573
.0002930458059261121
36986905119574766e-24
.0004567996622323352
.0019288604558975598
.00010437535108280855
26070632094000405e-24
2.5698179566299113
.0020414459319887247
.01103113452626171
1.7050083283530448
37088728554668584e-22
8681187512580338e-25
.15831269678814971
13662146933755346e-22
.6520975038443053
.8321827474943682
.017385032266017612
9156614533984661e-23
.002633328563647091
35288905300018113e-22
.00015676561101505326
.0014510428341530095
7552726866733472e-21
.0003745162923538027
.03692270982462205
.15282792145168841
674968816648326e-19
.00019935395037041134
5623779464185372e-23
5449003092308641e-24
.000432981470309185
10592267255816298e-26
16118117838373764e-23
.004303998506902507
37580960175172605e-25
.0603111136846294
908821576699439e-22
357996572186333e-22
14.289600942069535
49.70867110508611
2.2915230355513523
4.235454225325055
11.33411875094999
29906710436622053e-26
1.0888443140547426
.6525311950204737
.0003337321752523795
.0009256211205334136
.7638933721597116
.06460393599177275
51000811146065504e-21
7978041107280245e-20
.30772468324546576
.03636002585969513
.6054587935423031
.03873509901245578
.2330614842686555
.00028290958340011394
4.972261183272111
2.57750954041062
1.788929768105603
.5474371423693395
.15518920557661364
4.5109236810891975
1.1363239704864463
2.2006655081538335
.6084448932002433
1.3151311155633554
2.2270152968001358
1.0338826844550775
.00028290958340011394
1.6447192316157413
1.131638333600458
1.9382995515557657
.7522095888506438
1.0608262288235082
.0952281711354752
.9158481933521445
.15098141107192697
.1407269993738407
1.826935752156581
1.8804245199733494
.08872984141710775
2.363471371217967
2.0409313130917983
1.6415387555881507
1.2509282428481294
2.4433368744246957
3.6392816295031203
1.7585464284108894
1.229242542493151
5.325874267033859
.00028290958340011394
.775789282387473
2.5559346474158464
2.803563449611613
5.36257710460041
5.654205182933272
.6033520079902406
.9969656682438938
2.4318495494805754
.032894384632314796
.8203966643754891
1.138769603908167
2.2723549207243368
1.6191461902926512
.5550041937423609
1.1305654544849324
3.017130626212096
1.5931256138304777
2.975624907562579
.27646399322627774
2.122078230055824
2.7599901707918657
1.2556830285296865
.30525249897606954
4.837084817532556
1.4862490095226408
.8050540214358962
.3809126845419008
.009522817113547521
.08223596158078689
.19150407253381999
.402958556792881
.1905922925011767
.8009749971310774
2.110420346964854
.7260292151213658
.300974757293048
2.2318908639051247
.7206921481045505
1.9232357028662124
1.5966423233294167
1.3656141100203232
1.0251961347120018
.00011448102416901804
2.177873571225217
.6874988158847462
.30763634096363945
.0001218810711167561
5.947196240932116
.33724519222877297
.1873527371386197
.5503856411863429
.13377163705009565
.00028290958340011394
2.7502614631294193
.7615875742380069
.4103951235866879
1.052367115966544
.032894384632314796
.6421036828897085
.08490819733192748
.5737536819442571
.5060179092108955
.00011448102416901804
.2358639575664034
.5677616851377137
.2747175481577159
.9939451485937023
.8216376704801924
.49341576948472143
.32894384632314755
.15196750222370176
3.8661778432222405
.00015960530021055124
.13357506807087688
2.011045510004768
2.536596721576973
.9960320997295714
.02531613933643656
.030961958601682184
4.106793446587993
5.9408249918049805
.5835724359536543
2.446665222376974
7.342828491474213
.19495859870438678
3.7610479442532165
3.7610479442532165
3.7610479442532165
3.7610479442532165
3.7610479442532165
3.7610479442532165
3.7610479442532165
3.7610479442532165
