.9788120020917119
6.692466059645088
.19345713148654378
.20755530529471045
.17998435558428633
3.150048440576938
.0008512649933521282
2.093223926269365
8095262374576574e-24
.03668627682913441
.2207799008842735
25529460268131306e-21
2.2377691063740395
2.0275529871002034
.049140750253876944
.0026668680974012296
.7351123206585719
.05231697759668434
.6199707589227299
7504892302868189e-20
.9438825035249171
.2961844744022735
.03816827468764853
22292969167075469e-23
.5593376585165979
5921675054111796e-27
8475333306196814e-27
1.2554761063080542
12596249705750519e-21
1.2289620552198322
1.9118387553289296
.048874011146482446
.8086063858907038
31.825078368294577
36.598327796380104
1.3101499126229612
.18433223512873992
.5037009809556093
.9550278815071358
1.6429402630662224
.8754907102070579
7090253881584924e-20
.11719172612564441
.014176192623508799
22.406743197463744
23.14679019590913
6130228481861295e-24
2.554635043029421
.00393075001131776
.022069574132010984
.16566960362679278
1.1519740686433972
3.2734257942220775
.7783448709152357
3.360608297763592
.05026328346146374
.018965008572614128
.8709747099297914
.9039079089469902
.03350574709463638
.00039482302447407504
3.2199535480390566
2.91818850739258
.18494003919147464
.15169025890745064
.027738796284473
.009465025675781436
.014552828436952938
.24698689489032138
.00842583241351005
1.9098215757971286
.0002934802230066914
3808370441787238e-20
76239285091565105e-22
.0007526745660733821
.1057923418507725
.0011137957106965833
.0005666661928688839
.002026221351611216
.647586298837677
.4970814528717045
1.9527995099375908
.05061549262688863
.0002930716202779797
36899152057673e-21
.00045636833175322295
.0019204995602956506
.00010445128087015692
2603374886529685e-23
2.5672814973092413
.002037203761575371
.011014814933704018
1.703586539022953
3704433982711451e-21
8662412698212614e-25
.1580837456669732
13636742101040893e-22
.6518837205490521
.8319435466572801
.0173823994382826
9148105576308477e-23
.002628438688940182
3524572365555428e-21
.00015661751099817908
.0014508757246262942
75321288494957135e-22
.00037352816966829176
.036932506940628614
.15254389417804906
6754666130353234e-20
.00019936006458452443
5627887547767236e-23
5443708173574611e-24
.00043246423340557836
10561557302551532e-26
1608075792032558e-22
.0043094766879471814
37445733250664704e-25
.06032225444769561
9077890553214842e-23
3574969835121225e-23
14.263202495505762
49.61683987038308
2.287289701909014
4.227629695270379
11.31318022863524
2986113098800864e-25
1.0873851613622618
.6518683227088804
.00033257537063255535
.0009231479936392457
.7633120586859325
.06458463811514008
50887139231963967e-21
7964456749689323e-20
.30771330319904666
.03635565596294102
.6054308053856025
.038730443669687385
.23305502005832113
.00028238693944735105
4.968768973654869
2.5771997647625553
1.7879862487945448
.5464258132070733
.15497709309125768
4.502590251889092
1.1347975166762578
2.2004010231642446
.6067596208552892
1.3148879575221537
2.2229011340220692
1.0319727013205278
.00028238693944735105
1.6444151351633391
1.1295477577894066
1.9379411742680255
.7515144559294141
1.0606987343846457
.09522376908366839
.9157381229670785
.15096326550787487
.14033721334246205
1.8267161835389973
1.876950645061869
.0885659229153415
2.359105121037081
2.037160919752796
1.6411633557827174
1.2492572427117608
2.4388230816198244
3.6325584619341704
1.755297709702192
1.2269716537746014
5.316035307372658
.00028238693944735105
.7750723589686308
2.5556274647267427
2.80117653365232
5.352670340533743
5.643759668465276
.602237382339976
.995123885186008
2.4273569782294007
.03288830270326675
.8188810728909254
1.1366658538693037
2.2681569980397316
1.6181497037039367
.5549374910663476
1.1274340111678842
3.0115568133439212
1.5929341454724617
2.9728750691330554
.27633622056435486
2.1181579268236077
2.7548913962819572
1.2554508620012133
.3046885789747101
4.828148841951591
1.4821323929128938
.8049572667479669
.38089507633467357
.00952237690836684
.08222075675816677
.19097364402501973
.4018424410698057
.19058876829706364
.7987564543727269
2.106521580373519
.7259419579581615
.30014111657937975
2.225708966428573
.7206055323719086
1.9196827390614515
1.596450432318857
1.363091290016024
1.0250729224437076
.00011446726537088477
2.1776118254639107
.6862287383768181
.30759936796881787
.00012186532713731452
5.936209458109629
.3372046607209972
.18700662381887193
.5502838789416263
.13375555982713674
.00028238693944735105
2.7451806613236056
.7614960435256395
.41034580062070913
1.0522406381784934
.03288830270326675
.6420265122405322
.0847513388920606
.5736847258779973
.5059570939070913
.00011446726537088477
.23521066092557308
.5661890972547677
.2746845314781727
.9921089456095292
.8215389227014328
.4933245405490008
.3288830270326671
.15193940455364457
3.8643910216230473
.00015916322500939667
.13320509147856596
2.0108038143228
2.5295708489746236
.9959123925143898
.025269370588017113
.03091047494962741
4.099206602995389
5.929849979155804
.5824943508602309
2.4421452808198794
7.329263433475395
.19494432071705142
3.7575722796470683
3.7575722796470683
3.7575722796470683
3.7575722796470683
3.7575722796470683
3.7575722796470683
3.7575722796470683
3.7575722796470683
