.9824070831739676
6.690418248766102
.19358649717709667
.20598488628645656
.17988597389384559
3.1385107533542262
.0008452759622256812
2.079115758662763
8124193987528864e-24
.03657591253739283
.21914655061687352
24680842967800378e-21
2.173428748143565
2.013782179546806
.04919248454445479
.002643448669040177
.7326892580624899
.05220325778584741
.6174162127715371
7418866217647652e-20
.9388774664992943
.29387277563208897
.038155192406930404
22296908645003372e-23
.5586715040964046
58099923933779e-25
850813420400776e-26
1.2548982009864367
12504434062451266e-21
1.2283790521821847
1.8974288564614556
.04827014653263655
.8009440411812072
31.598335483367233
36.33091780716928
1.3012904109777612
.18228071270667529
.498995877415662
.9461720822190607
1.6258774101812998
.8647395937182768
7037651743229511e-20
.11676655890762001
.014166515275250424
22.33275388790065
23.048371475484505
61411723688055845e-25
2.538365068178847
.003913579904029918
.021936253765400544
.1651370105841748
1.1421705860970814
3.2494542348224535
.7723078662722455
3.3504361975910077
.050367047383753825
.018799106021738114
.8703818294320418
.9026497377818236
.033455748651476575
.00039365767529638056
3.1970490058626333
2.8956635758276836
.18433188561129102
.15081052993830538
.027564723432005323
.009382468082681861
.014581099210192952
.24748278707307084
.008448462639440244
1.908027021243237
.0002909197118989209
37671729607533975e-21
7529460066501686e-21
.0007452956160869384
.10541880457379253
.0011022975329122284
.0005616729654414841
.0020087609759144014
.6478325711197294
.4942032216755537
1.9412017963455481
.05036631274890288
.00029317198760187577
36561603784323964e-24
.00045469637904846843
.001888413972658148
.00010474534447824794
25891245962610307e-24
2.5574314202754236
.00202078058373567
.010951643565850263
1.698067661121974
3687243108229709e-21
8589876041357793e-25
.1571972984788155
13538820349723503e-22
.6510491993767147
.8310104974496996
.017372181256238184
9115091854354672e-23
.0026095144286067567
35078217218086844e-22
.0001560433919876921
.0014502262098190781
74704278821320675e-22
.00037059644077535393
.03697083643200977
.1514444951687159
6773945989912583e-20
.00019986143272889662
565732779776863e-22
5436096786695121e-24
.0004304605165106614
10468021623099448e-26
15974482090118642e-23
.004330755471791967
3701303523425771e-24
.06036589492704821
9037714067220306e-23
35641341417153735e-24
14.161015567112546
49.26136623362233
2.270902701229667
4.19734137165724
11.232128365402746
2968458282291713e-25
1.0843143447123018
.6508528869037259
.00032890039057531674
.0009157932954218235
.7629462939402418
.06467115678415261
50568113860851114e-21
7930848553462151e-20
.3076690562095496
.03633866873380243
.6053219865244583
.038712346817799274
.23302988586292547
.00028036381357715616
4.955212910805231
2.5759955647067354
1.7843221278526222
.5425110138859538
.15415505150916858
4.4703320077956805
1.128881407832152
2.1993728828271433
.6002507338105574
1.31394287156466
2.2069754371753
1.0245792621145136
.00028036381357715616
1.6432331989811404
1.1214552543086271
1.9365482639597578
.7488175512261028
1.0602031214746113
.09520665376344789
.9153102430976672
.1508927277190558
.13883177521107987
1.8258626479457298
1.8635034671770305
.08793140344989321
2.342203607779351
2.0225659354147534
1.6397044399986578
1.2427807935659774
2.4213504390149305
3.6065334516638052
1.7427220990406571
1.2181811689894153
5.277949238030134
.00028036381357715616
.772290913749824
2.554433344357124
2.791914377110234
5.3143218040831846
5.603325658971847
.5979227280199323
.9879944447093745
2.4099664830865843
.032864663979622774
.8130143019757378
1.1285223536804116
2.2519070712216633
1.614280719078464
.5546781957773848
1.1153396984007677
2.9899808916296893
1.5921898448508636
2.962206530832769
.27583994117969474
2.1029826495699866
2.7351543218113643
1.2545484969189162
.3025056758004945
4.793558174102645
1.4662331273730906
.8045811493825984
.38082661505379156
.009520665376344788
.08216165994905683
.18892501416443752
.39753176025189646
.19057506514820094
.7901879614159375
2.0914296702670603
.7256027606020823
.29692141546851625
2.2018331385735324
.7202688284678608
1.9059294124396093
1.5957044887075011
1.3533255931404329
1.024593955742211
.00011441378038720835
2.176594333410081
.6813123385029487
.3074556417504848
.0001218041264445466
5.893680228715732
.3370471013898134
.1856668382774932
.5498883581189983
.13369306236193737
.00028036381357715616
2.7255131581977468
.7611402334752669
.4101540659935493
1.051748977325285
.032864663979622774
.6417265244893114
.08414414853622565
.5734166709183581
.5057206847745686
.00011441378038720835
.23268748770992098
.5601154220243769
.2745561847614526
.9850011052899929
.8211550575350214
.49296995969434115
.3286466397962273
.15183019692358596
3.8574508615731613
.00015745583477172546
.1317761616941564
2.0098642635364934
2.5024354062693
.9954470511097165
.025088331346399883
.03071109456046935
4.069838350547085
5.887366311452606
.5783211430172124
2.4246488367347867
7.276753843298326
.19488881110399994
3.7440877561305115
3.7440877561305115
3.7440877561305115
3.7440877561305115
3.7440877561305115
3.7440877561305115
3.7440877561305115
3.7440877561305115
