.9824070831739676
6.690418248655254
.19358722929640765
.2059848908263087
.17988600731249926
3.1385107876559375
.0008452759622277471
2.0791157401070715
8124229899563491e-24
.03657602977220654
.21914655055962667
25616855200802925e-21
2.241304837341858
2.013604977257772
.04918920669647325
.002637845823501959
.7326895121304892
.052203471488939716
.6174162097537697
7418866219593367e-20
.9388774667601939
.29387351775262566
.0380744197665965
22297000886556975e-23
.5586731940258286
58100396605718876e-28
8508200712676683e-27
1.2548982009844578
12477927291781854e-21
1.228382593574859
1.897428856300163
.04827014653011561
.8009441345047742
31.598335490534136
36.33091780483829
1.3012001127572932
.18228071142438895
.4989959323161729
.9460772925816221
1.6258776762827338
.8646703944836794
7037651742825047e-20
.11676655890762001
.014166564172689269
22.33275388790038
23.04837147546119
6141172368782024e-24
2.5383650690554567
.00391361184943081
.02193635090689666
.1651370643650797
1.142170586234845
3.249454234763112
.7723104657446876
3.3504361962457088
.05036745917066068
.018759577120641795
.8703818294300824
.902650185279529
.03345602151132149
.0003936576749383087
3.197049005961223
2.895663573980257
.18433195026911123
.1508111684379213
.02756484685051825
.009362605051688073
.014581218385067343
.24695854011076276
.008448531128620504
1.9080270167769202
.0002903027522934766
37591824634926296e-21
7529253703568224e-21
.0007437164478230563
.10541966077124287
.0011022669355673673
.0005604817624524353
.0020045020699542143
.6478369152914304
.49420532373434983
1.9412070081253843
.050366536322716364
.000293174278518011
36561789395828544e-24
.0004546984014586349
.001888413972658106
.00010474693921355181
25891376082153713e-24
2.5574411689031096
.002020780584609166
.010951691908677497
1.6980682412635182
36872594796614526e-22
8589914225435981e-25
.15719800126845565
13538926785290421e-22
.6510515033268598
.8310126796668758
.017372181213597928
911516136147421e-22
.0026095144246706834
35078458534741427e-22
.00015604407239115675
.0014502262098700738
7454588306109337e-21
.000369810644817571
.03697099729657152
.15144449516793804
6774053998910151e-20
.0001994379206898641
5645378122145792e-23
54246602979373654e-25
.00043046228015563307
10445820994082477e-26
15940790927302067e-23
.004330803179754082
36934749545043645e-25
.060366162538328605
9037787952893772e-23
3556573659604957e-23
14.16101556711255
49.26136623362235
2.270902701229668
4.197341371657241
11.23212836540275
29684712418771394e-26
1.0820147686803852
.6494724478005203
.00032820306636921937
.0009138513586824861
.761304375865526
.06453156811940629
5046086564458073e-20
7914026878876725e-20
.3076690562095496
.03633866873380243
.6053219865244583
.038712346817799274
.23302988586292547
.00028036381357715627
4.955212910805231
2.5759955647067354
1.7843221278526222
.5425110138859539
.15415505150916858
4.470332007795682
1.128881407832152
2.1993728828271433
.6002507338105594
1.31394287156466
2.2069754371753008
1.0245792621145138
.00028036381357715627
1.6432331989811404
1.1214552543086276
1.9365482639597578
.7488175512261028
1.0602031214746113
.09520665376344789
.9153102430976672
.1508927277190558
.13883177521108034
1.8258626479457298
1.8635034671770312
.08793140344989324
2.3422036077793518
2.022565935414754
1.6397044399986578
1.2427807935659774
2.4213504390149314
3.606533451663806
1.7427220990406576
1.2181811689894158
5.277949238030136
.00028036381357715627
.772290913749824
2.554433344357124
2.791914377110234
5.314321804083186
5.6033256589718485
.5979227280199325
.9879944447093748
2.4099664830865852
.032864663979622774
.813014301975738
1.128522353680412
2.2519070712216642
1.614280719078464
.5546781957773848
1.1153396984007715
2.98998089162969
1.5921898448508636
2.962206530832769
.27583994117969474
2.102982649569987
2.735154321811365
1.2545484969189162
.3025056758004946
4.793558174102647
1.466233127373096
.8045811493825984
.38082661505379156
.009520665376344788
.08216165994905683
.1889250141644382
.39753176025189785
.19057506514820094
.7901879614159402
2.0914296702670607
.7256027606020823
.2969214154685173
2.20183313857354
.7202688284678608
1.90592941243961
1.5957044887075011
1.3533255931404333
1.024593955742211
.00011441378038720835
2.176594333410081
.6813123385029489
.3074556417504848
.0001218041264445466
5.893680228715734
.3370471013898134
.18566683827749325
.5498883581189983
.13369306236193737
.00028036381357715627
2.7255131581977476
.7611402334752669
.4101540659935493
1.051748977325285
.032864663979622774
.6417265244893114
.08414414853622568
.5734166709183581
.5057206847745686
.00011441378038720835
.23268748770992176
.5601154220243788
.2745561847614526
.9850011052899932
.8211550575350214
.49296995969434115
.3286466397962273
.15183019692358596
3.8574508615731613
.000157455834771726
.13177616169415687
2.0098642635364934
2.5024354062693086
.9954470511097165
.02508833134639989
.030711094560469353
4.069838350547086
5.887366311452608
.5783211430172126
2.4246488367347876
7.276753843298327
.19488881110399994
3.7440877561305115
3.7440877561305115
3.7440877561305115
3.7440877561305115
3.7440877561305115
3.7440877561305115
3.7440877561305115
3.7440877561305115
