.9858990509887441
6.688427967939364
.1937112363144073
.20448004542950182
.17979035810770677
3.1273310195346715
.0008394984634327879
2.065511737369122
8152354175216158e-24
.036468717176698674
.21757192113119314
22202544552066622e-21
1.9872416876095007
2.000819125332303
.04924928206386115
.0026332295153219305
.73034328578212
.05209273782767302
.6149436556051351
733625264208496e-19
.93404258414607
.2916423551816675
.0383216896405685
22300643782367808e-23
.5580199536201758
5703767464248107e-27
853997459463431e-26
1.254337026480071
12474330009552757e-21
1.227801722761106
1.8835492280259034
.04769052759741973
.7935751095794082
31.379630293967
36.07311226136703
1.292908691268106
.18031061337979876
.4944700685271387
.9378231402243807
1.6094899032749477
.8545509258934927
6986965118483706e-20
.11635507810645934
.014156927845026614
22.261117493819235
22.953023811057076
6151852455799418e-24
2.522664358283492
.0038969548335797567
.02180737358169811
.1646212642323603
1.1327363764772986
3.226356474055723
.7664838377104484
3.3405838802007715
.050467769501046436
.018726347390594894
.8698129388954664
.9014414900859313
.033407072436674935
.0003925290450454162
3.1749572668905515
2.8739481571282184
.18374306872467802
.14996011255521768
.027396509362120597
.009346686732035665
.014608525587079452
.24913122499723042
.008470459072975285
1.9062806272051334
.0002898119118870165
3745156462129417e-20
743932242173133e-20
.0007416736109477819
.10505685095528952
.0010913169929154776
.0005594868896120307
.002001318113440107
.6480635446216204
.4914208334499399
1.9299375391422018
.05012523958462757
.0002932648588779372
3623877498385733e-23
.00045307417582282384
.0018578849171983773
.00010502968380350134
2575409250916984e-23
2.547853800182645
.0020049383123178954
.010890570374804549
1.6927238053124902
36706006456619264e-22
8520023968375362e-25
.1563399177518212
13444792081316194e-22
.6502326508508689
.8300985263386359
.017362283634360674
9082996329951596e-23
.0025912687295530415
3491565524905536e-21
.00015548633339343906
.0014495957586726632
7445873173506597e-21
.00036950204414665363
.037007923329858056
.150384252925759
6792583300912293e-20
.00020129235752512699
57128176454414075e-24
5454074838507599e-24
.00042852031375405133
10426835481982395e-26
1594635465517854e-22
.00435146393730243
36769382419777656e-25
.060407947309895446
8998827407085926e-23
35703777417624425e-24
14.062460497661117
48.91852660129385
2.2550981162847217
4.16812953522965
11.15395719286972
295137390255346e-24
1.0864190827883462
.6529275164959465
.00032690285568327555
.0009130073928120049
.7662262863340837
.06506575997525613
5049638447974828e-20
793559213396579e-19
.30762608439306804
.036322176327483004
.6052163075056942
.03869477711105039
.23300547515572942
.00027841259228318806
4.942081069103056
2.574826441923471
1.780770289425082
.5387353517239922
.153360762279121
4.439220264473935
1.1231645134567287
2.1983746913001716
.593995387490201
1.3130255426866457
2.1916157607130025
1.0174485955420751
.00027841259228318806
1.6420859761456894
1.1136503691327546
1.9351962632870934
.7462072646089595
1.0597219453261792
.09519003228599698
.9148948269868548
.15082424463305116
.13738497842217456
1.825033975082286
1.8505342198260752
.08731943564766213
2.3259027967153356
2.0084896761740088
1.6382886101469998
1.2365222467726016
2.4044987972981056
3.58143340476935
1.7305934422581326
1.2097031096902648
5.241216798096715
.00027841259228318806
.7695988018550082
2.5532740076478007
2.7829471970298396
5.2773362254707985
5.564328727794011
.5937614222359427
.9811183940013947
2.3931940692021016
.03284171952291375
.8073560438786059
1.1206682842870581
2.236234688351198
1.6105315604898165
.5544264535286992
1.103716495486799
2.969171806784294
1.5914672250418853
2.9518806402977686
.27535874928027765
2.0883467217933895
2.7161187291401347
1.253672634208293
.30040035589976594
4.760196904458587
1.450953186039454
.8042159879802978
.38076012914398794
.0095190032285997
.08210429880728427
.1869561845977089
.3933889934152278
.19056175597308256
.7819532370275903
2.0768741466586658
.7252734437621614
.29382713139843275
2.178887346014516
.7199419324479397
1.892664897283737
1.5949802737675902
1.3439069820817666
1.0241289409131231
.00011436185337335679
2.1756064799913957
.6765706740000712
.3073161021485777
.00012174471052104549
5.852662544531093
.3368941316212832
.18437467049090014
.5495044537031346
.13363238539210356
.00027841259228318806
2.706544664213404
.7607947878540062
.4099679164249044
1.0512716381137923
.03284171952291375
.6414352751134643
.08355853853081203
.5731564241603826
.5054911620290178
.00011436185337335679
.23026259967888263
.5542783347093936
.2744315766700069
.9781458870408837
.8207823740182056
.4926257928437059
.3284171952291371
.15172419671063397
3.850721690666837
.00015581495251839564
.13040289302202784
2.008952081025792
2.4763569706609623
.99499526468472
.024913726479499854
.030518664082176825
4.041513884735059
5.84639256963576
.574296256514887
2.4077742394739317
7.226110513587373
.19483490873723486
3.7310363230447945
3.7310363230447945
3.7310363230447945
3.7310363230447945
3.7310363230447945
3.7310363230447945
3.7310363230447945
3.7310363230447945
