.9998669222478499
6.6804548854829875
.1942270721122365
.1986542451446123
.1794085431796812
3.0828750063098584
.0008167751492672339
2.0120607166074134
8266849895633126e-24
.03604417015512055
.21138860736213377
24617335810314413e-21
2.1558535334838216
1.947585044402753
.049441166667617685
.0025158025620432797
.7210417448533681
.05165741897221725
.6051374811011144
70148939063765e-18
.9149606247424967
.28289246707283794
.03783865486306545
22317944860082744e-23
.5554303695228268
5301647272251304e-27
8669527502677879e-27
1.2520938720219326
11988075804507482e-21
1.2255132720642603
1.829161194029712
.04543878249187865
.7648133545827638
30.519726730020285
35.06065271621549
1.2588055121299833
.17264762036906936
.4767969387432606
.9040064648117518
1.545736795377503
.814161919599125
6788156342248462e-20
.11472374968292703
.01411849990701946
21.97683192754998
22.57404799924276
6195053231244314e-24
2.460859499118151
.003832088598335184
.021301230122504046
.16257537258109486
1.0958502846993037
3.135764905725643
.7436651283703755
3.301450165796317
.05088485260644625
.01789522143294594
.8676039455658028
.8967572384612309
.03322096686202886
.0003880469272976815
3.0881050227873894
2.7886743573951973
.1814083814113027
.1466203048092164
.026736361741062507
.00893205821597963
.01472219236496328
.24824529319122232
.008561070451435138
1.899263157951407
.00027694662910572143
35499179892419103e-21
7087067212516628e-21
.0007058178123724197
.10364767029447931
.0010481233277942973
.0005344715467110532
.0019132631370574694
.6490610689445641
.480493589677067
1.885080838540584
.04917806947060534
.0002936724321943181
35001507867040504e-24
.0004466747505743588
.001741744997859519
.00010621173083036215
2522214989108397e-23
2.5097974617056
.0019426420605463293
.01065074262019448
1.6715305533775568
36051492746657296e-22
8247756282898105e-25
.15297040965866648
13082543979783532e-22
.646990795448305
.8264733652217107
.01732294596845474
8956800671188666e-23
.002519601123212299
34275374888299634e-22
.00015328809149030422
.0014470781842437894
7130396575670636e-21
.00035431705491173124
.03716053854734837
.14621734858650878
6870138438554641e-20
.00020097667910386256
5765409538743441e-23
5363861065568305e-24
.00042088093045836796
9959054411564952e-26
1536779850587005e-22
.004436419773950434
34750259598536498e-25
.060582321718018674
8847204570408974e-23
34886983972558344e-24
13.675051692681182
47.570862873801886
2.1929720846071445
4.0533011179328735
10.846675175785604
2884114101414367e-25
1.0622529186909386
.64165045312209
.0003095779692370311
.0008753971456416565
.7559282755709654
.06465611776781578
4871548624830491e-20
7718956132277575e-20
.3074542571370479
.03625628151948837
.604793775896189
.038624577988477474
.23290785789534843
.00027074256258349675
4.8899007890421915
2.5701552544791855
1.7666334973512512
.5238936518062182
.15022432105592806
4.3169235285656935
1.1005849891262387
2.194386453456784
.5696191276540197
1.309362627034173
2.1312386138421386
.9894187536383042
.00027074256258349675
1.6375050885473996
1.0829702503339895
1.9297976929981275
.7358567929144448
1.0577994235729289
.09512357538942655
.9132350470657389
.1505506229604007
.13174700209754808
1.8217230428769176
1.7995535787926986
.08491385959492159
2.261826156420072
1.953157496902072
1.6326375054053068
1.2118016519097627
2.338256904153454
3.482767965980194
1.6829170674528247
1.1763768197295885
5.0968257410175415
.00027074256258349675
.7589238714535907
2.5486419201050636
2.747365564552799
5.131950108942543
5.411036212354858
.5774038009597889
.9540894181954088
2.327263611684453
.03275010177094797
.785114072766626
1.0897948279053122
2.17462832804086
1.595621798154574
.5534206265547582
1.0584224062630685
2.8873736533503527
1.5885800239480303
2.9109357735535415
.27344236125494453
2.0308145489557634
2.641291972384814
1.2501752939314823
.29212458204681674
4.629057535602604
1.391409269339232
.8027569989143238
.3804943015577062
.009512357538942655
.08187525442736981
.17928391536849714
.37724517728106366
.19050852856667747
.7498636018436101
2.0196580334909466
.723957670337975
.2817691143620528
2.08947061783985
.7186358313217787
1.8405235919832799
1.5920866993862657
1.3068834897833115
1.0222709911219328
.0001141543808832173
2.1716595476826495
.6579317283943268
.3067585767579689
.00012150733651594044
5.691426678111789
.3362829464897109
.17929530541283795
.547971514396825
.1333899527719355
.00027074256258349675
2.631981664789361
.7594145724721699
.4092241626119937
1.049364446702156
.03275010177094797
.6402715988537185
.08125657198921887
.572116617729721
.5045741122695383
.0001141543808832173
.22081313074606268
.5315319750692442
.2739337095849156
.9511988012689754
.8192933306180062
.491251526564219
.32750101770947926
.15130093538256179
3.8239221901745797
.0001494206507292874
.12505144607371776
2.0053074890702858
2.3747327455655
.9931901684996557
.024227374542395725
.029760924221432013
3.9301736207282416
5.685329435682575
.5584748839693152
2.3414421106881336
7.027037325848468
.19461944831216627
3.6792839645722215
3.6792839645722215
3.6792839645722215
3.6792839645722215
3.6792839645722215
3.6792839645722215
3.6792839645722215
3.6792839645722215
