1.0026748199424644
6.678849768280758
.194331526534666
.19751889452371535
.179331765807209
3.0739881045838997
.0008122809334349507
2.001499724137936
8290104796725353e-24
.035959187229565384
.21016752555131063
24180083650509644e-21
2.122128758087179
1.937241925636348
.04948405540485621
.002498642016610219
.7191865006285711
.05157046257834034
.6031821727431552
6952009762193926e-20
.9111735843472984
.2811634295521968
.03782998029383395
2232156334175674e-22
.5549064678980924
5224777242808431e-27
869575495258046e-26
1.2516432411195035
11920366269101675e-21
1.2250438568395932
1.8184421197892062
.04499873603068517
.759166476192651
30.349708126681545
34.86069128857473
1.25215696593776
.1711482569921433
.47332554111886416
.8974584176497646
1.5332591642868127
.8063505093401077
6748938312831052e-20
.11439861037161754
.014110571463483216
21.920117196432326
22.49832491755206
6203827630536903e-24
2.448625460999436
.0038191977861065938
.021200945032427834
.16216712527946797
1.08859639145143
3.117894725868777
.7391587831209799
3.2936364123282162
.05096931515858848
.017773613876384247
.8671723053322334
.8958418898047535
.03318380585545942
.0003871521590582901
3.0709341767350455
2.77183466315746
.18094269373233401
.1459585644624912
.02660566316393641
.008871541000639008
.014745192528243863
.2486445475660462
.00857943988878707
1.8978465003215286
.0002750694416253768
3520138690614585e-20
7019107715239894e-21
.0007004556665784305
.10336739576375739
.0010397702406364168
.0005308136996614323
.0019004476087593721
.6492602391038667
.47832843567784306
1.876083156835359
.04899017714107434
.0002937530227293651
3476220475941265e-23
.00044539877085409134
.0017195001190210787
.00010645091471797743
25117866656790228e-24
2.5021649303703613
.0019303242917226052
.01060321979418088
1.6673023997387149
35921517264545387e-22
8194243362795971e-25
.15230215883689263
13011915593351969e-22
.646334838841737
.8257405425180209
.01731508488506567
893160474636781e-22
.0025054441201694914
34147723925212316e-22
.00015284969884162385
.0014465728945996829
7085095909913745e-21
.00035215944668315596
.037191490685784735
.1453938043869528
6885833616299678e-20
.0002013815546072064
57895425924589544e-24
5358289078320708e-24
.00041936264502757714
9890599439676986e-26
15289633879578346e-23
.004453677410025024
34437888567887e-22
.06061765261874751
8817095178976215e-23
3480603889672037e-23
13.598470633486484
47.304463364129006
2.1806913174994413
4.030602403527831
10.785933184283877
28707559278610184e-26
1.0599017012925924
.6408964732437669
.0003069229917040025
.000870089691442427
.7556571243925093
.064728977392186
48477024347925027e-21
7694126071679498e-20
.30741972707222937
.036243049423861196
.6047088719039188
.03861048155916692
.23288823927854882
.00026922638899397913
4.8794779206974725
2.5692172503960675
1.7638052187668103
.5209598178681591
.14960160252531726
4.292748513822824
1.0961010233538988
2.1935855899876633
.5648409840120268
1.3086275222030355
2.1193035576454573
.9838779529273809
.00026922638899397913
1.636585757357743
1.076905555975919
1.9287142623441964
.7337934804628491
1.0574133690041625
.09511022146345796
.912901752724278
.1504956779920737
.13064186698206015
1.8210581866782305
1.7894759774615596
.08443833720171783
2.2491598026346873
1.942219704983751
1.6315038448104255
1.2068921644044028
2.3251625338787716
3.463264269339188
1.6734926371502064
1.1697890433254086
5.068283229987267
.00026922638899397913
.7567958798540547
2.5477117675303123
2.7402678574074555
5.103210899474873
5.380734104999404
.5741703071745909
.9487464637515172
2.3142308044663666
.03273171514715483
.7807173897681032
1.0836919155287135
2.162450287002427
1.5926412603349704
.5532186501152083
1.0495440276316181
2.871204198372513
1.588000255645619
2.9027736283029957
.27305873152832555
2.019441873174927
2.626500588671366
1.2494734181643243
.29048866794479344
4.603134552851512
1.3797376926120164
.8024640246508349
.38044088585383184
.009511022146345798
.08182928786788697
.1777800257363886
.3740807265844696
.1904978302979134
.7435735111012793
2.0083478348246704
.7236934546842326
.2794055467834079
2.0719434838953124
.7183735579268622
1.8302165562722303
1.5915056512872843
1.2995648686811159
1.0218979030129345
.00011411271909053468
2.1708669786270183
.6542472736828903
.3066466221213651
.00012145967419865916
5.659554368366003
.336160216636586
.17829124161068785
.5476638711975753
.13334127076327904
.00026922638899397913
2.6172424193224884
.7591374164643698
.4090748121263483
1.0489814705632747
.03273171514715483
.6400379252758354
.08080153061246158
.5719078179996212
.5043899628580506
.00011411271909053468
.21896088104881634
.527073318391662
.27383373471466343
.9458720344425734
.818994321253474
.490975727207322
.3273171514715479
.15121599172657302
3.8185573658741445
.0001481672635138597
.12400247537914147
2.0045756318762984
2.3548127435522455
.9928276937301873
.024091699881293248
.029610885569782374
3.9081644272379155
5.653491270837582
.5553473931846993
2.3283299030775737
6.987685521299007
.1945761640538456
3.6689674023142427
3.6689674023142427
3.6689674023142427
3.6689674023142427
3.6689674023142427
3.6689674023142427
3.6689674023142427
3.6689674023142427
