1.0326171324122604
6.661684313536577
.19545727941145952
.18608723135024563
.17851402952103854
2.9802234301304322
.0007658475756055086
1.8925813911211165
8542935493195632e-24
.03506306142625485
.19758736436609875
2302560547482843e-20
2.0166794288707384
1.8299427084037216
.04996608056317726
.002315391437872999
.6996924715377768
.05065239125212724
.5826501566020764
6315376282826786e-20
.871771503617425
.26334562174355636
.03761530108056606
2236257999300181e-22
.5492900955983441
4482109027295883e-27
8979775072062408e-27
1.2468442393747916
11186718213750662e-21
1.2199402984020422
1.708412819611928
.04055598719209783
.7016413836275683
28.594149087511024
32.80010641464501
1.183275116140792
.15597212950488154
.43793175230506953
.8303885462721197
1.4068958153306161
.7275155698251987
6345695065455614e-20
.11098879211256862
.014022984550292238
21.324242372995524
21.7001713844599
6299137580516481e-24
2.3220126023617658
.003686749649485188
.020160732171136515
.15787388302000535
1.0144520464005917
2.9341340392860564
.6927800034752019
3.2114131826413392
.051911111814929516
.01647495734810477
.8628059244961546
.8866070113303864
.03281042904920756
.00037774020522850536
2.8936579353264618
2.5983629677003823
.176048995481593
.13909407795795203
.025251965197898112
.008224942705646878
.015001729275809153
.25213059310393765
.008783288488192468
1.882622593871351
.0002550094931996016
3208199277830365e-20
6327223751895082e-21
.0006438267471885308
.10049364145757143
.0009537828699888807
.0004917654891683022
.001763308656765139
.6513758472391853
.4558672315831114
1.7807182212669472
.04703634435513449
.00029459810624595753
3239018125533652e-23
.0004320045658712938
.0015029625741607593
.00010909746144795682
2406004381514351e-23
2.4211835466966924
.0018031556601390928
.010110154669387817
1.622853900206797
3456778764724829e-21
7647758383468364e-25
.1453582526535995
12300669699896657e-22
.6393070119192786
.8178925784544799
.017232056118743233
8666993194583777e-23
.002359487907850436
32810624257235544e-22
.00014824621640754335
.0014412010531835613
6598874411745408e-21
.00032890933081378745
.037526125765574195
.1368964234986649
7059574270257378e-20
.00020510505410954914
6038184916127469e-23
5282553812916161e-24
.0004035252168124913
916037642320288e-25
1443719853970475e-22
.004644134433655974
31175688670624175e-25
.06099879915931425
8508048831432412e-23
338471272644681e-22
12.808034627054116
44.55480480944624
2.053934641493437
3.796316258178822
10.1589810672688
27315666861542075e-26
1.031381732326158
.6308859142729025
.00027914908835030544
.0008137328220820889
.7497947800016587
.06528748777102907
4584248986591568e-20
7412925055722802e-20
.3070517531749084
.03610224754493241
.6038042301497425
.038460482361078026
.2326791368348387
.00025357711213937694
4.769704719177627
2.559236009248245
1.733925707058096
.4906780744981794
.14311958015995851
4.043224645783655
1.0494070726917368
2.1850636532971484
.5163150605255036
1.3008142733875285
1.9961151575912597
.9266882452838103
.00025357711213937694
1.6268144117966896
1.0143084485575105
1.9171987438562894
.7121476852568174
1.0533053871558644
.0949679369996731
.9093551890629894
.14991101211630461
.11941832368270745
1.8139834946090216
1.6854594094698456
.07953020423247352
2.1184232705540227
1.8293246281328917
1.6194637798886538
1.1557602543742174
2.190008203872023
3.2619556919220143
1.5762178131971665
1.1017929131210658
4.77367998644942
.00025357711213937694
.7344715487387705
2.537814073778278
2.6657115900469908
4.806577421190202
5.067969082206564
.5407956066772035
.8935988382473754
2.179711901249368
.03253628823593376
.7353367618759515
1.0207003385344453
2.036753904296154
1.561202137496485
.5510694318062384
.9593768927703406
2.7043101967320107
1.5818309784107107
2.8171462070180806
.2690011755067041
1.9020581163924606
2.473830432434143
1.242013352913637
.2736034821917195
4.335568927929916
1.2612033659638335
.7993465043472259
.3798717479986924
.00949679369996731
.08134072058983431
.1625068069535738
.3419431635714528
.190383785537768
.6796925387079277
1.891608939336178
.7208819528981573
.25540160130371325
1.8939412251821537
.715582723592093
1.7238318675349706
1.5853227558193468
1.2240252809887653
1.017927896429469
.00011366939863287362
2.162433302257229
.6162179528741443
.30545532003039305
.00012095258326134503
5.330582407202812
.3348542561593097
.16792773671377806
.544394007145101
.13282324863874276
.00025357711213937694
2.4651104111317808
.75618821720265
.4074855832097576
1.044906246089488
.03253628823593376
.6375514197555471
.07610479368576191
.5696859934945511
.5024304408086594
.00011366939863287362
.20014978330437522
.4817920441144452
.27276990854730676
.8908914904055298
.8158125818276363
.488044323539006
.32536288235933725
.15031314645685534
3.761814956110909
.00013543809991561773
.11334932732028966
1.9967879865233333
2.152508969121684
.9889706230103681
.02269132571013881
.028057216403537383
3.6809952134632518
5.324871738320683
.5230668090305828
2.1929914639362122
6.581513504862129
.1941151960433439
3.560738426284084
3.560738426284084
3.560738426284084
3.560738426284084
3.560738426284084
3.560738426284084
3.560738426284084
3.560738426284084
