1.0950019763560965
6.625623240110534
.19786904907336586
.16555083049134034
.17681298225893077
2.7903817640520074
.0006773587702822171
1.6859785918091235
909922883781129e-23
.03325209500850359
.17379397955424564
2064780041581231e-20
1.801263364301914
1.626558832974994
.05113598860907873
.0019576341309823853
.6606420465752791
.04878169026158074
.5416148677290805
5168711116889157e-20
.7950446403952138
.22963017072172506
.03681630877625687
22461810751396688e-23
.537395653144723
32970111217290227e-28
9597116582441956e-27
1.236883889437124
9715237096966191e-21
1.2088252322448223
1.5022245240944725
.03262525088253676
.5962357191163978
25.253940686623576
28.899537892280406
1.0527146750928957
.12866105627507463
.37292661248190956
.7073321718285003
1.178998890052067
.5880063540139725
5586764955576345e-20
.10421035946733238
.013822656877861416
20.133608317283915
20.08920954133068
6505963202156196e-24
2.0794715411352596
.003433228916600978
.018155884854985715
.14925499129247663
.8772019082752334
2.5879578209863023
.6052284341237619
3.046479267932396
.05404991048546156
.01393860303971222
.854798067304896
.8700859012437919
.03211728872798043
.00035888254943180185
2.5564588747856622
2.270524899962476
.1662429678816394
.12585615835391445
.02265325191410682
.006961109547688339
.015583321754691832
.25714277267476576
.009244387983330736
1.8502994527972685
.00021579062445432543
26236722370101416e-21
5115291824653543e-21
.0005358182938031916
.09500081254344572
.0007999011228073981
.0004155848433316011
.0014944278732029336
.655690280391122
.41254520887872714
1.5859932438359545
.04324110669526216
.0002962299592101248
28339303164479416e-24
.0004053746482027919
.0011510123470177558
.00011503731987360521
2213878139386171e-23
2.255716366577745
.001561627285464278
.009158784549077599
1.5336978673599226
31932773766218205e-22
663794398371984e-24
.1319109939918564
11020028869004389e-22
.6244387866008841
.8013181810546186
.017062007809061183
8138770832316775e-23
.0020826764425100237
30166273639856443e-22
.00013908570820665036
.0014301000979465095
5640184428825256e-21
.00028270963362355203
.03824692399419039
.12075994637337349
7449994760179305e-20
.00021117694272839333
6547450008932911e-23
5082423485950566e-24
.0003725644332133235
7737291934442071e-26
12706205175974546e-23
.005072726249380131
2510287888626678e-24
.06181792888246854
7917509852941544e-23
31642719556307246e-24
11.305646189248863
39.3285054166425
1.8130071497087625
3.3510065897857846
8.967327848038114
24598883911722716e-26
.9626330229009206
.6048967866111479
.00022708362879236428
.000705507039217002
.7295380210743998
.0659752357308269
403269767090764e-19
6808890415076788e-20
.30628649335609026
.03581064131015869
.6019237528728056
.03814982811621593
.23224407453201681
.00022383239856985465
4.54886045202626
2.5385644658595568
1.6732876964718346
.43312130741593974
.13050232744868037
3.5689525083205345
.9584114488311647
2.167414386893834
.4281864295318464
1.2846848863889961
1.761969918246082
.8179872817321003
.00022383239856985465
1.6066428010145242
.8953295942794216
1.8934265258499252
.669077853739757
1.0447975950126434
.0946721705266208
.9020101160886662
.14870014606870055
.0990350844818155
1.799331528795916
1.487754234326984
.07020127416831104
1.8699312324910384
1.6147439957153322
1.5946629447821261
1.0560789170097387
1.9331192197302958
2.879326767276151
1.3913267282677075
.9725520903306301
4.213725096705844
.00022383239856985465
.6900515969322213
2.5173155603356117
2.5168254860481007
4.242763647002044
4.473493944219453
.47736002968621755
.7887792775800995
1.9240306782093923
.03213285602029046
.6490814166099399
.9009717125796941
1.7978417210010122
1.4976780355811397
.5466183160714654
.7956230559546118
2.3870933488616126
1.5690541623665382
2.6467686083723185
.26073989120375674
1.6789458118656155
2.183648968454554
1.2266130652351197
.24150966607103017
3.827004669767241
1.0459314621501927
.7928899970585278
.3786886821064832
.009467217052662081
.08033214005072603
.13476889357682156
.2835776708962636
.1901463924108911
.5636773814665965
1.6697223281534768
.7150592220075297
.2118076889867362
1.5706687504496357
.7098027958068182
1.5216255851570109
1.5725177358784075
1.0804465444155167
1.0097058564919412
.00011275126451108322
2.1449668264530364
.5439352994832335
.3029880864972229
.00011990284903379289
4.705302603661899
.3321495605938869
.14822973484449248
.5376438185896982
.1317504044237738
.00022383239856985465
2.1759518097195993
.7500803094186738
.4041942275539501
1.0364662957585704
.03213285602029046
.6324017689267953
.06717766587697788
.565084507469075
.49837219349600753
.00011275126451108322
.16598667681211407
.3995560674450287
.27056668267079975
.7863895029033133
.8092230742084303
.4819928403043564
.3213285602029041
.14844934548251948
3.6462860079976798
.00011232048192903975
.09400199115964908
1.9806594663898764
1.7851021604626816
.9809824776928514
.020029622616880797
.02507703979338967
3.249212757422559
4.700261798904161
.4617108282755572
1.9357525419970074
5.80949889989863
.19315827364077148
3.3453892686987827
3.3453892686987827
3.3453892686987827
3.3453892686987827
3.3453892686987827
3.3453892686987827
3.3453892686987827
3.3453892686987827
