1.1348947422633395
6.602345397616543
.19939762860166982
.15423478329637794
.17572694009013012
2.67263388579166
.0006261594670281342
1.5669657082150443
947368668949616e-23
.032130987481525194
.16013568226592198
19130403187555802e-21
1.6655272886961616
1.5095151802446192
.05200395474936022
.0017622859188355456
.6366779112522573
.0475916768757078
.5165180761862834
4545853947356253e-20
.7494536392690508
.21027340554110535
.03637797731198166
2252746973517976e-22
.5296369241996106
2731783346768527e-27
1000658442853048e-26
1.2305427884609137
8900519109600542e-21
1.2014379171091005
1.3849064604279873
.028368577790549247
.5378569443976825
23.324654622316377
26.65829970635733
.9775699319680908
.11383993127208406
.3368327859758886
.6390412352298225
1.0549013020097484
.5137259792781741
51530909445522216e-21
.1000964267065717
.0136819726484035
19.406893117686188
19.09380840719843
6641719564014047e-24
1.9382062813726268
.0032854194647213447
.016974928069370513
.1439541972050212
.8002149647983618
2.3897663299296745
.5550131845206591
2.9454377166766794
.055547295299279306
.012552568854598036
.8501213150129725
.8610960967018122
.03172995960269111
.0003473458895973374
2.361728169452044
2.0826283050477965
.1602230696942151
.11804932010032707
.0211291460435653
.006270391756169829
.01598958091830949
.2609306662115612
.009566242527662595
1.8292751077214653
.0001943539952597646
23143723029043675e-21
4471748007789031e-21
.0004778775374368468
.0918024245961781
.0007160879695278177
.0003740107983164999
.0013471495504767702
.658121221839704
.38699198660354245
1.4648409367658204
.04098015741259513
.00029703421775863643
2624521316364725e-23
.0003891215033658627
.000979269467468387
.0001191039600674319
2107893866313161e-23
2.1522592903858304
.0014226238823830558
.008597221321195683
1.4789072570571948
30362999028548717e-22
6070279350152371e-25
.12394579246809709
10306795479649117e-22
.6147499652940954
.7905393022200032
.016953569504865155
7813522447751592e-23
.001923098647700594
2856513707821861e-21
.00013349110956579962
.0014230619759906145
5113662961974248e-21
.0002572096340292386
.03870806639604549
.1114577203493168
7717489220241043e-20
.00021561551217705107
6921177422091695e-23
4968241890130343e-24
.00035403791879921425
6960602838583482e-26
11737390136374504e-23
.005369128644910175
2189515682694414e-24
.06233757039038564
757307889433436e-22
30371513781684364e-24
10.43874536749699
36.31285172526985
1.673988347809661
3.094056184850594
8.2797259409684
22975310073011638e-26
.9208408961542128
.590073153642393
.00019939478854160154
.0006480783170797109
.7170512114785245
.06663706473166585
37148408366786e-18
6470308522489183e-20
.30579813848140236
.0356254059317923
.6007243293118856
.037952492978190484
.23196629503118626
.00020666924955503477
4.413029888526878
2.5254333983294264
1.6356283707604768
.3999101834313409
.12302379836734774
3.2952903212622893
.9044056368303581
2.156203143270584
.3799047028842663
1.27447574188883
1.6268645784485125
.7552651838664747
.00020666924955503477
1.5938751186906408
.8266769982201445
1.8783798282452056
.6429121730283361
1.03939323835362
.09448352199538888
.8973443469476764
.14793097448136128
.08786802138105704
1.7900242434653812
1.373675361990666
.064818340610527
1.7265475731290922
1.490927729632657
1.5790032021724638
.9968933317138736
1.784890395647488
2.6585440982574045
1.2846417795376088
.8979781834356912
3.890622667368829
.00020666924955503477
.6630656943816975
2.504294405638947
2.426008046463331
3.9174345830531867
4.1304728102276655
.44075674358656963
.728296807806251
1.7764987505251777
.03187750237381279
.5993107795296706
.8318864869378997
1.6599857825410083
1.4584185067328597
.5437908590113548
.7059096688580088
2.2040544361726218
1.5609380178125765
2.5432612184077725
.2555906063952132
1.550206642107474
2.016209880632128
1.2168654063644873
.2229910494016792
3.5335554110928946
.9279936353890065
.7887886664697793
.37793408798155553
.009448352199538889
.07969375593453187
.11957253416069719
.2516018336317921
.1899947436054413
.5001178770723249
1.5416904019686486
.7113604816136969
.1879245384798606
1.3935622518947868
.7061312449873834
1.4049495059581278
1.5643836755227036
.9975994446979007
1.0044830165895187
.00011216804336845951
2.1338716958676853
.5022271166683249
.3014208397015924
.00011923636404142797
4.344506712350108
.33043147213526486
.13686369023335307
.5333712662371665
.13106890766413776
.00020666924955503477
2.009102929048606
.7462004177206457
.4021034783259204
1.031105033870072
.03187750237381279
.6291305853718251
.06202657828965293
.5621615315401206
.4957942960205068
.00011216804336845951
.14727024209057962
.3545026619696067
.2691671399649381
.7260902776425534
.805037258572359
.47816253560719146
.3187750237381275
.14726964699377487
3.5742764468142902
9965537525727697e-20
.08340245290137754
1.970414237813989
1.5838164386249687
.9759082133463294
.018493779727823626
.023339581577900385
3.0000677583392794
4.339852429310241
.4263075006157515
1.7873217985193435
5.3640348117797085
.19254883190755426
3.2145608651416775
3.2145608651416775
3.2145608651416775
3.2145608651416775
3.2145608651416775
3.2145608651416775
3.2145608651416775
3.2145608651416775
