1.1747875081705825
6.578890372955535
.20087808753908248
.14392713701803844
.17464186241538596
2.5575037645417367
.0005787721444332819
1.457158397394782
986130694138664e-23
.031037119979454537
.14756547650291105
17850929604289617e-21
1.548198087782892
1.4015675976893396
.0529742524361231
.001584950007089783
.6133791830882703
.04639076575108725
.4922292790332668
3996517703951236e-20
.7063064565060556
.19246657472223938
.03590353583752169
22590197082409675e-23
.5217555274178942
22777113150143984e-28
10425118570927743e-27
1.224224378731455
8149425595303638e-21
1.1938950440811158
1.277523365710861
.024651141283370377
.4855754769313287
21.54130331662321
24.591367954069746
.9082545590684178
.10077680609656942
.30444955730658974
.5777591022179914
.9451090662840891
.4491865881103596
47550258433850583e-21
.09614608052700689
.01353182518824881
18.706046290368242
18.123478293587393
6777491658570406e-24
1.8066927191370985
.0031479066249063565
.015863442199838637
.13879296479120248
.7305364096050764
2.2074751852155066
.5087992865682631
2.8477718772858385
.05715886100216082
.011293716756079179
.8454425307445561
.8530499144701863
.0313878123785617
.00033620714383097257
2.181731670844365
1.910012623831999
.1543684084467552
.11069175105808089
.0196994357303294
.005642861015894208
.016426053798949427
.26455751510821646
.009911759345970718
1.8080315157614253
.00017487762616642634
20411756529042328e-21
3910111309492885e-21
.0004260479029074792
.08883068062204667
.0006414673519214472
.0003362873068660071
.0012131196371647068
.6601374476660106
.36290552563404627
1.346833358505308
.03882920357399712
.00029755609811776184
24431429300577384e-24
.00037341822605522937
.0008378184839905981
.00012337702438083623
20127795348105052e-24
2.0506977052173667
.001294740238538381
.008067503273851938
1.425580207678796
2887392849876606e-21
5554490162992876e-25
.11641572406093413
9647910553194175e-22
.6049149322899373
.7796146671433531
.016843839809579673
7496182007088886e-23
.001775611173475312
27029671625935243e-22
.00012808426160524955
.0014160677187806383
463249785366679e-20
.00023379891406625025
.03915793449072323
.10287065737786408
7998630851338512e-20
.0002199612095842568
7319663952603364e-23
4851765227522271e-24
.0003364117087297132
6255312524594067e-26
10830110633006218e-23
.0056835107386198
19071603403315536e-25
.06284032297622233
7251872323447478e-23
29124018558322938e-24
9.637955547903566
33.527175769178086
1.545571303437838
2.8567011573208543
7.644561463904365
21431218207981984e-26
.8782861789849787
.5751624683828412
.00017483906835765806
.0005967531627734248
.7030333911458193
.06732153864287115
34120466880908024e-21
6149494715131294e-20
.3053105622567667
.035441128687607834
.5995272957750445
.037756178560627324
.2316888477728991
.00019081498496285613
4.28125220420272
2.5123702515429294
1.5988162532996906
.36923178364580045
.11597257602722819
3.0424979741965172
.853434408193219
2.1450498900584094
.33699836673090283
1.2643477233200278
1.5020625503872473
.6973263560628238
.00019081498496285613
1.5812088934594517
.7632599398514268
1.863452697696972
.6177684053157587
1.034016835851583
.09429524937350775
.89270271160304
.14716578145144496
.07794423040430926
1.7807651002786138
1.2682962951984473
.05984591667867552
1.594098541092107
1.3765538556078363
1.5634972275864096
.9410153971443017
1.6479656975535044
2.4545986073123487
1.186092765967337
.829091381219853
3.5921604562290668
.00019081498496285613
.6371337389807266
2.491340603159299
2.338464012757712
3.6169155433992692
3.81361092116995
.40694487245114835
.6724268110967281
1.6402178025895662
.03162417786918901
.5533357169982785
.7680697918902915
1.5326429201058724
1.4201875151517458
.5409780270368035
.626184418509721
2.0349743128263436
1.5528638541997892
2.4437963583681217
.2505429804269375
1.431285291546414
1.861539918895051
1.2071952062764675
.2058846869093708
3.2624849806383867
.8231862808974479
.7847085501062132
.377180997494031
.009429524937350775
.07906044467297241
.10606804393865513
.2231859894249312
.1898432157454805
.44363469698253777
1.4234223596514692
.707680873038163
.1667003910600769
1.2361737016175702
.7024786853475592
1.2971712987305486
1.5562916887780636
.9210703742759364
.9992871919445558
.00011158783895037997
2.1228339550960973
.4636996549865779
.29986169952544056
.00011857358364065926
4.011225592452515
.32872227052803316
.12636443520294421
.5291326652885838
.13039093596189644
.00019081498496285613
1.854978164485719
.7423405948501324
.4000235435455349
1.0257715032298853
.03162417786918901
.6258763220877396
.0572683194482002
.5592536747702338
.4932297327779726
.00011158783895037997
.1306375800978345
.314465225564519
.26777483642535965
.6703895509774195
.8008730941622872
.4743626680378348
.31624177869188963
.14609932285942662
3.5036885215959486
8840032366719138e-20
.0739830020416331
1.960222002914508
1.4049406310738388
.9708601957468456
.017075062246893712
.021721975513243584
2.7699228860973566
4.006928354473589
.3936040775039685
1.650210579670372
4.952542403641035
.19194131303389497
3.0888420265787913
3.0888420265787913
3.0888420265787913
3.0888420265787913
3.0888420265787913
3.0888420265787913
3.0888420265787913
3.0888420265787913
