1.4939296354285265
6.384201019331416
.20888851583883525
.08508340809600219
.16592042220980754
1.7300135711486542
.00030794327682001144
.8306817645732896
13325953167400593e-24
.023182468792377488
.0770599476392562
10445760356942274e-21
.8611453539186259
.7874875879036308
.0652059126643631
.0007302893720518417
.44921762162561973
.03609536269016916
.325288816208215
14032565596045629e-21
.43367791022223245
.09339253637715778
.03415580641466333
22742999383037964e-23
.45464609113041454
6519586990529139e-28
13888343379885271e-27
1.1745510966531587
438711545759042e-20
1.1299276174866149
.6817072639208922
.007898247185811521
.2211604177484823
11.395617487387733
12.956495537144697
.5134089111524702
.038743827245542165
.13965840816145744
.26459119350904486
.4114647668612262
.15815811788165196
2530414144297666e-20
.06970189666960905
.012039754746820062
13.928706683247082
11.318898651101318
756449995770623e-23
1.0312092234840275
.0023435649098150586
.00899268072165438
.10222010818995474
.3612992670750213
1.1791566329563707
.24963732452267592
2.1775266895616423
.07529991822261291
.005213378241835563
.7753972116945926
.7923600467106978
.03020130542849801
.0002599917260801548
1.1571622647735158
.9526917895991863
.1130674062464527
.0648137247719592
.010971743395626605
.002611206909075041
.021279442617318074
.3165877774567918
.013777904469214914
1.633319946165465
8080663648103502e-20
8270740198675821e-21
13737740085582917e-22
.0001863335454720922
.07153519949188257
.0002776259546183007
.000154727269067939
.0005630022730980037
.6527613889152138
.2126141995098023
.5602083022971942
.024706864461495396
.00028591764329283416
1605024513748515e-23
.00026352301392562497
.00028820962930125915
.0001646008433542918
1521602625519897e-23
1.3259709266242703
.0005865530865959688
.004748997215074365
1.048195375831549
1919288937788948e-21
275194648309698e-24
.06890559179055292
5568808003583528e-22
.5213888600131555
.6873047728355455
.01580016626314922
5135200592253203e-23
.000929020914393688
16781651300094717e-22
9026171613969317e-20
.0013615272819261055
22633561912676504e-22
.00011712396879188993
.041544277747554946
.05422248678759898
.00010709143567768128
.00027323600985400633
12715784631495285e-23
4197713411285658e-24
.0002205356118184659
28300933706261035e-27
5941200120623887e-23
.008860803980935656
6614683447205858e-25
.06547096046389697
5310582215585279e-23
22006172449439848e-24
5.09117439415558
17.71046752975581
.8164359137469264
1.5090299713061035
4.038179610409154
1145373506712656e-25
.568739149057382
.5029851642238232
6074837644984326e-20
.00037000561927116724
.5888651480953292
.0836942125547059
16189447695330366e-21
4525522602947978e-20
.30143783536630375
.034000815101659705
.5900364991774825
.03622178225475092
.22948118286875197
.00010079651858066933
3.359270952367932
2.4102685087309266
1.3326335717520499
.1950437925410787
.07233110386498501
1.6071756819699876
.5366150985724746
2.0578759028408986
.12942420497373527
1.1861679935714873
.7934527563385375
.3683571760328359
.00010079651858066933
1.4834363569280922
.4031860743227317
1.7482278860268174
.448979180754836
.9919947967144133
.0928025116145648
.8564236231161043
.1411850217448472
.02993447757694158
1.7083955042106878
.6699675662771799
.031613135905722164
.8420700462698018
.7271537731225156
1.4448074831634286
.5932227751172873
.8705249490027437
1.2966224543539036
.6265441969691488
.4379610166804635
1.8975305751876943
.00010079651858066933
.46305343830689794
2.3900934970193295
1.7427864014824133
1.910607255745124
2.014510045686244
.21496543578757568
.35520418677833376
.8664321842818488
.029668727138561824
.2922952507667475
.40572684092182687
.8096065966939084
1.1483002146741177
.5189928919439427
.24048609291151224
1.0749592133655057
1.4897560754931316
1.7760922660830325
.2135903070007267
.7560652247080796
.9833438556207008
1.1325494476456044
.10875697038979737
1.7233820919993348
.3161446477743874
.7528183020362408
.3712100464582592
.009280251161456483
.07417181784640443
.04073542668187718
.08571456747066569
.18863533534727278
.17037788198405007
.7519116926309682
.6789209995889603
.06402127639692032
.47475244492579083
.6739302267681675
.685220560325785
1.4930446042169847
.4865481980510844
.9586765519305726
.00010705295288951305
2.036562814772455
.24494570433663956
.2876754375263128
.00011340226264318156
2.1188984452119515
.31536312622937007
.0667510213799413
.4964142540395326
.12509189940451734
.00010079651858066933
.9798776603406043
.7121721638842948
.38376674344342065
.9840845511803863
.029668727138561824
.6004409535425663
.0302515403937902
.536525824512896
.4731850696585929
.00010705295288951305
.05017135574841014
.1207703532966225
.2568925719727227
.35412802010561734
.7683259253542694
.4450309070784269
.29668727138561773
.13706541124878055
2.986928253537055
339501396432175e-19
.02841316803320913
1.880559348624962
.5395673752852511
.9314048177221784
.00901976765278838
.012230380864292015
1.4631900304366796
2.1166284629676717
.20791826553500264
.8717107903664836
2.616141664698657
.18714966165122443
2.244895903774171
2.244895903774171
2.244895903774171
2.244895903774171
2.244895903774171
2.244895903774171
2.244895903774171
2.244895903774171
