1.7731789967792275
6.201611028773574
.20647613463000186
.05256977146171861
.15783822045542817
1.1516877366957117
.00017698238593000413
.5198592573933399
16489491002736943e-24
.017629012536755185
.04382311193092542
6689664940583167e-21
.5167324361674698
.48330055994532684
.08749590656520978
.0004071410371519998
.3336650235603648
.026325250087484493
.21607132291173387
5445040213801301e-21
.27545937079424704
.04863094345633628
.03484828941225568
21939779169768283e-23
.39436773276779463
2909655062038193e-28
1657310399894637e-26
1.1324503674455295
28389304868038265e-22
1.0744169265531827
.3991539662011556
.0028673393311412997
.11583823848004293
6.523720254733241
7.421954121588492
.31726608536365425
.017169379378374837
.07342631532985221
.13693900291574163
.2106123574823279
.06556564377147511
14715352697303255e-21
.05263313974943297
.010520136737195804
10.750844914006915
6.990181347767411
7347345835218957e-24
.6283523647510408
.0019994047079533307
.005151919141359184
.07626297577034766
.2001502082948196
.6834697960098257
.13048297715688156
1.7263479467507792
.10597362037686102
.002905359775594501
.6312491326487893
.6911970381113395
.032342627107070365
.00020842838109631396
.6642074679235063
.514102502319254
.083955377589012
.0386142121781302
.006188642979035713
.0014601019728706205
.02928310988654066
.4055697930147944
.020247043475648287
1.4746056118990518
4512504664247765e-20
42763889425753736e-22
6321430150470163e-22
.0001011541697031355
.06489248238628852
.00015749634002555244
8621680273492869e-20
.00031500725133747586
.6029039624780861
.1266908279705346
.1650158378259205
.01570165054811298
.00024733415465868325
12419536575650295e-24
.00018526118362097909
.0001342154704826959
.00021687533842625238
12981208460742383e-24
.8381572855405317
.00027524428829301913
.002835842624291217
.7807735042137816
12989965555998358e-22
1457852363983238e-25
.04126159229920543
30385148131152573e-23
.44634029517381724
.604173487273845
.014428980998121626
3315993135136559e-23
.0005102899345519535
1039210705020229e-21
6341876732662967e-20
.001315770212496914
13212394906456621e-22
6976570715798727e-20
.04021830624626165
.030983610748925135
.0001415091756714967
.0003474083782394679
23934729975726384e-23
3770073936208183e-24
.00014592675176997816
1499615972097572e-26
3530416327326384e-23
.012963785904251892
26981689470402266e-26
.06429073642349567
4317131933782236e-23
18059325459530972e-24
2.912721393021292
10.132369009700856
.4670926917631368
.8633339854117481
2.3102905596010115
5691062235575582e-26
.2823054567875743
.4909160027150134
1907316136778214e-20
.00030683671071978885
.4115960832247028
.13265112472062826
602821614774182e-20
3917941378687452e-20
.2980895175748845
.03278863895956353
.5818553806275663
.03493042555809137
.22756673896204635
5766688651423467e-20
2.7169710866217223
2.3243390986978496
1.136341669346558
.11158687232605047
.04785466086077532
.9194843132050486
.35755641905259333
1.9845097771947935
.056022947573456335
1.121736658828947
.4539437541939646
.2107415193113679
5766688651423467e-20
1.402857733157691
.2306675460569946
1.6532660789798392
.33958755450064776
.9566288085148522
.09151576350608828
.8258909349918652
.13615158020914472
.012957527289990072
1.6474888387299693
.3832964090104764
.018086250857714904
.4817582837091995
.41601331775652134
1.3483689441897637
.39617475529538
.49803767182467573
.741813119936209
.3584533832273002
.2505627039723442
1.0855997992535324
5766688651423467e-20
.3502326866323454
2.3048833540917677
1.3474682268711264
1.0930811236515352
1.1525251449374134
.12298428124902426
.2032165378006957
.4956961524745246
.0280571546631538
.16722558766875806
.23212114883208065
.4631855582924436
.9534578619252401
.5004900766540459
.10409752780074213
.6149969447107181
1.4366442084141735
1.343355895016413
.18575624989643325
.43255390289804224
.5625827094531071
1.0710306130714062
.06222115562533949
.9859673818045778
.13684731562786673
.7259792870792983
.36606305402435313
.009151576350608832
.07014288665788439
.01763285835013798
.037102663452121584
.18758474590407673
.07375027841199797
.4301776178209966
.6547165257959291
.02771244074400246
.20550275999665008
.6499036809373308
.3920228282279717
1.4398154965351249
.27836000802215777
.9244984052960664
.00010323636687398314
1.9639565302299733
.14013634928102625
.2774194098106877
.00010906270682961717
1.2122469892394638
.30411999407006346
.0381890528445732
.46944958027803135
.12063219996571628
5766688651423467e-20
.560599657928411
.6867822400385162
.37008492760632483
.9490005741880804
.0280571546631538
.5790344020688564
.01730726587916172
.5173979358976237
.45631536666702377
.00010323636687398314
.021717322763214406
.05227701551285814
.24773399604164575
.20260085005413087
.7409340421513593
.4208573199473067
.28057154663153755
.12962016956155248
2.597686191278608
146957587549401e-19
.012299008701253498
1.813514803681455
.2335587441633384
.8981989461776123
.005160316298046281
.007398852694024093
.8371084103111466
1.210948305412697
.1189525113731961
.49871610576571007
1.4967257461635766
.18305519485195887
1.6979377725032265
1.6979377725032265
1.6979377725032265
1.6979377725032265
1.6979377725032265
1.6979377725032265
1.6979377725032265
1.6979377725032265
