1.7956890864642518
6.186296631108709
.20630243996054023
.050468856289738635
.1571272342353909
1.1114090893481585
.00016925148702660373
.5009340906246604
1677915769281734e-23
.01723427584803193
.041880005423237214
6179161852793455e-21
.4787500927460817
.4647994937222812
.089225931193603
.000386593430685763
.3254363911390459
.02561649079162698
.2086832612452552
5038332132582593e-21
.26523938360980265
.0461106733063569
.034691238237979205
21886326831289708e-23
.389609816471949
27317977883117705e-29
16804738417612712e-27
1.1291144228016752
27286838880427877e-22
1.0699640089018383
.3824169442130034
.0026412520893810587
.11011336235418083
6.236998936748677
7.096887250665829
.30531474653635354
.016090647030027383
.06981373645618874
.12993303373510012
.19992371929751387
.061126095329345126
14089289018332863e-21
.051455871264663985
.010396399153732878
10.528399413710677
6.710752926930308
72934501907420944e-25
.6035597938393155
.001965444364692092
.00492464722223029
.07440714875661752
.19098439740038864
.6540931033288234
.1237279790178897
1.6944228815357012
.10846040633070568
.0027586761080484815
.6172106723637854
.6804004561595719
.03238247652958538
.00020474869053009752
.6351590452415944
.4889138073934005
.08188166893130032
.03704484824596857
.005908019904247734
.0013867303431369677
.029902376063105408
.4117026986719948
.020794245083431917
1.461462805334334
4285209717861963e-20
4041136002055226e-21
6311970806633035e-22
9589561744927674e-20
.06408163352178728
.00016010610702731518
8186329169430998e-20
.0002991735120054932
.5988255960803904
.1215434607497511
.14511135527944413
.015136528188268428
.0002438986656845846
12218164008199444e-24
.00018014290560969823
.00012677074356495023
.0002206714259339223
12859032456125437e-24
.8070836989951552
.0002582226453441037
.00272112928599077
.7616721756568953
12597625176350607e-22
13861209549203288e-26
.039600258581498585
28819698924078254e-23
.4403509697307543
.5974948433402899
.014296553616237807
31932219317161956e-24
.0004853582347057547
9994824069853715e-22
6166263320784799e-20
.0013121644598904389
12587258729893078e-22
6657113035460027e-20
.040050794348090966
.029618464276952475
.0001440282891440548
.0003516481346722326
248967746350901e-21
37123871337448386e-25
.00014117280027433612
14154161271990625e-27
33631057840984715e-24
.013250977827289907
24969944357500964e-26
.0642081486802085
421945454772579e-22
1764414397040404e-23
2.784604787153599
9.686694826776158
.44654753065103364
.8253600754434846
2.2086719888123776
53536906216049974e-27
.2567569827725185
.48754876265226466
1679930722573209e-20
.00030169843022332846
.38857489152381647
.13879308943287794
53603918399985274e-22
3855599002424262e-20
.2978212375037478
.032692829454959896
.5812008681923564
.03482835768109159
.22741311440869727
55130397515024447e-21
2.670891981965022
2.317547301763194
1.1218394424320286
.10667870246948172
.04628783278263161
.8790406203621028
.3460472406006795
1.978710972954441
.052375620048831735
1.1166979347035215
.4339769516080727
.2014720134004097
55130397515024447e-21
1.3965562424745026
.22052159006015318
1.6458397801134013
.3320295349013806
.9538335069975673
.0914128200475817
.8234776539332708
.13575374071763893
.012113938225457765
1.6426748209943325
.3664370433734625
.017290723665064605
.46056805373892423
.3977148926498702
1.3408813972263436
.38349270740264013
.4761313898639908
.7091843284074072
.3426867428164085
.23954165566099941
1.0378494850819475
55130397515024447e-21
.3424377439885736
2.2981484074964844
1.3198147596742473
1.0450017419997728
1.1018311066746511
.117574794187731
.1942780196363447
.473892862688939
.027931124849490032
.15987013830869076
.22191125584000412
.44281225319105094
.9392736505418731
.49902762783564886
.09732034461353661
.5879461868304366
1.432446285771834
1.3134575372916872
.1836773007501078
.4135279369999986
.5378374017049379
1.0662196552171928
.059484346230872336
.9425994185123392
.12793798467370748
.723857951212526
.3656512801903268
.009141282004758172
.06982781212372498
.016484885735631366
.03468712532878202
.18750031392220204
.06894882771988192
.4112561732751772
.6528034221117632
.02590824527985851
.1921236732940368
.6480046405475337
.37477962937772547
1.4356083072823538
.266116289991814
.9217969898964365
.00010293470674165884
1.9582177832677565
.13397242523680059
.27660878097506647
.00010872021741603151
1.1589260742673653
.30323134523020623
.03650930007334264
.4673408617056284
.12027970862466929
55130397515024447e-21
.535941575079681
.6847754392600571
.3690035270145234
.9462275626277756
.027931124849490032
.5773424440928301
.016546002489329453
.5158860817464822
.4549819978352979
.00010293470674165884
.02030343448160588
.048873563787371954
.24701010898236586
.19368941303271098
.738769007987848
.4189668727423502
.2793112484948999
.12903792927336097
2.5686133741174566
13739003572934688e-21
.011498291943130127
1.8082156524984385
.21835309588706558
.8955743786810805
.004933338801711242
.007105232722919644
.8002880372643723
1.1576845132963474
.11372036247866599
.4767799827587628
1.4308919788239562
.18272907076447606
1.6601476745068906
1.6601476745068906
1.6601476745068906
1.6601476745068906
1.6601476745068906
1.6601476745068906
1.6601476745068906
1.6601476745068906
