1.7956890864642518
6.186296655901783
.206226995940854
.05044964670080116
.15712344474183493
1.111229883268591
.00016925340536325326
.5009318065911816
16771704611597993e-24
.017235280057825698
.04188048321313138
6570273197763622e-21
.5029866230907446
.4646840482863676
.08959656020267386
.00039726302324022037
.32489046615110867
.02560528521854433
.2086789653197475
5038329042733428e-21
.26523615011826496
.04611341708247115
.03559958605484473
2187741984475988e-22
.3896314734020624
27439391603853345e-29
16798215945742823e-27
1.1291144381799718
2804017712395153e-21
1.0700248897733218
.38242136673245486
.0026413091616185524
.11011477561257363
6.237069598747963
7.096964099728398
.30525184847043446
.016090752857586207
.06981462821551881
.12989857150141618
.19992635923449342
.06111221193305808
14089450831962504e-21
.051455905353835193
.010397037810685161
10.528404426357987
6.710826922446824
72935286125981536e-25
.6035658498982417
.0019740482105038938
.004922510490443419
.07428637166886291
.1909867357739257
.6541007856171765
.12373686130546349
1.694421772507067
.10893589942207367
.002833775378029829
.6172166172734688
.6804185509577617
.0325235705926838
.00020474857205509883
.6351662489337421
.48891901618668504
.08174347544663092
.03702970042224574
.0059054187700411116
.001424925623887938
.030033375430537777
.4230278829192552
.02088344209736908
1.461459969061273
4403596701643031e-20
41528175221321084e-22
596428748856286e-21
9854088034456316e-20
.06435845595497171
.00015154295986897782
8412504358706602e-20
.0003074348204987124
.5985936379207765
.12149345960197143
.14535336853232636
.015129935718205577
.00024380266456673765
1221366661562997e-23
.00018007094009686323
.00012677387697656757
.00022152433685448657
12860585620140022e-24
.8068094844880696
.0002581960977108382
.002719959994485508
.7604042869501196
12592608810982052e-22
13856504758919696e-26
.039582944410884835
2879763360791951e-22
.44037002187341256
.5975202260603801
.014296455071706318
3192135984510784e-23
.0004853607384123389
9992080241664227e-22
6163868195218423e-20
.0013121644577369124
1293486675407921e-21
6840964376830557e-20
.040033129706276996
.02961880027038988
.0001445998850223043
.0003613240865406418
25693085401181287e-23
381251785534701e-23
.00014112253648276862
14545119569821405e-27
3453920707508161e-23
.013305885282536407
2565113108225487e-25
.06417950056786059
42379780810845915e-24
18130647056974902e-24
2.7846363702348746
9.686804693595146
.44655259540816394
.8253694367052653
2.2086970396444676
53508572670856034e-27
.26416015262469894
.5009953054100865
17298477899129256e-21
.0003101932064974512
.4002334062583438
.1428105040302769
5516450430193158e-21
3962284531239461e-20
.2978212375042163
.032692829460735234
.58120086819459
.03482835768724418
.22741311440881037
5513102280585002e-20
2.670892558816373
2.317547302172599
1.12183951839921
.1066799124229187
.04628798409774007
.8790505904704241
.346048294097168
1.9787109733039894
.05237885232748152
1.1166979358142985
.43398187378927106
.20147429850277274
5513102280585002e-20
1.396556243863654
.22052409122345462
1.6458397817505146
.33202975373834204
.9538335071660665
.09141282004793301
.823477654078742
.13575374074162044
.012114685818017642
1.6426748212845186
.3664411995147495
.017290919777034845
.4605732775172996
.39771940354558033
1.3408814003590184
.3834938482852367
.47613679016225235
.7091923719999476
.34269062958098717
.23954437255052657
1.0378612564057692
5513102280585002e-20
.3424379696854695
2.2981484079024628
1.319815382674401
1.0450135944447334
1.1018436036801773
.117576127725006
.19428022314418728
.47389823759774824
.02793112487727306
.1598719515611837
.2219137727649421
.4428172755825425
.9392737693092272
.4990276279238044
.09732635058485326
.5879528553358871
1.4324462860248823
1.3134584029768936
.18367730804504603
.4135326272477878
.5378435018748624
1.0662196562777593
.05948502090433097
.9426101095066893
.1279458801643107
.7238579513403989
.36565128019173204
.009141282004793303
.06982781219318256
.016485903074312504
.03468926598992113
.18750031392222044
.06895308278786111
.41126083775654404
.6528034222270841
.02590984416628629
.19213552990301502
.6480046406620068
.37478388014090547
1.4356083075359607
.26611930829173713
.9217969900592763
.00010293470675984274
1.958217783613685
.1339739447565595
.27660878102393077
.00010872021744168087
1.1589392188459307
.30323134528377343
.036509714163053895
.46734086217049137
.12027970864591726
5513102280585002e-20
.5359476537470775
.6847754393810259
.36900352707970957
.9462275627949311
.02793112487727306
.5773424441948203
.016546190154646995
.515886081837616
.45498199791567256
.00010293470675984274
.020304687475988514
.04887657994215636
.24701010902600132
.19369160986455777
.7387690081183549
.4189668731590957
.2793112487727302
.1290379294017147
2.5686134761326533
1373985145383544e-20
.011499001542051229
1.8082156528178683
.2183665712034183
.8955743788392879
.004933394755806076
.0071052848340651615
.800297114158243
1.1576976437930897
.11372165229884679
.47678539041338924
1.4309082080489757
.18272907076891004
1.660148768691698
1.660148768691698
1.660148768691698
1.660148768691698
1.660148768691698
1.660148768691698
1.660148768691698
1.660148768691698
