1.8181991761492762
6.170883813548579
.20577466896316265
.04837645107697641
.15639356310524624
1.0715283068825452
.000161852266574343
.4827198532233923
17038467242578927e-24
.016851956458792616
.04002236150959148
7036383138862074e-21
.5241699195303566
.4465698911671085
.09235150037800986
.00040225452737274855
.3153018424509239
.024866714161243336
.2014616529311082
4660688609259134e-21
.25533875955082563
.04372628596255696
.03764957141341313
21792285434019197e-23
.3849812467901286
26082498108355246e-29
1700786476164687e-26
1.1257872515170495
28740529730713732e-22
1.065781621980567
.36637945044320613
.0024326703037385075
.10468680533457655
5.962684745883416
6.785874218779844
.2935790023503514
.015079891944646014
.06638808941209556
.1231534413694746
.18981554051071103
.056935618111806724
13489661870709768e-21
.05030496953021595
.01027600793703105
10.310496051127696
6.440857846664116
72350534417993955e-25
.5796911897132982
.0019625149376315716
.004697075348528377
.07212880037200407
.18224768333164862
.6259554112489041
.11733988893947399
1.6630759069859933
.11276605438798366
.002866641190074556
.6029759847157358
.6692992568822426
.03293309977702185
.00020112992982017025
.6073624760142511
.4648945279354835
.0793253935454849
.03546865412311232
.005627520106531887
.0014429576011288172
.031016055259797875
.4579999477965278
.0216872293907886
1.4482384436218434
44596801424728045e-21
4185936822904928e-21
5229816032851794e-22
996223091293975e-19
.06426024115935068
.00013596742110731186
8518598088910848e-20
.00031137297514747473
.5936610808518867
.11637219109888544
.12779914280887
.014560065120450418
.0002399371840396909
12004186862394399e-24
.0001748271143995233
.00011979575930757115
.00022755944840479952
12744902455518002e-24
.7757396615031088
.00024206199855726155
.0026056120179219844
.7381347199789461
12194155446329373e-22
13156751241846121e-26
.0379250469350322
27229230529220165e-23
.4344862418143447
.5909594436951016
.01415785470319113
30680222341663596e-24
.00046139247413420144
959900473889244e-21
5984212577587902e-20
.0013085717150250176
1314062323647021e-21
6960904619525631e-20
.03978345186438677
.02831266231373439
.00014862327099919394
.0003898601049495918
28811317107378336e-23
3994993361371504e-24
.00013633237833992663
14633268962408162e-27
3499858968711837e-23
.013735914687373053
25279914618564653e-26
.06399233233275232
4187139163300922e-23
18883790208774604e-24
2.6620411305944263
9.260337469559989
.42689285705549934
.7890320660645804
2.1114578648054585
50195119359941063e-27
.2555984166191784
.5307689947026917
1626968175244687e-20
.0003260176768558631
.40295020000671466
.15987801921592226
5224979980585942e-21
4160674126157807e-20
.29755319888297005
.03259729989343905
.5805470919934131
.03472658803333597
.22725959356309677
5270384738547905e-20
2.6255928335460395
2.3107753495879844
1.1075220934095735
.10198326708419414
.04477190733235001
.8403498757391512
.3349057558619026
1.972929112076255
.04895745732385602
1.1116818410222453
.41487556878459897
.19260427505183048
5270384738547905e-20
1.3902830537045396
.21081538954196688
1.6384468350162014
.32463915079183986
.9510463729927574
.09130999238627543
.8210714241723736
.13535706366209568
.011323352604584246
1.637874869201016
.3503084120711761
.016529676953258122
.4402962704607333
.380209574934384
1.3334354205164196
.3712136290010156
.4551745903879823
.677969764364049
.3276034748253127
.22899829189480653
.9921688095202048
5270384738547905e-20
.33481569174424
2.291433139551248
1.2927271604024284
.9990062617071932
1.0533342966541936
.1123997701551203
.18572692305504546
.45303459140520214
.02780566107409077
.1528334956884784
.21214388954340785
.4233219868628944
.9253001358705717
.49756945210510817
.09096897781291093
.5620678881036631
1.42826062892098
1.2842223196625084
.18162159934304237
.39532661224400184
.5141646281424757
1.0614303048394587
.05686615817929696
.9011111498946922
.11958843482754519
.7217428136170487
.36523996954510174
.009130999238627547
.06951415268522683
.015409041251222767
.03242335759247342
.18741591994315238
.06444905640217764
.3931548396095608
.6508959082711653
.024217409005219424
.1795852063884844
.6461111489101622
.3582838013189915
1.431413410896915
.25440325059684205
.9191034676860889
.00010263392802154669
1.952495804188044
.12807566373194534
.2758005206929221
.00010837880345244367
1.1079162440755708
.3023452929082704
.03490235271189053
.4652416140303597
.11992824721810612
5270384738547905e-20
.5123522458337948
.6827745020960566
.36792528613653797
.9434626534515508
.02780566107409077
.5756554298009792
.015817734486672657
.5143786450392421
.4536525249362646
.00010263392802154669
.018978382045577932
.045683953930371925
.24628833702821878
.18516422381821313
.7366102997764495
.4170849161113614
.2780566107409073
.12845830400357403
2.5398656622019593
12842362161385865e-21
.010747884923902197
1.8029319847554468
.204102831879686
.8929574798341154
.004716199175516395
.006823128725007387
.7650635671348255
1.1067293300882697
.1087149902567541
.45579463563493033
1.3679116399712439
.18240352767519516
1.6231957539591875
1.6231957539591875
1.6231957539591875
1.6231957539591875
1.6231957539591875
1.6231957539591875
1.6231957539591875
1.6231957539591875
