1.8181991761492762
6.170883842612614
.20571331946478144
.04840699875835306
.1564017754735102
1.0718006287200486
.00016185306404121468
.4827204344418514
17032301198445565e-24
.0168528757467331
.04002255991154039
6443485455284411e-21
.48900202631513895
.4467483895201329
.09211760279507364
.000381327828867298
.3168073501878879
.024859833992538057
.2014694183656028
4660853751102893e-21
.2553466976253424
.04372847914814604
.035822993191511804
21785034204269854e-23
.3850013149845744
2600651429651576e-28
17002644836441818e-27
1.1257872269005205
27244800910039538e-22
1.065825494289324
.3663813745377499
.0024326986881354536
.10468742548751159
5.962714104781426
6.78592235721578
.2936768028611113
.01507998278165064
.06638848002451357
.12320801732066565
.18981671042363538
.056957066499057574
13489731541107214e-21
.05030498447716559
.010276598856564572
10.310498041098045
6.440891879440853
7235097465708564e-24
.5796952021613103
.0019568796652389498
.004695398195119235
.07246227353075349
.18224862536933287
.6259586732682666
.11734711502414721
1.6630765851986624
.11244030820984971
.002719600999015911
.602980137468943
.6693030951378934
.03283859276809615
.00020113000936486614
.6073654663242245
.4648972291267664
.07970640300006504
.035456673510282435
.0056254828391381064
.0013680460381825677
.03092653795591878
.43418610185297457
.02162598430130174
1.4482409410328134
4227435493889852e-20
39678830856467e-19
5596140575857554e-22
9444252888322442e-20
.06407832194470346
.0001447952713244031
807494850476834e-19
.00029516542779549614
.5934769196614974
.11633265551323732
.127624037209594
.014554875226409686
.00023985954565799989
12000504156657142e-24
.00017474606891563365
.0001197965189327968
.00022686330556963145
12736639544768326e-24
.775487231644845
.0002420961999997673
.0026046710798861175
.7416325175956071
1218851325219803e-21
13151440267659328e-26
.0379112218712755
27237779657573137e-23
.4345276665332209
.5909820868751692
.014157644066736754
3066748861764933e-23
.00046138769314424307
9595599601538169e-22
5981492478893801e-20
.0013085717229791916
12456568439047255e-22
6598529318949114e-20
.03976876028067868
.028312802248330503
.00014815026096203605
.00036957244020649173
27232656277888886e-23
37877897026542585e-25
.00013627417363450746
1387096431942002e-26
3317473377388145e-23
.013699678527474385
23953508006402444e-26
.06396912663719825
41749996773581227e-24
1789932361893407e-23
2.6620542512916003
9.260383112011619
.42689496112964104
.789035955054367
2.1114682717818525
5018224685740752e-26
.24201240030249369
.503111309713195
1539693440598408e-20
.0003089397351782157
.3807110865210054
.15113982588336172
4946295145114051e-21
39436698865991926e-21
.2975531988831861
.032597299896090406
.5805470919944428
.034726588036160515
.22725959356314898
5270410715277278e-20
2.6255930897819284
2.3107753497759354
1.1075221274923628
.10198376974042486
.044771972007836426
.840354017664722
.3349062067701884
1.9729291122367267
.048958726882832565
1.1116818415303362
.4148776136278007
.19260522436186536
5270410715277278e-20
1.3902830543399645
.21081642861114339
1.6384468357650483
.3246392467677683
.9510463730701124
.09130999238643739
.8210714242391568
.13535706367310518
.011323646240421134
1.6378748693342353
.3503101386750736
.016529758424908864
.4402984405977644
.38021144891545294
1.333435421945843
.3712141175267061
.4551768338574312
.677973105948765
.3276050895208683
.22899942058406758
.9921736997325719
5270410715277278e-20
.3348157907287487
2.2914331397376255
1.2927274347807813
.9990111856200711
1.053339488339681
.11240032415232609
.18572783846791502
.4530368243270038
.02780566108679926
.1528342489758679
.21214493516050872
.4233240733368867
.9253001888892963
.4975694521455788
.09097133680965995
.562070658429962
1.42826062903715
1.2842226993284513
.18162160262807808
.39532856073409145
.5141671623626656
1.061430305324582
.056866438461833105
.9011155913010913
.11959153598066903
.7217428136757529
.36523996954574955
.009130999238643743
.06951415271699805
.015409440836652926
.032424198391140545
.18741591994316087
.06445072768746138
.3931567773953953
.6508959083241069
.024218037008199376
.17958986337076885
.6461111489627147
.3582855672320713
1.4314134110133414
.25440450450234053
.9191034677608457
.0001026339280298946
1.9524958043468534
.12807629499266482
.2758005207153548
.00010837880346421291
1.1079217047851582
.30234529293286216
.03490252473898447
.465241614242997
.11992824722786068
5270410715277278e-20
.5123547711210943
.6827745021515913
.3679252861664638
.943462653528289
.02780566108679926
.575655429847801
.015817812449293703
.51437864508108
.4536525249731633
.0001026339280298946
.0189788741907322
.04568513860124076
.24628833704825107
.1851651364576442
.7366102998363631
.4170849163019888
.2780566108679922
.1284583040622855
2.539865708141151
12842695187998371e-21
.010748163636781289
1.8029319849020913
.20410812465013894
.8929574799067458
.004716222420769984
.0068231506129524545
.7650673379884265
1.10673478494778
.10871552609237664
.4557968821604633
1.3679183821489513
.18240352767723605
1.6231962338388293
1.6231962338388293
1.6231962338388293
1.6231962338388293
1.6231962338388293
1.6231962338388293
1.6231962338388293
1.6231962338388293
