1.905612499705009
6.110050860511036
.2031319451197329
.04112860328309772
.15347782210701727
.9281767099296679
.00013605319280053746
.4183136086354918
18020314801083815e-24
.015441393920213793
.03356155410851993
5597368854168547e-21
.41628788101986725
.38330118049221445
.10285493159205719
.0003244532517383868
.28774031184182897
.022037183172058404
.17536045415315238
3438585300427373e-21
.21996669320701076
.03556274579280088
.036624110800778084
2137034437229752e-22
.3673630087957005
21350510716880431e-29
17753988022240584e-27
1.112949744825778
2429779244806502e-21
1.0496244074340058
.31028961415031675
.0017664692402390798
.08617550789556909
5.0070637939812785
5.702665095654701
.25270862198044497
.011728760582290623
.05469234953405323
.10032606126421385
.15551147521987888
.0433370377825823
11394934039497442e-21
.04607571181047784
.009814878432841246
9.505851447146323
5.48152150553113
6973175388180227e-24
.4953477405742617
.0018969545598491785
.0038918506838948874
.06589068984850767
.15205921665357713
.5276731265250316
.09544233428295294
1.5466603306949642
.12750893174557681
.0023121289545609256
.5467747590261113
.623476067688435
.034184032419964434
.00018764020828549246
.5104847747492588
.38189835505775055
.07238170379549103
.02986136755563973
.004638028551260945
.0011648940034322112
.03472279032069224
.47905891187025057
.02483211707465149
1.3962572195536416
35984030175391936e-21
3321181544611111e-21
43996242560890794e-23
7992352169157609e-20
.06313008574977642
.00012196643702766651
6870348996659752e-20
.0002513293449044963
.5718464915663293
.09797340815470743
.0744318403373321
.012471830722478778
.0002235601875281241
11220469734064302e-24
.0001549287763930764
9660541372361029e-20
.00024850252889468434
12299999196965963e-24
.6622673039225868
.0001877361550699327
.0021940815937941415
.6740660304388517
10702299211939696e-22
10707704673318537e-26
.03195178891703935
21741552686650014e-23
.41212373582031037
.5657198466566926
.013586598377308157
26040808270212778e-24
.0003778045230401123
8168511610734746e-22
5303183641778737e-20
.0012947398698898236
10726909907690304e-22
5717650239216158e-20
.03851070970733611
.023765754101297033
.0001625979784863895
.0004007732451788629
34003572183380024e-23
36591053079837884e-25
.0001185207450010375
11469705419648901e-27
28096356722575673e-24
.015281513547299772
1822952292077681e-25
.06293943735704015
3937959110509904e-23
1691449374392864e-23
2.2351380342979534
7.775286508824936
.3584334030037362
.6624974952012851
1.7728500612574551
3866897981876616e-26
.16343606844701386
.5100745784280408
946056978916227e-20
.0003051793404444587
.29803459881551414
.18842937833053247
30938546640655184e-22
38642716471947445e-21
.29651461117660416
.03222896993939271
.5780152516633709
.034334198399338114
.22666440884115416
4425189847416601e-20
2.4568526522146668
2.2846649729277244
1.0536355787218488
.08562853387278352
.03934148712647215
.7055856304379324
.29493927110014895
1.9506361954370466
.0376694118808077
1.092415616122064
.34834328915286594
.16171693810027843
4425189847416601e-20
1.3661884746629744
.17700759389670578
1.6100514038365525
.29746751273389305
.9403001189163313
.09091177779791942
.8117938091268695
.13382760995882928
.008712544655090557
1.6193678647166387
.29413056265586984
.013878865066459464
.3696873534957651
.3192365708302637
1.3049105196701087
.32714698305305373
.3821796844269666
.5692459027091482
.2750667442116971
.19227456184685163
.8330578431399066
4425189847416601e-20
.30679229786212353
2.265541318273099
1.1927086295164353
.8387987947973233
.8844144150231545
.09437457537102723
.15594248523904855
.3803828702963359
.027323769493259466
.12832407253292644
.17812304656483335
.35543518194271784
.8729806772794259
.491947215477294
.06999440087224032
.4719308428857824
1.4121221397351766
1.1767355178682894
.17385458269755247
.33192933679406195
.43170967685059286
1.0430349742562937
.047746712682297215
.7566028116965522
.0920151138140226
.7135875523456587
.3636471111916777
.009091177779791943
.06830942373314859
.011856202370578058
.02494755402900875
.18708855322512852
.04958913684760405
.3301058444515591
.643541174573399
.01863363835398636
.13817852227083352
.6388104801257881
.30082696401543246
1.4152392971641674
.21360540786650808
.9087181492970409
.00010147422614085871
1.9304337716827995
.10753657559427114
.2726841400894714
.00010706312828324606
.9302432285848696
.29892897228640675
.029305173062975146
.4571786510151592
.11857312989455153
4425189847416601e-20
.4301879405467151
.6750595593921159
.3637679508916506
.9328020908612061
.027323769493259466
.5691508684201823
.013281094556076152
.5085664746046026
.4485265232671382
.00010147422614085871
.014602565761885684
.03515067511703055
.24350542641426295
.15547002429482895
.7282870448211726
.40985654239889197
.27323769493259437
.1262320316260807
2.4312487413787336
9881318520683462e-21
.00826976167017576
1.7825599337799205
.15704315665855223
.8828675954391557
.003959877266121638
.005829901786854654
.6423727484544429
.9292466562306677
.09128071194262306
.3827002949834599
1.1485439871381213
.18114483777963614
1.4873375636694544
1.4873375636694544
1.4873375636694544
1.4873375636694544
1.4873375636694544
1.4873375636694544
1.4873375636694544
1.4873375636694544
