1.905612499705009
6.110050115761264
.20313769582336358
.04112741857190239
.1534777655314277
.9281708761707148
.00013604301269164108
.4183061971905731
18020864792863072e-24
.01544122732596463
.03355902821765365
5600183794318491e-21
.4164349788334232
.3832869736313077
.10284551733016628
.00032419719345302115
.2877363819886129
.02203618907340392
.17534712495720448
3438260301723881e-21
.21996228431906037
.03555982323171891
.036604323512189146
21370815695013754e-23
.36735992183358585
21348733956293348e-29
17754430908086895e-27
1.1129497386239942
2427864539861453e-21
1.0496181897879004
.31026591996542374
.0017662333000297641
.08616836313566227
5.00668914505257
5.702314512884847
.2526995726464725
.011727721912900406
.05468783248667098
.10031753688891805
.1554982833805697
.043332868359483946
11394069204661234e-21
.046075288116796564
.009814796820606377
9.505785232545612
5.481098069207888
6972578629225063e-24
.4953102181678365
.001896653766169185
.0038916926408861592
.06588981029916313
.15204733968605816
.5276323718474032
.09543427504661744
1.5466535653730606
.12749809311215698
.002310323324966731
.5467261894274803
.6234934349596312
.03418080143047996
.00018763968837093566
.5104465702344264
.3818695574307012
.07238071345927505
.02986010766762809
.004637841483280036
.0011639761422477708
.03471985744719954
.47880486620662244
.02483008585463678
1.3962562901256812
3595561219163506e-20
3318536903856719e-21
43985900052062726e-23
7986028192590616e-20
.06312010805700682
.00012193940374457145
686492170497871e-19
.00025113096862142587
.5718617648898826
.09796929421380463
.07439283073929262
.012471319247738004
.00022356892202841529
11220473666321892e-24
.00015493082280879477
9659552890003724e-20
.0002484883532420503
12300346237868527e-24
.6622371578435251
.00018773098063682006
.002193992934073687
.674056902234422
10702416836849327e-22
10707261331626265e-26
.03195051844147867
21741752511988522e-23
.41211987011104545
.5657145561395122
.013586778222517047
26041229255535578e-24
.0003777812772168293
8168504852356283e-22
5303249288406874e-20
.0012947398465513716
10718428090079731e-22
57131314974540765e-21
.03851250735973873
.023763973218394338
.00016258858898670283
.00040056543315410994
3398311939389504e-22
3657240421753875e-24
.00011852162105698354
11460803395595386e-27
2807557023129943e-23
.015280352226191092
18215219452666029e-26
.06294161844651089
3937386596550095e-23
16904790993230666e-24
2.2349706786341996
7.774704335279234
.35840656535024423
.6624478907892338
1.772717319344345
3866975451563385e-26
.1632755440289856
.5097984810513393
9450665968348572e-21
.00030501229028223235
.29773930127188886
.18832957811883255
30906987698441573e-22
38621770227823485e-21
.29651461100650073
.03222896930345626
.5780152510155862
.03433419772186166
.22666440878630884
44248585119139223e-21
2.4568428345855065
2.2846649278471114
1.0536338035776707
.08562212244767123
.03934030875224065
.7055327998074726
.2949308893387699
1.950636156947431
.037659676860995084
1.0924155375121694
.3483172069953098
.16170482956599527
44248585119139223e-21
1.3661883763524685
.1769943404765986
1.6100512879777444
.29746478969587203
.9403001003624921
.09091177769603412
.8117937931086947
.13382760731816606
.008710293045877652
1.6193678327635528
.294108539669017
.013877825888279098
.3696596732042232
.3192126680343799
1.3049103417942263
.32713784297122295
.3821510687738039
.569203280497712
.27504614862572085
.19226016531454485
.8329954680444339
44248585119139223e-21
.30678948946437967
2.2655412735698297
1.1927001075254338
.8387359898488569
.8843481946111762
.0943675090872182
.15593080906615717
.38035438917939274
.027323767527049347
.12831446428502194
.17810970962535566
.35540856878063
.8729783352310395
.49194720577027673
.06997631200795384
.4718955071265385
1.412122111871427
1.1767247459506223
.17385438593572117
.33190448362901076
.4316773526458191
1.043034899199815
.0477431376535203
.7565461611614146
.09199133407042381
.7135875382652728
.3636471107841365
.009091177769603413
.0683094188176233
.011853138336413008
.02494110675732005
.1870885532117183
.04957632137729012
.33008112782025517
.643541161875156
.018628822806583293
.13814281237824896
.6388104675208904
.3008044396364164
1.4152392692389109
.21358941418993585
.9087181313663718
.00010147422413858685
1.9304337335918147
.10752852380744177
.27268413470891517
.00010706312565963892
.9301735767465568
.29892896638799205
.029302978842030345
.45717861811672283
.11857312755488708
44248585119139223e-21
.4301557302817451
.6750595460719576
.3637679437138444
.9328020724553169
.027323767527049347
.569150857189796
.01328010013588344
.508566464569657
.44852651441689056
.00010147422413858685
.014598791976739876
.03514159102196229
.24350542160945607
.15545838349738808
.7282870304507387
.4098565129057401
.2732376752704932
.1262320225424622
2.4312459897862975
9878764861712678e-21
.008267624490706123
1.7825598986067566
.15700257152156233
.8828675780185653
.003959580770836746
.00582958498388363
.6423246508801341
.9291770790105774
.09127387731142773
.38267164034965073
1.1484579900594762
.18114483697181433
1.4873239484793492
1.4873239484793492
1.4873239484793492
1.4873239484793492
1.4873239484793492
1.4873239484793492
1.4873239484793492
1.4873239484793492
