1.9721304137189213
6.0626427375140866
.2008612894471605
.03625190985178638
.15112729048531287
.8290092782572656
.0001191951348163046
.37529683566802524
18773871011111284e-24
.01443421462034158
.02935394067135531
5051484441324878e-21
.36984416132289455
.3408013806903318
.1111714977859496
.0002837218477825004
.2674879289010275
.02001762239623571
.15741721295862188
2722922540966223e-21
.19604115971419148
.03035428260503606
.036820274788924016
21032555914910317e-23
.3541311808842176
18426364772334947e-29
18299254183793832e-27
1.1032696808440947
22017963244509278e-22
1.0369511323607148
.2734469011447937
.0013836477042586041
.07442828959606461
4.383380345293967
4.995787026497967
.22525369696585046
.00969054724917712
.04726186258003348
.08573078731546037
.1338893120114389
.03517669060160359
1002161352083004e-20
.04309775354432577
.0094653670536926
8.935439043971787
4.839629082341109
6743004007894259e-24
.43917757397799867
.001842615678430299
.003364040823133944
.06130243260822586
.13256274217903538
.4632778429681131
.08144145459614253
1.4633860812245372
.13956664105954247
.0020207504756598986
.5038904706070242
.5864460671372862
.035053829380539955
.0001779404328509851
.44721513132830837
.32838624007486666
.06727848283489395
.026156745084098293
.0039921607439791455
.001019243831756559
.037683328911030725
.5106248326774478
.02743843219805955
1.3559933967095361
31475360473970605e-21
28725047531410422e-22
3655774076315572e-22
6964196996909069e-20
.06203697863333974
.00010678680926712283
6007739923489004e-20
.00021988514748593046
.5544401846539971
.08581702667268457
.048413099110394354
.01106098415286638
.00021064689648648893
10683533553027786e-24
.00014102613062659785
8236621935820498e-20
.00026415265836139565
12030929021764243e-24
.5856575081568773
.00015401445852586586
.001921998019839439
.6269304101201804
9674297420926382e-22
9145357822808717e-26
.027998657563919095
18172392556102567e-23
.39518733101045317
.5464686858926989
.013124854811849032
22830362020593895e-24
.0003234500298691001
7203461145944976e-22
4827482504971179e-20
.0012843408750362858
9459924378982156e-22
5066274744720767e-20
.03740004455992573
.020799997500246588
.00017311267647986334
.00041996732138600926
3945609299890248e-22
3505544533430116e-24
.000106296493537508
9782513516179575e-27
24349797838675575e-24
.016406224121877835
14589004290227223e-26
.062051616804093115
37347107655563096e-24
1595840532327069e-23
1.956577739930289
6.8062698013751515
.3137626432028644
.579931902182286
1.551903691344002
3139474787272367e-26
.1154645591246536
.5098172062287393
6347903433548584e-21
.00030091019166799136
.23439501266294357
.21900827924356936
20803295308419567e-22
37655795787928275e-21
.29572671831814873
.03195147633714712
.5760960259300629
.03403857863823611
.22621254248573233
387368825439921e-19
2.335740139231112
2.264993853606994
1.0143915375573587
.07495683967052194
.03565351212068408
.617650058719186
.2677436645504899
1.9338410863919744
.030847567133068597
1.0779787421782296
.30493003785544903
.14156251488785082
387368825439921e-19
1.3481335416309437
.154947530176001
1.5887736879038612
.27832188777015293
.9322040715502278
.0906099168644779
.8048042097447328
.13267534522194108
.007134722649726593
1.6054249983145785
.25747372318614165
.01214917290468818
.32361403881293105
.2794508252616026
1.2836135713178158
.29714261494440414
.3345494782555083
.4983020487757443
.24078578613994275
.16831180978160834
.7292356923602026
387368825439921e-19
.28704651042251617
2.2460348549071867
1.1218058483510414
.7342611619493241
.7741918086286239
.08261288142068725
.13650771927558805
.332976597083585
.026962670832618853
.11233132807119475
.15592396645283005
.3111380837808664
.8351560174862687
.4877115168125773
.05731857419697492
.41311514895630475
1.399963672986076
1.1009983837538433
.16816727390943523
.2905617199633352
.3779066576099285
1.0292506926878893
.041796145810911234
.6623090818635531
.07535138614893507
.7074435154499595
.3624396674579116
.00906099168644779
.06740667708154706
.009709071108589764
.02042960878048384
.18683982389229545
.04060865704031512
.2889654854259161
.6380002417089123
.015259128862335106
.11315470641231504
.6333102788591733
.2633355669008117
1.40305399147962
.18698423978616815
.9008940248168424
.00010060052621809161
1.9138126068671641
.0941345307571437
.2703363112742482
.00010607266229150018
.8143090788313613
.29635517369801506
.0256529343601952
.45113678338061547
.11755220725861722
387368825439921e-19
.3765745719254856
.6692472511111408
.3606358843296647
.9247706020217533
.026962670832618853
.5642504411028922
.011625901206808554
.5041876829992624
.44466467968733586
.00010060052621809161
.011958074341064964
.028784967864008935
.24140882828937377
.1360941400906534
.7220164443050447
.4044400624892827
.26962670832618824
.12456380581406867
2.3517152478210925
8091834228645767e-21
.006772126655506399
1.7672119726699795
.12860299845244177
.8752660459690668
.0034663665477750534
.005171778722059481
.5623152579740219
.8134367070786528
.07990459932736275
.3350052062733434
1.0054034981651854
.1801928486212436
1.3916094388507543
1.3916094388507543
1.3916094388507543
1.3916094388507543
1.3916094388507543
1.3916094388507543
1.3916094388507543
1.3916094388507543
