2.0417712186836203
6.011883982138375
.19839243105667018
.031712946271762944
.14858725742432885
.7344242643814074
.00010378044086919
.33509332007676773
19582068967341783e-24
.013424082951763665
.025516727178251583
4520175687646102e-21
.3260630443222815
.3010658096887746
.11906072191107267
.0002423995952688731
.2481901726306569
.018054092560439543
.1403502953654198
212951665925605e-20
.1735307742798635
.025670816061298986
.03641750785249578
20680933292306836e-23
.34011301350389617
1571297594915406e-28
18841613262510104e-27
1.0932174708236595
19527266742504612e-22
1.02256261666221
.2395822242046488
.0010710399575372673
.0639327789397685
3.8136616781166564
4.349926459812678
.19956401252428896
.007937789079257773
.040617288679732064
.07266303258503612
.11467195202051221
.02825532970497236
876163127492456e-20
.040187077265249706
.009091751512420409
8.374639222122683
4.242717250880217
6482644488445303e-24
.38699089405621184
.0017662488452437695
.0028836240597116328
.05692198833814445
.11489435043753939
.4042540504568218
.06882099979952057
1.3807973456390248
.1515750154700145
.0017257957237789784
.45992374661259566
.5464295411522272
.03555622429460427
.0001682785950997707
.38938433715776416
.2800482956185977
.06241632081329699
.022759985596264798
.003406443968729422
.0008713420297095403
.040523772731108874
.5365776615944251
.030101952367208112
1.313206813129198
26897776049336762e-21
2429075161592663e-21
29699744348902475e-23
59305138912914404e-21
.06016122591440054
9149982842580753e-20
5132603110788126e-20
.00018794282570836393
.5355722516907938
.07467082873962361
.03146975162486598
.00974444091218419
.0001969998214422186
10169204419314365e-24
.0001276421536116668
6995216253832766e-20
.00027758192748266586
11819218857215277e-24
.5141814500311482
.0001246917752184033
.0016724584484951194
.5819711691662045
869516502088404e-21
7755306471695307e-26
.0243707472785008
14971166326842795e-23
.37723805636704305
.5259669931975978
.012630814102618753
1977475638782065e-23
.00027434471298534404
6294627624688991e-22
4369527933031188e-20
.0012735675586316776
8148711662825138e-22
4385899748501776e-20
.03617890944053487
.01809209998002643
.00018217740119546414
.0004323216018055561
44657549013287423e-23
3282719495674275e-24
9469611200734218e-20
8124578243674293e-27
20546131100422244e-24
.017361840919411894
11323097990886641e-26
.06109937615972642
3484039419035402e-23
14716711013398626e-24
1.7021589050155177
5.921233036598739
.27296327985822505
.5045218656312274
1.35010566359697
2505926334540095e-26
.07925108281502849
.5008559434094494
4207151583528459e-21
.00029317790640026614
.17769977719383903
.24767789472738427
13678280375653888e-22
3605012559683304e-20
.2949040787246267
.03166351519737053
.5740935246371904
.03373180758961179
.2257404271145618
33699826093874435e-21
2.2153407594658137
2.2445807057201983
.9748716448205843
.06521000905465989
.032163010761826635
.5373354332804093
.24195948473164627
1.9164124368513955
.025029984737988717
1.06306853833244
.26527920089741736
.12315477704521863
33699826093874435e-21
1.32948665637192
.13479930437552462
1.5667983570141193
.2595982571151527
.9238026273066049
.09029495812929958
.7975509506123635
.13147961507078235
.005789176120830256
1.590956182931453
.22399375285972892
.010569384709970703
.28153367316398836
.2431131158376133
1.2616892484174418
.2686796085228285
.29104714929508
.43350655197648125
.2094757911811227
.14642579233741496
.634411300033652
33699826093874435e-21
.26773594564797604
2.2257925740819635
1.052092200726693
.6387832948889608
.6735216568978394
.07187051600833602
.11875726950495762
.2896787939066456
.026589733127438377
.09772459661910389
.13564877213234655
.27067999864699305
.7973120895553338
.48331604028493275
.046508790504126055
.3593967238009431
1.387346567890053
1.0269305939212916
.1624123511976648
.2527792323293203
.32876648312389967
1.0150144772265461
.0363612854912193
.5761873288034439
.06114077123677099
.7010677148801535
.3611798325171983
.009029495812929956
.06647433281859587
.007878024889927168
.016576762561947664
.18657977151882676
.03295021813437826
.25139056027356615
.6322502952951173
.012381390107414311
.09181471466822924
.6276026005094099
.22909336596229538
1.3904090350371898
.162670198251835
.8927747608596222
9969386882654545e-20
1.8965644630325222
.08189397565334587
.26789991830460547
.00010504551476350679
.7084223752935018
.2936842869854172
.022317217338136703
.4448968260054386
.11649277365910962
33699826093874435e-21
.3276076119664935
.6632156925318503
.3573856708121386
.9164361515638111
.026589733127438377
.5591651612108164
.010114155376573494
.49964371581834727
.4406571607035483
9969386882654545e-20
.009702885707694906
.023356373720222687
.23923314286523834
.11839746908497074
.7155093059166443
.3988459969115755
.2658973312743835
.12284088525559622
2.271236215387047
6565784795010044e-21
.005494962571921993
1.751285059981903
.10434959342622006
.8673777529354215
.003015625991714286
.0045624063353532805
.48919595897103574
.7076634402831145
.06951439880002624
.29144361782683115
.8746682958769603
.17920152646917328
1.2979912855757538
1.2979912855757538
1.2979912855757538
1.2979912855757538
1.2979912855757538
1.2979912855757538
1.2979912855757538
1.2979912855757538
