2.146232426130669
5.933366908143021
.19466843233802006
.025893757356366412
.14477200828118567
.609668048455151
8429779239965237e-20
.2828031168086828
20846751999047834e-24
.011963137332411736
.020681452317313616
3822962999372116e-21
.27005437149543554
.24955214424706545
.12776346302384395
.00018540112914056426
.2225117665356519
.015407609190713928
.11780231541888973
14685091274158364e-22
.14414822393959692
.019846308916249562
.03475872635217093
20173495666876962e-23
.3180840477220625
1213799468921725e-28
1955756007884721e-26
1.078296899171157
15816040219569189e-22
.9975438328968202
.19645891538796376
.0007287225840096463
.051011295362763484
3.094447261218945
3.5344892239117622
.16620016713557
.005885717016732415
.03242887254158634
.0566103385846011
.09114935117560463
.020307808516512246
716134459053455e-20
.03618627454303651
.008497890366621744
7.598211605986597
3.4750854154158812
60675331931915874e-25
.3197402801506144
.001607311225693713
.002283249747478781
.05108049002696319
.09278042694895271
.3294189205512856
.05307089023966558
1.265146552266331
.16631762633716987
.0013198496592101334
.3971009807865888
.4857041363132178
.03521681658560907
.00015468458980632835
.3163177426603216
.21996620082383647
.05594742669095895
.018471272140204893
.002677977468442832
.000667109967363923
.04372855915454841
.5600127072674773
.03356293428544058
1.247958854322223
20578746742878655e-21
18333278742930423e-22
2115386419338155e-22
4517249780808222e-20
.05567313894309706
7037528294297282e-20
392543657869619e-19
.00014382632810617147
.5056173775101067
.06059814097942876
.01830036312605326
.00804771964994256
.00017681628759159452
9467091024598306e-24
.00010972721330704067
55056664050199e-18
.0002883602401124273
11631531328463385e-24
.4221299689872668
9023390156077024e-20
.0013573682984190953
.5220777078929417
7400289902092686e-22
6067065515291548e-26
.019786877958559983
11092135887393115e-23
.34939850888219876
.49416767077333873
.011913058238790759
15780821465294766e-24
.00021410278155206358
5100125556922073e-22
3756454190873603e-20
.001257614308532369
6302063073645635e-22
34177454695893515e-21
.03438968608890977
.01467536799728913
.00018945283482506943
.00043657011393885065
5043943061150528e-22
2873373457580692e-24
7943784049930746e-20
5950374706977321e-27
1539754263622433e-23
.018164624196508793
7445835605846704e-26
.05968826251303818
30411877635064056e-24
12597336544373475e-24
1.381032098133851
4.804141881218129
.2214664271269485
.4093395091339833
1.095396705798578
17711689502267805e-27
.04763943536712839
.4725265479631076
24698148779867884e-22
.00027610129699129175
.1198381407745611
.2755213662086617
7813782557136446e-22
3278194907416774e-20
.2936744078727153
.03123643153427781
.5711028156604536
.03327682639569474
.22503410083876688
27342066243072293e-21
2.04626723099425
2.214305363771247
.9184579308462079
.05290758422067789
.027556216113359906
.43596251715298806
.20785485416380498
1.8905634924614523
.018285839203580748
1.0410889388667408
.21523201525259772
.09992057711933852
27342066243072293e-21
1.3019986975542466
.10936826497230881
1.5344038320245021
.2338450153465733
.9113421974527032
.08982457145841347
.7867934279757455
.12970619240193368
.004229325138423529
1.569497055914412
.18173541939548088
.008575380065271644
.22841994257959672
.19724775134669964
1.229502698729598
.2310053433408717
.23613862023252874
.3517218405795086
.16995639511134994
.11880131673770282
.5147241930137632
27342066243072293e-21
.24117541086228614
2.1957706501136967
.9555510467911478
.518271373720711
.546456047213598
.05831152968415122
.09635269691320954
.23502841676825792
.0260399739510849
.07928801729996945
.11005747338583947
.21961390640606412
.7437346092217476
.4767969793521939
.03397733852473869
.29159346408303816
1.3686337670370756
.9250547486875783
.15414690503507653
.2050902724532885
.26674187976624075
.9940284251923835
.02950141860716882
.46748467094987406
.04466683952553468
.6916115769282964
.35929828583365386
.008982457145841345
.06509993487771218
.005755348949947675
.01211027565125434
.1861903714481285
.024072023887965754
.20396358523441904
.6237223801087289
.009045315488239525
.06707591420931577
.6191373743359639
.1858729469564864
1.371654927030565
.131981076815821
.8807328409146021
9834917849696819e-20
1.8709832319811235
.06644397810792643
.2642864320021979
.00010352340977656715
.574772447175054
.28972301609377216
.018106883789862614
.43569830898931133
.1149214964276323
27342066243072293e-21
.2658016395446747
.654270110033461
.3525651832422691
.9040750821701964
.0260399739510849
.551623032554691
.008206033631409912
.4929044240163214
.4347134910513254
9834917849696819e-20
.007088514424555829
.0170631703813427
.23600631961610788
.09606077591367324
.7058583769707263
.39059960926627346
.2603997395108487
.1203010739841939
2.155649066242492
4796682309784237e-21
.004014385269175448
1.7276633858287203
.07623336195864885
.855678392782271
.0024467024073092656
.0037799781445950024
.396904965585579
.5741566917325502
.05639991409875989
.23646029159153903
.7096546557826235
.17772475866933396
1.1692250767328576
1.1692250767328576
1.1692250767328576
1.1692250767328576
1.1692250767328576
1.1692250767328576
1.1692250767328576
1.1692250767328576
