2.2506936335777175
5.851645376162974
.1910565961818312
.02111897835122195
.14108371699489908
.5040610267294755
6847858828589384e-20
.23872657095780597
221922469547801e-22
.010572860226201063
.016768065825737772
32103909055676643e-22
.2226884026814108
.2065649359369181
.13324864876307613
.00013885122959447324
.2002751483102003
.01311603449141415
.09861010574101918
10097890469147036e-22
.11941201246600269
.015228385730320221
.03252664524947094
1970461626054411e-22
.2950235279639002
9235180979839455e-29
2014791279539429e-26
1.0635652576322658
12579109475401166e-22
.9693487645507395
.16109896044694694
.0004955638371660784
.040809938924475354
2.511251719514525
2.8726527880569717
.13826780385028678
.004365727495343012
.02595759045776569
.04405940990809895
.07269072706340418
.014577257503654609
5853580051655903e-21
.032585601623210746
.007870748690437515
6.893433275000842
2.8414388883774477
5641012344789715e-24
.2639133653938023
.0014238396306643444
.0018048187913841133
.046010412478409486
.07500370358885548
.26842605759066057
.04055713672565716
1.1587202600822066
.17755653481839218
.0009886842270997627
.33952614548706495
.4262728366682348
.03393976154660573
.00014211919243470227
.25700603566125035
.17225096108950705
.05034657490137466
.015006115680782289
.0021009727248242267
.0005001201425435123
.04579755053878737
.5718221625284856
.03644328652806541
1.1817231753159685
15415027269922435e-21
13578653173326883e-22
14770044649990043e-23
3371662915363545e-20
.05011360731965622
5285398113994373e-20
2939600569333603e-20
.00010775959639770079
.4742341426971887
.04922849447990429
.012718443091908907
.006645407092374803
.00015789783016085962
8832678399088861e-24
9426551414568698e-20
4359091731975477e-20
.0002896438375394992
1157152883592988e-23
.3461855502162798
6489740096115813e-20
.0011028173564598103
.4701487649216905
6297158107451771e-22
47645770482918284e-27
.01608148575269614
8172109065669909e-23
.3209595933443557
.46179637722602124
.011266335075475746
12498663571147937e-24
.00016758851751838381
4094509566010581e-22
3227188910104592e-20
.001241890404973113
47658511880879463e-23
2604481601720534e-20
.03280178451966558
.011906252371271494
.00019028373522223484
.00043189359112462216
5434771754773349e-22
2463361156352831e-24
6653446391923683e-20
4278932027534564e-27
11327615115323683e-24
.018359112828520197
47569583194814084e-27
.05835379222363562
2591168320296866e-23
10563717069173024e-24
1.120679493499138
3.8984635457906007
.17971550676850132
.3321706963837696
.8888921749854916
12466028018848648e-27
.03322461882773232
.43616818732876894
1720660699193328e-21
.0002569473995571562
.09047328516735242
.2853186435669242
5235723748403204e-22
29247525779479436e-21
.2924498647090785
.03081510952618676
.5681276877248244
.03282798321383046
.22432998470330848
22187531332480465e-21
1.8901117571508317
2.1844384571956
.8653114756373396
.042933429836143754
.023610761131995624
.3537747265742842
.1785680308354092
1.8650632682699215
.013367899826015054
1.019563911244763
.17465640817763192
.08108351855655954
22187531332480465e-21
1.2750792319040392
.08875012532993834
1.5026792755197065
.2106504203276719
.8990498674447918
.08935663541515862
.7761810317849768
.12795669443560365
.0030918567177934952
1.5483274274129877
.14747460108580412
.0069587467236259665
.18535814330536582
.1600625433483877
1.1981375411383977
.19862544987638903
.1916216934243361
.2854151287908905
.13791616215705482
.0964048552155635
.4176882265791534
22187531332480465e-21
.2172537293366942
2.166153742734309
.8678807570801554
.4205666916658008
.4434379816648709
.047318621804589595
.07818825624681872
.190720785865634
.025501584638080745
.064340615390728
.08930940395701312
.1782122238354092
.6937609258553246
.4703658650755209
.024839202220714326
.23662217270533176
1.3501734148538727
.8333005146521834
.14630240759675386
.16642658991425954
.21645561686464587
.9734763969165018
.023939801911094724
.3793543140428409
.03265378360131263
.682283008839759
.3574265416606345
.008935663541515862
.06375396159520179
.004207459519364452
.00885324156955763
.18580178409528425
.017597901871558172
.1655123061235474
.6153095124163883
.006612596227896202
.049035983085368134
.6107863499382765
.15083212065227267
1.3531538249558828
.10709996278673645
.868853374826465
9702262897312211e-20
1.8457471094894131
.053917938498806536
.2607216941376889
.0001020233644198367
.46641616501730565
.28581518549548923
.014693368374197139
.4266900314198151
.11337141681643904
22187531332480465e-21
.21569263102478492
.6454452096510103
.3478097273950282
.8918807721810085
.025501584638080745
.5441826524482064
.006659029595410609
.4862560499376234
.4288500056274854
9702262897312211e-20
.005182072842692534
.012474065304443907
.23282302845195177
.07795136828574627
.6963376457538188
.38252376957121126
.25501584638080715
.11781378990711773
2.0459486244839367
35066243282863765e-22
.002934724490569485
1.7043603844527802
.055730553830100775
.844136865116682
.0019854493014837024
.0031321087069767473
.3220803168882094
.46591649198410695
.045767384589396366
.19188272319777874
.5758703373197742
.17626016201958716
1.0532521016383514
1.0532521016383514
1.0532521016383514
1.0532521016383514
1.0532521016383514
1.0532521016383514
1.0532521016383514
1.0532521016383514
