2.3203344385424165
5.795156522424958
.18884018385537776
.0184360094613028
.1387270735378105
.443336721257324
59614521936362086e-21
.21324684033222988
23155081907877105e-24
.009697584467000026
.014580569553563343
28652040858873322e-22
.19630969970863815
.1819852846023623
.13573133529333414
.00011456383375406173
.1871966736166316
.011776106063655374
.08746498382965488
7855574126105428e-22
.10519385588318911
.012714062872947102
.031186016893557125
19427125375714467e-23
.279446325428115
7673951530959003e-29
20495693151095986e-27
1.0538488728588187
1082402195269319e-21
.9497046468756537
.1411118136115441
.00038306415832617115
.03521121596754943
2.1848122529171468
2.5018996592138034
.12224208727828129
.0035775274529253527
.022403369147577883
.03725973255809754
.0626045723875102
.011678335925205596
5116574793612625e-21
.03038699104544718
.007445797929616551
6.4600856709279695
2.4824637153321394
5356437448382233e-24
.23207257102378834
.0013016027504599097
.0015425956121247442
.04302322920357892
.06511331400611095
.234140807312597
.03374864370543784
1.0925472999660903
.1837887260557914
.0008158326606516429
.30442959009353143
.38842148126348663
.03281446275271552
.00013428770048113677
.2237746482806001
.14606751407440777
.047052967898613414
.013082175744801564
.0017864087447702736
.0004129113671244687
.046735911020647426
.5801219695731344
.038165088553836636
1.1372193579890357
12720126636325502e-21
11132870685713401e-22
11566275559980418e-23
27766036767822227e-21
.04628103557671547
4333550789989834e-20
2425297190125562e-20
8893105332270264e-20
.45332375755439575
.04291630585781795
.01073966015513782
.005853314301998902
.00014643560390850994
8446383341369886e-24
8525113993218903e-20
3740406210980259e-20
.0002872100132898214
11591477679844965e-24
.3033612083895945
5196729133129367e-20
.0009615408497361548
.43957932643841824
5660134855478537e-22
40675186392171526e-27
.01402431054587251
6669143253173564e-23
.3021656794762873
.44047663492913575
.010886231141073045
10687227359658864e-24
.00014275638845124699
35241537053128936e-23
2918496071158546e-20
.001231524355261948
3955020704000804e-22
2172504523248666e-20
.031915772675734026
.010356837331062822
.00018862387339437897
.00042994437281637513
5677689381318937e-22
22302111560502888e-25
591277818947666e-19
344624636088208e-26
9269194210722839e-24
.018282229234443115
3519504174655276e-26
.057557610872718115
2314795025109024e-23
9418483956619647e-24
.9749652992090554
3.3915733262056413
.15634834388016974
.2889808408799392
.7733156806888485
9872867352354075e-27
.028138498686067725
.4137132379340793
14663144701131588e-22
.00024598221239227055
.0795936685840618
.28618391319152137
43330796711444515e-23
27162887389044728e-21
.29163634055823734
.03053738996306131
.566152884391652
.03253212273185855
.2238617983231767
19302640272946704e-21
1.7926843519888982
2.164751319835557
.8315998988135325
.037351093251086355
.021299358615094594
.3077758486238886
.16137238497835943
1.8482544830983132
.01084710720076805
1.0054616947064114
.15194704484686827
.07054079010902986
19302640272946704e-21
1.257442825560554
.07721056109180233
1.4818947927645247
.19647960066865444
.8909472275303503
.08904603308883019
.7691857408264811
.1268034914185112
.0025088235028542447
1.5343732074433691
.1282994999082379
.006053949073643188
.16125730746110914
.13925071920479937
1.177673195295915
.17960014747338376
.1667064515306417
.24830457597787123
.11998387860509103
.0838699994562901
.3633791187981219
19302640272946704e-21
.20263869361119996
2.1466313954071468
.8139481397003974
.36588331700176085
.38578081153662586
.041166109073546064
.06802197870891248
.16592268274338093
.02514885651121104
.05597485070405936
.07769712059177493
.15504052241724536
.6623244619894912
.4661267173143588
.02015525944809772
.2058558301007422
1.338005047559959
.7772429416526412
.1412957632956128
.14478729286414324
.18831139187083099
.9600116451801143
.020827075241984707
.3300294994621515
.026496240684339332
.6761339689026503
.35618413235532076
.008904603308883019
.06287214127802752
.003414056436945833
.007183780670796828
.1855431765167872
.014279455306646387
.14399188706369018
.6097640676134095
.0053656551210707355
.03978923930795486
.6052816699005925
.13122046445493435
1.3409585968717854
.09317449624925035
.8610228792226176
9614821760331014e-20
1.8291124101886735
.0469073623155974
.2583719535037406
.00010103542851213236
.4057713008223054
.2832392910829455
.01278289143009925
.4207882187414005
.11234966285115074
19302640272946704e-21
.18764761179636474
.6396281684526538
.3446751104156257
.8838427433627234
.02514885651121104
.5392782347511044
.005793202088190438
.48187369271637037
.42498501737852257
9614821760331014e-20
.004204886360494385
.010121823573466505
.23072472308353262
.06781589164906483
.6900619391365108
.37723284766816567
.2514885651121101
.11618423480208698
1.9759338025171433
2845378144419833e-21
.002381321790874842
1.6889999256175998
.04522141096367625
.8365291257640416
.0017272950772404586
.0027630865222676598
.2802024435584106
.4053365968135896
.03981656849175741
.16693354141017513
.5009939050259123
.17529047551465718
.9823980033432647
.9823980033432647
.9823980033432647
.9823980033432647
.9823980033432647
.9823980033432647
.9823980033432647
.9823980033432647
