2.3899752435071155
5.736879233522547
.1867409199595923
.016102876489412242
.13645234924602379
.38964024067787184
5189660072378669e-20
.19050218934356403
24169612303818164e-24
.0088738625148967
.01267921881358443
255534345712422e-20
.17301961974648913
.16024909292541722
.13789351657227722
9393972845861454e-20
.17543770235889752
.010569768910266236
.0775049319540013
6105750717798993e-22
.09259529716859784
.01058991745437199
.029768193735241647
19173153803230883e-23
.2640561912969338
6389036850944396e-29
2081991007360547e-26
1.0442160544692756
9269078906184731e-22
.930061998878265
.12358699542956753
.00029602764829384355
.030407098438036295
1.9008071353316436
2.1790985316291556
.10802829262489466
.0029318591291007975
.01935201363053172
.03149694293797993
.05397608031477786
.009351133658868182
44719072831797715e-22
.028337142423661945
.00702588857242566
6.053862927739254
2.1676802687965746
50754571466182616e-25
.2039770467439355
.0011872758669435857
.0013179979024860837
.0403338185782002
.05654338033566167
.20421513710958075
.028009694048722427
1.0299693154007536
.18980741577319551
.000669098685401694
.27209005135940656
.3525018262509695
.031653034997738534
.0001268744093675518
.19483999608853203
.12367839171610871
.04409205119981401
.011415360390469797
.0015181813962252579
.0003388008769943457
.047528095935127884
.5848513040267077
.03988232439025315
1.092593920418401
1043116427225934e-20
9077875505522437e-22
9097044207972704e-23
22729658483100456e-21
.04262964056900588
3559168097887347e-20
19885839735404198e-21
7293550799603031e-20
.43274223227359
.03744799880414306
.009460799136247837
.005158053866088774
.000135944391156734
8085389485640453e-24
7713564018017089e-20
3215306616058343e-20
.000283749758973465
11646838432442286e-24
.2658687335199219
41556772259595166e-21
.0008391704748398803
.41207650271656066
5090795756402749e-22
3479955380613517e-26
.012241997890375273
54529716216369605e-24
.28390027039498267
.41974600332170187
.010545212385259808
9139121220495447e-24
.00012191312952837381
30268688466984074e-23
2640517589506675e-20
.0012212445976768555
32601073389105987e-23
18000392955369e-18
.031157449361235576
.00900918038506137
.00018630601359055117
.0004261394735805336
5893393934408889e-22
201123174114666e-23
5254698257230507e-20
27653994801511077e-28
756044793462659e-23
.018145506139904156
2582408608810952e-26
.056824923278898196
20687025881012643e-24
8360627282986403e-24
.8482021024389352
2.950607194119835
.13602021948841606
.2514080829315539
.6727705968011405
7830226379854541e-27
.024723793790185616
.3899550560278539
1300810292073743e-21
.00023450000489303515
.07203062636435759
.2818002277676169
37280880090091224e-23
2509914259091842e-20
.290825079439053
.030262173355230914
.5641849454681536
.03223892870071789
.22339458907020904
1679294645195893e-20
1.7002792457139848
2.1452416133491092
.7992017469406192
.03249477273669693
.019214269165838543
.26775939830318696
.1458328903649267
1.8315971875710617
.008801912077546718
.9915545373428701
.13219116926833205
.06136920619300097
1679294645195893e-20
1.240050362632533
.06717178580784995
1.4613977970184997
.18326216345031887
.8829176128837352
.08873651041513236
.7622534951225147
.12566068167571826
.0020357910622139036
1.5205447502697467
.11161823467185451
.00526682573881159
.14029092864445195
.12114559655760589
1.157558389302913
.16239745785555312
.145031585014496
.21602047125215376
.10438379517114797
.0729653762324562
.3161332334566344
1679294645195893e-20
.18900692623333154
2.1272849937788214
.7633673248877312
.31831184041113714
.33562229926688086
.03581376721175515
.05917788602298163
.1443497204048336
.024801007252650623
.048697103465533555
.06759508373565602
.13488243856906762
.6323125593872828
.4619257749904223
.016355035336027314
.17909083331725684
1.3259463480150786
.724956802278747
.13646045899999049
.1259623150828421
.16382749070927935
.9467331353267379
.018119177187369148
.28711967034904584
.02150044030841796
.6700403473591793
.35494604166052945
.008873651041513237
.06200251813162649
.0027703445747875696
.00582929666669564
.18528492888083975
.011587099472513955
.12527032648305694
.6042686012861164
.0043539741739414784
.03228707705555884
.599826600945012
.11415942077526411
1.328873278620341
.08106011944878018
.8532629561784199
9528168689031437e-20
1.8126276315785326
.04080855325644085
.25604338997267834
.00010005705930241997
.3530136618668068
.2806866119905139
.011120883374059462
.4149680388125474
.1113371174719227
1679294645195893e-20
.16325001410044668
.6338635535000582
.3415687442590256
.8758771575029615
.024801007252650623
.5344180182550484
.0050399805973023615
.4775308316115895
.4211548624437642
9528168689031437e-20
.00341206548032661
.00821337887688526
.22864532875066831
.05899859402398386
.6838427924998224
.37201510878975935
.24801007252650595
.11457721939308421
1.908315064486142
23088891619675276e-22
.0019323294813699274
1.6737779033453446
.036695026236746184
.8289899513741349
.001502715345085925
.0024375514584707566
.24377103670005523
.35263547727457034
.03463969141672058
.145229149085159
.435855598036986
.17432612372017692
.9163108172515875
.9163108172515875
.9163108172515875
.9163108172515875
.9163108172515875
.9163108172515875
.9163108172515875
.9163108172515875
