2.633718060883562
5.516076698948392
.18087776930532218
.010099981819519438
.1289760656668972
.24755856562390313
31938569250109816e-21
.1284743224791123
2829245290795698e-23
.006429588901624452
.007778036967232059
1677642025017634e-21
.10988982771805746
.1021478844088635
.14469436428157192
4950475119509245e-20
.14274660997611816
.007263180906452783
.050434616595904286
25151994776737483e-23
.0589987760336783
.005514568623476698
.027094387546700942
18532363118616726e-23
.21395310358500985
3465500624940603e-29
220096999085372e-25
1.0111559899727833
5727119267930879e-22
.8636848649575966
.07759771243226751
.00011990333943847855
.01830162487212465
1.1675293965791513
1.3440990489626923
.06977466180072112
.0014619807018662592
.011656296994327228
.017415386574548098
.03234748259219135
.0042750004349192475
27886329046952444e-22
.02219418074912032
.005663471454091798
4.822417848744343
1.3443741347768088
414841602750433e-23
.12939375590687577
.0008584787378069379
.0007610863285908881
.03283852591823044
.03456478530643177
.12644071500528103
.014398127027289062
.8366556145390311
.21180801264990254
.00035241427148202637
.1800149935890345
.24486759046868015
.02780185557259717
.00010398904846236609
.12000070111265176
.06826211591476938
.03586230591802429
.0071682467523248635
.0008596904601725801
.00017890122335404644
.04976224995397759
.6347413151026803
.0463973752509486
.9375274298953932
5498796055995515e-21
4714424498441879e-22
3992594697220985e-23
11925616591323826e-21
.031780342515504
17799793695701535e-21
10478842986889644e-21
384558834884268e-19
.36758135959373733
.023516488676434272
.0067969120445638565
.0033425676885780803
.00010675132816192592
70203470643824275e-25
5476302694987448e-20
19145949679320356e-21
.0002708996150065576
1210534869973774e-23
.16856241613659903
1887534433505254e-20
.000527597932780314
.3355265724102613
35429982718549545e-23
20567478646293843e-27
.007702728197934275
27739141545586703e-24
.2262311186263559
.35401663882010914
.009602690606245714
5337323706559599e-24
7144922671137131e-20
17654796702319426e-23
18736344994130772e-21
.0011858693121760142
17434462280408655e-23
9802093704881503e-21
.029492761604212565
.005531222627543888
.00017815504911478756
.0004417777422423422
716812315271173e-21
15044654295034662e-25
3489452466845386e-20
13758293788994149e-28
4014180908691589e-24
.017561490159134874
9141432880968187e-27
.05499953319141014
14183768074181427e-24
58928640541875554e-25
.5209496604959498
1.8122070336937128
.08354104164481929
.15441008112634458
.41320295362088527
35444214630375228e-28
.01872953311094406
.33452232209688443
10322693683940856e-22
.00021135884197645297
.0580602328620301
.2655721682957358
2650122186365075e-22
2024501640550835e-20
.2880033961240989
.02931830200018272
.557350872559679
.031233402727389573
.2217670221431767
10313909536087746e-21
1.4127911956358428
2.0783319408437926
.6954301106632762
.019957673738840876
.013397624432886512
.1644527492204392
.10231761832254332
1.774470024262537
.004236949551081589
.9443769426348182
.08118931154837103
.037691803685962075
10313909536087746e-21
1.1810494794510356
.04125563814436045
1.3918653301914747
.14362075103720295
.8553795826872209
.087661629231769
.7384789555054798
.12174134923064656
.0009799625298624055
1.4731192525369325
.06855380491307604
.00323478457862318
.08616403029164876
.07440533006908998
1.089823875490972
.11416580687018875
.0890756516132639
.13267568051929599
.06411054924212739
.04481395161242736
.19416304223624142
10313909536087746e-21
.14812286500275434
2.060935384777436
.6098358823980927
.19550110134979856
.20613285719901872
.021996137260680785
.03634593635631718
.08865686328924821
.023620989589020668
.029908838288138857
.041515619711424236
.08284223816160613
.5375829592109184
.4475183990873781
.007872773439947753
.10999419660277912
1.2845903369470282
.5681414998739142
.12080329558380964
.0773636673252822
.10061974076637825
.9016881171527313
.011128455325781762
.17634346149337665
.010349601326423666
.6491419180502492
.350646516927076
.008766162923176895
.05905247397255162
.001333552312165765
.002806030743942371
.1843838894724905
.005577646706289874
.07693866103834822
.5854215800621628
.0020958592586684953
.01554193173381808
.5811181248556678
.0701145532701256
1.2874259771507686
.049785589525395454
.8266498490097193
9230986943818503e-20
1.7560921250657426
.025063840213487575
.24805744598221235
9670677479297531e-20
.21681430259503523
.2719320506543705
.006830235861798598
.39522409814705894
.10786453423403641
10313909536087746e-21
.10026506557464208
.6140934714198713
.33091528095017997
.8485587177529899
.023620989589020668
.5177496232547479
.0030954605907261823
.46263673699982183
.40801912344598273
9230986943818503e-20
.0016424555457679117
.0039536491206335145
.2215139250097658
.03623581860756447
.6625138675868607
.35431484383531003
.23620989589020647
.10912570118029095
1.689359324243312
1111422928575774e-21
.0009301595444830307
1.6215730930980587
.017663772776983368
.8031339145475664
.0009229392931160413
.0015718765148548491
.1497195520295024
.21658202878392416
.021275042152496985
.08919699172223741
.26769425019077264
.17099248081820922
.7181037551860093
.7181037551860093
.7181037551860093
.7181037551860093
.7181037551860093
.7181037551860093
.7181037551860093
.7181037551860093
