2.633718060883562
5.51607753570132
.18078822253106566
.010099650509299013
.12897704528961323
.24755243688951414
3193947244414821e-20
.12847463254745198
28275364728810312e-24
.006430301949132636
.007778257275184703
16788113264234292e-22
.10995530845141153
.1021433261231416
.14493848364573156
4900760363467428e-20
.14274257389298395
.0072592726005594
.050435476705447235
25152828152986187e-23
.05899906330524221
.005515267154061586
.026818314539249526
1852211837556371e-22
.2139761490771853
3471353274273537e-29
21998745534742404e-27
1.011155995022316
5669597771466924e-22
.863777205928512
.07759991234596428
.00011990867472654561
.018302154287058794
1.1675624258515054
1.3441211136593165
.06977201620492046
.0014620248051499497
.011656633911884194
.01741490502441516
.03234842268312236
.00427491792895445
2788711898512576e-21
.022194217127218984
.00566412000855718
4.822423321253696
1.344412291682611
4148535161145354e-24
.12939738533939774
.0008599837372792544
.0007606442942687349
.032837612953602435
.03456577270102533
.12644431976283366
.014400164982112584
.8366525723041399
.21217647282379648
.0003489496466033074
.18002021668219187
.24487246691218803
.02784950518318324
.00010398865183640786
.12000410421758542
.068263788936862
.03586128496500339
.007164352411567954
.0008591830036408062
.00017711030117724494
.049848628432925514
.628279106477915
.046474192188660154
.937522896398756
5443494903899436e-21
46669927140869336e-23
39617004792801356e-24
11805961700649621e-21
.03183441886271307
1766256345436079e-20
10373440239280918e-21
3806938577873711e-20
.3673995706562664
.02350363179053159
.006874150235391442
.003340631782257725
.00010668489335483123
7016908991897127e-24
5473193433767126e-20
1914652870126646e-20
.00027121030520500463
12098697301663873e-24
.1684827845330901
18875698583200122e-21
.0005272945470260028
.3355170860163233
354099602959647e-21
20556513813476525e-27
.007698220006389846
27721310648377824e-24
.22625811774992566
.3540468148880345
.009601460754404337
5334272480685156e-24
7144214722460729e-20
17648419990446984e-23
1872599981028505e-20
.0011858695082752233
17259231603361336e-23
9703557746466332e-21
.029471686388976504
.005531379447600277
.00017837226680334845
.0004372209747035255
710598900840386e-21
14885898188147033e-25
3487687712213192e-20
13618180799389903e-28
397129798189492e-23
.017587788199102363
904537945183037e-26
.054966252629323684
14207100570662418e-24
5832005929383827e-24
.520964399217793
1.8122583047039793
.08354340519022213
.15441444970052431
.41321464396999236
3541932802999546e-27
.01874180657782864
.3311106345547533
1033241252452486e-21
.0002092130833157421
.058103477402295815
.2628448181619255
26523662031101835e-23
2003922126583742e-20
.2880033961252169
.029318302012987404
.5573508725649676
.031233402741030675
.22176702214344868
10314201337494452e-21
1.4127919520322105
2.078331941751498
.6954302273159564
.01995823838188443
.013397733357058553
.16445740192205277
.10231839291319178
1.7744700250375318
.004237606710047387
.944376944958283
.08119160855856193
.03769287006348794
10314201337494452e-21
1.1810494823567894
.04125680534998752
1.3918653336159021
.1436209859228668
.8553795830608056
.0876616292326008
.7384789558280083
.12174134928381675
.000980114523921868
1.4731192531803132
.06855574443917328
.0032348760972357106
.08616646804671729
.07440743514669515
1.0898238817900927
.11416665142125247
.08907817174400043
.1326794341832266
.06411236305951504
.044815219489955
.19416853550226806
10314201337494452e-21
.14812310725143513
2.0609353856775434
.6098365964633745
.1955066324722315
.2061386891153737
.02199675957598934
.036346964656528584
.08865937157161452
.023620989647135743
.029909684469798116
.04151679427245668
.08284458193644209
.5375831276544681
.4475183992828305
.007873994522139802
.1099973085615545
1.2845903375080694
.5681424290453073
.12080330746542031
.07736585610024455
.10062258750279751
.9016881193711681
.011128770172339916
.1763484506073435
.010351206569353177
.6491419183337601
.3506465169304032
.008766162923260077
.05905247411783931
.0013337591486759688
.0028064659646687105
.18438388947253503
.005578511809943577
.07694083778902043
.5854215803178441
.0020961843304419295
.015544342317107707
.5811181251094696
.07011653695295715
1.2874259777130483
.049786998060636516
.8266498493707563
923098694785011e-19
1.756092125832711
.02506454932033077
.24805744609055075
96706774849386e-18
.21682043671112924
.27193205077313604
.006830429103015812
.3952240991194348
.10786453428114594
10314201337494452e-21
.1002679022765821
.6140934716880748
.3309152810947063
.8485587181235954
.023620989647135743
.5177496234808736
.003095548167580681
.4626367372018771
.4080191236241839
923098694785011e-19
.001642710293759217
.003954262339161746
.22151392510651138
.036236843792321415
.6625138678762117
.35431484470703617
.23620989647135723
.10912570144877456
1.6893594904002838
11115953123941742e-22
.0009303038140044563
1.6215730938062765
.017666512461872282
.803133914898333
.000922965404939397
.0015719052370699715
.14972378789910593
.21658815632852302
.02127564406656323
.08919951528593291
.2677018238037182
.17099248082846122
.7181049296143286
.7181049296143286
.7181049296143286
.7181049296143286
.7181049296143286
.7181049296143286
.7181049296143286
.7181049296143286
