2.6685384633659117
5.482022786889719
.17995531676628404
.009465111899529132
.12795193678107497
.2321312560739906
29798171802559516e-21
.12145732213308104
28912131481153906e-24
.006136661289348699
.007253878646200892
15491212743254487e-22
.10152242820367749
.09570747462341678
.1463973302383971
44444502286936304e-21
.13922428221415628
.006876882885679756
.047397031899448376
22149355283556595e-23
.055299660511166505
.005019446085314993
.026394361778685187
18441197333678094e-23
.20747248684584751
3206290098634638e-29
22167587707694883e-27
1.0065157431601275
5262309140626938e-22
.85477263325441
.07259391990009129
.00010536266127207818
.017031690806652667
1.0890040585337593
1.254491365334614
.06550373750230347
.001323782153715659
.01084836598811411
.015990199448345885
.03008846353134818
.0038198895049804294
26063874180942973e-22
.021433077994434106
.005488131363367944
4.668218868841536
1.2553020761843707
4025153113935735e-24
.12119815752475306
.0008241517466050631
.0007025894071438593
.032028294626256656
.032223695431480855
.11805972041495562
.013082633196706857
.8120188411191073
.21633757857654257
.0003164671946113106
.16935056761311895
.23189441993431195
.027437426276888385
.00010108009206151439
.11197160666334847
.0626101062676867
.034975809661438276
.00670645551679705
.0007913103529237406
.00016066541064147657
.050301655316389575
.6317836354642165
.04766051534971145
.9157510415307868
4936800029456801e-21
4225676337325274e-22
3304368919658421e-23
10701632991302415e-21
.03062478266610579
14941734410195431e-21
9407431210088165e-21
3452648372966016e-20
.35874757074677205
.0220016628536681
.006692695988497727
.0031399425388313478
.00010323033361082745
6880006065597925e-24
52090159119274205e-21
17799012007495916e-21
.0002702357320411119
12180166062317818e-24
.1578522254425952
16855570844885295e-21
.0004936914449191921
.32726978782728927
3360871163114658e-22
1909399747701704e-26
.007208403547560066
25267821351183335e-24
.2189519936992126
.3456505027260424
.009491387375180838
494052307716382e-23
663148149607497e-19
1631672479167724e-22
178204733182925e-19
.0011808852265371898
15678232958810078e-23
8837510947864192e-21
.029307458707412883
.0051589196038543395
.00017787280606048014
.0004373871337375386
7300047527554137e-22
14206329571389417e-25
32865493074408036e-21
12272004289444088e-28
3612391149253242e-24
.01756296837107196
773350160107423e-26
.05473545743482415
13539038460433032e-24
5521060460986969e-24
.4859081208850451
1.6903094121579134
.0779216758175217
.14402372830876026
.3854089674363764
31670860823633293e-28
.018279007445556272
.3219587752198258
10156296884700846e-22
.00020502144307899748
.05698722262383064
.2577533091338124
2566470500730902e-22
19331699276987536e-21
.28760253958213844
.02918588816540155
.5563813576930563
.031092339488857805
.22153548258975805
9620147169090441e-21
1.3758980616278058
2.0689453159896796
.681749001134672
.018615226151495617
.012724989586503628
.15339087901892198
.09726676093835968
1.7664557681635527
.003816827961218045
.9378230735018804
.07572813421715625
.03515647458984406
9620147169090441e-21
1.1728531296902607
.0384805886763707
1.3822059422787445
.13870594092586422
.8515163272116336
.08750914135212821
.7351436726366744
.12119151387855275
.0008827927592316323
1.4664660238022955
.06394255155694015
.0030171976589260722
.08036822983441151
.06940047543803748
1.080476628263976
.10856084058722901
.08308400172639768
.12375128634674828
.05979817029056761
.041799553140503945
.1811027171195731
9620147169090441e-21
.14305398916567266
2.0516273301181696
.5905838039257489
.18235077204465563
.19226738567961754
.02051657296962577
.033901136666241866
.08269338308701271
.02345706259380517
.027897028278334388
.038723082652845166
.07726987716374631
.5252620677694801
.4454972169821553
.0070921358481254495
.10259546638082875
1.27878858442272
.5486992704740123
.11871829171577813
.07215982092975358
.09385158080952691
.8954305036387288
.010379902754050886
.16448176571040665
.009323369856993318
.6462101189751971
.35003656540851286
.008750914135212817
.05864265648451287
.0012013217744172196
.0025277942242154933
.18425552774890466
.00502458612020216
.07176340257706286
.5827775689465396
.0018880409419135573
.014000846339517214
.5784935499613749
.06539831659309801
1.2816114176776328
.04643677515867599
.8229163491457787
9189295907958437e-20
1.7481608713216643
.02337792770361822
.2469371137860189
9623740927916668e-20
.20223034650729713
.2707038906597423
.006370801872965249
.39248128762246876
.10737737243951215
9620147169090441e-21
.0935207627497228
.6113199659329479
.32942072777523734
.8447262681843222
.02345706259380517
.515411247278157
.0028872452618196164
.46054727409516893
.4061763367525652
9189295907958437e-20
.0014795952079590187
.0035616186434476653
.22051347456526912
.033798425958413376
.6595216751398925
.35185593890707756
.23457062593805147
.10836838116082892
1.6602018355463357
10012179893536428e-22
.0008379280694692906
1.6142493841181278
.015912292800037177
.7995066225759034
.0008608580283592892
.001476387042864319
.13964870639736573
.20201369653198098
.019843982131072517
.08319717992538808
.24968786803334675
.17052147883512586
.6935297046293158
.6935297046293158
.6935297046293158
.6935297046293158
.6935297046293158
.6935297046293158
.6935297046293158
.6935297046293158
