2.7033588658482612
5.44724392152574
.17932488477854697
.008866457197065268
.126936738135012
.21760547455542284
27801071064796084e-21
.11482618524609473
296023456363953e-22
.005857085876402406
.006765095083240207
14399421641061887e-22
.09429451790958739
.08963853211307285
.14722123712398108
39501584777398305e-21
.13547610871362442
.0065220880842580195
.04453420055465603
1950167180984614e-22
.051823977802518885
.004568420524248179
.025403848381470164
18386206348963714e-23
.20118300732470804
29505243762047804e-30
22374012268661583e-27
1.0018960472735479
4786740740183946e-22
.8460180470137052
.06790983619399915
9258206992417114e-20
.01585191607024102
1.0157594805007546
1.1708663410825264
.061472872146104605
.0011986726774951292
.010097685533792365
.014675995008790186
.02799159969790771
.003411970056128193
24359770920498373e-22
.02069812814402796
.00531820235450271
4.51894476895262
1.1720599446602316
39044312105301026e-25
.11351047718301921
.000786695759860356
.0006497385060468597
.0311672889299499
.0300422104518275
.11023152150694175
.011887000653766494
.7880655656086507
.21969005153975393
.00028139609541353054
.1592501992781123
.2195077647422252
.026923356092458686
9825462240673958e-20
.10447922330062452
.05740420587702951
.0340323679476216
.006287011374100795
.0007296678002858439
.00014284580540220668
.05053813277620279
.6225388353238356
.048690496248008114
.8941208086943699
4387732313684735e-21
37499357548744956e-23
3368214707010566e-23
9507376188935279e-21
.029345379168055873
1548355717542025e-20
8360778039179537e-21
30687486562944726e-21
.3508202939431912
.020625998981398018
.006378693613867314
.0029555928313943743
.00010006197998872231
675568050212165e-23
49649044365072805e-21
16550521684136722e-21
.0002686646565702174
12284350968902302e-24
.14807066784173353
15047070274800646e-21
.00046294433129573506
.3184829401528607
3194679317356131e-22
1776536494664119e-26
.006760339256785403
23064483403266056e-24
.21192648948807907
.3375394325092405
.009383365431950287
45828926115193405e-25
6156291709134617e-20
1510519145671383e-22
1698307118793407e-20
.0011759173070216798
1395600772397754e-22
7887079112293147e-21
.02919005045216352
.004811681259413728
.0001769673331040736
.00042874106440878094
7319709386377562e-22
13302566235772908e-25
3100848970934251e-20
10838721249904657e-28
32256346701236963e-25
.01747485322482051
6487336294795236e-27
.054588617371758526
12852387735725761e-24
512118147243637e-23
.4532236550108525
1.5766112500488425
.07268029736622347
.13433601486942204
.359484547361162
2835271695159947e-27
.017108263740801988
.3067411996525568
9578893899573979e-22
.00019691721936848083
.05359573912075552
.24740058731223424
23827807046045815e-23
1827546056957447e-20
.2872022409709829
.02905407236742092
.5554135293027962
.03095191335148683
.22130418477906613
8973050818282107e-21
1.3399683423440496
2.0596010850976842
.6683370384051102
.01736307847637397
.01208612481199913
.14307308696067292
.09246523714817032
1.7584777078297922
.0034383650738835504
.9313146874791187
.07063430369210003
.03279168473637187
8973050818282107e-21
1.164713661669363
.03589220327313678
1.3726135894251152
.13395931944753528
.8476705198293524
.08735691872598011
.7318234533139029
.12064416181512232
.0007952582148477627
1.4598428438584987
.05964147475981857
.002814246751789056
.07496228465159055
.06473227300714234
1.0712095509003294
.10323105055549689
.07749538095140084
.11542719271332527
.055775864072179444
.03898791857533374
.16892089647694464
8973050818282107e-21
.13815857421082695
2.0423613145648383
.5719395000564488
.17008500135704002
.17933457691215024
.0191365317637704
.0316207867464959
.07713103715913215
.023294273233387217
.02602054293148767
.03611838596408602
.07207234175589705
.513223559543185
.44348516338893046
.006388905249910613
.09569441271318604
1.2730130350630802
.5299223693190185
.11666927396535964
.06730601194139889
.08753868201577798
.8892163172544297
.009681701668783418
.15341794844286072
.00839889814602874
.6432915611429618
.34942767490392046
.008735691872598006
.058235683083467986
.0010822030423225737
.002277147270670645
.18412725538633676
.004526366292105439
.06693625855182257
.5801454993017665
.0017008296152457984
.012612572939557858
.5758808287557478
.060999318191870516
1.2758231192107548
.04331321922753242
.819199711344002
9147793166423792e-20
1.7402654384691207
.021805418318826483
.24582184148317618
9577032182689639e-20
.18862738212978328
.26948127755434176
.005942271771371341
.3897575118925549
.10689241087339622
8973050818282107e-21
.08723011633481163
.6085589867681449
.3279329246336311
.8409111275764749
.023294273233387217
.5130834323950485
.0026930355641951284
.4584672480874415
.4043418728621239
9147793166423792e-20
.0013328838863641674
.0032084613911220034
.2195175425775025
.0315249848440169
.6565429966977149
.3494140985008083
.23294273233387194
.107616316856607
1.6315475904325667
901940826496893e-21
.0007548421458247831
1.6069587521009903
.01433448726664567
.7958957129867078
.0008029526679813117
.0013866984582855733
.1302552775114557
.18842530505090696
.018509182548818632
.07760094625234826
.23289268752253062
.17005177423579665
.6697965972376713
.6697965972376713
.6697965972376713
.6697965972376713
.6697965972376713
.6697965972376713
.6697965972376713
.6697965972376713
