2.7729996708129603
5.375359413677294
.1780267989569299
.0077856683114744685
.12491438504208306
.19126328442967555
24199056589577594e-21
.1026360929582177
31020628363166293e-24
.005329525295295342
.005884234999364307
13318958419889448e-22
.08577020644627306
.0785184692378475
.14908049767396386
33857423998525605e-21
.12900087420349365
.0058639657625111355
.03929764778341523
15115522740650473e-23
.04550896979932749
.0037795841481607514
.02564800750848648
18280204770477695e-23
.188946796386875
25134473045626192e-30
2276965441030317e-26
.9927180164678748
4297454797383868e-22
.8280296336449581
.05942097688239832
7147663400094681e-20
.013736810753570522
.8837155074751789
1.0199885638011088
.05407021912362756
.000982858958353288
.008751594416914012
.012344910467165255
.02423670018942703
.002718415304203849
21276528670112014e-22
.01930310904445675
.004988084575471181
4.234553308692092
1.021598638077287
367075237594917e-23
.09953888899910275
.0007186852754339774
.0005552048044571218
.02967720320601783
.02611474360504175
.0960907682231502
.009801418571540092
.7421482531989692
.2271384247197665
.00024098821368825468
.14065493276588575
.1963737207940586
.025988569560557874
9284692079466945e-20
.09096342385219051
.04820069238347433
.03240269076141859
.005526392006093037
.0006198706577506896
.00012248591142584864
.051097558738281895
.6557566659169015
.05094321376398125
.8513668647319802
37612152458178457e-22
32056741282875144e-23
27094296528790853e-24
8142057774358381e-21
.027004982234140412
12800410815336166e-21
7166435933644088e-21
26305700983735193e-21
.33514524726458433
.018131341841006766
.005869936924895179
.002618578370857334
9403838967622657e-20
6511639503817538e-24
4508038139118963e-20
14318834381370849e-21
.00026590760719216597
125027598650892e-22
.13028130287467166
11986814185058832e-21
.00040717036134442676
.3032972359814851
28851558359838755e-23
15390454148649298e-27
.005947417515142251
19245012204155972e-24
.19834996885507752
.32175567328311283
.009181554668786243
39401650128522655e-25
5311863978172375e-20
12922306693764905e-23
15416019418286114e-21
.0011660278005296498
1199619361701527e-22
6814693818898817e-21
.028995853240841026
.004185755064327304
.0001754756003440673
.00044732740438006895
8012740463052626e-22
1264293742174911e-24
2758124818979016e-20
9185763653142757e-28
2791976473182731e-24
.017325714070652944
4943544916163264e-27
.05430803151141188
116267070878674e-22
4785533496555846e-24
.39430205481922387
1.3716430037846943
.06323145378563244
.11687158451155989
.3127495534117049
22739295679347922e-28
.016489634777038607
.302147529493573
9381099566320067e-22
.00019720587788264786
.052075661545122914
.2468662907483637
22614569744358756e-23
17733686146756838e-21
.28640331443593736
.028792224089875976
.5534829202218541
.03067296088329875
.22084231337654148
7806504220441083e-21
1.2708991552330262
2.0410390401718495
.6422994754428081
.0151057815397075
.010903006260563744
.12447278855418975
.08356154686074535
1.7426295212804692
.0027902844744273833
.91843310431857
.061451450687968284
.0285285830286727
7806504220441083e-21
1.1486037945184087
.03122601688177159
1.3536281311936562
.12494781189995043
.8400309344818665
.08705326738931354
.725227933474415
.11955686274160014
.0006453638873036468
1.4466860880923331
.051887750761116444
.00244837899507293
.06521677001028986
.05631671687397697
1.052913161117319
.09334360363453996
.0674205496785119
.10042101458227923
.0485246909993069
.033919271947556597
.14696023882771475
7806504220441083e-21
.1288645807850688
2.0239546421514074
.5363980578909316
.14797300358783225
.1560200827887145
.016648676019320605
.02750990830089234
.06710357260910288
.022972075890368128
.022637727382415082
.03142279456276817
.06270253579174521
.48996794959024326
.4394882770081991
.005184691777734487
.08325360591918937
1.2615400729836814
.4942742378530875
.11267672287624689
.05855585540773532
.07615816565038157
.876917022405516
.008423026512278138
.13347276040947428
.006815830953253331
.6374939302596105
.3482130695572542
.008705326738931348
.05743018972592027
.0008782238890532054
.0018479389299288266
.18387097849545758
.00367321366959103
.05823417201880717
.5749169689327172
.0013802485678771487
.010235290813980343
.5706907335025282
.05306906698206272
1.2643248313978575
.0376822594174671
.8118167176394336
9065349168430196e-20
1.724581389026017
.018970592453079596
.24360638524828795
948429369333682e-19
.16410477155514663
.2670525919137931
.005169743334976379
.3843665373171592
.10592904872175478
7806504220441083e-21
.07588971522704956
.6030743813588042
.32497744664143474
.8333324608911402
.022972075890368128
.5084592953270847
.002342925937168837
.4543353364674691
.400697763299467
9065349168430196e-20
.0010816551280680986
.00260371421128232
.21753915243350078
.027426561179475756
.6506259379582224
.34458113835552195
.22972075890368107
.10612780974546854
1.5757142344192696
7319384157726971e-22
.0006125656452644876
1.592476122058558
.011632649939589458
.7887227453243616
.0006985643476619251
.0012233350786704825
.11332136574509866
.16392896562235404
.0161028856974567
.06751239090220122
.20261534063200284
.16911624290340277
.6247390594997474
.6247390594997474
.6247390594997474
.6247390594997474
.6247390594997474
.6247390594997474
.6247390594997474
.6247390594997474
