2.80782007329531
5.338173392386705
.1771123620731198
.007302477577808143
.12390695718572683
.17938918348567584
22576864878450187e-21
.09703682180247404
31694777152926874e-24
.005082884673352797
.0054878500533997576
12707400489504207e-22
.08132562886491652
.07344825999838626
.15100284171123413
3122667211018577e-20
.12579327277636898
.005550585226045644
.036906166377210725
1330632615146207e-22
.04264308159534181
.0034368370427157032
.02565679373868549
1820086887277454e-22
.18307009740537433
23398252291530312e-30
22927995205370055e-27
.9881595469132914
4056410571368588e-22
.8190993645586252
.05557942589902374
6280047467229695e-20
.012789705472900101
.8242762990585033
.9520140744887599
.05068557979268531
.0008900048415808338
.008148725937648439
.0113162435361306
.022557174478502067
.002425178532961384
19883551146240125e-22
.018641328683123404
.004829842908139994
4.099138933137421
.9537017304486954
355783616545363e-23
.09319920974712849
.0006917224120051614
.0005121457431076718
.028939365100928687
.024349013471761164
.08971267224658525
.008898108349071492
.7201416254047562
.23258365083599236
.00022218356942788883
.132116264494488
.1856235907127591
.02570941208165101
9025961042892852e-20
.0848753546321144
.04414308311160652
.031595377640708626
.005173638955078993
.0005701012269860573
.00011299218197089494
.05171620163141494
.67046829025069
.05245519170575832
.8302657482648628
34691508966375968e-22
29530782676251173e-23
20058580579313192e-24
75065606436726355e-22
.026077139663520404
9613578411515598e-21
6609710323855486e-21
24262948214108444e-21
.3269743617959765
.016974200921683853
.005844516703825789
.0024605389866766358
9103275410035805e-20
6383211694458665e-24
42864754957001274e-21
1332220823007915e-20
.00026577884721176086
12595545382487336e-24
.12203211922034353
10698567653490724e-21
.00038125893790614965
.29577327534876774
27360836517776455e-23
14307569181184872e-27
.005569485453174207
1757564724504957e-23
.19187343577677668
.31421064256216963
.00908515258522785
3645728869005468e-24
49357628481350934e-21
11927102834242083e-23
14656894311383739e-21
.0011611058911504743
11078409286744842e-23
6309618783960101e-21
.02886391402509896
.003904026486312024
.00017564467408020298
.000455259934467687
8409877582450292e-22
122611049273887e-23
2595828542201159e-20
8427091683747504e-28
25842146823998713e-25
.017351676964030924
4288182030486962e-27
.05408283526433213
11140756872358187e-24
4609136170799084e-24
.3677792257390113
1.2793790845283517
.05897817379190129
.10901018733533954
.29171237430328134
20336334213512215e-28
.01672764848137842
.2987498762945993
9601461828038895e-22
.00019663537896421948
.05301998180118317
.24542325365838205
22784092699107527e-23
17409167265415876e-21
.2860046849621866
.028662186244954983
.5525201336792331
.03053442883665451
.22061173928070948
7281397707243622e-21
1.2377113297322364
2.03182084579565
.629663596634469
.014089687261212354
.010355613523649502
.11610009443400875
.07943656263358988
1.734759070330392
.0025135999659974045
.9120592824559509
.05731790306018497
.026609600557437437
7281397707243622e-21
1.140632614099754
.02912559082898125
1.3442341050681939
.12067200054486686
.8362369999790644
.0869018377583865
.7219524978133445
.11901689345239545
.0005813696273801287
1.4401522426837439
.048397507867442666
.002283688152567242
.06082994721034406
.05252855843617216
1.0438824911695834
.08876089090676922
.06288548907265992
.09366616922128196
.04526066518504935
.031637683400414104
.13707492058406084
7281397707243622e-21
.12445473455078593
2.0148136081325823
.5194643485949715
.13801956146223868
.14552535181201975
.01552879854702409
.02565944724709081
.06258983354730965
.02281265228199503
.021114994830581144
.029309132208680172
.05848483360284125
.4787383466632945
.4375033623231858
.004670577926967446
.0776535307151218
1.2558424251791844
.4773597887995115
.11073197938405369
.05461708074084437
.0710353670600124
.8708313174556079
.007856449468631546
.12449468086883463
.006139973400331313
.6346147384131452
.347607351033546
.008690183775838642
.057031630704987527
.0007911392397061083
.001664697371900626
.18374297384285626
.0033089779338287837
.05431703546776728
.5723204010741471
.0012433831693795063
.009220359743883908
.5681132531081899
.04949936254910734
1.2586146064481678
.03514755255081401
.808150210456691
9024406222666811e-20
1.7167924510641648
.017694530674973768
.24250615592082106
9438261754006756e-20
.1530662219102558
.2658464696140835
.004821999220568934
.38169907702278216
.10545062839662431
7281397707243622e-21
.07078497402341605
.6003506427329113
.32350971123213584
.8295687795242986
.02281265228199503
.5061628783921516
.00218532842171177
.45228336619100623
.398888042958257
9024406222666811e-20
.0009743982443549425
.0023455300034557515
.21655665373940586
.02558170649122227
.6476874364184426
.3421897842299255
.2281265228199501
.10539129474964921
1.548518200272016
6593594287105831e-22
.0005518236578454891
1.585283827279446
.01047915678870421
.7851605402747623
.0006515752372372739
.001149018647498917
.10569877494685519
.1529022416087267
.015019720951466083
.06297115257282825
.1889863676582874
.16865040905256606
.6033600027243298
.6033600027243298
.6033600027243298
.6033600027243298
.6033600027243298
.6033600027243298
.6033600027243298
.6033600027243298
