2.8426404757776593
5.3001011320579945
.17618599654095626
.00684857074702627
.12290343818521006
.1682368148170621
21063317485916925e-21
.0917424918472641
3237885277694105e-23
.004848394662542891
.005118197918323243
12004992334440965e-22
.07656453122123125
.06867530962674871
.15289831909038776
28402828811008126e-21
.12264215672659186
.005253096824919852
.03465402343644047
11710218756533193e-23
.039946361675658716
.0031253642334919036
.02530717621196584
18123032644806807e-23
.1773981849978528
21809223415000075e-30
2309207480479665e-26
.9836213883327234
37758495749162285e-23
.810400022508291
.05198391984117775
55175681394731694e-21
.011909118517235027
.7688345924391229
.8885707166870757
.04749363419240409
.0008059172934765182
.007588134934589981
.010368735148040502
.020996646865365474
.002162603098999575
1858119267717255e-21
.018002276324818097
.0046773499344909516
3.968055054915421
.8902763950107315
34475412192918452e-25
.08725559899778045
.0006658102729533255
.00047229719762599423
.028214576836237546
.022703264757184337
.08375593643832606
.008079113337208978
.6987405875164336
.2381687613961364
.00020207952326202415
.1240544014982983
.17541060204376357
.025433332220845616
8774650358843297e-20
.07919430895255972
.04041166906614889
.030802272658819078
.004843820306616415
.0005241784057292444
.00010279968623536667
.052327726183596185
.676055738956432
.054013722571268456
.809363278182998
31555291455792454e-22
2682976050709324e-22
1611005713306695e-23
6825382494176331e-21
.025179981808478257
7834368090154944e-21
6011952607760767e-21
22069614543214824e-21
.3190460317833974
.01589229161631871
.005821529090312872
.002312039197236409
8814059178284086e-20
6258198951871661e-24
4074959976113318e-20
12397039803038822e-21
.00026570373776826
12692727311991673e-24
.11430658409910237
9545931750808401e-21
.000357029338527178
.28838067917458526
25942287021991983e-23
13304528110094452e-27
.005216048204032023
1605584104898042e-23
.18565235346293316
.3069425084500939
.008989152782062988
33725771812148696e-25
4586023755687964e-20
11007442233925614e-23
13932225997857233e-21
.001156199172411151
10088606368704175e-23
5760734378312549e-21
.028733496662955185
.0036412632286283793
.00017587164710010337
.0004568633050528335
8703693410063801e-22
11724681704316254e-25
24423760405782245e-21
7623735548484641e-28
2359028966708706e-24
.017374374385534727
3666955452411263e-27
.053863577162314144
10675457037496894e-24
4377020321186705e-24
.3430404578309847
1.1933213084945555
.05501099116992088
.10167758795134685
.2720902634858824
1818101806720775e-27
.016739015997131474
.29130491583574225
9695894042257261e-22
.00019339309452268204
.05322677334383944
.2404312239612601
22648018450245797e-23
16857265214096867e-21
.28560661031950557
.028532735705863226
.5515590219090258
.030396522459242018
.2203814059196029
6791612544518368e-21
1.2053901595768948
2.022644284678565
.6172763018948516
.01314194068212962
.009835702979615482
.10829059055424847
.0755152065091774
1.726924165660895
.0022643513019920875
.9057296941956795
.05346239899267853
.02481969866454717
6791612544518368e-21
1.1327167527710391
.027166450178080115
1.3349052724208412
.11654251072762162
.8324602004868478
.0867506715401239
.7186918554031015
.1184793628925572
.0005237209939943858
1.4336479068805936
.045142036566545356
.0021300752586710485
.056738204554487394
.04899521091475002
1.0349292758509525
.08440316667432521
.0586554798440914
.08736568931640595
.042216194445501364
.029509566171340852
.1278545394178151
6791612544518368e-21
.12019579663051545
2.005713858884107
.5030652244245554
.12873563877487026
.13573655013085553
.014484249762700036
.023933457670549142
.05837971166666798
.022654335055420735
.019694689060337108
.027337645597822133
.05455083564052287
.4677661155986719
.4355274123512201
.004207443249937909
.07243014521872608
1.2501705103585778
.46102416514108846
.10882080118259518
.050943248208442246
.06625715411057805
.8647878466092817
.007327983295494431
.11612051288909096
.00553113341474921
.6317485502130872
.3470026861604956
.008675067154012384
.05663583763855178
.0007126898439367342
.0014996259199859781
.1836150583026925
.0029808595616178414
.05066338556084443
.5697355604126884
.0011200892491035127
.0083060685364928
.565547413703913
.046169774698577706
1.2529301712860679
.03278334303532883
.8045002627689375
8983648192538776e-20
1.7090386912358113
.01650430334027303
.24141089569367963
9392453230304374e-20
.14277018158663943
.264645794672086
.004497646154322115
.3790501286009492
.10497436881974327
6791612544518368e-21
.06602360382850687
.5976392056610257
.32204860473584446
.8258220965321031
.022654335055420735
.5038768330459898
.0020383317213981127
.45024066347896285
.39708649607844454
8983648192538776e-20
.0008777768790222471
.0021129471630460983
.21557859242437244
.023860946167400053
.6447622063926944
.33981502583131107
.22654335055420713
.10465989108454327
1.5217915559423125
5939773237898306e-22
.0004971048038729947
1.578124015941227
.009440043220589736
.7816144236476668
.0006077468547715492
.0010792168609844652
.09858891860214533
.14261723146391878
.014009415407657714
.05873538116602927
.17627414913130357
.16818585834977345
.5827125536381038
.5827125536381038
.5827125536381038
.5827125536381038
.5827125536381038
.5827125536381038
.5827125536381038
.5827125536381038
