2.830064803709215
5.31395677053772
.1765526819213323
.007008458361821767
.12326616435716105
.17217440923313715
21598226713103476e-21
.09362050675546424
3213750160769346e-23
.004932051037361436
.005248817095649827
12239565668163208e-22
.07817944320857853
.07036648643125097
.1521035202656599
29330867591326996e-21
.12377271797535415
.005359834047105334
.03545224055851972
12263562990248194e-23
.04090026103291182
.0032346800157497363
.02537842487037821
18154530344659552e-23
.1794351948370706
22345317847798686e-30
2303867364827884e-26
.9852580453269841
38668264625343293e-23
.8135673977237081
.05325593934139568
5781795931483489e-20
.012219983577739282
.7884265540841464
.9109890072630213
.048625275213764786
.0008353421391394098
.007786042100525081
.010702195750634047
.021547428313008696
.002254147628483507
19041777571287734e-22
.018230520143580644
.0047321004261923205
4.014908830583398
.9127003074946087
34871283616018616e-25
.08935944916943263
.000674557623802034
.0004864441115986609
.028474616780294195
.023284703414261938
.08586181027741932
.008366394468657362
.706400066367626
.23595702619164668
.00020869690712239765
.1269144249064045
.17904130620976616
.02551374452703963
886455838822492e-19
.08120215943777105
.04172386571163388
.031086823141255947
.004961465019208398
.0005404631562083021
.00010614991583807172
.05206842044908956
.6725763680947687
.05340744550986039
.8168873493092685
3258585306261156e-21
2771740680714805e-22
18289284715736333e-24
7049270118480811e-21
.02548256514428669
884737309505354e-20
6208377543245668e-21
22790391768556913e-21
.3219674885518309
.016278224398157456
.005805459528662169
.0023651502748882674
8919407045343566e-20
6304401800622467e-24
4151202791964181e-20
12723489514596047e-21
.00026561292356938734
12660061599365748e-24
.1170609649208773
9947143040231223e-21
.0003656766998261291
.2910331237847465
26452762160192014e-23
1366097182667756e-26
.005342213366358918
16590527791507728e-24
.1878840066904139
.30955116507569075
.009023417866001486
3469771451719389e-24
4709299206960046e-20
11334262524308378e-23
14193348721392045e-21
.0011579696060204751
10413833671786888e-23
5940902699324275e-21
.0287853228723464
.003734116391841807
.00017570225355607034
.00045528739403523344
8571345661644214e-22
11892407897419709e-25
24973417151301843e-21
7887915699896054e-28
2433407738589101e-24
.017355743461180736
3873309151015617e-27
.05395363650435677
1083274165187802e-23
4449755241052004e-24
.3517825975023484
1.223732244911898
.05641290676701523
.1042687682480916
.2790242884159203
18935068854826582e-28
.016629808140930385
.2933333893431631
960011538130718e-21
.0001941348274638927
.052818856122560064
.24170846664565238
225525264617432e-21
17017012509735496e-21
.2857503142633565
.02857942024479586
.5519059422382969
.030446256478818472
.22046456493417793
69646919119882625e-22
1.2169650412769797
2.025953683988479
.6217217663637215
.013476853600921756
.01002043689940532
.111050298472393
.07690891783143759
1.7297497152077947
.002351586575375686
.9080105943661345
.05482484983044706
.025452210857711325
69646919119882625e-22
1.135569274722157
.02785876764795974
1.3382669659624336
.11801745784612115
.8338222507662226
.08680523609321747
.7198677607999767
.11867321582298387
.000543897608836697
1.4359936052466538
.046292448944169326
.0021843586966642237
.05818413694407782
.050243818673009366
1.0381539126038435
.08595210557495934
.060150272617312144
.08959214115628014
.04329204383822205
.030261596269313424
.1311128205205041
69646919119882625e-22
.12171697926841377
2.0089955570604783
.5089276422918145
.13201637406180364
.13919569861513606
.014853370464267041
.02454338464854345
.05986747668596355
.022711385494443098
.020196594064890248
.02803432586000902
.055941024504467425
.4716995934432951
.43624001126384254
.004369537118425935
.07427597544505886
1.2522160076591147
.4668588280438189
.10950720941777402
.05224150029791025
.06794567009240755
.8669656428760698
.0075147316862926965
.1190797607539221
.005744223112947111
.632782201177793
.3472209443728699
.00868052360932174
.05677846373610769
.0007401465788164595
.0015573997632002167
.18366124576605505
.0030956986762675828
.051954505551756396
.5706677472953479
.0011632412510800734
.008626064006668252
.566472748047086
.04734637824430084
1.2549801838738641
.03361880298521714
.8058165657069286
8998347009999716e-20
1.711834977022806
.016924903656315965
.24180588608208664
9408971649869329e-20
.14640857711650906
.2650788014132583
.004612265436030352
.38000469099244133
.10514612522118386
69646919119882625e-22
.06770616794915006
.598617047780757
.32257553249983384
.8271732857140457
.022711385494443098
.5047012635482763
.0020902771412407333
.45097733584013855
.39773619893823686
8998347009999716e-20
.0009115936750044084
.002194349515786643
.21593131665295073
.024469025241819684
.6458171499717796
.3406707824166465
.22711385494443076
.10492345621323934
1.5313905502970013
6168605990921015e-22
.0005162560165969507
1.5807061024548452
.0098037256361117
.7828932813557832
.0006232348468376777
.0011039345403786405
.10110138637903161
.1462517291697698
.014366435296746862
.060232210167047995
.18076636920907604
.16835348682398318
.5900872892306014
.5900872892306014
.5900872892306014
.5900872892306014
.5900872892306014
.5900872892306014
.5900872892306014
.5900872892306014
