2.85230953412312
5.28936566727318
.17622717519960898
.006726982374262128
.12262838231584021
.1652571450836154
2066175757210835e-20
.09032585641953499
32639142104658694e-24
.004788206650615403
.005020155714915238
11438378922187236e-22
.07346133575733821
.06742328572306247
.15238759298399973
26812103377429806e-21
.12198914113970936
.005183201044066453
.0340533012441776
11303579046881231e-23
.03923297848962902
.003045737510696086
.024469161572185736
1813644612902189e-22
.17596103204468777
2123083565916769e-29
2320183591547979e-26
.9823648142056541
3587089631486059e-22
.808450718039755
.0510282000398774
5322951656803522e-20
.011675998604471986
.7541280754742523
.8717321101364698
.04665398303006166
.0007840404482587312
.007439717785286272
.010122993118327822
.02058369584102533
.002095446697933069
18235236665672259e-22
.017828769904737703
.004638839445254272
3.9324082563291523
.8734369115975249
3417450903435153e-24
.08567397759753413
.0006542105706551954
.0004627535571896325
.02806365818571871
.022266910311268356
.08217460700204217
.007870510929849429
.6929071787945267
.23805251439785308
.0001908912388404093
.12190007479470769
.17269644029705244
.025181362159182107
8706200405036267e-20
.07768694134914425
.039431029761341545
.03063795177120048
.00476562146326591
.0005131771183105344
9705882553488258e-20
.052126360278949777
.6566790555477823
.05409293393823104
.8036023181578508
29786626396716586e-22
2531771686049642e-22
21147301460343885e-24
6442699792136118e-21
.0247687128888812
1030801008383955e-20
567492124009429e-20
20833180966303156e-21
.31770114321565673
.015635972324372274
.0055891326473706164
.0022772581096929907
8760759106356501e-20
6237820510814957e-24
402694262871646e-19
12152347714809526e-21
.00026466167301256914
1274700627869003e-23
.1124465246367859
9248804764373895e-21
.0003513259511843969
.2868478764782757
2561775362670586e-22
13065042410409122e-27
.0051330573188317005
15701740403317888e-24
.18408438095160753
.3050905655795138
.008963859220623817
33099995420527616e-25
4494070199229117e-20
10791259023431778e-23
1376688776597515e-20
.0011548391405485398
952622128771894e-22
5443500441751296e-21
.02876047245087698
.003571565205004139
.00017519862729164533
.0004432162964162072
8458186140790795e-22
11246181834345107e-25
24061184844516818e-21
7186500755741009e-28
22346353152039633e-25
.017287777054484043
3410904763312018e-27
.05391695936560326
10476925023171464e-24
4181369294895417e-24
.3364782797824769
1.1704937185801392
.05395866072189042
.09973255079771629
.26688532420394034
17663493675522203e-28
.01559921850523483
.28028915321392456
905124625692535e-21
.0001865320585236301
.04963141645734358
.2315824269727691
2105293404264135e-22
1618689722160721e-20
.2854961697997611
.028496893238307938
.5512924335418464
.030358338725958597
.22031748877039328
6661692677236822e-21
1.1965662652348592
2.0201034640963105
.6138800674804825
.012890542479117846
.009696080124465675
.10621905024472451
.0744614966220023
1.7247548250124474
.00219989166237298
.9039798778471252
.05243969227374412
.024344911280059733
6661692677236822e-21
1.1305284108131881
.026646770708953615
1.3323263141682606
.11542124108816972
.8314144743414618
.08670874181191902
.7177890436371679
.11833053059115348
.0005088121472514298
1.4318469762191322
.04427849387162551
.0020893280733608904
.05565283345046844
.04805795908276555
1.0324567689443012
.08323197842558444
.05753343230284497
.08569443102736994
.04140862152470555
.028945064163108332
.12540875136915597
6661692677236822e-21
.11903937828402461
2.0031943060920674
.4986044479132486
.12627299577301856
.13313998348888867
.014207173914437477
.02347562359598085
.057262939421203606
.022610568216263716
.019317940332093605
.02681469125309494
.053507307718389734
.4647642760365891
.43498030823517736
.0040876693105460805
.07104459579400364
1.248600061719582
.4565885956978105
.10829598235592862
.049968731478762914
.06498969066031854
.863117127495483
.007187802946431312
.11389919040870476
.00537367778218539
.6309549555452807
.3468349672476761
.008670874181191895
.056526420540659233
.0006924015916411601
.0014569358363931565
.18357955404153123
.002896002970272392
.049694222451943514
.5690198656910292
.0010882034947704688
.008069618395543533
.5648369800800355
.04528657193017206
1.251356255995354
.032156215449902645
.8034896595494015
8972363045464604e-20
1.7068918180977841
.016188584961833806
.24110763833043228
9379772440798441e-20
.14003906538678168
.2643133499178583
.004411608620876437
.3783178261091594
.10484250132384854
6661692677236822e-21
.0647606080685708
.5968884587274161
.32164405128588913
.8247847090903059
.022610568216263716
.5032438692381557
.001999339540235844
.4496750767599334
.3965876809630959
8972363045464604e-20
.0008527890685010482
.002052797568526654
.2153077852790556
.023404499198589713
.6439522641319264
.3391585232439558
.22610568216263693
.1044576943478886
1.5144522894588708
5770684792127476e-22
.00048295364434120956
1.576141596189308
.009171312046475451
.780632569334462
.0005961209868064574
.00106061234468799
.09670296601926989
.13988904111701642
.013741422883272037
.057611805155795386
.1729021201896945
.1680570873465304
.5771062054408443
.5771062054408443
.5771062054408443
.5771062054408443
.5771062054408443
.5771062054408443
.5771062054408443
.5771062054408443
