2.919043725364835
5.213221388886682
.17476208509862995
.005949817610085023
.12070324234684211
.14613485740676024
18088330897380165e-21
.08112363662943602
34072838712972994e-24
.004371050350799218
.0043921664428729695
967123330504766e-21
.06264094173140347
.05922717519986106
.15484223599487146
23311645284964908e-21
.11670258557538475
.004672728402921537
.03016685577472204
8848423708457407e-23
.03461804426997095
.0025366636913320612
.024938608129907603
18033310963861647e-23
.16554621835739214
18478537634408243e-30
23569419230541172e-27
.9737345847755967
325898202185327e-21
.7915002184491725
.044882635715872934
41531218886545525e-21
.010187141028422662
.6599101145144479
.7638170485575577
.04115285306754317
.0006482763902652804
.0064917232903247005
.00855415680447425
.017948016100288993
.0016809115050490284
16013225854624037e-22
.01667592323519233
.004359361522436324
3.6949405813405036
.7653966595252183
32147073050545603e-25
.07548720780329676
.0006037252945099331
.00039687515541248966
.02684596502404411
.019473360007147
.07203014040268113
.006536122423403063
.6538582553409824
.2473255696089211
.00016579340381997723
.10793162365983038
.1547518812264826
.02448809614612751
8248608921154331e-20
.06802547592456461
.03325027184179645
.02930745432087226
.00421168407900407
.00043762022415808337
8441369778443266e-20
.05287361686156955
.6956196150985156
.05682480397762297
.7643022115205866
2590088537551931e-21
21971588421200944e-23
15406371865802114e-24
5598027826597474e-21
.022995253248508787
7688779483861795e-21
4934328713248927e-21
1811497673229281e-20
.30369235016062796
.01381907233577892
.005309288454565606
.0020263444624222934
8261356466531391e-20
6018436643511084e-24
36625392397558805e-21
10591794221403663e-21
.000263268822538075
12977560729377881e-24
.09941222848721325
7431068021886333e-21
.00031066398616772406
.2744409165716007
23183171433522758e-23
11402021639693984e-27
.004540033897436157
13256750314656025e-24
.17273970253330287
.2916434650712052
.008791201951065123
2856918301523956e-24
3907245803862544e-20
9261722239808213e-23
12517650627545218e-21
.001145483124755467
8299378296537847e-23
47659987071324584e-22
.028617292784927396
.0031250723521518415
.00017479522357533747
.00046550786778699
9360105085406048e-22
10775518492298738e-25
21443238406862717e-21
6190070116136712e-28
19625039887902516e-25
.01721345345882383
26367248245086382e-28
.05365141307983274
9594633848577644e-24
395128478648175e-23
.2944378675346692
1.0242493948918763
.047216934799627804
.08727172404606999
.23354002459150522
14295127166317956e-28
.015617314548539936
.27845656628856286
9216156529986277e-22
.00018846795386109804
.04991001225649648
.23174007031775512
20804068055530843e-23
15873055580573708e-21
.2847350918105219
.028250739304972794
.5494559963405607
.030096105772196825
.21987684872107605
5829364639301394e-21
1.1373980787217566
2.0026539684873366
.5909433408783377
.011279966841753298
.00878459013807124
.09294778452217745
.06757621489699679
1.7098565278308842
.0018007798298993575
.8919947644831844
.045887749952945395
.02130319902745415
5829364639301394e-21
1.1155396798726052
.0233174585572111
1.3146621135545293
.10797010494418832
.8242327811870722
.08641990207922567
.7115888380597178
.11730840072966067
.000416501715811685
1.4194787941094917
.038746231470383585
.0018282823571803598
.048699433479068216
.04205348113270632
1.0155522345121668
.07557676553736913
.05034506575030981
.07498756100277004
.036234927934030235
.025328597653760433
.10973987785241528
5829364639301394e-21
.11135466959672492
1.9858908704664509
.4688738301130718
.11049614146463578
.11650515108259592
.012432095152666073
.020542522254677596
.05010836890525555
.022310793597452055
.016904310020310082
.023464398701354125
.04682197493493156
.44456402974230136
.43122298237863493
.0033460704323002577
.062168111709831546
1.2378147521146172
.42711305240734454
.10474208247770009
.04372551699185682
.056869721106909125
.8516737791722566
.006289741415626626
.09966834934945717
.0043987668702282785
.6255048160242472
.3456796083169027
.008641990207922562
.05577698399363007
.0005667837383740227
.0011926135784360887
.18333469682002182
.0023706002551824867
.04348530578854242
.5641047166284853
.0008907779131699731
.006605600762177814
.559957962456004
.03962835781167021
1.240547138599963
.02813853991162671
.7965491787595051
8894860475746477e-20
1.6921478201718092
.014165943898808509
.2390249694220756
9292717374359918e-20
.1225422449576475
.2620302318891251
.0038604115414764655
.3733020263722048
.10393688000345602
5829364639301394e-21
.05666926064970773
.5917325829395041
.3188657151460238
.8176602833292429
.022310793597452055
.4988968880846717
.0017495372096093473
.44579081864303644
.3931619876159313
8894860475746477e-20
.0006980731733211088
.00168037204717697
.21344797348199726
.020480284311975704
.6383898548766234
.3346619039617808
.22310793597452028
.10307277711778734
1.464753199150964
47237475172576527e-23
.0003953345505059648
1.5625270084463332
.007507421401466142
.7738895263008134
.0005216401851002834
.000940566152833415
.08462066293669343
.1224109650839608
.012024536184797248
.0504136465089556
.15129930999940863
.16717101623804523
.5398505247209376
.5398505247209376
.5398505247209376
.5398505247209376
.5398505247209376
.5398505247209376
.5398505247209376
.5398505247209376
