2.919043725364835
5.213221134784089
.17468343961124735
.005950638416349173
.12070123589962188
.14614557060536515
18088257436759434e-21
.08112397967203712
3405404338764117e-23
.004368905056007464
.004392148581366064
9691184819773587e-22
.06273851677534532
.05922751099122754
.15512437232961154
23871933142900006e-21
.11669356507520609
.004670407866777894
.030166871160721604
8848718508816476e-23
.034619342477416576
.00253552194622392
.025534838334158136
18024181678946626e-23
.16546673999308115
18511086796459436e-30
23544465752933223e-27
.9737345801703329
33373572477983234e-23
.7911302835095032
.044882447483200694
41530939803674394e-21
.010187099727556225
.6599074327330315
.7638150031708815
.04115305478092582
.0006482765483965001
.006491696969041969
.008554183595506415
.01794794338023045
.001680922685037827
16013159455349832e-22
.016675919148058674
.004357163588906045
3.6949399430689387
.765393545541213
32146946654420443e-25
.07548691406586436
.000604811289556787
.00039665393485668735
.02684391860824432
.01947328078624441
.07202984596308237
.006532830191080051
.6538597394727008
.24777731131088637
.00016968385773576036
.10793117996572509
.15472715890971017
.02453204093873392
8248625847415946e-20
.06802519759125894
.03325019852571548
.02930518427283091
.004209468005056743
.00043737272389299036
8643539735704951e-20
.05297001360381348
.7123251655234925
.05692204469928296
.7643032131784864
26524507780947736e-22
22500878678951443e-23
1246910405007001e-23
5732448125536851e-21
.023035089209788247
6223371284101683e-21
5053145708037774e-21
18550775771267422e-21
.3033969270723109
.013811755946858795
.005362934695953467
.0020252098561939114
8253127792182119e-20
6013825644651829e-24
3660363612313678e-20
10591749704402944e-21
.00026343947482016856
12970091377947415e-24
.09936642650420895
7431352563277639e-21
.00031049115301107704
.2744197917616787
23169422065595712e-23
11396037327637958e-27
.0045374629855784105
13245429637785286e-24
.1726509258391826
.29152289441058876
.00879175543845682
2854025303188001e-24
39074766598177216e-21
9252649282648316e-23
12510401356381871e-21
.0011454830432928848
8499082524869443e-23
4880691647982916e-21
.028603518992695975
.003125059567814067
.0001749237664780288
.00047672840637770725
9602905500351292e-22
11026220102711152e-25
21431754364894205e-21
6339527510867419e-28
20082884294221744e-25
.017232893206739073
2697772406777324e-27
.053621561101787604
9612723105692468e-24
4046821891604062e-24
.29443667108941407
1.0242452328649643
.04721674293409747
.08727136941831434
.23353907560401033
14288762702840512e-28
.01615859813098144
.28517222937886333
9537414344198414e-22
.00019300899399125025
.05164049987517878
.23735286701016767
21528922510169865e-23
16256362972530994e-21
.28473509181035
.0282507393030629
.5494559963397504
.030096105770162175
.21987684872103405
5829340951737964e-21
1.1373979867508461
2.002653968351947
.5909433257966735
.011279921005723715
.008784579656546726
.0929474068298082
.06757613973957205
1.7098565277152895
.001800741423642816
.891994764144452
.04588756348854404
.021303112462123363
5829340951737964e-21
1.115539679448982
.023317363806957387
1.31466211305529
.10797007852553252
.8242327811313499
.08641990207909822
.7115888380116108
.11730840072173003
.00041649283284249123
1.4194787940135278
.03874607402546936
.0018282749279737512
.04869923558941971
.042053310248817026
1.015552233607855
.0755766845001781
.05034486117365142
.07498725629158493
.03623478069377217
.025328494731263626
.10973943192554704
5829340951737964e-21
.11135464234991721
1.9858908703321947
.4688737477183742
.11049569246469816
.11650467766510932
.012432044634974916
.020542438780349084
.05010816529041237
.022310793588979593
.016904241329819672
.02346430335401064
.04682178467431659
.44456400862682105
.4312229823494821
.003345999068751335
.062167859090347145
1.2378147520309348
.4271129478992242
.10474208090601493
.04372533931366695
.05686949001738063
.8516737788488359
.006289715857326887
.0996679443481417
.004398673055223232
.62550481598196
.3456796083163929
.008641990207909815
.055776983972448915
.000566771650254592
.0011925881428873927
.18333469682001488
.0023705496960413387
.04348512908644829
.564104716590349
.000890758915042345
.006605459880770076
.5599579624181481
.03962819678224464
1.2405471385160958
.02813842557095834
.7965491787056544
8894860475145139e-20
1.6921478200574114
.014165886335640754
.2390249694059163
9292717373521197e-20
.12254174700849178
.2620302318714105
.0038603958547337573
.3733020262304444
.10393687999642937
5829340951737964e-21
.056669030374748276
.5917325828995001
.3188657151244669
.8176602832739649
.022310793588979593
.49889688805094373
.0017495301003828381
.44579081861289876
.39316198758935156
8894860475145139e-20
.0006980582851171549
.0016803362089257575
.2134479734675671
.020480201090550428
.6383898548334649
.33466190383469385
.22310793588979566
.10307277707864573
1.4647531771719198
47236467712053014e-23
.00039532611898095735
1.5625270083406986
.007507261286416304
.7738895262484946
.0005216380654207405
.000940563663627919
.0846203190814974
.12241046766825955
.012024487323217776
.05041344165362003
.15129869519621408
.1671710162364901
.5398503926276587
.5398503926276587
.5398503926276587
.5398503926276587
.5398503926276587
.5398503926276587
.5398503926276587
.5398503926276587
