2.923309679943948
5.208227132791327
.17479851496369536
.005902737248390417
.12058240194434461
.14498236840460046
1793514104756704e-20
.0805685827988838
3419782649781809e-23
.004350145817155472
.004354801622860089
9730452511547694e-22
.06281248104973862
.058726609958150565
.1546321295532672
21684965481107783e-21
.1163838845853013
.004645699080798889
.02993347773148274
8710441174296818e-23
.03434014099757668
.002509508558668144
.02344201622175506
18042217050909688e-23
.16506807345729108
18275872523264162e-30
2364029693623656e-26
.9731854211183805
3039956555614838e-22
.7911995546977687
.044515671126771815
4087734814845164e-20
.01009879505170339
.6543032236136903
.7573913547239078
.04081670751126487
.0006404453751736283
.006435465331935625
.00846077142057973
.017791713428193693
.0016570705424831193
1588068606800331e-21
.016604818535494795
.004346689447046574
3.6802578236032852
.7589586293626978
32020659825259575e-25
.07487794906840028
.0005993260293601851
.0003933523843912813
.026772517814515312
.019307223380128306
.07142568805527945
.006465729845953514
.651433904212792
.24738391318032102
.0001544335202924681
.10709118091128297
.15371649995004952
.02439144102629482
8220235116710994e-20
.06745027108546107
.03288834742164064
.02922724644428154
.004182263651976162
.0004335838858890438
785415280003305e-19
.0528032656979913
.6553726746613032
.056886141782880505
.7618214748450857
2409118707667516e-21
20433388188215358e-23
18151608258948295e-24
5207498464158092e-21
.022838046117045475
9071610782378982e-21
4589518347285973e-21
16850069998613445e-21
.3033705358545099
.013722652976676894
.0052205028854500745
.002013163202313169
824722290431531e-19
6013125497405901e-24
36437994153927695e-21
10499312041435841e-21
.00026315062208107353
1300465497538274e-23
.09870825904281794
7327390104726873e-21
.00030852092281324423
.2736928208256236
23057144248300365e-23
11313371444843557e-27
.004508858600301276
13139877602989501e-24
.17222439961771513
.2910731980276867
.008780578524735756
28357553038485367e-25
3872581432212868e-20
918798787625271e-22
12453064253695811e-21
.0011448867980420304
7720637091374653e-23
4435037053011808e-21
.028635570464639267
.003098503331987374
.00017474083566715117
.00043831833767566606
8823229394657351e-22
1010345790972522e-24
2130347859059453e-20
575423932940928e-27
18294352741567518e-25
.017193958575866704
24379379534390652e-28
.05368528142409932
9520141142393791e-24
36947346190951037e-25
.2919360774311584
1.0155465163486954
.046815740275333424
.08653019056954095
.23155567343725736
14115690910499961e-28
.014450991085516134
.26120829986824745
8534574490456224e-22
.0001769832307105001
.04620101520083496
.21744723595387208
19229614941036883e-23
14876795006733112e-21
.28468650927685446
.02823507651967928
.5493388111222438
.030079419878146694
.2198487109821269
5779833487325357e-21
1.1337168104246178
2.0015436563363167
.5895066037611215
.011184122819892537
.008729323258283463
.09215802249391708
.06715835448597013
1.7089085485447848
.0017778691876113978
.8912340471131324
.045497849293543495
.02112218925127877
5779833487325357e-21
1.1145883173251432
.02311933394930691
1.3135409339856003
.1075104823660778
.8237758097448653
.08640147087607286
.7111943187139596
.11724336256290975
.0004112027216399114
1.4186918061535019
.03841701111821699
.001812747742879845
.04828564240747595
.04169615962444757
1.014481079569075
.07511204297761041
.049917292012137716
.07435040403796132
.035927045714715805
.025113384727934843
.10880743617067633
5779833487325357e-21
.11088063911994481
1.9847898521184115
.46703472316692807
.10955727393544543
.11551522598761083
.012326461686158297
.020367975823852594
.04968260634122165
.022291766346502817
.016760676880083952
.023265025567227732
.046424136319607234
.443302999698343
.4309839035738748
.0033034996407621023
.06163987949591193
1.2371284824037185
.42529485650586235
.10451890760866214
.04335398847007713
.056386508445963164
.8509474486339716
.006236298517948379
.09882148378789224
.00434280301912409
.6251580234137007
.34560588350429144
.008640147087607282
.05572941586625697
.000559572762735072
.0011774404058862604
.18331905553749095
.002340440002633859
.043115818301824684
.5637919654836664
.000879444881897744
.006521560196170485
.5596475103561613
.03929164217715711
1.239859353998342
.027899451368880546
.7961075556703553
8889928983924499e-20
1.691209658953934
.014045578204851855
.2388924491104678
9287179971598621e-20
.1215010236695571
.2618849569914247
.003827610259933399
.37298366426174834
.10387925528015243
5779833487325357e-21
.05618775126827596
.5914045143428667
.31868892949875705
.8172069558137196
.022291766346502817
.49862028948817777
.0017346716798683091
.4455436631331276
.3929440106019098
8889928983924499e-20
.0006891918517407381
.0016589933076751465
.21332963357790155
.020306266706707068
.6380359185380892
.3343764951975422
.2229176634650279
.10298487385304292
1.4616322367291692
4663649060006173e-22
.00039030485819137464
1.5616607116466492
.007411907311748936
.7734604661845278
.0005172078942960994
.0009333707191362009
.083901655090114
.12137085925935183
.011922365679765685
.049985290051363936
.15001374466233472
.16711453364887155
.5375524118303849
.5375524118303849
.5375524118303849
.5375524118303849
.5375524118303849
.5375524118303849
.5375524118303849
.5375524118303849
