2.923309679943948
5.208227135057996
.17474876456694471
.005902967348540111
.12058090922864415
.14498557114350422
17935151284581613e-21
.08056853365582221
3418583518999518e-23
.004347303658988969
.004354804109651871
9627230603153575e-22
.06230170845611595
.058732585742985934
.15472526915352416
22660039294556737e-21
.1164049855673786
.00464423872717478
.029933521490144853
8710673171774036e-23
.03434103890368756
.0025080195202988164
.0244964983317462
1803644023174928e-22
.1649625654752372
18284887507293227e-30
2361621013316892e-26
.973185419508864
31767065168972473e-23
.7907046395663266
.04451569437791574
4087738549063825e-20
.010098800576586315
.6543035969484412
.7573916164397834
.040820378759895394
.0006404453426927105
.006435468857868315
.008461690361569303
.017791723069216663
.0016572309809565128
15880694640627987e-22
.016604819113143023
.00434377225648644
3.680257913939035
.7589590630876759
3202067487360702e-24
.07487799626025797
.0005996291040093687
.00039321457466570453
.02677729994385804
.019307234574124428
.07142572871944602
.006461433014084758
.6514341371489639
.24751046713139485
.0001612196003923771
.10709124256168084
.1536834189745557
.024403699167908365
8220237520396597e-20
.06745030941380269
.03288837321343629
.029232560067182934
.004180884561103819
.00043342967616741653
8206116308620283e-20
.052830223636325516
.6847910487686474
.05691341888074129
.7618214996290815
25176255329964382e-22
21354170406822944e-23
16806435160851985e-24
5441440347235342e-21
.02284917028795567
8397805898417078e-21
4796255335137095e-21
17608414668688734e-21
.3030918615419434
.013718099615181807
.005242075959761504
.002012456196731344
8238925147877274e-20
6009088272978668e-24
3642490700925595e-20
10499318234547884e-21
.00026301861772738856
13000260301119793e-24
.09867983559403082
7327513552365053e-21
.00030841325789601667
.2737422721972853
23048882785048982e-23
11309652887138653e-27
.004507257331310677
13127169843383172e-24
.17210781065084702
.29089959737968757
.008780686702324257
283293160754767e-23
38726316554540517e-21
9179377627293849e-23
12448709190565779e-21
.0011448867857915546
8068175652871925e-23
46346911284266275e-22
.028626092278412424
.0030985050854399924
.0001746509969173042
.00045801840179215156
9225027536908268e-22
10547577831339545e-25
2129661804714468e-20
6013514369507835e-28
19103736778936364e-25
.017190614679076923
25457153647136596e-28
.05366640313672168
9525136305873409e-24
3861306402834048e-24
.2919362440493705
1.015547095956897
.04681576699472697
.08653023995537147
.2315558055942441
1411123147568657e-27
.015171918138564087
.2729772809591846
8961285386270434e-22
.00018496078234476885
.048498598497794226
.22726171384223057
20190739502349988e-23
15547468217383514e-21
.2846865092768791
.02823507651995288
.54933881112236
.03007941987843817
.21984871098213293
5779836786080107e-21
1.1337168234711676
2.001543656355712
.5895066059067984
.011184129203065746
.008729324729072221
.09215807509174971
.0671583650361874
1.7089085485613442
.0017778744627868913
.8912340471616039
.0454978752607702
.021122201306456877
5779836786080107e-21
1.1145883173857623
.023119347144325907
1.31354093405704
.10751048609996824
.8237758097528478
.08640147087609115
.711194318720851
.11724336256404584
.00041120394173334404
1.418691806167249
.0384170330441597
.0018127487774788934
.04828566996579447
.04169618342191593
1.0144810796983832
.07511205451268041
.04991732050169619
.07435044647235826
.035927066219547464
.025113399061028923
.10880749827091635
5779836786080107e-21
.11088064297088242
1.9847898521376444
.46703473482618807
.1095573364636443
.11551529191622298
.012326468721304572
.020367987448574505
.04968263469683674
.0222917663477152
.016760686445993173
.02326503884539807
.0464241628154986
.44330300269802836
.43098390357805105
.003303509442687054
.06163991467596438
1.2371284824157065
.425294871276556
.1045189078325121
.04335401321372687
.05638654062773154
.8509474486802523
.006236302077223814
.09882154018879716
.004342815904801062
.6251580234197587
.3456058835043646
.008640147087609108
.05572941586928794
.0005595744230622461
.0011774438995093106
.18331905553749195
.00234044694703215
.04311584290954231
.5637919654891297
.0008794474913282459
.006521579546511193
.5596475103615844
.039291664602282596
1.2398593540103564
.027899467292081086
.7961075556780697
8889928984010644e-20
1.6912096589703223
.014045586221158538
.2388924491127827
9287179971718753e-20
.12150109301447504
.26188495699396247
.0038276124444855232
.3729836642820339
.10387925528115904
5779836786080107e-21
.0561877833366066
.5914045143485974
.3186889295018452
.8172069558216384
.0222917663477152
.4986202894930095
.0017346726699065957
.44554366313744503
.3929440106057175
8889928984010644e-20
.0006891938966650729
.0016589982301300147
.21332963357996873
.02030627829620941
.6380359185442719
.334376495215728
.22291766347715175
.10298487385864397
1.4616322398595722
46636628976762345e-23
.00039030601627805354
1.5616607116617822
.007411929303868531
.7734604661920228
.0005172081894848797
.0009333710667873763
.08390170297574666
.12137092852998034
.011922372484280122
.049985318579731285
.1500138302804678
.1671145336490945
.5375524304998371
.5375524304998371
.5375524304998371
.5375524304998371
.5375524304998371
.5375524304998371
.5375524304998371
.5375524304998371
