2.9184923604660713
5.213865603232491
.17487308101066798
.005955135334351451
.12072079850661743
.14627379726385978
18108205610496087e-21
.0811957349204408
3408448383489873e-23
.004377219654381103
.004397014272169594
974850973539158e-21
.06303938879021533
.05928801756667059
.1545305594673357
22466944302466033e-21
.11675490218080554
.00467967110920681
.030197117796958384
886604667182008e-22
.03465271518835968
.0025420180496340864
.02400818057765169
1804559118962146e-22
.16573627826997261
18458049677605983e-30
2359867421815994e-26
.9738055900694403
31396721957932207e-23
.7921295610688122
.044930253437006025
41616411294748445e-21
.010198605443208789
.6606375630304208
.7646509374659345
.041193941310835175
.0006492954364515044
.006499023680250838
.008565655248468612
.01796829989194989
.0016839053165647062
16030423284367664e-22
.016685134462389246
.004364546165686664
3.696842393103908
.7662318613042545
32163406541963665e-25
.07556621009842458
.0006030213646465989
.0003976571273119921
.026857981326188773
.019494915434982434
.07210855642633979
.006550540672294223
.654172921683655
.24679026067072563
.00015992527112823775
.1080405762698128
.15492570439615835
.024449284827350766
8252292497043398e-20
.0681001005483582
.033297324832275696
.029320622799269457
.004218737251139406
.0004385078499192302
8136522974215636e-20
.05277008669909636
.6693658467487854
.05670309808223989
.7646246281705097
2496074616428149e-21
2117399313404848e-22
1762153150548627e-23
5395395651961072e-21
.022968873793457023
8791855090410692e-21
47552075930684535e-22
17457970433763088e-21
.30418759430008074
.013842266536814193
.0052552532865234244
.0020297118840418506
8276736414122816e-20
6026130834640033e-24
3668075891553153e-20
10603796135565525e-21
.00026317940798707316
12984540144626519e-24
.09957030350298093
7444215014700868e-21
.00031119454503583053
.27456368067893533
23219122565667723e-23
1142219290754165e-26
.004547835162144989
13291836035506852e-24
.1729482337422264
.2919151875161849
.008792680339476886
28643487903067195e-25
3911788878865844e-20
9285035413970988e-23
12536368416784159e-21
.0011455601855746833
7998183938304069e-23
4592836705394634e-21
.02863807717033695
.0031285194704134185
.00017471906637405376
.0004479575407721759
8986754012782902e-22
10388836525532021e-25
21477707960165028e-21
5965867495153204e-28
18931442459496924e-25
.01719832685394583
25464075171755617e-28
.05369088830952909
9583881767670144e-24
3805192769029697e-24
.29476245482083563
1.0253785238800368
.04726898658514042
.08736793209262447
.2337974783063691
14329453969908488e-28
.014868489831037843
.2680487467716863
8770985121496521e-22
.00018139686131518468
.047518898860800796
.22305029414673472
1980465676484684e-22
15280694433082994e-21
.2847413715971327
.028252764317674085
.5494711440866552
.03009826306074741
.21988048572243876
5835790910705234e-21
1.137874720422929
2.002797518703092
.5911292870636858
.01129240183816143
.008791755885833339
.09305024983815682
.06763039129156684
1.709979090329121
.0018037521703882452
.8920931327469477
.04593833644968314
.021326683600334947
5835790910705234e-21
1.115662700439359
.023343163642826466
1.3148070931381493
.10802964608114655
.8242918621843058
.08642228455706362
.7116398447402726
.1173168093946121
.0004171891873687529
1.4195805423347774
.038788945181861836
.001830297849323514
.04875311956599436
.04209984074476645
1.0156907611051489
.0756370169027723
.05040056597655649
.07507022703049918
.03627487319318125
.02535651981215559
.10986085471396707
5835790910705234e-21
.11141607718391607
1.9860332191035137
.46911203575419996
.1106179520285764
.11663358595794313
.01244580025133682
.020565168260116673
.050163608197719416
.022313254008787132
.016922945273173277
.023490265773275853
.04687359131805624
.4447272707397942
.43125389243755335
.0033515934065470004
.06223664562102627
1.2379034786632512
.4273485879452898
.10477096164054645
.04377371985046141
.05693241409064011
.8517677008792953
.006296675204795393
.09977822339284331
.004406027409608209
.6255496522029929
.3456891382282545
.008642228455706356
.05578313502196777
.0005677192632094535
.0011945820887269776
.18333671851749808
.002374513132817191
.04353324383914781
.5641451516487409
.0008922482179867886
.006616503868861295
.5599981002369635
.0396720439761742
1.2406360610060316
.028169559740642162
.796606275396403
8895498059253415e-20
1.6922691133100638
.014181560386336422
.23904210272941248
9293433311702386e-20
.12267733510438909
.2620490142134377
.003864667245799503
.37334319373512637
.10394433019794007
5835790910705234e-21
.05673173264652445
.5917749983249312
.3188885714371887
.817718893209898
.022313254008787132
.4989326490084514
.001751465893374344
.4458227729243078
.3931901694631387
8895498059253415e-20
.0006992254025513663
.0016831456443648616
.21346327343052957
.02050286170652214
.6384356146548206
.3346988101318069
.2231325400878711
.1030841438774703
1.465157056370215
4731544464875401e-22
.00039598708385380366
1.5626390103661434
.007519813039926456
.7739449986940573
.0005222152394350221
.0009414995092318499
.08471394846265586
.122545910508224
.01203779199187231
.050469222338393266
.15146610183512854
.16717831787643853
.5401482304057288
.5401482304057288
.5401482304057288
.5401482304057288
.5401482304057288
.5401482304057288
.5401482304057288
.5401482304057288
