2.9269303834847036
5.203976007020677
.17467003416317364
.005863950047867799
.12047583628955368
.14402328587794275
17806165674127133e-21
.08010030863988281
34265739865368454e-24
.00432493418424318
.004323344583502496
957227297936277e-21
.06192784862998511
.058316142451103205
.15479732987129677
22855780581164024e-21
.11615436962670624
.004618212032886074
.02973684050459224
8595583682867733e-23
.03410822599545525
.0024827524256129086
.02492605757734311
1803130971628146e-22
.16438265496120968
1814286017611215e-29
2363181375177303e-26
.9727195524872688
3211781029679161e-22
.7896304099022707
.04420659340884342
4033054979000468e-20
.01002443786227315
.6495827540452803
.7519807860100236
.04054034855090056
.0006338727815479284
.006388114822517078
.008384014512125958
.017660167810286648
.0016373954026916563
15769068617143763e-22
.016544708630932124
.004328204142204289
3.6678419816054806
.7535376791940134
31913709610264993e-25
.07436475905787575
.0005968293056164083
.00038994794053270307
.02671946966556103
.01916736186088013
.07091672900090178
.0063952258096945
.6493825994780686
.24794266730508618
.00016254204573858426
.10638280836831818
.15275539893103868
.024358822407881637
8196229810482746e-20
.06696598137848442
.03258415129297799
.029169489487168625
.004153073610374762
.0004296960744943467
8276673111696798e-20
.0528517561110168
.6981289557748032
.05704817425367747
.7597178695745705
25394575413357927e-22
2153739282699545e-22
1680686116279865e-23
5488184384208733e-21
.02274994054973316
8406672059641466e-21
48378429793908174e-22
17760859631255454e-21
.3023007095100623
.013626881082522947
.005220626778459529
.0019997944249988855
8211443631158813e-20
5996864236965384e-24
3623763453524345e-20
10421484479761348e-21
.00026281711763789
13013557229823229e-24
.09802430428320512
7240932561664297e-21
.000306371634142897
.27315390942040796
22924186190746153e-23
1122692585825417e-26
.004477479961058738
1300583096298314e-23
.17147830129679648
.2901355654473402
.008771657978450855
28098142569208936e-25
38434470550730886e-21
910151804311246e-22
12384508433120582e-21
.0011443808406780543
8138829356585039e-23
4676539372879248e-21
.02861999225100245
.003076134878754464
.0001745414919828922
.0004667379258826793
9424678879447468e-22
10691955094924635e-25
2116350793639881e-20
6062719731764703e-28
19277576081187066e-25
.017178152994156946
2550968248084787e-27
.053653739001936596
9476969892913472e-24
391251577885017e-23
.2898298099555835
1.0082195267688514
.04647797293957085
.08590589045680513
.22988503996147275
13950675930897706e-28
.015404359871460917
.27734310921247557
9106864317306681e-22
.00018809525134566435
.049247401415226134
.23097842392037926
20485582229629327e-23
15785241191816775e-21
.2846452816443198
.02822178963774059
.5492393704748043
.030065265083828126
.21982483206884335
5738133004823455e-21
1.1306017387070275
2.000601768530972
.5882899280659951
.011103431339943712
.008682692479419775
.09149311856323378
.06680575286036335
1.7081043691719149
.0017586662354226183
.8905889019113791
.04516959030952602
.02096979636916437
5738133004823455e-21
1.1137814907601324
.022952532019299258
1.3125900898907048
.10712192542283036
.8233881567515964
.08638583058627414
.7108596443970107
.11718819009984302
.00040676127777071675
1.4180241971770355
.03813983913680547
.0017996690866005434
.04793726998624243
.04139532916304608
1.0135728299633637
.07471988473015591
.04955714752585464
.07381397894381399
.03566783839594841
.02493219607211849
.10802240964732368
5738133004823455e-21
.11047990198944746
1.9838558483299031
.4654794827540244
.10876683746444332
.1146818039399752
.012237528432115388
.020221024459024472
.049324155070795905
.022275629815202605
.016639751542962967
.023097172497809727
.046089194337540274
.44223552242015496
.4307810908688952
.0032678181934997037
.061195158601793545
1.236546313622372
.4237577852753559
.10432986295650971
.04304119706500488
.05597968970041443
.850331466036349
.006191304720498222
.09810850415542605
.0042958959467013025
.6248638361164099
.34554332234509655
.008638583058627409
.05568907453800646
.0005535287584383431
.0011647227481547892
.18330578113905463
.002315160663870097
.042804745252645465
.5635266558685804
.0008699459051803179
.006451120138197737
.5593841510416505
.03900815988641766
1.2392759001215419
.02769816173204724
.7957329228233248
8885745554962639e-20
1.6904138083368325
.013944241827351544
.23878003093567865
9282482723140838e-20
.12062441514396438
.2617617189862917
.003799994724811414
.3727136693910292
.10383037170798204
5738133004823455e-21
.05578236652082221
.5911262107953411
.3185389606407494
.8168223939963006
.022275629815202605
.49838564840569133
.001722156328657669
.44533399888637215
.39275909873621173
8885745554962639e-20
.0006817478180232438
.0016410743463754166
.21322924477061786
.020159760562310534
.6377356711519575
.33413444722803903
.22275629815202583
.10291032531280853
1.4589885642675144
461327649573171e-21
.00038608913434446616
1.5609258242632387
.0073318505208854814
.7730964906206127
.0005134763302651915
.0009273077328975396
.08329631939875916
.12049518984709552
.011836347907367812
.04962465497118206
.14893142186738662
.16706660936096474
.535609627114148
.535609627114148
.535609627114148
.535609627114148
.535609627114148
.535609627114148
.535609627114148
.535609627114148
