2.948676016756574
5.178201265322751
.17421897779033252
.005635513040867961
.11984680057693681
.13838328740025171
1705077265022039e-20
.07734505188171326
3475478868730626e-23
.004199907050315616
.004139134206817474
9229231305516677e-22
.05963733592127456
.05587142278709065
.15551299874704866
2124902936335249e-20
.1145426123361664
.004465588141483562
.0285815964820579
7935631509880503e-23
.032742727799925514
.0023397385855523393
.024416682824509536
1800379101545436e-22
.16120151519125717
17347688374836097e-30
23770234308842934e-27
.9699261596170866
3028783109533419e-22
.7844471192017907
.04239440998567064
3719668928943758e-20
.009589395066877688
.6219383688088914
.7202887497467066
.03889517873267737
.0005957952640714585
.006111071121593097
.007931578924149531
.0168906828413364
.0015230264955828742
15114876523187535e-22
.016188248946902916
.004243052523758742
3.59415032489754
.7217771958470636
3127715792060006e-24
.07135425244405441
.0005813818497723854
.000370939816151968
.0263480448822053
.018348464228582443
.06793485147999816
.006021702825752326
.6371874531950502
.25103173818825203
.00015115632767065485
.10221930043158418
.14737053269400907
.02413594176063255
8053579632204287e-20
.06412941775850604
.03081281194704626
.02876385302123833
.003990681717079174
.0004079930910364403
7696279930998663e-20
.05307825282777888
.6922236729826956
.05796760888031965
.7471404747780691
2360917411961008e-21
2001129738740155e-22
15894490082751804e-24
510153165587555e-20
.022202807044348422
800789651318419e-20
4497617022554909e-21
16512336837425377e-21
.2980819687336859
.013094257042342348
.005118974201223257
.001925777742087682
8063943862017165e-20
5930337061116997e-24
3513749035164907e-20
9966319778974658e-21
.0002625274046407144
13095749538268672e-24
.09419290675880423
67420030364406575e-22
.00029445289505559096
.26937037517436785
22192241479432803e-23
10745179918400088e-27
.004303649997252071
12326188727441304e-24
.16803376841722337
.2860436817057181
.00871804627252171
26797353491913696e-25
3672925005727828e-20
866227108672677e-22
12007301920522541e-21
.0011413453706465963
7570876072431253e-23
435721299861962e-20
.02859060419359308
.002945141846210971
.00017454114207183014
.00046154861291560054
9479019218265527e-22
10265537357258145e-25
20383227097535328e-21
5620273999872175e-28
17994782357957492e-25
.017158623819988634
2282607175889096e-27
.053588941508328956
9210866618025233e-24
37377216530371135e-25
.2774949609002107
.9653107739415313
.04449991974795067
.0822498269486571
.22010137668526358
13027153618267585e-28
.014947093869678695
.2692803736059612
8885211200877421e-22
.00018364401882477093
.04784525454564797
.22468440898179282
19794289525848095e-23
1526307903011608e-20
.28439779761758
.028142121210094264
.5486425171110544
.02998039263503078
.21968147193031776
5493924155205822e-21
1.1120720809576172
1.9949541891502447
.5810353175880325
.010630881088484447
.008407820141742755
.08759926855775721
.06472662311102298
1.7032824924910057
.0016475998124618734
.8867240284975101
.043247220493783385
.020077344095275815
5493924155205822e-21
1.1089480322887106
.02197569662082849
1.3068938651445412
.10481763723186827
.8210637811314448
.08629195590004911
.708852930050639
.11685737483391499
.0003810727649585745
1.4140211995073744
.036516648068844616
.0017230770806359382
.04589711066136977
.03963358789529347
1.0081350423285413
.07240727081874093
.04744804793240723
.07067253435401162
.03414985305547264
.023871108272986746
.10342509055926442
5493924155205822e-21
.10810338072652144
1.9782555416823737
.45624714959421064
.1041378363187027
.10980106809981353
.011716712212265161
.01936043912280494
.04722497138891269
.022178960645774164
.015931581380505176
.02211418135411042
.04412768715053136
.43587819596415633
.4295650215618163
.0030614431177020847
.05859075761078298
1.2330556171859415
.41464237723368774
.10320164809999074
.041209409406445
.053597253529590445
.846641297127881
.005927809363706363
.09393311036142309
.004024593873231392
.6230998828039002
.34516782360019643
.008629195590004905
.05544740161443536
.000518571324237717
.0010911661023438944
.18322607646673172
.002168949513433309
.04098302073222437
.5619358537548191
.0008150055316679403
.006043707507302782
.557805042971758
.03734801400908175
1.2357774982253473
.026519357370520497
.7934866162778682
8860661625632993e-20
1.6856418710532475
.013350789697088073
.2381059691606398
9254321393656344e-20
.11549076807908361
.261022781277616
.003638270983043978
.3710962102595228
.10353726476607332
5493924155205822e-21
.053408328215061765
.5894574967853826
.3176397441678009
.8145165531325104
.022178960645774164
.496978735467864
.001648863183390787
.4440768475885932
.39165036324346825
8860661625632993e-20
.0006386928653642253
.0015374342958681861
.21262731133984877
.019301782552503095
.6359353814174358
.3326844096866124
.22178960645774143
.10246372713551209
1.443211177745076
4321930640452538e-22
.0003617061455590212
1.5565194238298197
.0068688164359433
.7709140853721421
.0004916233227077614
.0008917122018986795
.07975131646476395
.11536704247367593
.011332605504794953
.047512682332521136
.14259305864443933
.1667790692226778
.5240881861593376
.5240881861593376
.5240881861593376
.5240881861593376
.5240881861593376
.5240881861593376
.5240881861593376
.5240881861593376
