2.9619836270098125
5.162218614797003
.1739337752824558
.005500347162794307
.11946082126852291
.13504381383629338
1660437041202344e-20
.07570588082064698
3505509498632866e-23
.004124772578362012
.004030298524894866
8995388958399533e-22
.05813348348913814
.05442261666138806
.15596243834604165
20445661937909686e-21
.1135837012060993
.004374450261112124
.027896093169939934
755692828403303e-22
.03193392594807195
.002256078015650299
.024259334797377317
17986532955170012e-23
.15926901291026596
1688000179451582e-29
23852164934327905e-27
.9682205518476108
29397069663728394e-23
.7812103574159132
.04132189006012351
354000529149705e-19
.009332672699230006
.605604131690231
.701557255544845
.037919123573272095
.0005736298718757752
.0059475778693229365
.007666341280134576
.01643672427662849
.0014569148482758882
14727900002557286e-22
.015973911579990036
.00419134206670946
3.5497864028527224
.7029996885678752
3089250169223351e-24
.06957126836927224
.0005721955984170702
.0003597364836166391
.02612701010152294
.01786473940779565
.0661719113081658
.005803349651984085
.6298298698969614
.2529712975986772
.00014544518327700326
.0997469958936736
.14415754734594177
.02400322504497764
7967567023711414e-20
.06245302605628801
.02977456457096663
.02852252171429126
.003894387096438616
.0003952215945891268
7405996908217242e-20
.05322050863403551
.6928186285652287
.05854409483609607
.7394927701156795
227167026351811e-20
19248132204891763e-23
15195069417318188e-24
490815314584881e-20
.02187666642175623
7688292320501992e-21
4327546891624104e-21
15888164162474946e-21
.2954939462779571
.012778418684136945
.005060365962673902
.001881777933550604
7974333389125834e-20
588950801716331e-23
344779954519787e-19
9697870149931696e-21
.00026234588178170655
1314630584541394e-23
.0919201886085925
6453669099375115e-21
.0002873839760759031
.2671191680280626
2175418979558977e-22
10460722539566439e-27
.004200543816902308
11927969967453746e-24
.1659446663330309
.28354946465691844
.008685691512520027
2602695958406368e-24
3572449174460255e-20
8402470564520867e-23
11781205063435304e-21
.0011394904595661123
7287053815479687e-23
419800718078411e-20
.028573126103660095
.0028677442634867036
.00017454223030245739
.0004611971856708504
957168335708836e-21
1007234134179076e-24
19918142416763595e-21
5398493123027752e-28
17356388134231193e-25
.017146456131873863
21450818475798075e-28
.05354839054245995
9053198301206981e-24
3656857634315495e-24
.27020670121071516
.9399573924648715
.04333115268193751
.08008957835793241
.21432052940034818
12492248392897743e-28
.014772396462399796
.266075457794222
8811187678149158e-22
.0001820793297998039
.04731854750429768
.22224889498510597
19513490847644477e-23
15043715148148628e-21
.28424645170028606
.028093477728921297
.5482775824953386
.029928571713153104
.21959378637250812
5349629117099053e-21
1.1008826403371033
1.9915059232638035
.5766399300295221
.010351666569238152
.008243916101061361
.08529851968726371
.06348630241900466
1.7003383793149878
.00158311597851927
.8843671307739287
.04211135491703544
.019550023176845333
5349629117099053e-21
1.1060004668581223
.021398516468401275
1.3034201629816025
.1034320030735937
.8196445775013735
.08623455801201892
.7076276821775345
.11665538758959111
.00036615832231918154
1.4115770726740444
.03555755744877616
.0016778213643232783
.044691647108401435
.038592632484534775
1.0048216950101525
.07102746620884666
.04620184982499232
.06881635728464833
.033252925065793214
.023244146127060942
.10070868476955143
5349629117099053e-21
.1066743107635316
1.9748361393040403
.45068780964896576
.10140271063522832
.10691720060218642
.011408978907728577
.018851947337685953
.04598463226997941
.022120009337162398
.01551314674663372
.021533363972755102
.04296869657857087
.43203288036805265
.42882252109843927
.0029416242222801148
.057051902074500886
1.2309242882341533
.40916102260162124
.10251724378918224
.04012706586971707
.05218954976048359
.8443909386377974
.005772118558034215
.0914660064560578
.0038670791411678515
.6220228585386797
.34493823204807567
.008623455801201886
.055300023342905937
.000498275456936315
.0010484599954269456
.18317731693147093
.0020840610719584716
.03990662317535543
.5609645511327292
.0007831078093151742
.005807168617002567
.5568408804303697
.03636708799838208
1.2336414645191414
.025822840350219017
.7921150796054276
8845346027219185e-20
1.6827282495814755
.01300013820397065
.23769440447645807
923712974558949e-19
.11245746359395331
.26057160502647264
.003542713702799468
.37010984270312264
.10335830124901112
5349629117099053e-21
.052005586470309284
.5884386231747872
.31709070584905213
.8131086663452429
.022120009337162398
.4961197108200196
.0016055566561874986
.44330926352434447
.3909733980307683
8845346027219185e-20
.0006136956759017357
.0014772621247605125
.2122597863569662
.018794831351456223
.634836171072833
.33180014005743597
.22120009337162375
.10219138025252016
1.4336402070324887
41527787289128307e-23
.000347549674521679
1.5538289897035795
.006599984396095128
.7695815651787346
.000478711093838152
.0008706060032180519
.07765668994221833
.11233698757671663
.011034960561587303
.04626478663646759
.13884792670420973
.16660334829360268
.5171600153679649
.5171600153679649
.5171600153679649
.5171600153679649
.5171600153679649
.5171600153679649
.5171600153679649
.5171600153679649
