3.0131367069127415
5.099237202761443
.17280525747780506
.005011639955441292
.11796951331929995
.12295854996433118
14995266363489235e-21
.06972272338791112
3622488000731447e-23
.00384711663635395
.0036381412523945863
8140041045814457e-22
.05267741175076719
.0491610616496926
.15760547081243165
18032222304199754e-21
.11004393674205432
.004040701358360453
.025407129390749784
6261790291257142e-23
.02900442480756621
.001960801986846903
.024209881028916545
17921292667006225e-23
.1520049953273438
1524098180495976e-29
2416277833150051e-26
.9616915679862076
268037102215863e-21
.7686126411724217
.0374455871136019
2926718075969113e-20
.00840957809464226
.5467404348153889
.6340016171892406
.034367841251115985
.0004958675202265492
.005359660254839306
.006722371154475307
.014805177328177438
.001227628965817043
13330570349210545e-22
.015176241109722358
.0039971475023725745
3.384317209762534
.6352617524255072
2944976317470122e-24
.06311935413758733
.000538260373314476
.00031963525831568305
.025310844552598633
.016122383722066924
.05981219727004116
.005033841275036315
.6022766293207471
.26056881447138497
.00012822153386070798
.09076100556989611
.13239099364085127
.023499086291312723
7645793180253128e-20
.0564095552315077
.026087651994387097
.027631661649111697
.003545991161869897
.00034963564484611926
6533562305068559e-20
.0537486149004515
.7107838207830125
.06081412734615281
.7104545551633067
20036353692667362e-22
16955916202682476e-23
13180174036902035e-24
4327083978831779e-21
.020666254860599236
6774782016687585e-21
38167794875737406e-22
1401332282064674e-20
.2856827795218426
.011635696995583693
.00484084289702718
.0017219325657237775
763939077199831e-19
573432869489849e-23
32046343053037804e-21
8733493401066737e-21
.0002615847870348031
13345755434555459e-24
.08369032627395992
5455120089453429e-21
.00026180348877273096
.25880778027429296
20143525327409954e-23
9438974665606596e-27
.00382739249141502
10520453415618033e-24
.15811611123835004
.2741326320906572
.008564146677810651
23254184837951107e-25
3212008404623975e-20
7469403127769932e-23
10947631570013749e-21
.0011323793617821207
6434533247673031e-23
37209686363487258e-22
.028515375439918715
.002588840917852784
.0001745275894322557
.0004702675316772948
10162287233211039e-22
9568342520179642e-25
18219581145557007e-21
4731039307532552e-28
15451232893410265e-25
.017092233999943536
17264071662955024e-28
.05339950452567442
8474698624203956e-24
34384841640532344e-25
.2439421921351173
.8485920808184411
.039119297654762276
.072304747529469
.1934882426202527
1063453510434181e-27
.014442868282571068
.259861499262161
8728686181735219e-22
.00018020017561005798
.0463627801850614
.21783715535972178
18896819015442925e-23
14554255469924522e-21
.28366544315388287
.027907279033816162
.5468770703051709
.029730210333578772
.21925705788716313
48296368968189745e-22
1.0589125166634998
1.9783065676060978
.5600524553073477
.009345468575860924
.007643240906879351
.0770073717089807
.05893704509559416
1.6890688316099807
.0013581388331604701
.8753656737416521
.03801806611831681
.017649730701285407
48296368968189745e-22
1.0947431334117868
.019318547587279945
1.2901534096347043
.0982747632335662
.8142121154810648
.08601428172576281
.7029376487002591
.11588221592477424
.00031412343970646403
1.4022213847984328
.032101307895617985
.0015147345339335664
.040347549919757295
.034841368945918626
.9921866798129714
.06596527815066308
.04171095859764302
.06212730097200163
.03002068934303897
.0209847791899228
.09091964492239066
48296368968189745e-22
.1013554056951872
1.961747268081581
.4299436839640577
.09154621040101255
.09652468341822379
.010300008520529503
.01701950891286238
.04151485492477962
.021894862668235687
.014005244900778827
.01944028770574769
.03879207284497014
.41756579253004594
.4259803598455437
.0025235890124617236
.05150636899518824
1.2227659356637106
.3887597786534976
.09992852645075452
.03622665303394989
.04711664484290056
.8357963759408092
.0052110597109603736
.08257536922940634
.0033175272208663563
.6179001989768044
.34405712690305124
.008601428172576272
.05473715667058916
.0004274653637877377
.0008994629920522337
.18299001109010507
.0017878944505077326
.03602763771026826
.5572465754364122
.0006718200945563773
.00498190992730846
.5531502357078548
.03283215082433477
1.2254651029758148
.023312820348135085
.7868650783197628
8786720608753243e-20
1.6715754187603178
.011736504673372124
.23611900721256768
9171343765157594e-20
.10152642428238878
.2588445816473973
.0031983564541357614
.36634271055812845
.10267326036491163
48296368968189745e-22
.04695056306892324
.5845385540967674
.3149890836779289
.8077195232098489
.021894862668235687
.4928315154722601
.0014494940671440626
.44037108665664837
.3883820941973093
8786720608753243e-20
.0005264831765293064
.0012673279062420447
.21085296532810247
.016967944688790725
.6306285870990762
.3284229400235352
.21894862668235665
.10115123381739982
1.3974385971975223
35626259438901743e-23
.00029815927312014937
1.5435304808079904
.0056620583887828525
.7644809121162719
.0004321796354680779
.0007940529641317979
.07010833962881241
.10141765872027436
.009962345335835968
.04176777785374894
.1253516935807809
.16592961754811333
.49137381616782716
.49137381616782716
.49137381616782716
.49137381616782716
.49137381616782716
.49137381616782716
.49137381616782716
.49137381616782716
