6549174727311843e-20
7.165878990339352
1.118335448057542
5.00109575732003
.1902343847489382
5.8556769056274645
.004474130973131658
37.792758482534666
14950016418690843e-23
.6800967837273253
1.8597878196549213
.016113044940290186
88.99166681002886
1.4137320547049081
3.3746691227825196
2.1268799620583487
12.540911626530509
67.37640460388985
21.624034625047067
.007229029709893812
63.472298793657004
7.030298816844099
47.10549510464868
4312359114484564e-21
2.8694954188932478
.0001123679610987275
3875909630715716e-27
1.328466185595766
6.490142736968558
145.35196678627116
5.824335773095115
.5231747682177563
10.635903512759647
211.63649106599843
79.87627170529288
1.26876984021905
11.034061650801858
6.265222679340651
1.1656199987680924
33.07490414834163
6.114180763860567
.00027143463427637733
.3173955832530977
.34615671468710596
46.48550718260985
266.2052068678921
17887988472910436e-23
19.82342852657399
1.1026367729279074
23058743521365463e-21
.9648998184191997
.018102322896083385
36.274953933003694
107.94210198206122
.023949974805167504
.1852404476754719
2.2967321338028683
.00013819496054101067
.00017103329365393614
.061204357209510146
17938796775271283e-22
23.688561443051544
.05882774247226333
3.6407677376788476
10.315056175205713
.011055164129187198
5.8247117469123575
.022973179144518147
.05960833477959369
13532103146406374e-28
16263382948842216e-21
7.740408967366674
2.2164648716914295
4.71188059064354
1.1714617038000368
153.12366428419307
5.1945971017287595
1.511471157846975
1.7618540860695304
25.726205626166532
34.309046178616704
22.51944664530901
10.666033309678141
1.9049048530149129
.00032528313595274184
19.90317329707185
16.086709159219748
.002155022765177096
3065528236400404e-20
24.436869526405967
.16857956243399444
.15423431946227753
24.518848908856363
.39333772750616397
13362823752517846e-24
7.803968339231763
.2101150004832011
12.77608372948772
35.10905325668699
.011525412732702125
2.172331306845777
1.9350823562910882
1.0566710639335957
6.9439333403617
.0012414519492422152
.7545261244198134
11.89415196809088
5.564016429575215
.8325699179809265
8.882453253427142
.019275754897877393
.0039746040132120335
.0008669503398554349
.9558962890473688
.0003386068851335161
.5287289117282769
101.75813073301488
15.787709677924417
1.0448551762179148
.011062833958768647
.0001359919711377695
101.00562300574518
351.364276309157
16.197563023363156
29.93818333175332
80.11488426457082
.0007237933744761177
850.6161330236605
187.1126431620779
118.05632527692322
257.48175385108004
0
0
.03817770098451708
.048755109056668536
.31999916170673315
.04128861662954514
.6357959033535251
.04398563024691327
.23999952845988307
.0019997380501716013
10.453568655157696
2.926890197594091
3.1254438714606767
3.8695433025501784
.6593070784580279
31.885331059062814
4.709037856142505
2.49896506802948
11.434307503318388
1.599195612660687
15.741591973669516
7.307969276510323
.0019997380501716013
1.9999738034727053
7.998952200686403
2.356966618908069
1.999869020795721
1.2046209109276795
.09999967254179992
1.0399911455534725
.17144689676490849
2.6446368485341596
2.074576353951889
13.291725285064514
.6271842683269465
16.706127713006623
14.426262820528764
2.0907580116877504
5.142858489447466
17.270654668011588
25.72415491318047
12.430233587785894
8.688864673900742
37.645785251306734
.0019997380501716013
2.0625593923665173
2.9023908342239326
6.901363291098845
37.90521817665699
39.9665826512421
4.264775881837577
7.04702243572447
17.189456850287087
.03999947606945411
5.798949637083448
8.049359374628674
16.062073768778806
3.1049608436548715
.6302348483371042
21.246349839861654
21.326498887248228
1.8090733204089897
7.911172841116399
.45078547952869363
14.99984741090148
19.50890915853601
1.5269069116785103
2.1576682902575928
34.19079143687745
27.93059550882181
.9141788563463654
.3999986901671997
.009999967254179993
.09999869017363522
3.598873912758508
7.572669441317524
.1943562842641316
15.052463291284731
14.917444007943978
.8244422608682648
5.656120980035448
41.94320099805537
.8183817559931094
13.594334869281525
1.813066718842188
9.652803078772484
1.1641611680792776
.00012999889513131858
2.473083690779601
4.859565112816497
.34933635615049785
.00013972450819714624
42.037581307415934
.3829586784624975
1.324297299360219
.6692673393858553
.15190434295566735
.0019997380501716013
19.4401420752235
.8648205450644302
.46602406141819114
1.1950151678205403
.03999947606945411
.72914064752193
.600171089771804
.651525824128912
.5746084874007787
.0001299988931941841
4.432514842188537
10.669761171502383
.31195543069912607
7.025671981621127
.9330104141222323
.5999921410418112
.3999947606945409
.1847920408445689
6.303955942550911
.002999410632190617
2.5102329235861225
2.283642135117311
47.66943933717086
1.1310439567657649
.17894638458718823
.17997878192490352
29.028748410132696
41.99254632078329
4.124964559992985
17.294180997393564
51.90256672754049
.21066011035438903
9.999345103978602
9.999345103978602
9.999345103978602
9.999345103978602
9.999345103978602
9.999345103978602
9.999345103978602
9.999345103978602
