6549174727311843e-20
7.165878990311511
1.118335258675569
5.001095768976624
.19020516021347758
5.855672810043234
.0044741309730110855
37.792758482739075
14950007381117442e-23
.6800946552898144
1.8597878196510012
.016113044961374473
88.99166681002893
1.4137320565133855
3.374671909430189
2.1269373209320444
12.54091337661698
67.376386003204
21.62403462353615
.007229029709894677
63.472298793689745
7.0302924621998155
47.10615092494099
431235784231345e-20
2.869489609044838
.00011236788691010205
3875882206857898e-27
1.3284661855542987
6.490338301442136
145.35174339101198
5.8243357786714265
.5231747682177944
10.635903512761097
211.6364910579272
79.87627170530098
1.268769841771921
11.034061650619666
6.265222679306741
1.1656200002902883
33.07490414797121
6.1141807715721495
.00027143463449914434
.3173955832530977
.3461536029035533
46.48550718269634
266.2052068678922
17887988472406444e-23
19.82342852776036
1.1026368151920205
23058731170759072e-21
.9649007913699434
.01810232361195231
36.27495393328184
107.94150340377765
.023949987126545898
.18524054259597278
2.2967403541597755
.00013819496208555788
.00017103328451924653
.061204388708167
1793880598501067e-21
23.688562590270465
.05882774513232
3.6407683440025873
10.315052448676814
.011055156354686199
5.824791214376635
.02297318017774181
.05960938305483531
13532022258074032e-28
1626337217895079e-20
7.740804658853728
2.2166208629708044
4.71189701815171
1.1714866783975735
153.12366428200136
5.194597550797997
1.5115542064177494
1.7619177767862122
25.72617459273021
34.30903822685161
22.51953129027827
10.666026533206622
1.9048931616225133
.00032528299538171995
19.903159576591484
16.08670915962471
.002155017813501267
3065593912917901e-20
24.436864947544368
.16857947294212144
.1542374634571799
24.51885173327321
.39333746427603966
13362847033707318e-24
7.8039626090483445
.21011310656524707
12.774537182292852
35.10901709192012
.011525404592657735
2.172322486244453
1.9350823553805356
1.0566688180533783
6.943929780954447
.0012414519495211568
.7545554917745588
11.89462891761839
5.564013716963402
.8325699181146343
8.882406550474911
.01927617449322812
.003974760642245121
.0008669535780099862
.9558960228880466
.00033862532899502036
.5287327892111644
101.75791999621889
15.788590698454241
1.044854519326135
.011062833992136804
.0001360035959725572
101.00562300574518
351.364276309157
16.197563023363156
29.93818333175332
80.11488426457082
.0007237927443769682
850.6763346954349
187.12820333175358
118.06485667137963
257.50524149664585
31.051568846395973
6.643576797029974
.038179909437612035
.04875857583568842
.31999916170673315
.04128861662954514
.6357959033535251
.04398563024691327
.23999952845988307
.0019997380501716013
10.453568655157696
2.926890197594091
3.1254438714606767
3.8695433025501784
.6593070784580279
31.885331059062814
4.709037856142505
2.49896506802948
11.434307503318388
1.599195612660687
15.741591973669516
7.307969276510323
.0019997380501716013
1.9999738034727053
7.998952200686403
2.356966618908069
1.999869020795721
1.2046209109276795
.09999967254179992
1.0399911455534725
.17144689676490849
2.6446368485341596
2.074576353951889
13.291725285064514
.6271842683269465
16.706127713006623
14.426262820528764
2.0907580116877504
5.142858489447466
17.270654668011588
25.72415491318047
12.430233587785894
8.688864673900742
37.645785251306734
.0019997380501716013
2.0625593923665173
2.9023908342239326
6.901363291098845
37.90521817665699
39.9665826512421
4.264775881837577
7.04702243572447
17.189456850287087
.03999947606945411
5.798949637083448
8.049359374628674
16.062073768778806
3.1049608436548715
.6302348483371042
21.246349839861654
21.326498887248228
1.8090733204089897
7.911172841116399
.45078547952869363
14.99984741090148
19.50890915853601
1.5269069116785103
2.1576682902575928
34.19079143687745
27.93059550882181
.9141788563463654
.3999986901671997
.009999967254179993
.09999869017363522
3.598873912758508
7.572669441317524
.1943562842641316
15.052463291284731
14.917444007943978
.8244422608682648
5.656120980035448
41.94320099805537
.8183817559931094
13.594334869281525
1.813066718842188
9.652803078772484
1.1641611680792776
.0001299988931941841
2.473083690779601
4.859565112816497
.34933635615049785
.00013972450819714624
42.037581307415934
.3829586784624975
1.324297299360219
.6692673393858553
.15190434295566735
.0019997380501716013
19.4401420752235
.8648205450644302
.46602406141819114
1.1950151678205403
.03999947606945411
.72914064752193
.600171089771804
.651525824128912
.5746084874007787
.0001299988931941841
4.432514842188537
10.669761171502383
.31195543069912607
7.025671981621127
.9330104141222323
.5999921410418112
.3999947606945409
.1847920408445689
6.303955942550911
.002999410632190617
2.5102329235861225
2.283642135117311
47.66943933717086
1.1310439567657649
.17894638458718823
.17997878192490352
29.028748410132696
41.99254632078329
4.124964559992985
17.294180997393564
51.90256672754049
.21066011035438903
9.999345103978602
9.999345103978602
9.999345103978602
9.999345103978602
9.999345103978602
9.999345103978602
9.999345103978602
9.999345103978602
