6333360774323773e-20
7.165880512118857
1.1180727369804704
5.001062709085315
.19021006980934832
5.851618182374481
.004474109759299243
37.79366387019623
14937390851766353e-23
.6800635248874052
1.8597974539355424
.016036388033261965
88.99206566260335
1.4071065467088852
3.3593897382007794
2.114424086355678
12.52648549478299
67.35206908288222
21.624191186103044
.007229062542144095
63.47238783341955
7.030226540565613
47.11203469914938
4310581875748307e-21
2.8692787440017926
.00010624952837825205
3744930622767967e-27
1.3284596796649524
6.493868300509507
145.35014099158022
5.823101598594386
.5231325325491797
10.63597898683022
211.63818718934212
79.86684506778622
1.263078839494263
11.034356737577376
6.265268768493038
1.160044348128919
33.07525760573132
6.086084046147402
.000271387873474987
.31739628683629695
.3461097798569657
46.483455357648324
266.20675871359515
1788803498214279e-22
19.822371589373986
1.081443700745331
2177950870065282e-20
.9643383951505833
.01750623639079717
36.27515353258264
107.9329120435239
.023159843020446408
.17915270791249185
2.282470526903456
.00013813279851749015
.00017097625397134454
.05918454818809818
17347851784964986e-22
23.688708584718032
.05750182087539166
3.6357677714477354
10.309926698156163
.010794800700852055
5.790112882092993
.02245600507997626
.05732384354591486
11404218071043153e-28
15375702379086317e-21
7.747667427967546
2.219283900620114
4.705573183828207
1.164719235324863
153.12552951208772
5.162634495690377
1.5037011354583036
1.752153710685138
25.709256641444473
34.29129783228643
22.5206652608416
10.656738373703517
1.902981980763065
.00032516538425998286
19.88460115243974
16.087024656330755
.002117919304391198
31265253676907124e-21
24.436886126463413
.1656986852102321
.15974954238313535
24.495574020376065
.3929882737704623
12951892966114235e-24
7.796283410581526
.20992229556431566
12.773479150875025
35.118684922689766
.011148746371247097
2.170485200725959
1.9351319743143012
1.0563849172769686
6.939112523289174
.0012413968318912283
.7550864375871658
11.903031231308962
5.5602602117913
.8325461997638691
8.873136336711243
.018651429550543053
.003847299275280349
.0008384972786796105
.9555374870300559
.0003389476517940188
.5284065873761433
101.75558687873071
15.796707351472143
1.043869784383801
.011062799439029934
.0001317419210801881
101.00605897514156
351.36579289869815
16.197632936716136
29.938312553586005
80.11523006351443
.0007229998181060351
880.9190192327216
194.52795769763722
120.61572450427873
262.94377515426726
17.41024510187162
3.7248302146273837
.03707555298344593
.047359572028581154
.3199991893308479
.0412886282134042
.6357959719603423
.043985642587441566
.23999954399845766
.0019997466816177
10.453585799216137
2.9268910187570727
3.1254477203356816
3.8695600046149514
.6593091833988979
31.88546868534659
4.7090526321126704
2.4989657691345672
11.4343815340511
1.5991963029182896
15.741659918919956
7.308000819813155
.0019997466816177
1.9999746667173963
7.998986726470798
2.3569676362408547
1.9998733367967665
1.2046212488939279
.09999968333246281
1.0399914373314936
.1714469448657375
2.6446539710755643
2.0745769359912516
13.291782655983845
.6271869754351129
16.70619982147146
14.42632508843927
2.090759127898581
5.142874536281034
17.27072921313756
25.724265946051275
12.430287240258627
8.688902177546325
37.64594774137198
.0019997466816177
2.0625638436622777
2.902391648513418
6.901377012446943
37.90538178650955
39.966755158538184
4.264794289840137
7.047052852705487
17.189531044939862
.03999949333434793
5.798974667022353
8.049394117984969
16.06214309732109
3.1049653056109507
.630235025154645
21.246487398069327
21.326590938567453
1.8090738279593048
7.9111899145496585
.4507859659579375
14.999912154568484
19.50899336461382
1.5269075707342854
2.157677603376151
34.190939014193056
27.930776343773992
.9141791128267198
.39999873332985125
.009999968333246283
.09999873333586977
3.5988972134501003
7.572718470108043
.1943562926530914
15.052560747548368
14.917508395934131
.8244424921722836
5.656157600248814
41.943472556774715
.8183819855968039
13.594393546351085
1.8130672275128838
9.652844743054198
1.164161494694214
.00012999892966643675
2.473084384623456
4.859586088100901
.3493364541596695
.0001397245503307628
42.037762753739436
.3829587859046866
1.3243030154092572
.6692676282603778
.15190438557367306
.0019997466816177
19.440225984482744
.8648207876969067
.4660241921650528
1.1950155030918186
.03999949333434793
.7291408520883018
.6001736802833016
.6515260069198103
.5746086486118893
.00012999892966643675
4.432543540237932
10.669830252226086
.31195551822077344
7.025702306447427
.9330106758859344
.5999924000152185
.3999949333434791
.18479212060598776
6.303962744962839
.002999430051693437
2.5102491759374397
2.283642775811788
47.66974797007417
1.1310442740893971
.17894715697138774
.17997948108104436
29.028873706581997
41.992727572722806
4.124982364529562
17.29425564406596
51.90279075398588
.210660146368494
9.99936668398383
9.99936668398383
9.99936668398383
9.99936668398383
9.99936668398383
9.99936668398383
9.99936668398383
9.99936668398383
