9343591111634614e-20
7.165859255263225
1.1207748321627466
5.001533386482691
.1903212187634376
5.901417551709773
.004474405479097946
37.78095253025747
1506835027312718e-22
.6804078372092569
1.8596630799365341
.017101800076852334
88.9865024332831
1.4991087791915398
3.5713453969870357
2.2888256213409375
12.726925988888011
67.59742763285458
21.62200650173446
.007228604600309028
63.47114580958774
7.030877182601525
47.0512643388177
4328939220181415e-21
2.871973291285424
.00020642969719126435
5573301969611033e-27
1.3285502661967474
6.451579335134514
145.36303500153858
5.8403037501341295
.5237207135943955
10.634928379110237
211.61452875451218
79.99819511943483
1.3418991402526093
11.030218125634052
6.264627028191658
1.2375654290291203
33.0703423555882
6.475760834243485
.0002720393072096868
.3173864732152424
.34659001706382525
46.511989475933
266.1851115229349
17887383735447244e-23
19.837101255955666
1.3652783645109823
4281426904530152e-20
.9721539117115175
.025817529948631592
36.272370012361066
108.02749903674655
.034179160725335195
.26390939509054245
2.4801893037913896
.0001390030306772012
.00017177370506865717
.08735700277887196
25583954920893375e-22
23.686742934537584
.0760402097985212
3.7054390389528646
10.36267411350175
.014428263695819888
6.271051494654273
.029684316649746693
.09114776937653342
837106435726743e-26
29931071088395003e-21
7.66630766864518
2.1879114905959156
4.794646496860859
1.2586828674517783
153.09953601287103
5.604537685306967
1.613755375855397
1.888265269749761
25.884380638641677
34.47387995345714
22.507224598368218
10.752551518807827
1.9228109060832124
.0003263589027295733
20.075429127080774
16.082624482397705
.0026332758227584157
23665878494180316e-21
24.414595712306582
.2057970479298086
.09605739370355722
24.818122522651407
.3965536894570261
1843717475161192e-23
7.875182072148176
.21192429388961773
12.793619407859852
34.98247233126402
.01638800815801487
2.189861129514784
1.9344390747320332
1.0592086726200112
6.988519391953137
.001242164978247767
.7487340903296608
11.802955102192676
5.599036520659136
.8328767082575026
8.969106553624181
.027331061328735026
.0056134358110206724
.0012346035059365341
.9592024263495175
.00033512454871258547
.5316282856404629
101.77921114440588
15.686672843445171
1.0543358750392868
.011063303562575894
.00019052358540009697
100.99997812813132
351.3446396960791
16.1966577939493
29.936510183508112
80.11040690278378
.0007317919647113707
531.2488293262711
112.25486238332715
89.61481102986812
196.55019760082743
16.8189625338834
3.564326107391412
.05168257836905502
.06583332932714525
.31999880402257286
.04128846663895473
.635795015014901
.04398547045878793
.23999932726238302
.001999626291279204
10.453346671874442
2.9268795649785027
3.1253940356328456
3.8693270462892455
.6592798237314217
31.88354909102826
4.708846537142986
2.49895598995236
11.433348977009855
1.5991866750488188
15.740712227003
7.3075608577417
.001999626291279204
1.9999626259848104
7.998505165116814
2.3569534462526045
1.9998131369089567
1.2046165348594946
.09999953282153584
1.039987367541549
.17144627394381717
2.6444151513308007
2.0745688175663775
13.290982453524261
.6271492170265269
16.70519406155698
14.425456583354793
2.0907435587472616
5.142650715305686
17.269689466976132
25.72271727335524
12.42953890223051
8.688379081354228
37.64368135011691
.001999626291279204
2.062501756674215
2.9023802906080327
6.90118562590275
37.90309977659997
39.964349048191124
4.2645375373059835
7.04662860043087
17.188496187135065
.03999925251969621
5.798625552542249
8.048909521965152
16.06117611142121
3.104903069641465
.6302325588611006
21.24456878007505
21.325307018196106
1.8090667485255618
7.91095177309513
.4507791811610453
14.999009117939748
19.507818868695672
1.526898378074974
2.1575477051548293
34.18888062411833
27.928254115554182
.9141755353771108
.39999813128614337
.009999953282153584
.09999813129924047
3.5985722228375874
7.572034632179914
.1943561756416849
15.051201458675386
14.91661032024194
.8244392658882544
5.655646833196032
41.93968494239489
.8183787830293054
13.593575125870263
1.813060132451803
9.652263614825932
1.1641569389906044
.00012999842094269366
2.4730747067226586
4.859293527438355
.3493350871041944
.00013972396264103548
42.035231962947755
.38295728727521705
1.324223288666984
.66926359897307
.15190379112748942
.001999626291279204
19.439055628553053
.8648174034008257
.46602236847641165
1.1950108266474715
.03999925251969621
.7291379987473976
.6001375481505721
.6515234573084421
.574606400000587
.00012999842094269366
4.432143269000744
10.668866736331236
.3119542974478077
7.025279339535357
.9330070247429244
.5999887877954427
.3999925251969619
.18479100807564164
6.303867863777375
.0029991591946636645
2.510022493326388
2.283633839251282
47.66544325680442
1.1310398479831345
.17893638385247285
.17996972931074962
29.027126087264104
41.99019949317487
4.124734029064015
17.293214481547647
51.89966606094091
.21065964403474852
9.99906568454478
9.99906568454478
9.99906568454478
9.99906568454478
9.99906568454478
9.99906568454478
9.99906568454478
9.99906568454478
