.00015626217448433922
7.165814762570259
1.122287875578638
5.0025555641297865
.19053146536459814
5.970046394494896
.004475021466965256
37.75385514433984
15144510533570134e-23
.6806551547430115
1.859382685968179
.019299155598103176
88.9748919599303
1.688305115113457
4.005404196718272
2.6526694053461854
13.136685327846592
67.70448808718456
21.617443067344187
.007227648909782595
63.46855303953799
7.0308277531096435
47.048368958117756
4339524994733779e-21
2.876300341319972
.0005184514369631671
9354691353340175e-27
1.328738252929329
6.403667183694677
145.34042300424164
5.876112861674523
.5249418551921825
10.632750256748615
211.5651655455626
80.2713996899909
1.502608548376987
11.021425526386455
6.263295447144362
1.3976435016129234
33.060186657900864
7.273870870573271
.0002733931067154452
.31736599229093393
.34690335328452293
46.57095624790253
266.1399204721658
17886025447722617e-23
19.867750456448263
1.885707586596237
.00010857632218251326
.9880715479519517
.0431409922723964
36.26656328436688
108.09237376590139
.05714930187576276
.43959567014048734
2.883731438593754
.00014083877979446217
.00017345031508982697
.14611015547649547
4271590726265557e-21
23.683002436385124
.1150464217363201
3.8492247260048584
10.391511225859881
.021960199200451086
7.256988272131147
.04487537619338944
.17499251635335258
12070281582838895e-26
7547641475751182e-20
7.578554358641327
2.1549260122939984
4.983650963100812
1.4522223294837722
153.04545510733973
6.4995771658177395
1.8478683385486736
2.172658410344732
25.984180693499145
34.573917153704535
22.492526491168466
10.804633890049093
1.9337695572293165
.0003269187752213186
20.174947265722157
16.073443247833946
.003692473598404625
12998418135882176e-21
24.27481364905052
.28862408079957286
.03224769744188787
25.471923177724317
.39827036320007936
28114131498684965e-24
7.915775536520469
.21314378023337593
12.815647571917093
34.69147540236102
.02723227751538646
2.2026482328524413
1.9329886687422093
1.0601316585474372
7.014093912666938
.0012437634194084359
.7415506103769965
11.692736070104235
5.620805628463605
.8335641507370558
9.021099917149442
.04532924129127886
.009260324600220898
.0020559034229948674
.9611008403869036
.00033097586665873936
.5327992277850699
101.78181559792931
15.51818846579033
1.061827586279652
.011064438028838894
.0003115131295471892
100.98728802296782
351.30049512784257
16.19462277082839
29.932748821679155
80.10034146012599
.000739818174492904
179.4893083171406
36.31617900013735
48.50289359695504
107.42408015229918
35.85127183057154
7.530956928020579
.07741863444612083
.09833367556670165
.3199979998504178
.041288129420321555
.635793017786785
.0439851112126973
.239998874914981
.0019993750489681232
10.452847608839152
2.9268556600382927
3.1252819937131644
3.8688408861133787
.659218551628962
31.879543094210746
4.708416427128091
2.4989355800269766
11.43119423629567
1.5991665809904183
15.73873449099542
7.306642701941155
.0019993750489681232
1.999937496106959
7.997500195872491
2.356923830723076
1.9996875000688183
1.2046066962974347
.09999921869217994
1.039978873568603
.1714448736767966
2.6439167821300327
2.0745518737726734
13.289312512914499
.6270704190934504
16.703095143583464
14.42364410215958
2.090711064876411
5.142183611816404
17.267519623184693
25.71948535198912
12.427977197379416
8.68728743315503
37.63895162359689
.0019993750489681232
2.062372181466059
2.9023565857627274
6.900786201759212
37.89833745554702
39.95932774223036
4.2640017210530985
7.045743229367975
17.186336544843453
.03999874992213919
5.797896986364026
8.047898219683923
16.05915811084655
3.104773181493381
.6302274115117468
21.240565006780127
21.322627607826714
1.8090519731883807
7.910454773168029
.4507650209976758
14.997124572946943
19.505367815957417
1.5268791923315839
2.1572766208656926
34.18458497476689
27.922990728042805
.9141680689573181
.39999687476871976
.009999921869217995
.09999687480534791
3.5978940322132065
7.570607598740811
.19435593142839275
15.048364893759405
14.91473612821581
.8244325323787537
5.654580964173663
41.931780946210814
.8183720990180767
13.5918671661153
1.8130453244991345
9.651050859708475
1.164147430877474
.0001299973591960754
2.4730545081795725
4.858682983287492
.3493322339514817
.00013972273608672768
42.02995046166362
.3829541595171893
1.3240569071181503
.6692551895596769
.15190255047136947
.0019993750489681232
19.436613215546856
.8648103401076964
.46601856229422756
1.1950010665388893
.03999874992213919
.7291320435996445
.6000621440887125
.6515181360682109
.5746017069712597
.0001299973591960754
4.431307982719182
10.666856070726855
.31195174959824196
7.024396650892509
.9329994045191853
.5999812488320874
.39998749922139165
.18478868614452124
6.3036698426563
.002998593970035425
2.5095494519042503
2.2836151879439157
47.656460178316095
1.1310306103499004
.17891390145623132
.17994937817539702
29.02347898466598
41.98492364997887
4.124215778371586
17.29104168196439
51.89314514645687
.21065859562208583
9.998437500344089
9.998437500344089
9.998437500344089
9.998437500344089
9.998437500344089
9.998437500344089
9.998437500344089
9.998437500344089
