.0002495389624170407
7.165748590434367
1.1209859840187495
5.004101420876072
.19087159563452047
6.022558926303403
.0044759328863189785
37.71224276644375
15085660509671142e-23
.6805487898822393
1.8589665448354422
.022497508566477163
88.95765534637478
1.9623818115332232
4.6291954879587
3.183181428666834
13.717319535091754
67.51446249332562
21.61066466367589
.007226230203482133
63.46470212232139
7.029342095165658
47.16796469026619
433129936744103e-20
2.8814008809466896
.0012386579816661073
14833264440593106e-27
1.329014859705409
6.376379167638208
145.2570990856326
5.929027922669493
.5267389405846824
10.629552067428971
211.49195459612054
80.67470549293145
1.732180366545312
11.007995614840956
6.2613376781931285
1.6311294622665933
33.0453616476304
8.422276263735736
.00027538797974965666
.3173355872049436
.34667496604057324
46.657067288634195
266.0727977277823
17883974386122705e-23
19.91300470794237
2.518125393276947
.0002597311688044099
1.010202881039409
.0687992381131638
36.25794640354958
108.05537294379124
.09113697684180708
.697117668985351
3.459170262798368
.0001436069470940883
.00017596811915761447
.23311084193958193
6797652533272665e-21
23.677835768740767
.17380053002746942
4.056152240528016
10.364057467159322
.03300119482939599
8.665257538399661
.06771244075945726
.3305516242840745
14248057873145009e-25
.0001814051862116227
7.536107689025777
2.1402680500826996
5.262268885505004
1.729497594233164
152.9655942925694
7.762374354692598
2.192525613614785
2.585556146247222
25.901112180576124
34.47969760676419
22.482827071518496
10.753019885905141
1.9231225668645007
.0003260849759374488
20.061998538823836
16.059815716648707
.005229491238484158
5228673801947348e-21
23.99176789681911
.40879832021465035
.009686027148781085
26.38572445433608
.3958322402997204
38573137911207596e-24
7.867749243762582
.21231579112038892
12.830671860585156
34.255011953465285
.043134084191938954
2.197241674634248
1.9308284202833468
1.0571704661912023
6.984745610752155
.0012461240649772963
.737446466535816
11.635545508345247
5.601753850051809
.8345785441228243
8.967364461212215
.07195589300183323
.01464141895375529
.0032637479272412877
.9590329201409493
.0003289029934505099
.529937943996891
101.73882747738901
15.361933119347619
1.0603727226001487
.011066146465601369
.0004910235156012675
100.96845024045268
351.23496487691455
16.191601887827723
29.9271652811819
80.08539984874741
.0007414949338427933
54.317781898891965
10.826457903175255
19.523993498856452
43.611189600843815
28.06949375729564
5.868514082118398
.10606527831536987
.13458162050523872
.3199968059172223
.041287628764225065
.6357900525571751
.04398457785324526
.2399982033261959
.001999002093192441
10.452106704742427
2.9268201692531606
3.125115654918252
3.8681192073295922
.6591275927731597
31.87359640615477
4.707777924597841
2.498905278161757
11.427995888572157
1.5991367482442804
15.735798647651082
7.305279748753386
.001999002093192441
1.999900186905828
7.996008372769761
2.356879861876338
1.9995009843408718
1.204592089346361
.09999875231297173
1.039966262879512
.171442794751875
2.6431770374413777
2.074526717945619
13.28683357537894
.6269534477754972
16.699979412090872
14.420953570747244
2.0906628228639708
5.141490191670366
17.26429860610813
25.71468773754727
12.425658930039727
8.685666939778924
37.63193059749881
.001999002093192441
2.0621798189850664
2.9023213920511393
6.900193228052889
37.891268044607784
39.951873882044616
4.263206330478324
7.044428943370095
17.183130671347868
.03999800373811656
5.79681546883234
8.04639699552656
16.056162496905515
3.1045803494046873
.6302197694315609
21.234622083291004
21.318650166414123
1.8090300367889371
7.909716945767321
.4507439985312711
14.994327066680672
19.501729359236887
1.5268507081199518
2.156874210734631
34.178208313013386
27.91517812054243
.9141569838385838
.3999950092518869
.009999875231297174
.09999500934529135
3.5968873730707323
7.568489409242972
.19435556885079097
15.044154493463015
14.911953990374952
.824422535384962
5.652998862095756
41.920048802275545
.8183621755125482
13.589331791191755
1.8130233396766764
9.649250589588373
1.1641333145317674
.00012999578285993903
2.4730245201458727
4.857776663144224
.3493279979806328
.00013972091506806112
42.02211035543421
.38294951584993364
1.3238099226061164
.6692427044812561
.151900708514879
.001999002093192441
19.432987584046554
.8647998534962862
.46601291139559003
1.1949865760648064
.03999800373811656
.729123202210899
.5999502107910943
.6515102358186384
.5745947394033002
.00012999578285993903
4.430068141674952
10.663871578107303
.3119479668997413
7.023086346803745
.9329880910533914
.5999700560717479
.3999800373811654
.18478523887765835
6.303375856474319
.002997754989785456
2.508847302014166
2.2835874970341568
47.64312631942337
1.131016895575743
.17888052754125103
.17991916753164858
29.01806505588693
41.97709194287872
4.1234464629319945
17.287816277172933
51.8834651976095
.21065703907621286
9.997504921704357
9.997504921704357
9.997504921704357
9.997504921704357
9.997504921704357
9.997504921704357
9.997504921704357
9.997504921704357
