.0002961773563833915
7.165715487698699
1.119936848968503
5.0048733420102325
.1910351472570509
6.037353981732631
.004476387090240167
37.69083390358568
15037185485984442e-23
.680420472396016
1.8587585452065734
.024068742607224844
88.94903756371349
2.096469572986608
4.932075460731151
3.441658181440562
13.994840139849021
67.38057577145405
21.6072750226138
.007225520933379478
63.46277597451425
7.028375298115074
47.24255042700609
43245079821335045e-22
2.8837307863299664
.0017141424706327924
17519558634522795e-27
1.3291521194832994
6.369866796640579
145.2075246513299
5.9553705197756255
.527630426971459
10.62796857183598
211.4553908132583
80.87532903280817
1.843123714812743
11.001117001691854
6.2603672348164325
1.7460506830222575
33.038060151371475
8.980744550212169
.0002763785718926077
.3173203857809985
.34645099578903665
46.699492464096025
266.03922345880335
17882928528256005e-23
19.935513166647773
2.785613259728537
.0003590889815489242
1.0205548336723296
.08159987012803654
36.253639461543266
108.01572432762006
.10806893707188213
.8243402734347064
3.7363273842734976
.00014500935014757422
.00017723971821586605
.2764828297534293
8052227044764554e-21
23.675316467817463
.2035786104861698
4.156399849216766
10.342498892498243
.03849324074776329
9.342223827992017
.07926667825856472
.42119255892491964
3552728267035946e-24
.000251790886041012
7.529046324495731
2.1384274388076316
5.398894179399107
1.8627709362589029
152.92585264699807
8.36570350230279
2.3599713728800786
2.7852532825676537
25.833670680163635
34.405676120467305
22.479391540229415
10.71298926432007
1.914726125600065
.000325482236860419
19.976888146480125
16.05300323126922
.005985226457719596
3303308966861324e-21
23.843879071044388
.467565807185146
.007317335885688398
26.817337291504835
.3940669896788385
4241856332987171e-23
7.831906521897748
.21159021185058263
12.834816394816981
34.03719856306997
.05100015197011933
2.1917253013679625
1.929746002246417
1.0551888073073579
6.962624731595505
.0012472986594236118
.7364587407361665
11.624197442577133
5.586522883851562
.8350828822918324
8.925712263160207
.08524115400966915
.017321341390981196
.0038631942159296
.957485565988842
.00032852295572885915
.5280517423741422
101.70991690455453
15.304328276495365
1.058233117394129
.011066982027069818
.000580954616587402
100.95903266695905
351.202204335504
16.190091657647947
29.92437390152003
80.07793008827225
.0007408065524928289
41.189618125634674
8.198944494906792
12.374308409880475
27.708816043369268
28.168234372977693
5.887006574155233
.1169528934181256
.1484006459936415
.31999620895229497
.04128737843845342
.6357885699475563
.04398431117594454
.23999786753250807
.0019988156413940647
10.451736272387695
2.9268024240219797
3.1250324888407572
3.8677584184214684
.6590821180517992
31.870623478116887
4.707458705803402
2.498890127366936
11.426397050302146
1.5991218320799132
15.734330931350668
7.304598367502494
.0019988156413940647
1.9998815325662669
7.9952625655762555
2.3568578777605627
1.999407733000791
1.2045847859372452
.09999851912418328
1.03995995759231
.17144175529886752
2.6428072427159437
2.074514140146481
13.285594280020877
.6268949702990434
16.69842176430009
14.419608493252467
2.0906387022751862
5.141143516663358
17.262688322890433
25.712289265935024
12.424499958540194
8.684856806449634
37.628420575593296
.0019988156413940647
2.0620836444729687
2.9023037953553787
6.899896760307489
37.887733833666374
39.948147473373425
4.262808690831085
7.04377189230972
17.181527958861317
.03999763065132533
5.796274785722153
8.045646488463374
16.054664899487904
3.1044839378515627
.6302159484262184
21.23165124511719
21.316661723942744
1.8090190686889651
7.909348057874478
.4507334876657333
14.992928509242166
19.499910385398465
1.5268364662134033
2.156673033818993
34.17502042820479
27.911272636542574
.9141514413296233
.39999407649673313
.00999985191241833
.09999407662831328
3.596384149124814
7.567430536748475
.19435538756224371
15.042049735097804
14.910563116074083
.8244175369335248
5.652207977061393
41.914183961321875
.8183572138049083
13.588064281087677
1.8130123473654176
9.64835058046305
1.164126256423104
.0001299949946990388
2.4730095262653853
4.857323566472622
.3493258800144703
.0001397200045676279
42.01819085076034
.3829471940374216
1.3236864476274666
.6692364620293878
.15189978754500952
.0019988156413940647
19.431175021921078
.8647946102382661
.46601008597196714
1.1949793308936567
.03999763065132533
.7291187815567302
.5998942519723822
.6515062857297764
.5745912556510036
.0001299949946990388
4.429448351245141
10.662379644950187
.3119460755676918
7.02243128641938
.9329824343719394
.5999644597698797
.3999763065132531
.18478351526834302
6.30322886852489
.0029973355876918156
2.5084963007433236
2.283573651705194
47.636460789053466
1.1310100382510284
.17886384291837437
.1799040641117854
29.015358470219265
41.97317663718195
4.123061859028307
17.286203800404724
51.87862590032961
.2106562608075893
9.997038665003954
9.997038665003954
9.997038665003954
9.997038665003954
9.997038665003954
9.997038665003954
9.997038665003954
9.997038665003954
