.0003962818395966803
7.165644427464049
1.1175289068600136
5.0065151965529475
.19138079735089172
6.057139761719578
.0044773583670742485
37.643567643042125
14926467151200762e-23
.6800883504720001
1.858312256126067
.027380250582614837
88.93054152526587
2.3779003982670326
5.562743246810961
3.9792832256589183
14.563259461292756
67.07871192124651
21.59999890849207
.007223998744912335
63.45864012492857
7.02613105843298
47.40257316231581
43089098534286304e-22
2.8885410923199157
.002994934774232775
2318379986835853e-26
1.329444514810702
6.361165038286138
145.09509304386017
6.01165217220007
.5295282270786079
10.624603944442296
211.37700796621317
81.30365089654919
2.0731069225006786
10.985996113623434
6.258302801265793
1.988747066069353
33.02263149169834
10.145621622033405
.0002784894046956158
.3172877600175003
.34588834195667
46.7891685125998
265.96713048990176
17880640937945943e-23
19.983545879374244
3.2761356361867002
.0006256555077475913
1.0412734046455507
.1090097963518672
36.244398198003516
107.91470351527012
.14426063663589636
1.0939250653419639
4.308451263462838
.00014806083851205074
.00017999813789054683
.3692571890061437
10725477878409023e-21
23.66994684345554
.2684306958036759
4.364503970388067
10.293321344737768
.05027019353369639
10.734533293756378
.10438416664877591
.6419318622093426
16977621689979208e-24
.00044274487112052447
7.524324353451352
2.138504560376821
5.684829190094051
2.1364732745375163
152.84095842428013
9.601975827317549
2.705458205146615
3.196877046339136
25.67929201978222
34.23700833204737
22.47257432751553
10.62223962351443
1.8955414862329365
.0003241190000254404
19.784803493192225
16.038383626077046
.00758264018729793
12283973901638223e-22
23.52881359222614
.590870603685016
.006123934764835723
27.69116773261196
.3901017832939014
48382359896189923e-24
7.751257718514109
.20989894378075863
12.841125127415218
33.572630921700565
.06769182685969717
2.1787257097883725
1.9274182894823089
1.0507273211505945
6.912540375992434
.0012498068869226057
.7351278273623724
11.612587797332495
5.551783892044296
.8361589302242158
8.830988429089137
.11367273141882567
.02304328050171246
.005140206298494869
.9540380051749442
.00032818746807038103
.5239073077601002
101.64229532688422
15.200080242030923
1.0531072355637214
.011068716579062
.0007739471019619525
100.9388217866446
351.1318975434272
16.18685058058799
29.91838337324899
80.06189937345566
.0007382702951095665
34.76844955293441
6.920971414681548
4.640211153865338
10.423114231484266
27.681905351047018
5.788223147550089
.13443708893021553
.1706675700353202
.31999492763265525
.04128684114523085
.6357853876912088
.04398373878619281
.23999714678771528
.001998415500637644
10.450941222027152
2.926764336084074
3.124853988940665
3.8669841360178547
.6589845218651539
31.864243332233478
4.7067736088039425
2.498857608064908
11.422966064798349
1.599089816547485
15.731181092540997
7.303136067800815
.001998415500637644
1.9998414935456155
7.993662002550574
2.3568106918249447
1.9992075933405522
1.204569110075372
.09999801861043194
1.0399464240753347
.1714395242419036
2.6420136913191934
2.0744871434605736
13.282934651171368
.6267694728682565
16.695078925182056
14.416721847315598
2.09058693086875
5.140399493588533
17.259232523856085
25.70714195036319
12.422012711238041
8.683118194293531
37.620887782493114
.001998415500637644
2.0618772309870264
2.902266026230332
6.899260466002446
37.88014912892358
39.94015029663708
4.261955323737743
7.042361807179969
17.178088407233073
.03999682987091231
5.795114435698294
8.044035839134283
16.051450933365206
3.1042770105460797
.6302077471121448
21.22527605201625
21.312394364327414
1.8089955270226767
7.908556336302692
.45071092800889384
14.989927090987072
19.49600671928231
1.5268058978843269
2.1562412917607294
34.168178967570995
27.902891764480543
.9141395450215407
.39999207444172774
.009999801861043194
.09999207467728072
3.595304268754175
7.565158276791264
.1943549984457206
15.037533083491763
14.907578186458583
.8244068083774402
5.650510797841347
41.90159845804015
.8183465641148274
13.58534410109352
1.8129887537326048
9.646419087523169
1.1641111070682297
.00012999330300941686
2.4729773437605114
4.856351184084864
.34932133406278004
.000139718050292766
42.009779274263614
.38294221055482375
1.323421460259223
.6692230634494782
.1518978107974066
.001998415500637644
19.427285115863516
.864783356235213
.46600402155057946
1.1949637800323551
.03999682987091231
.7291092931708214
.5997741597863969
.6514978073539379
.574583778208766
.00012999330300941686
4.4281183280527
10.65917806969976
.3119420160580172
7.021025473442601
.9329702930067636
.5999524480636843
.39996829870912287
.18477981577371627
6.302913385686038
.0029964355826503208
2.507743078672859
2.283543934423722
47.622157067092814
1.1309953198539975
.17882803635776945
.17987165046609063
29.00954991677109
41.96477407203229
4.122236467703128
17.282743293832187
51.86824037393091
.21065459034428816
9.99603796670276
9.99603796670276
9.99603796670276
9.99603796670276
9.99603796670276
9.99603796670276
9.99603796670276
9.99603796670276
