.00047365394176695927
7.1655895082265335
1.1156553069332875
5.007765028500565
.1916420893706972
6.066887655056695
.00447810556613428
37.6058417968041
1484110859481475e-22
.679809931154126
1.857967462894461
.02988434422075437
88.91624671927273
2.589683032980237
6.032823179971076
4.378710848281842
14.978808920079967
66.84495956926112
21.5943744121878
.007222822398949438
63.45544199332548
7.024331592170327
47.51836517428565
4296799489788044e-21
2.8921656750529716
.004228189742380455
27472902835007413e-27
1.329668519282561
6.356389606235428
145.00583935567607
6.05491064509757
.5309805748579136
10.622034549728614
211.31651606536528
81.63257901993664
2.243656240423413
10.973985352543723
6.2567240733231495
2.172727564373052
33.01092815823798
11.015668382493072
.0002801066331350033
.31726254548026117
.34542280445859125
46.85721406168904
265.9113812821754
1787883176458603e-22
20.0204024531068
3.5930849546694796
.0008813266579937663
1.0560118696921768
.13013356537053972
36.23725836903647
107.83056046438351
.1720869179603387
1.2990483369279615
4.730473220422621
.0001504586702218994
.00018215785434760661
.4406507737951304
12773258496469036e-21
23.66579688371684
.3194387571533779
4.5190498431643045
10.25523739606126
.05937898547308637
11.756357803034536
.12409653746103162
.8347994891080248
445308208028364e-22
.000628142068611581
7.524520750996162
2.1400441020579746
5.898819691481412
2.3368848345823556
152.77570831689422
10.506357808468612
2.959157708703817
3.499263141749008
25.5597874901699
34.10652386765137
22.467369618658225
10.552420546266307
1.8807044570079419
.0003230632355043303
19.637315483596964
16.027086437777086
.008795750870549216
5649866279976622e-22
23.290335395225632
.6836989113674217
.005902782843767036
28.321458794012862
.387058987051776
5138783010926043e-23
7.689504292163769
.20857725926680404
12.844804723287703
33.21691143350688
.08040996476542692
2.1685602425956074
1.925615324636957
1.0472602484541556
6.873921254086526
.0012517335230262468
.7343931494504002
11.608330489216653
5.524949512348425
.8369846019649363
8.757971561853148
.13554878385773983
.027431960733243377
.0061180796622514405
.9514311356928127
.0003281026769773972
.5207561604290093
101.58791695233347
15.128178870961158
1.0491201657794287
.011069999557172255
.0009227420101975909
100.92320329744666
351.0775661211681
16.184345953067414
29.91375403500961
80.04951121706154
.0007359461822247581
33.744351863574494
6.721197264672865
2.148713175675882
4.833262808152856
27.589490997092074
5.774046732411638
.1437303173747434
.18256122766497185
.31999393728697834
.04128642586885948
.6357829280933678
.04398329638355468
.23999658971584895
.0019981062813466195
10.450326758341914
2.9267348977439243
3.124716030951559
3.866385788931095
.6589090983610758
31.859312906739344
4.706244156427959
2.498832473748713
11.420314915805347
1.5990650717508081
15.72874697177739
7.302006037255906
.0019981062813466195
1.9998105473969805
7.992425125386476
2.3567742218275924
1.9990529164302968
1.204556994130552
.09999763175833458
1.0399359639586139
.17143779984784577
2.6414005080270866
2.0744662775994542
13.280879353044302
.6266724914287239
16.692495658355316
14.414491115764978
2.090546916930429
5.139824501916262
17.25656196428379
25.703164226908974
12.420090625484384
8.68177463603397
37.61506661855393
.0019981062813466195
2.061717705382743
2.902236834302088
6.898768705775137
37.87428784889757
39.93397026803232
4.261295861877502
7.041272126818472
17.17543040327106
.03999621094793961
5.794217744706535
8.042791167514013
16.048967256534265
3.104117083097183
.6302014082792581
21.220349891077635
21.309096649976585
1.8089773315619089
7.907944458345267
.4506934921201733
14.98760766610966
19.49299005864611
1.5267822716307435
2.1559076517327656
34.162892048973454
27.89641579992076
.9141303503110069
.3999905270333383
.009999763175833459
.09999052736984897
3.594469836852901
7.563402483975839
.1943546976928574
15.034043031918
14.90527150361098
.8243985162277281
5.64919937435233
41.89187354246858
.8183383329210077
13.583242010477269
1.8129705181066742
9.644926475566237
1.1640993980630598
.00012999199549482677
2.472952469756366
4.855599750026417
.3493178204760772
.00013971653982615523
42.00327900734758
.3829383587984957
1.3232166843027027
.6692127076905551
.15189628296020866
.0019981062813466195
19.424279088674403
.8647746579651532
.46599933433175267
1.1949517607010447
.03999621094793961
.7291019595542694
.599681355391913
.6514912543787553
.5745779988597084
.00012999199549482677
4.4270906088614055
10.656704187781052
.311938878444557
7.019939094499649
.93296090889049
.5999431642190937
.39996210947939587
.18477695643528264
6.302669555573257
.002995740141804881
2.507161058162598
2.283520965801937
47.61110447067988
1.130983943938102
.17880036589654646
.17984660152452014
29.005061204361013
41.95828076887166
4.121598624853345
17.280069096385976
51.86021468532411
.2106532992297993
9.995264582151481
9.995264582151481
9.995264582151481
9.995264582151481
9.995264582151481
9.995264582151481
9.995264582151481
9.995264582151481
