.00047365394176695927
7.165589508022166
1.1156465396973803
5.00776510216339
.19164218580682346
6.066845551582817
.004478105566163093
37.605841797482455
14840694752347905e-23
.679809081465554
1.8579674628796725
.029884344304484688
88.91624671927303
2.5896830399375372
6.032825722852155
4.378764840444112
14.97881691327201
66.84410561109506
21.594374404521798
.007222822398952696
63.455441993448744
7.024329056168968
47.51866692160559
429674077398719e-20
2.8921633367770405
.004228187135704051
2747198436501295e-26
1.3296685190957336
6.356475632642895
145.00575034629517
6.054910665404858
.530980574858049
10.622034549737423
211.31651601532874
81.63257901996583
2.2436562459898286
10.973985351285215
6.256724073112676
2.1727275704371523
33.01092815599049
11.01566841132007
.0002801066339448436
.31726254548026117
.34542156389242556
46.85721406199615
265.911381282174
17878831762060438e-23
20.020402463112774
3.593084756969416
.0008813013765456868
1.0560126473258795
.13013356915601232
36.23725837189912
107.83032166878797
.1720869632856792
1.2990486689047371
4.7304818379206885
.00015045867866198445
.00018215785717057243
.4406508900586617
12773261811354763e-21
23.665797466553254
.3194387231761973
4.519052833260074
10.25506592818664
.059376933282975844
11.756432682076811
.12409652416829905
.8348061169921388
4453074617307101e-23
.0006281416741455658
7.524691512359072
2.140110260717932
5.898833695761085
2.3369077461712977
152.77570829836137
10.50636011830168
2.959230277825027
3.4993204026343436
25.55922943938215
34.105930112302836
22.467398115022075
10.55211142890694
1.8806417479678021
.0003230591616512549
19.636693363482525
16.02708644027132
.008795620136309731
5721471580804183e-22
23.290142468586115
.6836953137296198
.006081331462108845
28.321470859154804
.38704709575206814
5138644321344748e-23
7.689246379382542
.20857116634528206
12.844775192932588
33.21689766174526
.08040992333067076
2.1685023567130317
1.9256153202679076
1.0472499075420263
6.873758759332858
.0012517335239068392
.7344059164793738
11.608538400387543
5.524825078176035
.8369846023978911
8.757665784573767
.1355500868151496
.027432437925456174
.00611805854039963
.9514188558184733
.000328110601365292
.5207446860076202
101.58783283928162
15.12830530270042
1.0490896895711248
.011069999760479567
.0009227761581765231
100.92320329744666
351.0775661211681
16.184345953067414
29.91375403500961
80.04951121706154
.0007359262190661366
34.76458442402382
6.925257672096801
2.1760597491909506
4.894769770546158
27.48767026826986
5.752817342829006
.14373438415880535
.18256746756430905
.31999393728697834
.04128642586885948
.6357829280933678
.04398329638355468
.23999658971584895
.0019981062813466195
10.450326758341914
2.9267348977439243
3.124716030951559
3.866385788931095
.6589090983610758
31.859312906739344
4.706244156427959
2.498832473748713
11.420314915805347
1.5990650717508081
15.72874697177739
7.302006037255906
.0019981062813466195
1.9998105473969805
7.992425125386476
2.3567742218275924
1.9990529164302968
1.204556994130552
.09999763175833458
1.0399359639586139
.17143779984784577
2.6414005080270866
2.0744662775994542
13.280879353044302
.6266724914287239
16.692495658355316
14.414491115764978
2.090546916930429
5.139824501916262
17.25656196428379
25.703164226908974
12.420090625484384
8.68177463603397
37.61506661855393
.0019981062813466195
2.061717705382743
2.902236834302088
6.898768705775137
37.87428784889757
39.93397026803232
4.261295861877502
7.041272126818472
17.17543040327106
.03999621094793961
5.794217744706535
8.042791167514013
16.048967256534265
3.104117083097183
.6302014082792581
21.220349891077635
21.309096649976585
1.8089773315619089
7.907944458345267
.4506934921201733
14.98760766610966
19.49299005864611
1.5267822716307435
2.1559076517327656
34.162892048973454
27.89641579992076
.9141303503110069
.3999905270333383
.009999763175833459
.09999052736984897
3.594469836852901
7.563402483975839
.1943546976928574
15.034043031918
14.90527150361098
.8243985162277281
5.64919937435233
41.89187354246858
.8183383329210077
13.583242010477269
1.8129705181066742
9.644926475566237
1.1640993980630598
.00012999199549482677
2.472952469756366
4.855599750026417
.3493178204760772
.00013971653982615523
42.00327900734758
.3829383587984957
1.3232166843027027
.6692127076905551
.15189628296020866
.0019981062813466195
19.424279088674403
.8647746579651532
.46599933433175267
1.1949517607010447
.03999621094793961
.7291019595542694
.599681355391913
.6514912543787553
.5745779988597084
.00012999199549482677
4.4270906088614055
10.656704187781052
.311938878444557
7.019939094499649
.93296090889049
.5999431642190937
.39996210947939587
.18477695643528264
6.302669555573257
.002995740141804881
2.507161058162598
2.283520965801937
47.61110447067988
1.130983943938102
.17880036589654646
.17984660152452014
29.005061204361013
41.95828076887166
4.121598624853345
17.280069096385976
51.86021468532411
.2106532992297993
9.995264582151481
9.995264582151481
9.995264582151481
9.995264582151481
9.995264582151481
9.995264582151481
9.995264582151481
9.995264582151481
