.0007057702482777963
7.1654248502859925
1.1100900545335333
5.011389290367202
.1923979766278513
6.086833841598695
.004480328184624426
37.48674322680393
14591770907303412e-23
.6789421011858197
1.8569338563641102
.037120903562155534
88.87336737646969
3.1969444024177025
7.359495323864078
5.498131431239436
16.115711295177856
66.15310703040876
21.57749510293244
.007219294270254652
63.44583983709833
7.018835394766776
47.81582106664726
4260991124283376e-21
2.9027693221192523
.009195233850618049
39881176746189655e-27
1.3303307031163225
6.344758640913739
144.7342563456647
6.18343099719531
.5352634410670629
10.614482378199646
211.13551149038622
82.60840624256826
2.7210701036155958
10.93634808470573
6.252072533662313
2.70678628366269
32.97692622457239
13.478715441032735
.0002848849747098126
.3171869141834817
.3439844313527614
47.05498759622612
265.74398731912555
17873179151440967e-23
20.129523275347648
4.31827865882201
.0019049595987919558
1.0946881648553692
.19317701977246507
36.21585334262213
107.56925595148657
.2547653579740862
1.8977553277671186
5.901420412146632
.00015786496264635715
.0001887869585278906
.6531073684326518
1882056771683229e-20
23.653248913160226
.476972996774314
4.952633241536837
10.142950319526047
.08673741744578392
14.566633829277054
.18474419296650352
1.5112583878361503
3887755872730758e-22
.0013862437740427042
7.530376773221778
2.1466657157648714
6.505679055202921
2.885783046773182
152.58174534751885
12.983612513006461
3.655605425182958
4.331197761199211
25.208564134579994
33.72213675904046
22.45169034873542
10.348801081447652
1.8373325031258716
.00031994226649305525
19.2082415314095
15.993208184248768
.01232795021707063
5720773384337113e-23
22.60264864035455
.9505031014384442
.006142089322219872
30.01003543240197
.3782033963620794
5537534478420121e-23
7.510657331550999
.204677670405792
12.852999886815157
32.16925328259743
.11757282935226283
2.1384922308624157
1.9201876134482716
1.036967986663547
6.760745394692781
.0012574516155406765
.7326105091188323
11.60211246421874
5.446224656288757
.8394304915819463
8.545335806374679
.2005202068866979
.04038933480579547
.009000910627865755
.9439958602303908
.00032807227243863177
.5115895045362991
101.42170887213497
14.927872941201429
1.0374457891895554
.011073545500297006
.001365519090289033
100.87636232845932
350.914622290121
16.176834395545466
29.89987031769518
80.01235824777538
.000728546652920166
35.845666195279335
7.15819254833744
.22204161371746473
.500674234723596
26.608489926037976
5.5870766393761375
.15803823731285843
.2010922717384785
.3199909662683376
.04128518006480711
.6357755493569353
.04398196920233909
.23999491850800828
.001997178910521081
10.44848358404227
2.926646584500064
3.1243021935270945
3.8645913031149965
.6586828796400814
31.844526207159227
4.7046561566133045
2.498757072316971
11.412365160076149
1.598990839658204
15.721446869075107
7.298616994625854
.001997178910521081
1.9997177118242662
7.988715642084322
2.356664815221588
1.998588957499115
1.2045206470272842
.09999647121102195
1.0399045842397148
.17143262676973867
2.6395618118985995
2.074403681275341
13.274715366591481
.6263816371377665
16.684748255915558
14.40780099189592
2.09042687971062
5.138099912773081
17.24855276464102
25.691234749057575
12.414326152491057
8.677745208477226
37.59760853050906
.001997178910521081
2.061239202620197
2.902149260279075
6.897293635391076
37.85670944983191
39.91543591912394
4.2593180884736626
7.03800409728168
17.1674588588038
.03999435423648531
5.791528504127382
8.039058308078914
16.041518531632757
3.103637350184051
.6301823921631441
21.205578267057994
21.299206568184516
1.8089227462776925
7.906109108501056
.450641188500983
14.980651544594041
19.48394287709643
1.52671139506357
2.1549070413661218
34.14703620101479
27.87699692286138
.914102766734302
.3999858848440878
.009999647121102198
.09998588559121323
3.591967702945945
7.558137550156369
.19435379543706002
15.023577736467992
14.89835359635638
.8243736402790192
5.645266929807435
41.86271233595577
.8183136398362972
13.576937689994246
1.812915812329393
9.640450025283583
1.164064271754183
.00012998807302996436
2.472877849245064
4.853346145405528
.34930727992801175
.0001397120085242985
41.983784240781844
.3829268037619633
1.322602546526177
.6691816413752647
.15189169954081908
.001997178910521081
19.415263797594985
.86474856367991
.46598527295814374
1.1949157034324738
.03999435423648531
.7290799591471937
.5994030283585606
.6514715958486763
.5745606611613165
.00012998807302996436
4.424008882202293
10.64928598646211
.31192946579352976
7.016680966153788
.9329327571079961
.5999153135472792
.3999435423648529
.1847683786854565
6.301938121829304
.002993654787545293
2.505415806991059
2.2834520613227283
47.577962070200584
1.1309498168769458
.17871738019930097
.1797714756277722
28.99159923399187
41.938806887107674
4.119685688411999
17.272048986498486
51.83614506973142
.2106494259338125
9.992944787495574
9.992944787495574
9.992944787495574
9.992944787495574
9.992944787495574
9.992944787495574
9.992944787495574
9.992944787495574
