.0008434598278037809
7.165327294236058
1.1068638519005827
5.013440550533862
.1928264446468695
6.096644063874946
.004481632938594705
37.41212987513901
14450099898478266e-23
.6784234209406923
1.8563212689350357
.041228279749240704
88.8479350440507
3.538622794853108
8.09238209961054
6.110979117761133
16.721873491672017
65.7526917766783
21.56747666506244
.007217202055790713
63.440138398166546
7.015563069467426
47.960296771233466
4240352032526089e-21
2.9089196942245175
.01302967628028489
4692279716993816e-26
1.330716909603343
6.338001972834726
144.57245781092678
6.25878993023219
.5377526396804264
10.610107963808822
211.02846982208277
83.17962411296438
2.982362689582299
10.912947937617128
6.249370541643837
3.0115993049430307
32.95750459886795
14.84347712308127
.00028766848886793597
.3171420590163522
.34312945456130306
47.16798680103319
265.64458521934955
17869664515126665e-23
20.193207307414603
4.6368033811343805
.002691157773547324
1.1144112113315057
.2303386228724172
36.2031658325539
107.41336488497166
.30322494371832587
2.2413730162854435
6.535828160944738
.0001624149189408252
.0001928293751675926
.777865266499716
2234042050962869e-20
23.64571860638335
.5734406447513762
5.190479956848093
10.078396510435237
.10297272863214084
16.07336052058229
.22171476846892635
1.9695935883009719
10250288501600282e-22
.0019813392761442064
7.534082271010323
2.150658695863061
6.842499932933823
3.1786020765974894
152.46786750306927
14.306844009270801
4.027558649991197
4.777168303417526
25.007611848439932
33.501312097861494
22.44224067611129
10.233209082841258
1.8126979605334255
.00031813997774028267
18.9652450175218
15.97312149019779
.01435126543950199
18106612277522292e-24
22.21431878456822
1.1011899615992566
.006157459593750969
30.8894602635374
.37318223071206746
5574534297331098e-23
7.409903945235177
.20244574274044658
12.85662553285637
31.562363517237305
.13889692863816613
2.121234070613344
1.9169552415973679
1.0309948746704762
6.69609638628054
.0012608005536491123
.7315887569099032
11.598800519239441
5.401245607521844
.8408596379605834
8.425018782501445
.23850826371521575
.047908946200658394
.01067311621449803
.9398602849881323
.0003280510028129447
.5063638697338115
101.32280862570089
14.8131424190556
1.0308386987818718
.011075432966916663
.0016246108718657134
100.84858690519496
350.81800102088823
16.172380245811645
29.891637650155886
79.99032754538472
.0007242054690835277
36.36856505481835
7.273069528879626
.0711040599746831
.16050514198413762
26.118400914282685
5.494983422720055
.16095938954315578
.20502547689421663
.3199892038963269
.04128444108134
.6357711723885986
.0439811819477349
.2399939271660732
.001996629004791989
10.447390381067919
2.9265941990330133
3.124056734299603
3.863527221731508
.6585487251638403
31.835758095644888
4.703714420739548
2.498712345851885
11.407652042283111
1.5989468073892097
15.717118106310101
7.296607384330727
.001996629004791989
1.9996626445243064
7.986516019167954
2.356599918477654
1.9983137915700868
1.204499086727861
.09999578278978792
1.0398859704830614
.1714295582139832
2.638471716588207
2.074366550517472
13.271060289926243
.6262091684375186
16.680154256546725
14.403833930023135
2.090355677826599
5.137077173416363
17.243803526636427
25.684160892478413
12.41090797646381
8.67535586730173
37.58725635814125
.001996629004791989
2.0609554109991084
2.9020973133015144
6.896418784202852
37.84628593629421
39.90444555327564
4.258145322525385
7.036066244466352
17.16273194929626
.03999325289048612
5.7899338574545975
8.03684482375018
16.037101639937475
3.103352811403198
.6301711122227797
21.19682071445253
21.29334201811579
1.8088903674918748
7.90502059460245
.4506101652710082
14.976526753336481
19.478578143993666
1.5266693531924367
2.1543137065770024
34.13763411353053
27.8654841848469
.9140864047654117
.3999831311591517
.009999578278978793
.09998313222621524
3.5904842797768377
7.555016164530322
.1943532602279495
15.01737324769186
14.894251465118405
.8243588844152946
5.642935528065541
41.84542372911504
.8182989924434605
13.573199399058005
1.8128833620697486
9.637795611764593
1.164043435603048
.00012998574631038268
2.4728335860047466
4.852009819032079
.34930102750754516
.00013970932066088344
41.972224373330135
.3829199495693294
1.3222383794934616
.6691632137612293
.15188898075760018
.001996629004791989
19.409917974675526
.864733085125844
.4659769320616746
1.1948943150565958
.03999325289048612
.7290669089912986
.5992379879820611
.651459934842527
.5745503768212997
.00012998574631038268
4.422181839806892
10.644888007729223
.3119238824166919
7.014748984475947
.9329160580919731
.5998987933572913
.399932528904861
.18476329061944002
6.301504281158214
.0029924184577006475
2.5043811117588914
2.2834111887064874
47.55831315987883
1.1309295734575038
.17866817193321016
.17972692636257098
28.98361665094419
41.92725940377656
4.118551369022693
17.267293279014897
51.82187244097607
.210647128358548
9.991568957850435
9.991568957850435
9.991568957850435
9.991568957850435
9.991568957850435
9.991568957850435
9.991568957850435
9.991568957850435
