.0008434598278037809
7.165327294290358
1.1068602637327147
5.013440521552984
.19282646793475916
6.096664247985413
.004481632937951384
37.41212989224059
14449936926035312e-23
.6784232518606284
1.8563212689363207
.04122827966980047
88.84793504403399
3.538622788549581
8.092381716823981
6.110996199495952
16.721874545164763
65.75234698284017
21.567476664075006
.007217202055790353
63.44013839815289
7.015562563897593
47.96036573768833
4240328264939355e-21
2.908919221354098
.013029679986197182
46922188481998415e-27
1.3307169096383649
6.338021478131013
144.57244010613698
6.258789928128985
.5377526396811678
10.61010796335263
211.0284698187353
83.17962411312612
2.9823626848408455
10.9129479421419
6.249370541387444
3.01159929931794
32.95750459540642
14.843477101683494
.0002876684887783887
.3171420590163522
.34312920933651847
47.16798680106927
265.64458521934597
17869664515884103e-23
20.19320727247259
4.636804141843031
.002691127832440764
1.1144111535872465
.2303386219213647
36.20316583280576
107.41331751597076
.30322493230184944
2.2413729348761384
6.535830810464524
.00016241492010190024
.00019282937518083875
.7778652368911809
2234041964920841e-20
23.64571854596461
.5734409007345966
5.190480373769927
10.078327603895476
.10297134873580943
16.073383651110976
.22171486646290872
1.969597046695241
10250320946705923e-22
.001981339842405016
7.534121165370619
2.1506738255183695
6.842499248174641
3.17860913411813
152.46786748265873
14.306844599348123
4.027581084031812
4.777186044264073
25.007391172063887
33.501072504072795
22.44225425194912
10.233088005256887
1.8126744000594952
.0003181383352839554
18.96500297983054
15.973121490366594
.014351180478662016
14767233129669355e-24
22.214242832662897
1.1011927306786022
.006223741860812854
30.88946178077811
.37317760876420103
5574802107692402e-23
7.4098040779028285
.2024434850328532
12.856619845686108
31.562360859353625
.13889690683909153
2.1212117238145525
1.9169552416085018
1.0309908547221023
6.696032108781821
.0012608005536013742
.7315916510232338
11.598847767277878
5.4011961476357735
.8408596378834117
8.424903544944508
.23850877472749277
.04790913372964975
.010673096864404917
.9398552528147075
.00032805280452822123
.5063590236567617
101.32279189477009
14.813126269976047
1.030826598520377
.011075432980383312
.0016246244864795692
100.84858690519496
350.81800102088823
16.172380245811645
29.891637650155886
79.99032754538472
.000724199723936073
36.75975944515426
7.3516393158647855
.05799151542310803
.13090667420647092
26.093756076740867
5.489812416034089
.16097003162682688
.2050392359020141
.3199892038963269
.04128444108134
.6357711723885986
.0439811819477349
.2399939271660732
.001996629004791989
10.447390381067919
2.9265941990330133
3.124056734299603
3.863527221731508
.6585487251638403
31.835758095644888
4.703714420739548
2.498712345851885
11.407652042283111
1.5989468073892097
15.717118106310101
7.296607384330727
.001996629004791989
1.9996626445243064
7.986516019167954
2.356599918477654
1.9983137915700868
1.204499086727861
.09999578278978792
1.0398859704830614
.1714295582139832
2.638471716588207
2.074366550517472
13.271060289926243
.6262091684375186
16.680154256546725
14.403833930023135
2.090355677826599
5.137077173416363
17.243803526636427
25.684160892478413
12.41090797646381
8.67535586730173
37.58725635814125
.001996629004791989
2.0609554109991084
2.9020973133015144
6.896418784202852
37.84628593629421
39.90444555327564
4.258145322525385
7.036066244466352
17.16273194929626
.03999325289048612
5.7899338574545975
8.03684482375018
16.037101639937475
3.103352811403198
.6301711122227797
21.19682071445253
21.29334201811579
1.8088903674918748
7.90502059460245
.4506101652710082
14.976526753336481
19.478578143993666
1.5266693531924367
2.1543137065770024
34.13763411353053
27.8654841848469
.9140864047654117
.3999831311591517
.009999578278978793
.09998313222621524
3.5904842797768377
7.555016164530322
.1943532602279495
15.01737324769186
14.894251465118405
.8243588844152946
5.642935528065541
41.84542372911504
.8182989924434605
13.573199399058005
1.8128833620697486
9.637795611764593
1.164043435603048
.00012998574631038268
2.4728335860047466
4.852009819032079
.34930102750754516
.00013970932066088344
41.972224373330135
.3829199495693294
1.3222383794934616
.6691632137612293
.15188898075760018
.001996629004791989
19.409917974675526
.864733085125844
.4659769320616746
1.1948943150565958
.03999325289048612
.7290669089912986
.5992379879820611
.651459934842527
.5745503768212997
.00012998574631038268
4.422181839806892
10.644888007729223
.3119238824166919
7.014748984475947
.9329160580919731
.5998987933572913
.399932528904861
.18476329061944002
6.301504281158214
.0029924184577006475
2.5043811117588914
2.2834111887064874
47.55831315987883
1.1309295734575038
.17866817193321016
.17972692636257098
28.98361665094419
41.92725940377656
4.118551369022693
17.267293279014897
51.82187244097607
.210647128358548
9.991568957850435
9.991568957850435
9.991568957850435
9.991568957850435
9.991568957850435
9.991568957850435
9.991568957850435
9.991568957850435
