.0010499941970927575
7.165181185377197
1.1021140130055256
5.016373607492909
.19344236102340115
6.11044307702324
.004483570689443044
37.295059204331444
14245213362349488e-23
.6776454691407323
1.8554031270721036
.04714731497147042
88.80979082060529
4.027450380820111
9.124384446666495
6.967214526729198
17.549973994910236
65.16426354086839
21.552438241765877
.007214064632356719
63.4315785210769
7.010654287206188
48.14273479788056
4210119698153801e-21
2.9179658892865645
.019991386144040807
57046783140771455e-27
1.3312875769467538
6.327606094958978
144.329362638251
6.3706226111421165
.5414168291109789
10.603685101459126
210.86835731578995
84.02602038694513
3.3473740546403583
10.876453823100338
6.245392956327394
3.4532151092451864
32.92935451126454
16.768861297565675
.00029177443792093743
.31707478844798875
.34185227362326
47.331779693102014
265.4953321873569
1786416382401226e-22
20.2872597485175
5.011895203231258
.004113425972763591
1.140473432844009
.2857488054426454
36.18414746679579
107.17983644983403
.3750766397162588
2.741247572569072
7.414635695821823
.00016946919288347715
.00019905350336077264
.9631673863664382
27527914421776566e-21
23.634305534768725
.7219533401193026
5.523237646071521
9.984073848523053
.1272733605344818
18.14203520652227
.2783916513731085
2.7185105936143126
3363516143400162e-21
.0030791961574195134
7.539051723608377
2.1563849223258136
7.318519555861961
3.5789326379638773
152.298556248823
16.118722388716915
4.53635603989202
5.389525202621873
24.715279775228225
33.17881526379208
22.427928951828477
10.066205119794832
1.7771210960772013
.0003154968563772032
18.61495690828379
15.94300522222545
.017291172207727648
4409012086108216e-24
21.657497729563623
1.3175369988739603
.006257530858385168
32.068150116619314
.36593753696734915
5505230183180944e-23
7.265358956701219
.19920165347504765
12.860626772462433
30.67316858447186
.16986207836458117
2.096050238606504
1.9120897987658108
1.0222047818366649
6.602186841050922
.0012657653865143072
.730036923914281
11.593245069592239
5.335884443764961
.8429736078327571
8.251817570858053
.2946157677673311
.058937340851195806
.013126020607478615
.9339590452692415
.00032797309168554307
.4987770003314366
101.17452767001693
14.644226140132078
1.0213041710405493
.01107796165374501
.002007319168491479
100.80693810911468
350.67311899691356
16.165701320626273
29.879292898888654
79.9572928649537
.0007178424932422546
37.60971941504871
7.537563483419243
.017611306721927844
.039815105535618095
25.342411860779865
5.346931404320417
.16168240490030925
.20626390261380975
.3199865603565103
.0412833326309407
.6357646069925931
.043980001092250004
.23999244016084853
.001995804430082314
10.445750791064292
2.9265156225905677
3.1236885816161046
3.8619316489788655
.6583475446790226
31.822610454833292
4.702302170370072
2.49864525765534
11.400586014916566
1.5988807612592204
15.710627196848032
7.2935940063315545
.001995804430082314
1.9995800464176374
7.983217720329252
2.3565025767125443
1.9979011137090514
1.204466747002321
.09999475016682324
1.039858050472786
.1714249554833351
2.6368374176732186
2.074310855626831
13.265579561829343
.6259505544225857
16.67326562910496
14.397885385174513
2.0902488795477963
5.135543446074339
17.236682121381595
25.673553759425477
12.405782477026039
8.671773089014707
37.57173344380683
.001995804430082314
2.060529796826655
2.9020193945785895
6.895106715477234
37.8306560470342
39.88796567818223
4.256386779033003
7.0331604656427125
17.155644025260116
.039991600928352744
5.787542710667642
8.033525739948757
16.030478582575768
3.1029260521429247
.630154192690804
21.183691166435384
21.284548220534734
1.8088418003998268
7.903388104748162
.4505636344304643
14.970341695837094
19.47053381383547
1.5266062925564696
2.1534240106971536
34.123535836048525
27.848223992030498
.9140618623612075
.39997900066729297
.009999475016682325
.0999790023208818
3.5882602936238577
7.5503365029509375
.19435245741704715
15.008071318605268
14.888100385950363
.8243367511149358
5.639440230635257
41.81950420526047
.8182770218457931
13.567593892513232
1.8128346877693597
9.63381536180358
1.1640121820756366
.00012998225630909827
2.4727671926298083
4.8500060193385615
.3492916490866855
.00013970528896271815
41.954890539831766
.382909668510415
1.321692316942394
.6691355732916429
.15188490267401805
.001995804430082314
19.40190200003007
.8647098678142274
.4659644209969034
1.1948622332106036
.039991600928352744
.7290473341954379
.5989905126179443
.6514424437246628
.5745349506564316
.00012998225630909827
4.419442690875622
10.638294444943678
.3119155075388211
7.011852009327615
.9328910101283814
.5998740139252908
.3999160092835272
.18475565878312558
6.300853576150888
.0029905649202123107
2.5028298700654776
2.2833498811538693
47.528855008363614
1.1308992090077392
.17859438493740548
.1796601231634963
28.971646897310467
41.90994414006588
4.1168504755210735
17.260162172881383
51.80047086596123
.2106436820426385
9.989505568545258
9.989505568545258
9.989505568545258
9.989505568545258
9.989505568545258
9.989505568545258
9.989505568545258
9.989505568545258
