.0011540942999025943
7.165107659055186
1.099762765758416
5.017786708397872
.19374088514843585
6.117088274478291
.004484538490332959
37.23383449269649
14145386312378844e-23
.677253785017984
1.8549406847914558
.05002600556653386
88.79056668274215
4.263757858901497
9.616455227604197
7.3727182740957895
17.934555199394957
64.8733399670686
21.544852622883194
.007212483676243505
63.42726054486994
7.008181178126816
48.221944316395366
4195222101854366e-21
2.922445607370227
.02403659562575078
6195492750097056e-26
1.3315714556813723
6.322213972074609
144.2066957618768
6.426448710363587
.5432327590008094
10.600508105454201
210.78785699995984
84.44796676494872
3.5202156543075254
10.857459975696893
6.243420933297447
3.669071743584707
32.91559253104771
17.687908343346788
.00029381307079517764
.3170408874130793
.3412114403755402
47.41184864899397
265.4200345792153
1786128482360896e-22
20.333994837381727
5.165953115926062
.0049379379404116
1.1522667769678592
.31352536758324334
36.174567218175724
107.06238217268843
.4109061505482638
2.986327900333765
7.8278307024687095
.00017313296400516204
.00020226609279314162
1.0557153696634969
3010134129582794e-20
23.628503150455465
.7983881371722278
5.680943052156157
9.937692922524947
.13947807009845792
19.10723515830886
.307451144595805
3.118616968780726
5604997127925759e-21
.0037260420495288204
7.541221659988181
2.159125012712054
7.5461501564531295
3.765041742572539
152.21385787321995
16.962390672596875
4.772957225353496
5.675323667941573
24.572099121199248
33.02030663691553
22.420647822598962
9.98489470996075
1.7598043084414408
.00031419263494669166
18.444736235073048
15.927832013370796
.018731663558399895
18770853285620336e-25
21.38811549645748
1.4224329183196007
.006294070759650788
32.60682160437798
.36241389868779966
5440797719232083e-23
7.1954190719321165
.19761374816123675
12.862024056348508
30.234825358032538
.18500522283111612
2.0836819713531978
1.9096300198610068
1.0178528764999581
6.556242976696266
.0012682416674128698
.7292407890412832
11.590095644803906
5.303901880934396
.8440257951921534
8.167752215303445
.32247172609629043
.0643776696541046
.014336637384482804
.9311100554036555
.00032791006772924354
.49506605325800557
101.09984538064839
14.560420874311982
1.016671688463982
.011079098467093805
.002197274569756248
100.78595226857647
350.6001163812767
16.162335968632977
29.873072671512116
79.94064747298559
.0007147118376477986
38.1541810405624
7.65477019497062
.0075605816694426465
.017105317755010122
24.977524046309238
5.277233196843745
.16112632031218088
.20570967134133383
.3199852279339312
.04128277394682879
.6357612978431577
.043979405914334704
.23999169066488804
.0019953889464429846
10.44492448140833
2.926476018283517
3.1235030370217904
3.8611276777118553
.6582461664063225
31.81598567045791
4.701590510546036
2.4986114436844766
11.397026164288
1.5988474728754287
15.707356581518443
7.292075636627659
.0019953889464429846
1.999538415553335
7.981555785771936
2.3564535147911796
1.9976931428227935
1.2044504470480295
.09999422969498913
1.0398439781551114
.17142263560281892
2.63601406110835
2.074282784140244
13.262817952930655
.6258202449541471
16.66979461311829
14.394888054510092
2.0901950517772336
5.134770570715723
17.233093814175835
25.668209076655117
12.403199859423538
8.66996781201053
37.56391181543892
.0019953889464429846
2.0603153066273823
2.9019801217770764
6.894445484384656
37.82278051653848
39.879661859984616
4.255500690675502
7.0316963126113805
17.152072588446362
.039990768311066696
5.786337868513794
8.031853332341695
16.027141381053774
3.1027109737098164
.6301456648633958
21.177076526081322
21.28011723450081
1.8088173214852032
7.902565404056268
.4505401831804557
14.967225192057448
19.466480466660407
1.5265745089129377
2.1529757140446875
34.11643204840168
27.839528340986526
.9140494924335089
.3999769187799565
.009999422969498914
.09997692077766668
3.587139853793396
7.547978898691756
.19435205277525242
15.003385025107091
14.885001003046
.8243255954301507
5.637679306694722
41.80644600034568
.8182659481668503
13.564769410714097
1.8128101548193039
9.631809808249928
1.1639964295898086
.00012998049726938897
2.472733728864774
4.84899635219818
.349286922150115
.00013970325689857902
41.946156432247676
.3829044866238167
1.3214171689741665
.6691216420202735
.15188284722750842
.0019953889464429846
19.397862940525357
.8646981657632115
.46595811513683505
1.1948460632334466
.039990768311066696
.7290374680548798
.5988658156514707
.6514336278050182
.5745271755198761
.00012998049726938897
4.4180627130551455
10.634972621037683
.3119112864106511
7.0103922922594695
.9328783853872985
.5998615246660001
.3999076831106667
.18475181220655382
6.300525624933368
.0029896311116872874
2.502048357564761
2.2833189807584984
47.514014049823835
1.1308839046371864
.17855720542026488
.17962646157022674
28.965615622347443
41.90121938935738
4.115993435626602
17.256568977632938
51.78968711990378
.21064194500764663
9.98846571411397
9.98846571411397
9.98846571411397
9.98846571411397
9.98846571411397
9.98846571411397
9.98846571411397
9.98846571411397
