.0017267393272590134
7.1647048197476995
1.0873350673599163
5.024812127374755
.19524771667174656
6.150419543419703
.004489754306743057
36.87313577824168
13634554247000826e-23
.6751026692368435
1.8524006964721136
.06471933526625603
88.68483486459566
5.457058199570865
12.036125526304039
9.341432186368381
19.73156364999593
63.33823795681449
21.50303783753398
.007203791869687687
63.40346545496286
6.994585202650365
48.550677509874305
4117218938097708e-21
2.9461485383708235
.05229446406067337
8674961381695012e-26
1.3330915277770443
6.2909615845893505
143.53008288273145
6.727219952142686
.5528673263315773
10.583695620735323
210.34738226033417
86.71494369021012
4.3588830568681525
10.746520318110257
6.232934519113585
4.783417761375453
32.84457124066639
22.206627796076514
.0003046713170233766
.3168544673282589
.3377177395003078
47.824788423380085
265.00497655016244
1784419272821634e-22
20.583124414787708
5.751855017959951
.010683726184815567
1.2052777413439877
.46448965786104546
36.121930136359815
106.41883517946768
.6033115982520616
4.256887563867736
9.807271839552506
.00019467925524276113
.0002209008317517635
1.554388448161812
43782455603219575e-21
23.5960697834101
1.2342549467298636
6.445881824926864
9.69586461757975
.20566776932721495
23.664979843906913
.4717915500674059
5.495845151021862
4807365106929518e-20
.00838999757877184
7.549611933020743
2.172622302688992
8.67029453932335
4.638015759531617
151.75469471032332
20.934618850427515
5.882934320506301
7.026993015393448
23.831583849725803
32.19463393863169
22.379884817419654
9.569332616055567
1.6713149633480835
.0003073412094866766
17.578055803805498
15.844444579709414
.026200833465570037
7477440873546753e-25
20.03136421050422
1.9548017067949273
.006363783311830957
35.05299979079729
.3444390665936831
5001240032755904e-23
6.842484176058843
.18940604231123714
12.862699103447882
27.94552604429023
.26285761545024744
2.0193030967700434
1.8960145533566768
.9948192351888182
6.3191135293294005
.0012815605400705336
.7247233756107458
11.5691348818285
5.1388178411414085
.8496588673521724
7.740657212641555
.4702452642448238
.09284234724406881
.020682803033518698
.9166956619767396
.00032730640268619155
.4759202983761663
100.6892297440646
14.115577393344594
.9931328195181895
.011083708012583756
.0032034303211122828
100.67058919448843
350.19880740625626
16.14383600192317
29.83887892309511
79.84914465310356
.0006983829196884296
40.32586116985772
8.134766043766843
.003144525701051389
.007141018265297716
23.057564278843472
4.9058844328241245
.15463765903288962
.19819977756402662
.3199778984998906
.0412797008124401
.6357430948264658
.04397613203974275
.23998756779885425
.0019931049554930405
10.440380197114044
2.926258168240275
3.1224825704336756
3.8567080979160506
.6576887729840024
31.7795679968688
4.697677661113108
2.4984254443434084
11.37746362160907
1.598664368950015
15.689377399893885
7.283728875566336
.0019931049554930405
1.999309423520565
7.972419821972159
2.3561836479677756
1.9965495012599503
1.204360786452715
.09999136667605671
1.0397665710435577
.17140987471622854
2.6314894476846944
2.0741283722840054
13.24763687446009
.6251039095357741
16.650713791756797
14.378411169589706
2.0898989749793415
5.130521134204364
17.213368221137312
25.638828360009946
12.389002729445563
8.660043868082587
37.520914867508594
.0019931049554930405
2.0591358150594776
2.901764095234892
6.890809247021272
37.77948725857217
39.8340142247517
4.250629697938819
7.023647590697094
17.132439735094827
.0399861884704113
5.779714626790138
8.022659796236843
16.008796162727766
3.1015281136982584
.6300987561378564
21.14072691545618
21.255759278993445
1.808682671165419
7.8980413347408
.45041120184870514
14.950093190326472
19.44419846229611
1.5263996818642294
2.1505113438500483
34.07738120461414
27.791742896478354
.9139814495996678
.39996546670422684
.009999136667605673
.09996547117602819
3.580982670728835
7.535023092745817
.19434982689326727
14.977632310701493
14.867963117955243
.8242642317403447
5.628002454114274
41.73468689649289
.8182050355637474
13.549242708199596
1.8126752072686831
9.620784906827657
1.1639097804353526
.00012997082138044476
2.4725496558888147
4.843446023875235
.34926092085346366
.00013969207923037277
41.89814341611517
.3828759827992689
1.3199046293460315
.6690450125723045
.15187154090392005
.0019931049554930405
19.37565947814606
.8646337966955594
.46592342871026
1.1947571175988616
.0399861884704113
.7289831977164425
.5981803332017374
.6513851343804694
.5744844070949006
.00012997082138044476
4.410479283909993
10.616718112994153
.31188806739679015
7.002367955661023
.93280894091028
.5997928270561691
.39986188470411277
.1847306539768814
6.298721900834673
.0029844995286432913
2.4977536909496245
2.283149008021464
47.43245813213984
1.130799720414938
.17835282268979313
.17944140500116254
28.932460580540212
41.85325780971272
4.111282127701519
17.236816514113354
51.73040685933446
.2106323899951003
9.982747506299754
9.982747506299754
9.982747506299754
9.982747506299754
9.982747506299754
9.982747506299754
9.982747506299754
9.982747506299754
