3221613580197285e-26
7.165924944288568
1.1024160087890773
5.000174575148102
.16642609357958799
5.68439595717108
.004473486049262977
37.81982129407329
14214378282709798e-23
.6765372357652303
1.860080211231298
.013767770856240312
89.00377090144295
1.2106101786265924
2.907644191722476
1.7761028003048753
12.103594267593104
65.87113925087408
21.628777363832793
.0072300261069607845
63.47500055783908
7.0204500399290515
47.83001028243226
420616542019752e-20
2.855945804280957
17928608994114366e-27
18041019851605878e-34
1.3282677972229138
6.768959698020714
145.0277218662921
5.7868372147035245
.5218884440085285
10.638204465625513
211.6879374636727
79.58953844812511
1.0932453791989978
11.042902856936164
6.266626820095095
.9951761865774342
33.08570338957148
5.250392231335323
.0002700122961436417
.31741693516516545
.3410537752326328
46.42281740060895
266.2522917266591
17889425101078866e-23
19.79129749494678
.3924918774007849
34522235540759628e-28
.9489622156761857
891063419123796e-23
36.281014511635256
106.95003111024192
11720351877218043e-24
9101284761998285e-23
1.8614735015336656
.0001363278979893232
.00016930508312237673
2994196389601509e-23
8792141820574185e-28
23.6947682473245
.018801908200158698
3.490181245236721
10.007921665075813
.00332155072384911
4.798824222921879
.007348595231876207
2466304251762577e-23
646162640762818e-59
25838918816311484e-28
8.312468476782202
2.446990020571303
4.544846091579354
.9767541888820859
153.18038203042494
4.206042430554095
1.3219157592715838
1.4988975936426596
24.711394648782782
33.25228958551674
22.627823171852235
10.120759938486456
1.7853822954254686
.00031801587384952675
18.81225531604904
16.096286770094828
.0010241316590445153
5434396453088219e-20
24.253113585150746
.0811211017714756
.38374983352384967
23.809094237729404
.37258445182484023
6828101551049458e-30
7.353139460972024
.19767857831412952
11.416616711841849
35.359990190378326
5747342465309534e-24
2.0609652322791283
1.9365814974775042
1.036913123101104
6.656656429992826
.001239776941762793
.7969350890653727
12.577109912048087
5.342097041500061
.8318489570729719
8.310731116232551
9878906072495156e-24
20912000806221688e-25
4300309322894531e-25
.934069949460197
.0003654847455885763
.5104924878193283
101.42765189292682
16.590810652203903
.9894858211035437
.011061989370537307
7647214725493276e-26
101.01885393496384
351.4103022207
16.199684774642932
29.942104994456933
80.1253786740059
.0006823242968147943
2207.4639372512247
580.491305314671
236.40560551201133
513.509699122261
6496.857162891059
2436.306742215775
2228261705242396e-23
290505314571997e-22
.31999999999958767
.04128896815914216
.6357979853251398
.043986004738774176
.23999999999976804
.0019999999998711357
10.454088927728957
2.926915117017791
3.1255606729812224
3.8700501817913637
.6593709587781676
31.88950778255405
4.709486273938129
2.498986344116088
11.436554281194482
1.5992165596105108
15.743653996386616
7.308926562068811
.0019999999998711357
1.9999999999871136
7.999999999484542
2.356997491467443
1.9999999999355678
1.204631167020956
.09999999999983893
1.0399999999956444
.17144835645679093
2.645156504976832
2.0745940168103054
13.29346639482858
.6272664244526583
16.7083160821955
14.428152545640973
2.090791884907316
5.143345474992255
17.27291698571899
25.72752457184638
12.431861849024004
8.690002845718013
37.6507165482506
.0019999999998711357
2.0626944773407256
2.9024155450610514
6.901779696440823
37.910183457240294
39.97181795409391
4.265334533387332
7.047945539332713
17.191708531729418
.039999999999742276
5.79970925313162
8.050413776363673
16.064177772049273
3.105096250709036
.6302402141308836
21.250524629524616
21.329292488127688
1.8090887227854133
7.911690974355695
.4508002411274044
15.00181227101004
19.51146466969004
1.5269269117599331
2.1579509275561533
34.19527015724934
27.936083715609783
.9141866396278415
.3999999999993557
.009999999999983893
.09999999999935569
3.599581071480951
7.5741574287762194
.1943565388388261
15.055421016664582
14.919398073865452
.8244492801360289
5.657232376373073
41.951442603944294
.8183887236619827
13.596115618482187
1.8130821552182417
9.65406751881549
1.1641710796999538
.00012999999999945556
2.4731047465132208
4.860201677001026
.3493393303859779
.00013972578680540015
42.04308789453703
.3829619389570576
1.3244707717205773
.669276105736429
.15190563626304424
.0019999999998711357
19.442688578439302
.8648279081112584
.46602802912803215
1.1950253421309116
.039999999999742276
.729146855395647
.6002497073870572
.651531371193191
.574613379593991
.00012999999999945556
4.433385806720494
10.671857720273387
.31195808667493263
7.026592288490551
.9330183577348231
.5999999999961341
.39999999999742275
.18479446132995336
6.304162374373008
.002999999999710055
2.5107261704045176
2.2836615779532545
47.678806117068774
1.1310535864278561
.17896982513314943
.17999999998956198
29.032550944131216
41.99804700868113
4.125504897377168
17.296446396862045
51.909365548895224
.21066120325472393
9.999999999677838
9.999999999677838
9.999999999677838
9.999999999677838
9.999999999677838
9.999999999677838
9.999999999677838
9.999999999677838
