.003953651857147717
7.163166032839355
1.0471689312797905
5.042463866549661
.1993038501236077
6.2401073691078475
.004508262413235868
35.18897901963505
12158065089147267e-23
.6667105585784535
1.8425808056042194
.10773150390114862
88.27380286554401
8.88402972954918
18.439062291238095
14.344851746151846
23.718053186739382
58.33109567907813
21.338323512476734
.007170069262288228
63.310241308187855
6.941600382282172
49.062197119759155
38736325821280505e-22
3.024442731479645
.232971566220476
15555348175476644e-26
1.3384576281298501
6.152754264633261
140.86079042366973
7.80293663173867
.5853602129843882
10.526674485445206
208.66950775029196
94.74466811922201
6.486703113347868
10.239416472926795
6.196727059675877
8.227211602024196
32.62695781044438
33.84610093269116
.00034182698502496664
.3161305799179856
.32450440869322505
49.08199991972659
263.37590907525333
17758567747624992e-23
21.432575034123673
6.525619275053885
.04796963167007073
1.3186337288518524
1.02239816572299
35.91811724489547
103.93460229421292
1.2780397727790962
8.179006912010106
14.654713989056992
.0003068301403923606
.00031233015072497345
3.326654270612874
9042757197782735e-20
23.46443157399604
3.043001240641804
8.327058152193706
8.948892915733651
.4380342054901939
34.34847995714784
1.1314213884472184
15.135061561944738
.002894895721936157
.042087621198646105
7.543354668500419
2.206764199062469
11.616220583765038
6.644742121092289
150.04587289534174
30.23996259825035
8.42475843241753
10.23864933928118
21.608240355495983
29.6538324483074
22.212879402956037
8.367170357672666
1.4135377436777217
.00028547630844290094
15.097736893636307
15.521549856830914
.04961607936247448
30026072275173085e-25
16.347613114844552
3.494857996272241
.0061970965294345206
40.088028673009184
.2925282997477059
36766996039061275e-24
5.866369097213468
.16453721097407062
12.771868925828128
21.060718621422808
.4908216503308542
1.8197295320845033
1.841845243396606
.9185315171139662
5.608801030986135
.0013289368318270957
.7060196047665076
11.450068711482901
4.646784293030791
.8692979221274286
6.522379607715945
.955295492720456
.18125568323957256
.04068837558561528
.8757241794357098
.00032192854281046284
.4185902468143916
99.07610142158946
12.649845694684997
.9285220680963905
.01107682902191652
.0064520066734419625
100.22321702686882
348.64255149456716
16.072094066531065
29.7062772958475
79.49430134472661
.0006481618308672337
44.911486542776196
9.220472723738055
.014372302761232216
.03301044297055282
17.30568174894322
3.758601456655264
.12951002023791136
.16805895079855818
.3199493972576473
.041267752125304855
.6356723115540626
.043963402852446855
.23997153539474939
.0019842477540862858
10.422727086846685
2.925411143125241
3.1185173293748845
3.8395691909577585
.6555256542900583
31.638342100263518
4.682492231015121
2.4977022582888195
11.301707119475301
1.5979525103440377
15.619655042727263
7.251360558250537
.0019842477540862858
1.9984191643474785
7.936991016345138
2.3551344786489072
1.9921083071370498
1.2040121761199842
.09998023369450645
1.0394656036138876
.17136025897472454
2.6139677536948414
2.0735280018716487
13.188765419829831
.622325997007059
16.576719331398156
14.314514643073526
2.08874798469093
5.114029250877175
17.136873368820048
25.52489142658757
12.333946977313134
8.621559315365207
37.3541748777096
.0019842477540862858
2.0545554017642775
2.9009241600940894
6.876686801532216
37.611598193437445
39.656995003633504
4.231740234422901
6.992435054122229
17.056304522594044
.03996838328694956
5.7540300303106795
7.987007728122058
15.937654333742703
3.0969324709951693
.629916369813508
20.999962015919316
21.161300359271888
1.8081591357972033
7.880472657011477
.4499099677789937
14.883656153946859
19.357789976130427
1.5257200015193113
2.1409546408538027
33.92594400713381
27.606692405432227
.9137168915196977
.3999209347780258
.009998023369450645
.09992095821737383
3.557138804436808
7.484851366253153
.1943411710847322
14.87790419274475
14.801891061147096
.824025642912713
5.590528567657351
41.45679772874188
.8179682006112161
13.4890309410045
1.8121505162340297
9.578030896620623
1.163572878918473
.000129933200451736
2.471833959755289
4.821922131308524
.34915982493005077
.00013964861980907123
41.711951367481255
.38276515677000944
1.3140390771544088
.6687470979760727
.1518275806645944
.0019842477540862858
19.28955557382648
.8643835226257401
.4657885640390278
1.1944112871126946
.03996838328694956
.7287721886251718
.5955220669252294
.6511965865707211
.5743181187180629
.000129933200451736
4.381112239163054
10.546027012136395
.3117977892972596
6.971249984107861
.9325389330862767
.599525749304243
.3996838328694953
.18464839649471354
6.2917124525807715
.0029646273275596973
2.4811224725066436
2.2824881351797757
47.11663052458128
1.1304724028277
.17756023679627403
.17872356414574514
28.8038870049999
41.667265229177595
4.093011913810028
17.160217459429337
51.50052100653792
.21059523640625477
9.96054153568525
9.96054153568525
9.96054153568525
9.96054153568525
9.96054153568525
9.96054153568525
9.96054153568525
9.96054153568525
