.004439640627358149
7.162835557260211
1.0400707121090196
5.0447891486751795
.19989636143564016
6.253414255163248
.004511922558129571
34.78152465442155
11922262737243235e-23
.6648584657207779
1.840449044968331
.11487970383632663
88.18409354762899
9.456826507738109
19.438815277564455
15.096677350645436
24.233027459872353
57.41847630683797
21.301784321338985
.007162726284929457
63.28974849783415
6.929966943755565
49.10368072957299
38319792665913136e-22
3.03889287336881
.281601007588224
16639465798987747e-26
1.3395343954272754
6.1202978075975345
140.26868345943092
8.01951930039854
.5915495019054702
10.515553026720859
208.31013584210265
96.3488835317085
6.8064658953919634
10.118095811210763
6.189553261758474
8.841064495964792
32.58866700453573
35.55281762045683
.00034900001833958487
.3159728280487455
.32167843509884475
49.29971907440187
263.0169073680676
17736151546195495e-23
21.594967032025536
6.58867827167909
.058287100136451345
1.33420675707259
1.138162744456355
35.87380813594728
103.39238519008708
1.4107740669251705
8.865470191731829
15.363069753072443
.0003390690266940943
.00033728395628780227
3.679754866413297
994568910854838e-19
23.43499107555404
3.439540566848531
8.590856713679662
8.821636477457508
.48290027461878027
35.84765321757483
1.2716661613661595
17.074704286773112
.004829405953042681
.052044891276519685
7.536358514963453
2.2113612259449913
12.058212579857686
6.921376131515295
149.68358287355275
31.558686613429366
8.771580303251945
10.699563130990715
21.239319433744065
29.222715959928475
22.174975379460122
8.173377524763056
1.3712228906434354
.0002816038869173672
14.700461061181262
15.451399687187703
.05385244350216768
35718019759207437e-25
15.795175501816892
3.750487246239825
.006141487672579655
40.70078635821723
.28410776771149887
34851725668269736e-24
5.715867651870839
.16030623917741463
12.736766360272373
19.95304893401971
.5280014907142616
1.7850985622715478
1.8297843032296188
.904360917376758
5.490279067581165
.0013384338694081405
.70182858050069
11.418998743122655
4.565749790018377
.8731523408880392
6.326668231563925
1.043693081128202
.19645249034833195
.044208315798144285
.869330578778309
.00032028805470090446
.40900609685894856
98.71693185179333
12.381897470997567
.9191761875688185
.011070594128618862
.007027281466806701
100.12584961471181
348.3038433188184
16.05647993785285
29.677417482413848
79.41707218931953
.0006396776118602641
45.51417068075127
9.374892147793286
.017464967246559385
.04019320949395265
16.384462225213525
3.5709428629607523
.1254503672815398
.16315844337346827
.31994317764553604
.041265144971327564
.6356568652614817
.04396062539657153
.23996803671611286
.001982320046369201
10.41887854149103
2.9252263257580666
3.1176526472036072
3.835839028157046
.6550545339830465
31.607605275138308
4.6791847790056105
2.4975444620910277
11.285241608364478
1.5977972004966015
15.604480461074312
7.244315821181431
.001982320046369201
1.998224931932235
7.929280185476799
2.35490557599116
1.9911404000278758
1.2039361107911979
.09997780426048222
1.0393999337689568
.17134943302570313
2.610159451582886
2.07339700353763
13.175952460950947
.6217214038434774
16.56061495647155
14.300608012569876
2.0884968833681747
5.110437208049331
17.12022480113401
25.500093852756656
12.321964479300314
8.613183422591078
37.31788508928535
.001982320046369201
2.0535571534399093
2.900740889729887
6.873608648378586
37.57505831683178
39.61846801266302
4.227629075274656
6.985641864618909
17.039734227989733
.03996449863864468
5.748439958168264
7.979248305740348
15.922170814011805
3.0959304494844306
.6298765738739585
20.96936707090396
21.140742038405904
1.8080449025511531
7.8766437660415205
.4498006554630634
14.869196599303386
19.33898377562152
1.5255717121683245
2.138874691525599
33.892984764046716
27.566472083340226
.9136591660438683
.3999112170419289
.009997780426048222
.09991124659661164
3.551956391913812
7.473946650529141
.19433928214137747
14.856228503027996
14.787510941745545
.8239735838200397
5.5823836998711815
41.39639912201764
.8179165242068157
13.475926272503594
1.812036030826356
9.568725786391385
1.1634993684047448
.00012992499172111963
2.47167779782721
4.8172376071685505
.34913776621884424
.00013963913726868825
41.67142797498646
.3827409749900615
1.312762480890477
.6686821004188312
.15181798872269286
.001982320046369201
19.270815663418507
.8643289138616845
.4657591371270985
1.1943358283348997
.03996449863864468
.7287261473165891
.5949435139286382
.6511554462206114
.5742818352838962
.00012992499172111963
4.374729375805411
10.530662454985189
.31177809099035864
6.96447737601776
.9324800184989012
.5994674795796698
.3996449863864466
.18463044995743955
6.290183787495279
.0029603081478388506
2.477507713319691
2.282343935466603
47.04798608040964
1.1304009834876716
.17738773603974567
.1785672887174349
28.77590386874727
41.62678524951443
4.089035529996
17.143546212829573
51.45048796425591
.21058712908878216
9.95570200013938
9.95570200013938
9.95570200013938
9.95570200013938
9.95570200013938
9.95570200013938
9.95570200013938
9.95570200013938
