.007270232456679142
7.16093879500029
1.010138981052597
5.051407737124146
.2020429364148343
6.3020988245378
.0045306114459695455
32.25576677873255
110083010903816e-21
.6538309945645079
1.8281060965480838
.14552776209589022
87.66109416939209
12.043873408820069
23.741474715026598
18.18639286633572
26.0212445140813
53.181122223476486
21.08336954450821
.007120073867259892
63.169305216491026
6.861391341093943
49.147611708178125
3662019740255207e-21
3.1074382596036108
.5854085259667061
21372564191350126e-26
1.3452760146967666
5.919874922244059
136.74261251862308
9.168546998532678
.6225317466692224
10.457139570143585
206.26140366609013
104.80895882201769
8.138724391409559
9.371434564713159
6.151314418922538
11.765112049553963
32.40949674794094
42.03829052177157
.0003854021548987446
.3150556186955709
.3055087934296747
50.295434234975026
260.89725477027565
17581929102038537e-23
22.402235007938415
6.75723945544908
.1269843577651847
1.3984144805467675
1.7726917176810668
35.616908642950314
100.21128754752561
2.096463824487723
12.044720954709705
18.23944759083643
.0006133455069792951
.0005344985218010782
5.528076728798583
.00014611496398198213
23.260922104724784
5.6551400593335215
9.548726910167112
8.293253331948957
.7161199246259772
41.722705861944114
2.0301733976834035
26.665104454097705
.032447637848183185
.12131285612697837
7.466767243220372
2.2225759851098945
13.781963868631438
7.988466329452329
147.61638020672422
36.84566274701555
10.079666115966775
12.557122580324899
19.74416247379338
27.441852718105473
21.944818852989094
7.3956907405599255
1.192871711992278
.0002645212957640131
13.097645966987931
15.045284389667316
.07477970092797988
4305290701251953e-24
13.742694051278892
4.87783208870163
.005867687834572119
42.75775035813711
.2493168063494927
27742654462710142e-24
5.139309791473132
.14191545607912248
12.462653014326676
15.662909371667569
.6848328554320758
1.633045900768306
1.7578785853729633
.8366320169006559
4.995827898008545
.001388600800502176
.6769744472760395
11.21261910163611
4.240156176821956
.8930033981322524
5.522776499377669
1.460040177484489
.2632697535592664
.06039308975809547
.847334530206859
.0003083621361388999
.36863847928988824
96.54808046477729
11.128709386108959
.892289654791478
.011006733455520503
.00959163516641199
99.56062019290349
346.3376020261823
15.965838061589402
29.509882828886322
78.96874774595138
.0006051860406397464
47.48335098895712
9.94156153392812
.022849627176536873
.05306425820350023
12.83564179925077
2.8404224092454244
.10869410146166796
.1429152967506326
.31990695455444973
.04124996314309061
.6355669073710265
.043944451876172574
.23994766003437498
.0019711294735255255
10.396491309023885
2.9241501079557852
3.1126211572404308
3.814184988921643
.6523172636072603
31.429174345232003
4.659967242067886
2.496625592399331
11.189815596044676
1.5968929141465193
15.516390207632544
7.203420283627844
.0019711294735255255
1.9970940202434564
7.884517894102096
2.3535727979843903
1.9855122634140399
1.2034931715683987
.09996365544395064
1.0390175289264452
.17128639198555892
2.588088403693333
2.07263418161621
13.101571708928015
.6182116685356367
16.467127142359043
14.219878366533846
2.0870349692384953
5.089565810015912
17.023577883252063
25.356140983843034
12.252404651493828
8.564560367659569
37.1072185461969
.0019711294735255255
2.047752590284183
2.8996736803458325
6.85570762479721
37.36293998207043
39.394814242393906
4.20376330687386
6.946206590638288
16.943541694667758
.03994188040486911
5.71598892373152
7.934203934844383
15.83228713824008
3.0901007178429647
.6296448364606602
20.79205380195601
21.021398537751985
1.8073797061202597
7.854379727215738
.44916450470703706
14.785257162795036
19.229811542278007
1.524708302422109
2.1268003380008746
33.70165243323246
27.333374858138725
.9133230223919889
.39985462177580255
.009996365544395064
.09985470101217271
3.521921675230127
7.410748276059045
.1943282805491076
14.730606855450244
14.704032636275477
.823670436322799
5.535180048039488
41.046358473381
.8176156051577903
13.399852111388862
1.8113693660224812
9.514708513484372
1.1630713062332148
.00012987719111580572
2.470768444720375
4.790043386716083
.34900931520767126
.00013958391997854198
41.43618485614287
.3826001610477967
1.30535168756487
.66830365433333
.1517621334814313
.0019711294735255255
19.162028252004532
.8640109192655285
.4655877800356702
1.193896421144749
.03994188040486911
.7284580422315828
.5915849448909671
.6509158801135021
.5740705516887716
.00012987719111580572
4.337737435907378
10.441617030878337
.311663384949007
6.925161579591646
.9321369504814477
.5991282060730362
.39941880404869085
.18452595684926906
6.281287612882459
.0029352763043401084
2.4565583451290784
2.2815042400376893
46.65015660939474
1.1299850985178719
.176386348607195
.17765979051278674
28.613458430647796
41.39179414732791
4.065952148458994
17.04676764115293
51.16004019601526
.21053991505078745
9.927561317070198
9.927561317070198
9.927561317070198
9.927561317070198
9.927561317070198
9.927561317070198
9.927561317070198
9.927561317070198
