.010040934071848345
7.159113683212336
.9958475869751977
5.051246218998194
.20294027936882394
6.320674453086886
.004544782230590464
29.69181068324366
10631268537175122e-23
.6425137787883698
1.8161360672535267
.16251336908613767
87.14736725245005
13.794986550495071
26.48456474668027
19.956449364317617
26.7211253100029
50.296300832031
20.85771465033144
.007078513322480812
63.04955315916316
6.792446561467224
49.017471378639875
35865969017208896e-22
3.1529377179145373
.8765389636982376
24597594400623167e-26
1.3501828632800448
5.70880751616154
133.15159745543681
10.132323850620152
.6462392745884441
10.406790960356114
204.32371712239478
111.87059840250306
8.943571910606527
8.618168382939857
6.117761873017816
13.896815844180031
32.28073514007454
44.84518448305409
.00041385848643466834
.3141604549619537
.2900253452124471
50.95768576942799
258.7670169894867
17394861543261538e-23
22.999284622091345
6.794032667164628
.20256857759545216
1.4394758366190639
2.333533943546819
35.36740983268371
97.03255672542828
2.6480793539573875
14.222745085211667
19.892940118051005
.001125808585433701
.0008614656338747244
7.044966526761394
.00018464083953839846
23.088646900948152
7.597809108800559
9.942623476977785
8.032505598653055
.9163480304376813
44.87230421002575
2.6647226840697633
33.63995331630835
.08478155051763313
.1985036968285334
7.360821210962462
2.212471421048689
14.62281133827665
8.540953038887876
145.62511588294907
39.86637832236337
10.705012182111354
13.60875087035506
19.039640869572427
26.57500901700763
21.704259765808754
7.018535240897488
1.089798538109913
.0002544761360388983
12.287195076578612
14.652138479628178
.09148001499439053
4992450101513928e-24
12.913571479234502
5.586514206776824
.005778248402336965
43.5215595958018
.23037697988786127
2463198971187353e-23
4.89104434784288
.1307364044587827
12.124153702154956
13.683055851059708
.7718639607636024
1.5383630669648458
1.6847466575116854
.7880979706908974
4.731465015398286
.0014303948309439469
.6520021616472829
10.976357728232008
4.090110401945065
.9088063690922586
5.086102654827038
1.7427224053628891
.30247310565893454
.07116697341851468
.844737254247008
.0002937721586981253
.3461655750500285
94.25837490837614
10.25780553029059
.8985980081575529
.010905905469265138
.011076530375807745
99.01044044434653
344.4237134382106
15.877609595824453
29.346808915894584
78.53236028980109
.0005885933377008342
48.34536788807973
10.251313302058172
.027238291981742192
.06362255493721647
11.193881875319436
2.49811339193702
.0995584367068402
.13194238517285128
.3198715018504359
.04123510794447167
.6354788651567951
.043928626321164024
.23992771616218783
.0019602368583929936
10.374624338871035
2.923097044453773
3.1077039889260996
3.7931075053333654
.6496489871205787
31.255494277700194
4.641232756182217
2.495726491740172
11.097190165735185
1.5960082565261295
15.430645425745825
7.163613621589002
.0019602368583929936
1.9959876564866925
7.840947433571968
2.352268949684711
1.9800186155283643
1.2030597619665966
.09994980793007623
1.0386433513373108
.17122470724259706
2.5666651014044337
2.0718877714357804
13.029171402315294
.6147953826618555
16.376128514055154
14.14129821015222
2.08560497764784
5.069218570387386
16.929504264775197
25.216020972097066
12.184696908238353
8.517231939407013
36.902161163771616
.0019602368583929936
2.0420867317068816
2.8986294314503303
6.838230506384299
37.15646946305543
39.177115427819096
4.1805329831305205
6.907821311518316
16.849910362408327
.039919753129733844
5.684401923342012
7.890358905379778
15.744796685288689
3.084404964612797
.6294180847646023
20.619944358874122
20.905232650683313
1.80672882106562
7.832647705018343
.4485426851164511
14.703552679110468
19.123546104611698
1.5238636341249048
2.1150474735357374
33.51541447463252
27.107118617692663
.9129941107065693
.3997992317203049
.00999498079300762
.09979938282433455
3.4927684235179335
7.349404660331549
.19431751233384964
14.608671977525326
14.622777005656413
.8233738108958697
5.4893617385785705
40.70659088886616
.8173211602351018
13.325803484019325
1.8107170441861877
9.462129492508017
1.1626524536101916
.00012983041891716392
2.469878655901402
4.763573233547349
.3488836277572537
.0001395298921330807
41.207205268418925
.38246237664871024
1.2981382123790854
.6679334229200005
.1517074799383995
.0019602368583929936
19.056137390084405
.8636997661677643
.4654201096083539
1.1934664675856381
.039919753129733844
.7281957052965076
.5883158003677655
.6506814681541563
.5738638137569815
.00012983041891716392
4.301831142982181
10.355184929981705
.3115511467520998
6.8868925968433095
.9318012634047969
.5987962969460073
.3991975312973382
.18442373190203537
6.272591850748846
.002910979100473509
2.436223803255271
2.280682610245726
46.26400271857658
1.1295781611100324
.17541162389437623
.17677596021108852
28.455338228762585
41.163059866121394
4.043483379920293
16.95256587426612
50.87732582564803
.21049371022853436
9.90009307764182
9.90009307764182
9.90009307764182
9.90009307764182
9.90009307764182
9.90009307764182
9.90009307764182
9.90009307764182
