.010040934071848345
7.1591138451057645
.9959611619474924
5.051199068438615
.20292922429250967
6.320494022613611
.004544784251769448
29.690132097742975
10634624720070253e-23
.6425155690354051
1.8161361283912087
.16249212161630466
87.147369951772
13.793522060049211
26.482512592565012
19.954137467731943
26.71603658181031
50.30529516794345
20.857733516997904
.007078513317906343
63.049552979751546
6.792452356279228
49.01688738380198
3587250462408547e-21
3.152944107328429
.8765687393798601
2460427291378713e-25
1.3501822621026858
5.708785772620656
133.1517848425424
10.132313686470033
.6462383238754188
10.406821446686415
204.32383485307304
111.87034278079975
8.942911671835418
8.61770256750135
6.117778533220545
13.894959871328215
32.28095029136118
44.83948168321914
.0004138583305095882
.31416045496468503
.29002744545036657
50.95767803759897
258.7670290594652
17394826794089424e-23
22.99931639237275
6.794091366829716
.20265170952054382
1.4393859543213414
2.3335306600254477
35.367409744437225
97.03301170986205
2.6480871062878397
14.222885831890155
19.890944816459605
.001125690465567636
.0008613971653347391
7.045015590249291
.00018464395153190184
23.088625009117376
7.598548972240367
9.939733977628064
8.03424791492849
.9167740811725772
44.86820110911085
2.664982308526174
33.63524747413353
.08478316944287514
.19851063495382723
7.360762619582956
2.212447447764327
14.61810237458025
8.54020289165198
145.62557516629388
39.86289910108311
10.70402371864156
13.607480275910687
19.044677881784413
26.580970079504404
21.704273517833414
7.020868217507473
1.0901809203078565
.00025452101374826583
12.291585285154767
14.652137007582384
.09149193072458099
4994254443221286e-24
12.920632738420228
5.586206127767037
.0057789532704785465
43.515851375010904
.23045853764442176
24650147518631613e-24
4.892947696162483
.13077564854274845
12.12373839516369
13.706318645478273
.7718224760957837
1.5388315312737917
1.684746334865584
.7882116353744261
4.732830851325992
.0014303933330897843
.6520036168353769
10.976306427825175
4.091230316845383
.9088062395921892
5.087999790823858
1.7425949004859356
.3024529445170864
.0711683825121624
.844893901610797
.0002937664365430952
.3462693579219007
94.25877832297867
10.260002551215779
.8988904766245213
.010905876200630247
.011075590278895531
99.0104404459954
344.4237134439464
15.87760959608887
29.346808916383306
78.53236029110892
.0005887544145721371
48.334007020869585
10.248834893274042
.027238409101481304
.06362247949497489
11.206081073989926
2.500807217788349
.09959692347511163
.13199276173451063
.3198715018504359
.041235107944471674
.6354788651567951
.04392862632116403
.23992771616218783
.001960236858425638
10.374624338874495
2.9230970444537734
3.1077039889264224
3.7931075053965335
.6496489871237886
31.255494278220706
4.6412327562036
2.4957264917401725
11.097190166679503
1.5960082565261315
15.430645426002798
7.163613621708301
.001960236858425638
1.995987656486695
7.840947433702547
2.352268949684714
1.9800186155303752
1.2030597619665968
.09994980793007623
1.038643351337311
.17122470724259709
2.566665101622845
2.071887771435781
13.029171402532274
.614795382672094
16.37612851432787
14.14129821038772
2.0856049776478467
5.069218570410218
16.92950426505713
25.216020972517
12.18469690844127
8.517231939548854
36.902161164386165
.001960236858425638
2.0420867317089555
2.8986294314503307
6.838230506389281
37.15646946367421
39.17711542847153
4.18053298320014
6.907821311633355
16.849910362688934
.0399197531297339
5.684401923436677
7.89035890551118
15.744796685550893
3.084404964613398
.6294180847646024
20.61994436062878
20.905232651031458
1.8067288210656205
7.8326477050262975
.44854268511647827
14.703552679355331
19.12354610493017
1.5238636341249068
2.1150474735709603
33.51541447519067
27.107118619999348
.9129941107065696
.3997992317203049
.00999498079300762
.09979938282433469
3.492768423815151
7.349404660956948
.19431751233384964
14.608671978768454
14.622777005899932
.8233738108958699
5.489361739045689
40.70659089233009
.8173211602351019
13.325803484241245
1.8107170441861882
9.462129492665595
1.1626524536101919
.00012983041891716395
2.4698786559014025
4.763573233626678
.34888362775725373
.00013952989213308073
41.20720526910517
.3824623766487103
1.298138212400704
.6679334229200014
.15170747993839953
.001960236858425638
19.056137390401755
.8636997661677646
.465420109608354
1.1934664675856383
.0399197531297339
.7281957052965077
.588315800377563
.6506814681541564
.5738638137569816
.00012983041891716395
4.301831143348246
10.355184930862881
.31155114675209983
6.886892596958
.9318012634047971
.5987962969460081
.39919753129733876
.18442373190203562
6.272591850749225
.0029109791007212193
2.436223803462582
2.2806826102457265
46.264002722513425
1.1295781611100326
.17541162389729742
.1767759602130145
28.455338229236464
41.1630598668069
4.043483379987631
16.952565874548437
50.87732582649531
.21049371022853436
9.900093077651874
9.900093077651874
9.900093077651874
9.900093077651874
9.900093077651874
9.900093077651874
9.900093077651874
9.900093077651874
