.01124856698094384
7.158324337227118
.9928850835024146
5.050197558610843
.20315562522050187
6.323853482792676
.004549777865879512
28.58388690887343
10566872022666722e-23
.637387156453687
1.8109510134381925
.1669849598108856
86.92248766967951
14.40801822869087
27.41875887314384
20.497994553166656
26.86377146622977
49.27355424881392
20.7547382510215
.007060456589735957
62.99675888147533
6.761701026762626
48.9291247476114
35728012125013915e-22
3.167212046771503
.99463336639001
2577627180262064e-25
1.352139870007613
5.6129182694308835
131.5406229121691
10.509780809634869
.6549818957466264
10.386107503715566
203.49881331878842
114.63759929148844
9.207572502685153
8.293310045356824
6.103880402596952
14.674523684037819
32.23309779194918
45.40334977751916
.0004244996708605363
.3137711053885461
.2833561129679627
51.18078577808906
257.81825639578614
17302557666037968e-23
23.209783781021322
6.795342163312813
.2370306536608719
1.4539861418269586
2.561091480900188
35.259289406327866
95.62127758696708
2.858618660000192
14.9784550207201
20.411966988474873
.0014832438900148955
.0010712416118143287
7.631015391417117
.00019986546055233013
23.01344307247425
8.36913154698978
10.02432205123487
7.970871284418411
.9989865949295695
45.80082175511769
2.9099669268672197
36.10543537521129
.11225145246692629
.23294964596952072
7.304857086595898
2.2025612268945927
14.838726387033498
8.697907952809388
144.75827464066785
40.81896920710713
10.862882044690682
13.93112551844339
18.881634978911627
26.374322649147025
21.594632609370358
6.925774557296964
1.0574831452392626
.0002514574159621489
12.071784181845901
14.482219774199908
.0980414451092321
5348846860638021e-24
12.753953690478218
5.815865414126849
.005784639843939871
43.669097179950285
.22485198031191855
23913305197950973e-24
4.840173139868845
.12710129178556057
11.963889768774878
13.171175246046765
.7962938850580716
1.506316881815897
1.652010225781892
.7704578151948305
4.657690243251288
.0014466861681165315
.6409141651214608
10.863981467907536
4.057557597311205
.9147587140619281
4.9577283403664
1.8370391975437128
.31378466026992746
.07475470343317454
.8475400838202999
.00028673367998496656
.3395063129904735
93.19696876057553
9.944740294486918
.9079324506818495
.010851538428555596
.0114815849192854
98.77159246897719
343.5928424082999
15.839307221967232
29.27601410009884
78.34291263991675
.0005844585775485412
48.55574899618201
10.345061257234489
.029205289204524396
.06833666870437292
10.77132527841003
2.408721702668515
.09688808071953257
.1287607846207914
.3198560507295319
.04122863485905988
.6354404950557018
.04392173040735722
.239919023981468
.0019555080782484922
10.365107839045965
2.9226381768096976
3.105563232407794
3.783957197103837
.6484894149741953
31.18009504208531
4.633090763715767
2.4953347127064602
11.057058909388363
1.5956228246552726
15.393421286533423
7.146332468185725
.0019555080782484922
1.9955056306240433
7.822032312993964
2.3517008828101638
1.9776289231141515
1.2028709056986522
.0999437729784125
1.0384803051501967
.1711978283956669
2.5573831576328523
2.071562526585538
12.99774046234354
.6133122801551281
16.33662353738384
14.107184429510191
2.084982010777404
5.060375533161594
16.88866435133272
25.15519106841189
12.155303137501036
8.496685382949444
36.81314018334608
.0019555080782484922
2.0396221290341323
2.8981744047310563
6.8306269100355
37.06683500164616
39.082606458272544
4.170448068504302
6.891157219054282
16.80926245742826
.03991011261248087
5.670689148361085
7.871324586968209
15.70681470284314
3.081925710385389
.6293192787416403
20.545375548160372
20.85480188327301
1.8064452008556178
7.823194451065532
.4482719294142219
14.66808254310884
19.077413391248644
1.5234956249939806
2.1099452357858914
33.43456351734959
27.009089953695423
.912850788931663
.39977509191365
.009994377297841249
.09977528153120209
3.4801373716146244
7.322826685365329
.19431281910607268
14.55584199522702
14.58750172896434
.8232445577116431
5.469510318550505
40.55938185580746
.8171928571957068
13.293656963227743
1.8104327979050976
9.439303511108223
1.1624699404797163
.00012981003814377466
2.4694909344598113
4.752081820952371
.34882886002088
.00013950635019997076
41.10779900878792
.38240233772182847
1.2950066468352415
.6677721187238904
.15168366490494378
.0019555080782484922
19.010167290228722
.8635641826168722
.4653470479802405
1.193279117272619
.03991011261248087
.7280813931670662
.5868965759186568
.6505793242062153
.5737737286410124
.00012981003814377466
4.286274242020637
10.317737019768632
.3115022394669344
6.87027899179358
.9316549892838962
.5986516891872126
.39910112612480836
.1843791940472174
6.268805499822387
.0029004519988598
2.4274135800810703
2.280324588790971
46.09669617295551
1.1294008399805233
.17498846941657173
.17639211271401586
28.38669395353375
41.06376010071376
4.033729077097285
16.91167032811753
50.75459183707949
.2104735746528116
9.888144615570756
9.888144615570756
9.888144615570756
9.888144615570756
9.888144615570756
9.888144615570756
9.888144615570756
9.888144615570756
