.023267321551931643
7.150575887674502
1.0065064608526662
5.039876225982902
.2039792458544969
6.314260637032624
.004568337593498029
19.290692059731033
11190257381043122e-23
.578596469361229
1.760294612771518
.14650583704974016
84.57893878927754
18.158984567202314
32.95456781771238
22.217475708076808
26.45264147265228
40.35307702769968
19.47263095499906
.006882578755581821
62.44897740780657
6.424802281906529
47.346978600405166
36850926233610284e-22
3.17405667175116
1.7343792661203161
33442318305521405e-26
1.3672494022242432
4.554164848706537
113.95606001431413
13.231544316618292
.7090621288787098
10.192304947579315
195.89402366331734
135.08673350541505
10.610515680266284
5.5678620329903445
5.9744358777771405
19.820737617712858
31.832777760272535
41.86750866417249
.0004927525214651181
.30992297095568905
.21938772509881713
52.27656297349086
247.3455259841723
15981771185016058e-23
24.1326299550965
6.678103939985009
.5936094313159322
1.5522181623766633
4.3764618321257975
34.20546764003018
80.63734873832004
4.299407987024899
19.250929576306202
22.670431497247083
.03923821083464489
.014620735126526051
11.741830555538789
.0003227346391557944
22.2744612782433
13.979197192259345
9.788445613966262
8.01554068417011
1.73749481098327
48.589093210965395
4.61843764050859
49.74559468181941
.3695538098146108
.5460453412696181
6.486252916794805
1.9645604399388836
14.960000228232259
9.023008938652849
135.78669963222893
45.08295605128958
10.649507939030249
14.938424457260188
19.11589780650432
26.612207171489867
20.335207348874693
6.836272481820494
.8624950171332982
.0002381288373817884
11.480115313455116
12.843160646402126
.14811596691348605
9508627742325917e-24
13.04951375571442
6.773722204484978
.006626088599517601
43.09247809179951
.20106580888753123
2440076014909374e-23
5.002414066249105
.10323324488425772
10.15228428143942
10.739176948523385
.8122733747918695
1.2271926881365287
1.2987438151016297
.6337806934559091
4.386194792400979
.001562253784799127
.5238453055575814
9.458017100974157
4.118058529809397
.952195619307146
4.344044535319475
2.1933993788172144
.3189670214987879
.08752082085067683
.9219646642937699
.00020357647152760168
.3042723833481741
79.68417038969405
7.458091675615332
1.0839812920173781
.009968454576131516
.010831117807719327
96.42567734703981
335.4322000146052
15.463109274721463
28.580682148160893
76.48219723719279
.0005561689571625255
48.499473435241704
10.643048304758878
.0442349332920386
.10328210324099779
8.815859456558899
1.9228876839363043
.08557077898038827
.1150281107913395
.3197023168314221
.04116426796711948
.6350587496020856
.04385315900583908
.23983253373899568
.0019090629834883292
10.270870999450098
2.9180753011202487
3.08433793423487
3.6940847733881044
.6370611802156829
30.439539436629754
4.552833398456012
2.491438950929313
10.665484455823206
1.5917919509095002
15.027813535643169
6.97660057478961
.0019090629834883292
1.9907146925578676
7.636251933953313
2.3460547683082513
1.954002550645589
1.2009929618406994
.09988373103703703
1.036859010877118
.17093055124330803
2.466816043835842
2.0683283656255074
12.689032309124224
.5987455558924035
15.948613875498687
13.772125973390414
2.0787921747227043
4.973203137723481
16.487543218213798
24.557732410031488
11.866603636670847
8.294881380118714
35.93879463435398
.0019090629834883292
2.0152551350280983
2.8936497223259403
6.755412708040369
36.18646397006611
38.154359021905805
4.071396135204434
6.7274859698243485
16.410027191479898
.03981429385115736
5.536005125430861
7.684373471605296
15.333763573385639
3.0573597181672985
.628336774078334
19.81778204707747
20.359481377851935
1.8036249458693145
7.729732172154374
.44558617221053937
14.319702246835778
18.62430747847279
1.519837918861048
2.0598321181235986
32.64046223589702
26.052590605488955
.9114256297361248
.3995349241481481
.0099883731037037
.09953573462789334
3.356891859332457
7.063496253885075
.19426611675768157
14.040361710445119
14.24103530028938
.8219592933882452
5.275813194224171
39.12301275284075
.8159170408968311
12.97792052407213
1.8076063174100125
9.215111470727576
1.1606550713408614
.00012960737635963986
2.465635520457636
4.639215557224191
.3482842620826894
.00013927226961369906
40.1314514080892
.38180532426178937
1.2642490615834456
.666168888538003
.15144685361828739
.0019090629834883292
18.558658533490664
.8622159705643481
.4646205397353151
1.1914161482885917
.03981429385115736
.726944699300825
.572957248648083
.649563627974628
.5728779426971913
.00012960737635963986
4.134480215426048
9.952344896180104
.3110159165252337
6.707103619443078
.9302004726299742
.5972144077673598
.39814293851157334
.18393652463761254
6.231246847529271
.0027977354522760465
2.341449206192295
2.276764504715971
44.464228736270535
1.1276375989206886
.17083233417254448
.17261706981077968
27.712484163625593
40.08845846412095
3.9379243441450127
16.510002782133483
49.549124136072635
.21027328381550098
9.770012753227947
9.770012753227947
9.770012753227947
9.770012753227947
9.770012753227947
9.770012753227947
9.770012753227947
9.770012753227947
