.025260851560435085
7.149307994305725
1.0116145995850934
5.040257319494879
.204072647739864
6.312824739783466
.0045671497412674705
18.15165043255034
1138508218870575e-22
.5674136863110241
1.7520436542550353
.13345390190020104
84.14062804478303
18.55390928121075
33.5321678150414
22.11168981724805
26.241713736980802
38.598774008731425
19.18869384555734
.006853378494252405
62.353626779712364
6.3624841376739525
46.95933917892329
3720756756863631e-21
3.156313582419442
1.7686886820266015
34182325401238046e-26
1.3691635500972965
4.362286987638514
110.78588651900198
13.54495441727973
.7142026384904869
10.160118392307918
194.73516487598937
137.58177468658826
10.73363749114978
5.232545589128036
5.953350727778894
20.40335664449036
31.76415018563185
40.72299335271
.0004995790879413813
.3092893700874102
.2093443356484674
52.345899075771335
245.3366359867576
1567544900435632e-22
24.128613170818575
6.651668178103963
.6520446350377533
1.5636569726912444
4.613351063721764
34.03483812718511
78.01687510750247
4.45823292307649
19.64140194167457
22.775593509938503
.07622666886338929
.02490343996763269
12.204569908713317
.0003400186301669916
22.15454600708816
14.628838851204971
9.66927750396646
8.06664746963457
1.8488948529512121
48.42355833669243
4.81286532380132
50.803545021432484
.4014075530719609
.5903803378743104
6.3079316851310265
1.9047043639821188
14.793959904829174
8.952343742748292
134.19291205419262
45.29729458918981
10.42502133069814
14.85721506602641
19.263352406144648
26.800016358557155
20.095237025229817
6.869848753782662
.8348304432306053
.00023693938241787469
11.468206863363521
12.581041810949952
.15419370208444388
10352948046419235e-24
13.138829318305254
6.799865257802929
.006859028338062977
42.83668382595575
.1990270797422733
25142874934667573e-24
5.0708397498578694
.09969950799628102
9.827362044999905
10.409209865019257
.7920117537071156
1.1729151597486704
1.2361139815138016
.6129384520844016
4.363822161255411
.0015751782506146588
.5032049733370414
9.172960225482807
4.147353987406514
.9555729679130636
4.275878199761465
2.1822320816373053
.30813449520200475
.08669873895527672
.9362001111688166
.0001886376161980889
.2990282058833613
76.7777121251995
7.060403704104374
1.118782495617625
.0097566162738483
.010241780119115855
96.04198778929208
334.09747428574417
15.401579672625235
28.466956120039892
76.17786522479845
.0005475052040012592
48.27910623299757
10.619614656116873
.04615055999094631
.10738394696230709
8.563568258165228
1.8456672927634068
.08467290609835242
.11376031902915866
.3196768244013384
.04115360126291368
.634995452323039
.04384179554187614
.2398181907673064
.0019014665885030916
10.2553231503106
2.9173191539172385
3.0808313840430253
3.6793855584903685
.6351851681415891
30.318416788121407
4.53965632644186
2.4907933560080675
10.601888924866998
1.5911574204091787
14.968016028505584
6.948839828246037
.0019014665885030916
1.989921140869694
7.605866354012362
2.3451195686390576
1.9501110681066864
1.2006817541523365
.09987377547245402
1.0365903344517053
.17088625880911965
2.4521070564730243
2.067792409371063
12.63854109839192
.59636307413169
15.88515239124532
13.717325000564909
2.0777672556045017
4.958889901563881
16.4219372682242
24.460014190705117
11.81938497016426
8.26187503309713
35.7957897771559
.0019014665885030916
2.011241665257138
2.8928999044089085
6.743017384626419
36.042473606304824
38.00253816316737
4.055195552273498
6.700716480747016
16.344729687236644
.03979842281739388
5.51397668428628
7.653796410183398
15.272748653646929
3.0533039751214117
.628173956109214
19.69961372787185
20.278468512598977
1.803157580973839
7.714338068513929
.44514224878812336
14.262722401079618
18.550199082282276
1.5192320711467715
2.0516357943208323
32.510581846517965
25.897245732107592
.9111894562760322
.3994951018898161
.009987377547245397
.09949605704348465
3.3368755796181055
7.0213784488726905
.19425837140542068
13.956642657504634
14.18436847993019
.821746302921397
5.244354881880069
38.88973232578383
.8157056161306075
12.92627979181733
1.807137920840353
9.178443415681675
1.1603543162213767
.00012957379180646324
2.464996611858629
4.620755551399795
.34819401281101187
.00013923348106683825
39.97176345705593
.3817063888340696
1.2592184600189256
.6659033359462205
.15140760990352642
.0019014665885030916
18.48481136247751
.8619925485730503
.46450014478819124
1.1911074221951272
.03979842281739388
.7267563295212964
.5706773817143934
.6493953095901498
.5727294955156295
.00012957379180646324
4.109827377046598
9.893001632350554
.3109353244256117
6.680415234229559
.9299594341326648
.5969763422609077
.3979842281739386
.18386320265923528
6.225038853208552
.0027810532778938636
2.32748774892408
2.276174537379798
44.19910001691851
1.1273453994643876
.17015257143142554
.17199876866047628
27.602212801418162
39.92894158726741
3.922254861786999
16.444307462793475
49.35196211398869
.21024008035526498
9.750555340533435
9.750555340533435
9.750555340533435
9.750555340533435
9.750555340533435
9.750555340533435
9.750555340533435
9.750555340533435
