.030280781989066738
7.1461469086971485
1.0256097202722823
5.04493593650863
.20430001370327946
6.312393613320705
.004560360047842536
15.789931521646183
11929834214522794e-23
.537710346250741
1.7314359072515428
.088213654705998
82.77594608195182
19.382081177338176
34.75680016892312
21.497610098476898
25.587168770950957
33.52600804490759
18.31761082654798
.006780195640308771
62.10660119222557
6.19681508088007
45.77178431650232
3818030698458361e-21
3.0932018700589228
1.7417768928215638
3558352536252364e-25
1.3734239650556663
3.8601467812404846
102.56755486350443
14.20796931309766
.724147759976496
10.07801326643195
191.9420536805107
143.09063898160508
10.970842250841025
4.535000806957656
5.900214330404806
21.650065475226036
31.581244521547877
37.93322045854231
.0005131473397591283
.30769975287232476
.18521356938642347
52.445410370669535
239.69423344160762
1475180518071072e-22
23.964981599225542
6.5837522939072395
.7972310173134176
1.587290290559162
5.148855657897108
33.610816296801104
71.37178571491047
4.791195977591604
20.418169033301027
22.852472932698422
.4910165805771807
.11155735847597144
13.179229457694593
.00038111291157150835
21.85674658520333
16.013627437726353
9.306407694993954
8.214383179656862
2.1212100865410055
47.49908162962453
5.231431265081177
52.46863368445634
.4692246047700048
.6932340453280352
5.802963253703855
1.7315632756730606
14.212863553285255
8.667339719903438
129.98487118194834
45.4818842578888
9.694307563545017
14.410670756376238
19.664601933105757
27.338203377148353
19.45325513775254
6.964922386769992
.7633431107537894
.00023428113717157803
11.454724191975968
11.9341103929404
.16715064776974517
12817030098179787e-24
13.28905154800485
6.772804876197388
.007575729369081995
42.04881004186426
.1945843045261555
27697667067725096e-24
5.258647922166644
.09066292195632945
8.99942241725541
9.574530192245996
.7260941547197328
1.0243962446687938
1.0762825804515301
.5607195949945202
4.306594033498682
.0016018600158711628
.4493798466322487
8.381541196475146
4.216963588259562
.9615081221757543
4.109817943276472
2.0910099660712183
.27246377086900503
.08198232658910815
.9705323987902468
.0001512930034286696
.2837525756389281
68.39077496959806
6.0407848395579515
1.2095636127557106
.009135704723962412
.008501330706123232
95.08256389585623
330.7599642347282
15.247723594937723
28.182581769783045
75.41687656004952
.0005177964569078297
47.524349244804604
10.486062867329057
.05048725438050886
.11600968086673064
7.937287390687201
1.641450193234825
.08280564754453858
.11078648928668455
.31961264062878986
.04112675355617223
.6348360906738274
.043813194116153815
.23978207736768078
.0018824716414015989
10.2162761087871
2.91541595889391
3.0720191486990176
3.6426298592463753
.6304855950989928
30.015547031390764
4.5066436767374265
2.489168417059263
10.443422918005842
1.5895607221644195
14.818491091073165
6.879423491533967
.0018824716414015989
1.9879242903053926
7.529886565606391
2.3427662827535958
1.9403461762617111
1.1998984557134136
.09984871064795166
1.035914085655577
.17077477636233834
2.4154555110371985
2.066443426961132
12.512286752901165
.5904056278557959
15.726465601166932
13.580294003367719
2.0751886329617344
4.923029785338156
16.257888195997527
24.215667706542085
11.701313691059013
8.179341960908694
35.4382030925492
.0018824716414015989
2.0011706710165833
2.8910126399683125
6.711905231031581
35.68242264159254
37.62290687934865
4.014685650354957
6.6337788043957895
16.18145189015388
.03975848580610786
5.458894099049093
7.577337818264894
15.12017955013257
3.043114978118381
.6277641491995223
19.40516439471189
20.075894121323795
1.8019812405210716
7.675709665174959
.4440263582373127
14.120243085813255
18.364889462633634
1.5177075487140643
2.0311407124612386
32.185813172617934
25.51016064293602
.9105950162621019
.39939484259180663
.009984871064795162
.09939621451526959
3.2869994346931843
6.916430187922314
.19423886911424582
13.74803328168526
14.042671891321467
.8212102136587403
5.165967720631371
38.30844906265594
.8151734676795079
12.797151043329585
1.8059589837011674
9.086754164758698
1.1595973265183597
.0001294892607069472
2.4633885021398445
4.574595914518211
.34796685867484384
.00013913585503382453
39.57246034176013
.38145737195889284
1.2466393338949622
.6652351137615096
.15130883490001834
.0018824716414015989
18.300154941936484
.8614302035425496
.4641971150827478
1.1903303698403558
.03975848580610786
.7262822096336388
.5649765259942743
.6489716583349469
.5723558593558302
.0001294892607069472
4.04839795272942
9.745131335306374
.31073247704046053
6.613680359813441
.9293527489969087
.5963772870916173
.39758485806107835
.18367869919704083
6.209433814474
.0027394849865319073
2.2926988832602295
2.274689611040508
43.53845784869981
1.1266099440545978
.16845281025073222
.17045160981969296
27.32647691669781
39.530066246593755
3.88307298813816
16.28003492060679
48.858954287620264
.21015649356920468
9.701730881308556
9.701730881308556
9.701730881308556
9.701730881308556
9.701730881308556
9.701730881308556
9.701730881308556
9.701730881308556
