.033307182409194946
7.14426979839381
1.0345393561548313
5.050422893770084
.20442965470671315
6.314285454202191
.004554072803916782
14.681811138946152
12289669645179967e-23
.5190201813864502
1.719120425520758
.051779801108814055
81.25942270541701
19.77881250822884
35.35850296599523
20.8967946106909
25.102805276384068
30.008799749794346
17.645963192043375
.006736296119437474
61.952196816115375
6.09133425144429
44.87300580361245
3879998461947662e-21
3.044345150349436
1.6546252419670027
36179288131228426e-26
1.375651812832853
3.544728132903015
97.5060336166364
14.532446170971475
.7284592047026669
10.027829269000577
190.34262243799935
145.95995353733002
11.071267403326972
4.20596728972123
5.868172835689067
22.25785013639021
31.46425283497959
36.42186161771152
.0005192726438443931
.30674544768115264
.17168349801975896
52.46530116628795
235.72259759048936
14064421473437593e-23
23.76831957035245
6.542625362813306
.8840560493193227
1.5977690637778446
5.43909504012222
33.3591874750326
67.40878959774344
4.953496218592763
20.778504331608328
22.78843075894032
1.6970745838736048
.3080066543256473
13.656019581494347
.0004044558510252874
21.68024243450732
16.70168964732563
9.044421870877198
8.312477545867353
2.281457158368968
46.60978217593205
5.443806577472758
52.84070415702724
.5030805174044468
.7500735968140199
5.457446193589856
1.6123598400778738
13.754718586752135
8.423924920011913
127.29100292816337
45.38672353922539
9.147954084840297
13.97570462012892
19.914918903800444
27.693957823885228
19.043831541008593
7.022430855718284
.7188667059171946
.00023280831064174877
11.446721216516394
11.553424091793898
.17349039914121847
1460764912126817e-23
13.324196293094149
6.705153498562712
.0081217826719797
41.466539111915736
.19218636017744584
29801688982431482e-24
5.378343485239012
.08515335094463869
8.50448397418983
9.075288790184429
.6794613434107505
.9293395975130633
.9804724662580372
.5294584402102498
4.267946606173951
.0016143459165008092
.4154685651266928
7.849422417187374
4.251065718586623
.9635312703970143
4.0118704921180806
1.9974757628943183
.24676240659089668
.07763825472650053
.9894288792137444
.00012963798507575135
.27267405637298864
62.53877313194191
5.414652916161561
1.2661355930778682
.008704869132487806
.007367022372709345
94.50878630592507
328.763986766849
15.155710908933354
28.012513429349827
74.96177194465277
.0004945440369171937
46.933464867884055
10.355483581174227
.05275092600800241
.11996632940256254
7.57146272857634
1.513945587929756
.08185241068574714
.10902070561301677
.31957395193739146
.04111057615558356
.6347400345310431
.043795959991624195
.2397603080585449
.0018711118294943369
10.192807416460893
2.9142691664103944
3.066718638379519
3.6206483381765513
.6276691474988328
29.8344176262666
4.486857216937115
2.4881892910370635
10.349034115521636
1.588598883837101
14.72906861700142
6.837909476036746
.0018711118294943369
1.9867214034023875
7.484447317977343
2.3413486820471356
1.9344827887333225
1.1994264700518833
.09983360268205664
1.0355066040118774
.17070760130647405
2.393624359035531
2.0656305817880716
12.43678111397592
.5868428135568049
15.631563937170407
13.498343453818556
2.0736355872660943
4.9015359637299
16.159779651967447
24.06953778654485
11.630701884923473
8.129983562005048
35.22435056345454
.0018711118294943369
1.9951234824797304
2.8898754466442687
6.693217832044343
35.467096364856644
37.39587071255911
3.9904589513429816
6.593747136563487
16.08380460250513
.03973442806804775
5.42595229593078
7.531612225124387
15.028936531159042
3.036988702062016
.627517215239541
19.22977838922244
19.954745745925937
1.8012724227841852
7.65251501008046
.4433549655626345
14.035034202974401
18.25406617828506
1.5167891885220575
2.018883754139379
31.991587254053236
25.2795970113402
.9102368294596355
.39933441072822656
.00998336026820566
.09933607017011932
3.2572911730587712
6.853918732815194
.1942271125781474
13.62377704805769
13.957931113371666
.8208871867858383
5.1192771374144685
37.962213095728174
.8148528153888307
12.719926385276937
1.8052486013004236
9.03191996917829
1.1591411934942197
.00012943832550148476
2.4624195167675804
4.546990426075387
.34782998428584844
.00013907703162441208
39.33365955650353
.381307323920084
1.2391164644727715
.6648325820304647
.15124931686314144
.0018711118294943369
18.189722299318095
.8610913559487843
.46401452097955553
1.1898621478300904
.03973442806804775
.7259965231344693
.5615671641074015
.6487163823022
.5721307205054363
.00012943832550148476
4.011808087726558
9.657053768783143
.3106102489693796
6.573769976437734
.9289871837526652
.5960164210207157
.3973442806804773
.18356755577839928
6.200044803439865
.0027147252205689315
2.271977219132782
2.273794851258353
43.14495248837753
1.1261667867714134
.16743627847537265
.16952559566813627
27.16157475773052
39.291521289332906
3.8596405083083036
16.181792731734266
48.56411397317089
.21010611707896173
9.672413943666612
9.672413943666612
9.672413943666612
9.672413943666612
9.672413943666612
9.672413943666612
9.672413943666612
9.672413943666612
