.033307182409194946
7.144269909545574
1.034473891568091
5.050440926433659
.20443002033358318
6.314415813288907
.004554067873143788
14.686782167926479
1228745321177512e-22
.5190066579470224
1.719120249994874
.051903812087022785
81.26539402192999
19.776468991146622
35.35533475088784
20.899085245737346
25.1070638546974
30.00397790006293
17.645662335286843
.006736295718148118
61.9521811318735
6.091280468563595
44.87479368380286
38795881799753945e-22
3.04428979688632
1.6542786368648528
36173026964620473e-26
1.3756518908475672
3.54492728063498
97.5043425639459
14.532495313904453
.7284605229988806
10.027771262446926
190.34230230063653
145.9604094290838
11.07048802371764
4.207364187079607
5.868140809232592
22.254098443900283
31.463837583031165
36.4280010361791
.0005192737410938355
.30674544767494344
.17167376168462045
52.46527686957759
235.71802170489298
14063190215160966e-23
23.768281162512107
6.542591138377629
.8842448795435786
1.5978668580637014
5.442168727659508
33.3591810223717
67.40612072719027
4.953658529641641
20.778687859281746
22.789687502543064
1.6979452679943812
.3083045736236947
13.656457067880266
.0004044721283154589
21.680219356883793
16.702113896465477
9.046687141630699
8.311437964140692
2.28099875662323
46.6130357361735
5.443859145020714
52.84726361886536
.5030899924095242
.7501412926782117
5.457943887434991
1.6125436763460859
13.758461064611106
8.424624854611329
127.29045246900753
45.38856001371972
9.149179838038847
13.977246123046946
19.91168560822228
27.690362163638664
19.04359885682496
7.021003546326597
.7186795403818402
.0002327843405450024
11.4442462322354
11.553424865396162
.17347319499427227
14602089392704041e-24
13.319353500772975
6.705323393244058
.008121817660703707
41.471468105154734
.19214438092445835
29794482535810427e-24
5.377097895661221
.08513347673645265
8.504115346761731
9.074477511283723
.6794808085485082
.9291320817626068
.9804537027831922
.5294060730164645
4.267218240926304
.001614347389341402
.41549606870406386
7.850002573364741
4.2503624025651305
.963532459394456
4.010811275765922
1.9976918500083407
.2467913540056208
.07763973260389358
.9893291131394184
.00012964781279642913
.27262787041199893
62.53556923847502
5.414467820859716
1.265884134811723
.008704695911280471
.007368405006346777
94.50878630517836
328.76398676425146
15.15571090881361
28.012513429128504
74.9617719440605
.000494459705097399
46.94783561668504
10.358799887458598
.05274666190755979
.11995971438563212
7.563847957933306
1.5125300807502935
.08185737766508233
.1090290850336457
.31957395193739146
.04111057615558356
.6347400345310431
.043795959991624195
.2397603080585449
.0018711118294795534
10.192807416460212
2.9142691664103944
3.0667186383794682
3.620648338147945
.6276691474977193
29.83441762603088
4.486857216929809
2.4881892910370635
10.349034114907239
1.5885988838371008
14.729068616885048
6.837909475982721
.0018711118294795534
1.9867214034023872
7.484447317918209
2.341348682047135
1.9344827887328246
1.1994264700518833
.09983360268205664
1.0355066040118774
.17070760130647405
2.393624358893427
2.0656305817880716
12.43678111387766
.5868428135521683
15.631563937046904
13.498343453711907
2.073635587266094
4.901535963722137
16.15977965183977
24.06953778635468
11.63070188483158
8.129983561940813
35.22435056317624
.0018711118294795534
1.995123482479217
2.8898754466442687
6.693217832043192
35.46709636457642
37.39587071226365
3.9904589513114535
6.593747136511391
16.083804602378052
.03973442806804775
5.42595229588791
7.5316122250648805
15.0289365310403
3.03698870206191
.627517215239541
19.22977838808081
19.954745745768278
1.8012724227841852
7.652515010078491
.44335496556263065
14.035034202863512
18.25406617814084
1.5167891885220572
2.0188837541234284
31.991587253800475
25.279597009839414
.9102368294596355
.39933441072822656
.00998336026820566
.0993360701701193
3.257291172865393
6.853918732408292
.1942271125781474
13.623777047248877
13.957931113261386
.8208871867858383
5.119277137110549
37.962213093474446
.8148528153888307
12.719926385176437
1.8052486013004236
9.03191996910693
1.1591411934942197
.00012943832550148476
2.4624195167675804
4.546990426039462
.34782998428584844
.00013907703162441208
39.33365955619276
.381307323920084
1.2391164644629813
.6648325820304646
.15124931686314144
.0018711118294795534
18.18972229917438
.8610913559487843
.46401452097955553
1.1898621478300904
.03973442806804775
.7259965231344693
.5615671641029646
.6487163823022
.5721307205054363
.00012943832550148476
4.011808087488387
9.657053768209828
.3106102489693796
6.573769976385795
.9289871837526652
.5960164210207156
.3973442806804772
.18356755577839926
6.200044803439811
.0027147252204077644
2.2719772189978995
2.273794851258353
43.144952485816106
1.1261667867714134
.16743627847404977
.169525595667342
27.16157475751592
39.29152128902247
3.859640508277809
16.181792731606414
48.56411397278719
.21010611707896173
9.672413943664123
9.672413943664123
9.672413943664123
9.672413943664123
9.672413943664123
9.672413943664123
9.672413943664123
9.672413943664123
