.014095310813963561
7.158783336348683
.10588649785047151
.5399479110733827
.019097465785485473
.6586575968777775
.004521076099815249
25.693542311688258
13177204385814804e-24
.6709661682312869
1.7987508528343796
.18881968070129923
86.39065045234115
16.683528023846858
2.9886316613466923
6.677361336173229
21.01281714797064
58.44108241255249
20.824011805138223
.007018095688945316
62.873396142834245
6.8313375274622405
26.68165185010127
4045385211402086e-21
.32878270850329433
1.08680044709314
42943251432765495e-27
.13358004222338563
2.1147836608385187
14.123011728120472
6.20687040039851
.6702148297161448
10.349654660443088
201.94967189419663
119.86831327413651
10.127234837847833
7.450533544342561
6.079394609776794
17.727272873362104
32.20276115934904
47.845389106486266
.0002801561102143428
.31285520949156703
.034176740356765406
51.59078566585123
255.52137800219936
16919441889976155e-23
23.334997566838954
6.776936949335369
.34371355255847896
1.317500938546829
3.069721391887638
34.945740878940896
104.19008178089034
3.5332790575955433
1.719414360422298
14.204204453544175
.0004826398395648472
46603426630666776e-21
9.630152706275979
.00023644933084212552
22.859708408239023
8.110886791251964
7.037954832064292
9.293292424471232
1.2877580082850035
21.935843496006942
.2816529026470801
17.32951339777182
.014058471101221917
.2643952011686583
1.8886585280772799
.4577439520825681
.9556130106365175
3.3789540010849217
142.33033074936756
3.5807017098204925
2.314835665270244
4.055581711290971
2.2925940032230563
30.859315636931
2.20569358590907
8.754723367700942
.1535065041901421
28779007252033294e-21
1.6692447298714232
14.074026325233016
.018475410975296508
4900644488103077e-24
3.86756066379052
.7820123861937663
.018772175179361476
36.61367759044137
.0314561510421867
1475718420909784e-23
4.7589725600644925
.019787734306494078
1.272602364432534
2.87571424983198
1.025316631790751
.2214991802102062
1.8571478305580107
.09495029293280746
.598970547273958
.0001239220028502425
.20509233786487174
3.289494209428854
.5067924569946339
.8329092942907615
.7309609679663911
.9678018193439774
.11969226591573148
.08384928604368247
.9778335540226164
8963525686932945e-20
.2947675799015194
9.77573731394448
2.9599035317034588
.10523496034055027
.01243583929325199
.002654752457907948
98.21083550873655
341.64215929129114
15.749382562982941
29.109805089346235
77.89813563014897
.0006998228636789278
31.602789576232663
5.742557095480905
.005560942527702016
.009680689978606051
2.638386889527416
.23169502409634488
.01152056774287546
.01259878147758095
.3198196308735376
.4053928262759695
6.313328530557758
.4318734900061097
2.389872803202444
.001944406052470899
10.342709195137077
28.737709961273957
3.1005226769829592
3.762474498663036
.6457641479959049
31.00307597335554
4.6139541826590555
24.536121439546363
10.963031161898314
1.594714617336547
15.30602806027709
7.105760522633793
.001944406052470899
1.9943698153234046
7.777624209883586
2.35036232590297
1.9720071259677985
11.82758628252654
.09992954827482048
10.211166762516696
1.6833536143721437
2.535635513910251
20.36925525986359
12.923948259044304
.609830316148057
16.243875459455502
14.027093568762654
2.0835142319602213
5.039590904379983
16.792782166511696
25.012377247907516
12.08629371214091
8.44844706514607
36.604140570500846
.001944406052470899
2.033824104070688
28.49716263929167
6.812736449305105
36.856395084644795
38.860722381606415
4.14677114153292
6.852033982523385
16.71383106178203
.039887396306468065
5.638494887543596
7.826636636332598
15.617642244976798
3.076089266260055
6.187969160540044
20.370660427262354
20.736402705754852
17.762410227526512
7.800955490193593
.4476343256227497
14.58480728983179
18.96910499938093
1.5226284715193064
2.0979664223728616
33.244745131958574
26.779408271530784
8.975877143599757
.3997181930992819
.09929771210770712
.09971849076617012
3.4505427496911527
7.26055434837884
1.9380940723556765
14.432061065157978
14.504683957957903
8.094797198789514
5.422998335631592
40.21447030683743
8.035292051837205
13.218184750187111
17.80161946264826
9.385713657878508
11.430331764389553
.0012763958453145888
24.28200479608061
4.725102778799448
3.429963614703921
.00013945087069739686
40.874417285985494
3.760084829234263
1.2876544925101114
.6673920317032643
1.4914747923602352
.001944406052470899
18.902240675329995
8.491251914076456
4.575663386012749
11.73327216729175
.039887396306468065
7.159077052731523
.5835645820562403
6.397014886819903
5.641801002915503
.0012763958453145888
4.249824340161149
10.229996366570196
3.0629385057372254
6.831274287433335
9.160775041691965
.5983109445970207
.3988739630646805
.18427424785889088
6.259889005408134
.0028757869436773355
2.406771180232048
22.4219703862792
45.70469604494716
11.105169988851731
.1739950056104879
.17549056687132164
28.225533889037834
40.830628400449264
4.010828346237672
16.815657531232002
50.46644227984975
.21042611683549653
9.860035629838993
9.860035629838993
9.860035629838993
9.860035629838993
9.860035629838993
9.860035629838993
9.860035629838993
9.860035629838993
