.013775740898011628
7.158884400056594
.10595904044822872
.5392836320748781
.019097177499848853
.6584081111845461
.004521100525374978
25.97961042768022
13199133658546382e-24
.6712040957289244
1.8001124303956964
.18853151231568618
86.45076928712164
16.556097213854553
2.9732400994108956
7.232334984966944
20.997014496813264
58.58614091696166
20.84252435564824
.007022845625694974
62.887507222850466
6.835831908795266
28.567329660931293
4049544375072059e-21
.32829847990445193
1.0671284513302655
4249344471493637e-26
.13358552106537136
2.33770178459329
14.132262929218477
6.199013893347397
.6684925828799334
10.35451055277705
202.1516047087878
119.26640695765649
10.079491419775817
7.534245895809406
6.08267306987616
17.54990389195049
32.21126394316805
47.89924822622354
.0002799664480328787
.3129578869402144
.034193537736684605
51.551033198596855
255.78352881464556
16961919927963812e-23
23.305308886772877
6.780285486242588
.33484810438849183
1.3149366305273917
3.015418167453248
34.976038795084555
104.28430166134375
3.481154246757868
1.7045147208595082
14.390793336655852
.00046893041831909887
4550065418110572e-20
9.480185416330304
.00023310411530686042
22.87767603312468
7.998817675895609
7.030495034400323
9.304421288421814
1.2716465356957234
23.203699072407577
.2782499683358158
18.376767329338513
.013554629970850787
.25771191066510307
2.12153685858822
.5181633916944023
.9542206272905879
3.63928011222639
142.5973023101455
3.539893469985977
2.5770752615517263
4.445367441642242
2.295173405668786
30.89605592999011
2.2067205601831383
8.777196535733935
.15391506348048473
28834079208776777e-21
1.6720828563448753
14.118482708189081
.018139913591918463
3858179525585497e-24
3.9826923543117356
.775223306024657
.016652882782384384
36.59640671390428
.031538499520348234
1361457092570509e-23
4.800320223442187
.019791869863061543
1.2729207070680324
2.8892447121072924
1.016945030884966
.22151607957139455
1.8593278653573364
.09508054691505001
.5997820906230938
.00012392464082869447
.22880083107518367
3.6702765947565363
.5070351779238238
.8329277938397625
.7325602344303833
1.044742127794252
.13218438961751283
.08545752580025781
.9764638998956698
.00010065810451504992
.3100817577030151
9.78578181953898
3.343161436021388
.10506541796521612
.012415062387600019
.0029904376703772362
98.27362602911727
341.86058619759706
15.759451838146749
29.128416272117192
77.94793934526419
.0006999196039058639
31.448410146853163
5.730276309602067
.004902545228764724
.00862067727610254
2.6221842220397376
.24297148144574104
.0119388626471206
.013131426261824132
.3198237190889693
.40556127802101377
6.314337386089439
.43205294518714515
2.390101933620999
.0019456491970509613
10.345221209532994
28.749651261360643
3.101088112017965
3.764880014617222
.6460695096000673
31.022897607737185
4.616098473474678
24.546316865328986
10.973546566351079
1.5948165451570642
15.315813879345711
7.110303548854941
.0019456491970509613
1.9944972875158404
7.782596788203835
2.3505125517218723
1.9726374208251463
11.832500966309315
.09993114501144434
10.215409780026118
1.684053093582154
2.538067618004439
20.37771923941965
12.93221110939432
.6102202075759888
16.254260885745946
14.036061708581943
2.083678950450578
5.041919886101572
16.80351853307872
25.028368764273498
12.094021012980257
8.453848530115607
36.62754321260856
.0019456491970509613
2.034474156931383
28.509003985423753
6.8147424604857685
36.87995900419333
38.885567756030454
4.149422355286757
6.856414790172565
16.724516951424334
.03988994575031678
5.642099826105812
7.831640550459593
15.627627292742682
3.0767439029802204
6.190540430024381
20.390199342202877
20.749660402932296
17.769790992071616
7.803448839260704
.44770585656928436
14.5941320006403
18.981232785158316
1.5227257918798724
2.0993077448727644
33.26599996433982
26.80509426154781
8.979606864675562
.3997245800457774
.09931357965612603
.09972486437579192
3.4538524048457115
7.267518450222301
1.9382179476262769
14.445903857078024
14.513957442385161
8.098160807184959
5.428199909904593
40.25304279777404
8.038630934225692
13.226635718908163
17.809016519696957
9.391714358734681
11.435081378115658
.0012769262225032665
24.292094629486513
4.7281237454860285
3.431388857872732
.0001394570976187226
40.90055010440977
3.7616472467462283
1.2884777468408222
.6674346887495362
1.492094540701049
.0019456491970509613
18.914325711794838
8.494780260188733
4.577564698596864
11.738147660994525
.03988994575031678
7.162051843956905
.5839376806414753
6.399673020489059
5.644145324675864
.0012769262225032665
4.253900641790693
10.239808666449328
3.064211239991046
6.83564182249349
9.164581592873214
.5983491862547514
.3988994575031677
.1842860259364588
6.26088932142531
.0028785453106276956
2.4090796815955544
22.431287324799282
45.748534592626726
11.10978448901647
.17410624829454954
.17559154262033758
28.243579718214786
40.856733222706964
4.013392645764435
16.826408523028995
50.49870770307012
.2104314438243525
9.863187104125732
9.863187104125732
9.863187104125732
9.863187104125732
9.863187104125732
9.863187104125732
9.863187104125732
9.863187104125732
