.01577122996995926
7.158387771426537
.10533715965310281
.5432902604302607
.019097597393637478
.6597114089903049
.004520127029765627
24.237437213551758
12975174751371481e-24
.6696599875688014
1.7916284926465413
.18858448714233328
86.0737240349184
17.28094837560549
3.056323374801717
3.190285407184447
21.208460558164116
57.53126097835924
20.72661499142027
.006993226438608346
62.79901445229907
6.807797993945339
13.779763121623475
4008334222855614e-21
.33110609547841524
1.1686984902899666
44695996743958495e-27
.13353655665474448
.8989535529162286
14.074628152873885
6.246926888612697
.678571714141463
10.324330531106023
200.90351803266105
122.87682537522147
10.345182495182272
7.024330876624608
6.062326133678047
18.569629982896576
32.15898711745905
47.33070090337445
.0002811235831892199
.3123173022980182
.03408174031493502
51.776572722378795
254.12587888903357
16665000322744466e-23
23.467228653498157
6.750639892125672
.38356770696876324
1.333565526308868
3.345636329801348
34.786659812359574
103.67993115810178
3.790173912466646
1.7877050971534543
11.254829356029694
.000561609370034274
52893837102934994e-21
10.36692946876714
.0002525881929109088
22.768405921219863
8.577571773288762
7.128922293515163
9.204806830436976
1.344195992376784
12.162728035080564
.2952557765193621
9.27703539014706
.016243066941435638
.29503173874174277
.7380665101550687
.17237505462853436
.9699895684707558
1.6678079771056513
140.8913096698001
3.823792409395224
.9543957277029957
1.8108168437777832
2.26962492561813
30.56196557035119
2.200452380415881
8.590125805699001
.15050433371447566
28420905700247858e-21
1.6449898835256749
13.842014044546973
.020125491561658427
10258824581294563e-24
3.3509023315400217
.8146299851464979
.038977113683254065
36.84825423772466
.030863276389463314
23865901510634135e-24
4.520885523890516
.019659058663062823
1.2706218835027607
2.8059390312082395
1.0637549653956557
.22018271569011372
1.8455506316848909
.09413706716934916
.5922756767570809
.00012391984381246592
.08299346324039954
1.3301413715981898
.5033748341732249
.8327817597228531
.7178850120746402
.46473593399309654
.050695864485502985
.06159512667570133
.982292301288786
3508418576496994e-20
.17383050345324833
9.721181713500947
1.1219123752444187
.10552389819766117
.012526306648639934
.001020829806647847
97.88219974214388
340.49894701397506
15.696681551071825
29.01239706851692
77.63747077187399
.0006960592383156297
25.872788714703614
4.674630191165646
.004649871293096797
.0077080976235640655
2.5214008266362167
.16178619180092182
.007328643698223607
.0077952203418327586
.319798191918311
.4045105604346647
6.3080404323621915
.43093359368012446
2.3886715351285894
.0019378996281001954
10.32954543248257
28.675167414359482
3.09755905606511
3.749884404252898
.644165102990234
30.899332638045788
4.602725185893019
24.482722907502563
10.908050031737096
1.5941801843530898
15.254810613250784
7.0819830336787
.0019378996281001954
1.9937014468272904
7.751598512400773
2.3495746544686065
1.9687049692961651
11.80184563127225
.09992117493344127
10.188943962677847
1.6796900927295908
2.522918948192895
20.324925175649508
12.880701792180297
.6077896853724343
16.189519761976698
13.980155727086036
2.082650612659019
5.0273946386382855
16.73658970249357
24.928680151466054
12.04585022768445
8.420176641995818
36.48165480063096
.0019378996281001954
2.0304184339056324
28.43514360111155
6.802225997812816
36.73306521386485
38.73068557635913
4.132895103253407
6.829105520211656
16.65790278609599
.039874028936545784
5.619627202728596
7.80044693213652
15.565382066097746
3.072658437600236
6.17450213926208
20.268498724364548
20.667013991523074
17.72375348081752
7.787892668625736
.4472593832673597
14.536003211346237
18.905630064759347
1.5221181965974584
2.090946150119493
33.133500662394454
26.645105804441705
8.956342733303716
.3996846997337651
.09921453949128474
.09968507234136442
3.433237796595064
7.224141655778077
1.9374445634178075
14.35968226624734
14.456147990342764
8.07718030328007
5.395801242696958
40.01278913001208
8.017804658763756
13.173953701180764
17.76287738396848
9.354306927786066
11.40545566738719
.0012736179953347327
24.22915930400129
4.709291511479541
3.4224989050740766
.00013941821943245483
40.73764220012836
3.7519016691233245
1.2833457080561304
.6671683701711247
1.4882288610630414
.0019378996281001954
18.838989483926547
8.47277220494464
4.5657052633102015
11.707736774041132
.039874028936545784
7.1434965867501266
.581611842393789
6.383092914463348
5.629522620108296
.0012736179953347327
4.228510878422502
10.178691508135246
3.0562725613926918
6.808415291777448
9.140838233797734
.5981104340481865
.3987402893654577
.18421249246078583
6.254645668617768
.0028613644711028
2.394700887119273
22.37317293036887
45.47548062038835
11.081001548987976
.17341277879451694
.17496197016394432
28.131084840528455
40.69399984215085
3.9974072034339327
16.759388521046827
50.29757009930133
.21039818273830632
9.843524846480825
9.843524846480825
9.843524846480825
9.843524846480825
9.843524846480825
9.843524846480825
9.843524846480825
9.843524846480825
