.016270102237946168
7.158323319850459
.10507112706244438
.5442329486023538
.01909708312411647
.6599494995512905
.004519592127179375
23.819276195962562
12867255372446548e-24
.6692326673797027
1.7895141290626755
.18796872060950154
85.9787623669998
17.43727945468418
3.072284676533363
2.1900495290743027
21.31643133282477
57.17219458065714
20.697549468463844
.006985836781869677
62.77674907340009
6.800754697707669
9.6406927782037
3989120977950043e-21
.331725925565864
1.1850016349088375
44933751507714116e-27
.13351918370302077
.5947323859815644
14.060058918007986
6.258493912590452
.6808555465534119
10.31681580475646
200.596231669893
123.72701037040308
10.400486958319588
6.901893034982115
6.057273853426667
18.7929727028693
32.14606876996299
47.11202886446542
.00028140289138666006
.3121573657239813
.03404936847901432
51.82521319631534
253.70332371174496
16577389204612925e-23
23.499375537547987
6.739568186123345
.3921602020823453
1.3395264436985295
3.4250110689100883
34.73924098540907
103.51755210516406
3.860494379009555
1.8045561428336603
9.347512397304357
.0005874861594212239
54935936670211366e-21
10.566770354098958
.0002568367541562295
22.74245550760075
8.669081581802912
7.179112556500819
9.160319989931134
1.3482384974430501
8.711341763357987
.2976624953822969
6.556785439066959
.016703363706578715
.3022557471200396
.47879448447872797
.11095228812379211
.9774949326474146
1.1532389507521394
140.4464516316986
3.9071747293438297
.6308998703687927
1.2203929508065576
2.257117205288133
30.41056126711527
2.19901908065106
8.51336901467352
.14909255897231707
2827202293192762e-20
1.6321238453072318
13.77332057067207
.02056234278480273
13228563423052846e-24
3.221308811043724
.8234606409118558
.051730122402968155
36.98123329526812
.03058722241407775
28039927791251736e-24
4.436469435171233
.01955784549719542
1.269847298316828
2.7855239863687493
1.073432839901894
.2191010329127966
1.8421248617928878
.09380053135447884
.5887476529743667
.0001239244979028587
.05424599163210335
.8694643998044671
.5010564287655661
.8327339078090301
.7112359966593221
.31735416017178447
.03352052310031281
.04910183859067811
.9820080653315795
22781673222593447e-21
.12725699937043308
9.704089699440535
.7206568294913865
.10525277312996927
.012545618019700527
.0006608373614010478
97.78458701658224
340.15938547616264
15.681028083204227
28.983464543906777
77.56004704061623
.0006930085100081904
22.34135506600267
4.058758394836428
.003926588062537357
.006438817212067288
2.4201055644958873
.1425657291097251
.0056196851848122585
.005941263957257295
.31979181044401
.4042483066531908
6.306467175365403
.4306542092200863
2.388314069282865
.001935967063598559
10.32563020103222
28.656576623847776
3.0966774197689126
3.746144843452216
.6436898791071971
30.868518372686193
4.5993879220933716
24.466850178107382
10.891737070943323
1.5940211338309815
15.239597799830072
7.074920547668784
.001935967063598559
1.9935025362780578
7.7438682543942265
2.349340238635821
1.9677230819217155
11.79419421509699
.09991868256936774
10.182338228873103
1.678601109841111
2.5191459293886176
20.311748045045643
12.867856551550297
.6071835689599123
16.173374812704374
13.966214059368188
2.082393607518656
5.023769869882279
16.71989918938934
24.903820101113187
12.03383754023434
8.411779646485899
36.44527358149745
.001935967063598559
2.029405767073276
28.416708423725492
6.799100475774189
36.69643327646249
38.692061518134665
4.128773586199728
6.822295215531827
16.64129074327947
.03987005072556113
5.614023046617027
7.792667960192176
15.549859536241627
3.0716379191773715
6.1704990632163
20.23818723660301
20.64640387476796
17.712262751459892
7.784008473886479
.447147834528627
14.52150722641772
18.886776482760343
1.5219663356621291
2.0888609604399244
33.100458379777436
26.605258117176877
8.950536124083273
.39967473027747097
.09918979488634576
.09967512681390278
3.428103398292104
7.213337970494594
1.9372512655883705
14.33820739831597
14.441731640790167
8.071943675895346
5.387731835803241
39.95295010668268
8.012606526016317
13.160816015977705
17.75136128965737
9.344978373693833
11.398061240218238
.0012727922786091401
24.213450965898613
4.704595184863355
3.4202800179355513
.00013940850157953007
40.69701671052366
3.74946922236745
1.2820658954576067
.6671018071322341
1.487264007027851
.001935967063598559
18.820202359043805
8.467279105956257
4.562745208400604
11.700146370867985
.03987005072556113
7.138865288643079
.5810318317554448
6.378954604075311
5.625872867198432
.0012727922786091401
4.222187151269157
10.1634693011394
3.0542911074707493
6.801625620364906
9.13491201177258
.5980507608834168
.3987005072556111
.18419411367688654
6.2530857285434935
.0028570853078886613
2.39111961809587
22.35866787221104
45.4074721559717
11.073817473112134
.17323984342904758
.17480493006841388
28.103031201853355
40.653417874754716
3.9934208012756764
16.742675271890235
50.24741100071697
.21038986828827932
9.838615409608577
9.838615409608577
9.838615409608577
9.838615409608577
9.838615409608577
9.838615409608577
9.838615409608577
9.838615409608577
