.017015503135884406
7.15826618084335
.10454554123197
.5455897200287411
.019095527565887015
.6602493391946301
.004518609503849973
23.208550423578636
12652422364709178e-24
.668535594352942
1.7863597029019094
.18664098511910165
85.83623930916569
17.65646347746485
3.093166490887659
1.0843341770517652
21.504410018615214
56.528170703016514
20.654090037886224
.006974806593127078
62.74337346310053
6.790116780486608
4.8200891877482315
39512952837334845e-22
.33258649323013456
1.2031888825302013
45000563198103425e-27
.13349009199769168
.2791525438299711
14.037829863557368
6.275497499033414
.6841078713607095
10.305586110012216
200.14057036242482
124.96108896359289
10.476759447569899
6.723026983512077
6.049737749451758
19.10815927166908
32.12671523456821
46.744371747122706
.0002818129042349857
.3119185490281659
.03399444370057872
51.892809212477836
253.06536001050532
1643770065979599e-22
23.541427578833115
6.720604150187661
.40167751878162283
1.3490504066848172
3.541334096834992
34.66834265511858
103.25898496232027
3.959566860108301
1.8266951833949217
5.948125472135178
.0006282197341709618
5813541491154582e-20
10.846060494644032
.00026268544179360227
22.704644621376683
8.770796613960062
7.266869072880365
9.071554011280012
1.3424068823871114
4.509534757872085
.30004701180778726
3.350687273313544
.017248586430399046
.3115819690738998
.22055144593517653
.05075361560549251
.9905332564059794
.5734420946306982
139.7664543745984
4.036587644369277
.29938564444125665
.5914960496013378
2.2315036044263867
30.107262718174308
2.197097182611303
8.365400516953462
.14635863815727443
2799711936389974e-20
1.6060969956180342
13.670999958313462
.02115026598273006
19244923657356962e-24
3.0443400145500377
.835974843671257
.08071176118215294
37.213023756259815
.030053680833628277
3540020592961019e-23
4.294464681733408
.01932991325047105
1.2684127920754613
2.755286257449437
1.0867395571444753
.21665474179483238
1.8371189147347582
.09317046087910703
.5815687186103451
.00012393546001321994
.025144571083097315
.4032948530933431
.4959944778614048
.8326539463642018
.6980444462619552
.15479870747704957
.01579337821434565
.029209932678374188
.9795748814349255
10518572214837076e-21
.06688496717965846
9.677622714212227
.3268455783623307
.10441135632374518
.012567707996002177
.00030515540854469714
97.63891818741044
339.652653066425
15.6576681952016
28.940288134676386
77.44450652868463
.0006861070711723128
16.118509241380547
2.9850237688420367
.0026778249361120187
.0043442358726299935
2.256042433945654
.12120679816998738
.003315374236315587
.003484427527919274
.3197822756620491
.40385677122096786
6.3041171901652335
.4302370983029334
2.387780053557921
.0019330830706905382
10.319782937478985
28.62882124446885
3.095360571194528
3.740564244812871
.6429804661563432
30.82253381554065
4.594405984761877
24.443152765893263
10.867408151560863
1.5937835145866837
15.216895506592653
7.064381101482978
.0019330830706905382
1.9932053667135379
7.732332282762143
2.348990024676762
1.9662568858894982
11.782770926851304
.09991495866497781
10.172476106672793
1.676975297684932
2.513518902420417
20.292075064555352
12.848687420146211
.6062790530000736
16.14928148015981
13.94540871455811
2.0820096567690825
5.018358711717312
16.694991704343913
24.866721101907725
12.015910839530143
8.399248693196224
36.39098138174042
.0019330830706905382
2.027893609844051
28.389185369127805
6.794433084565571
36.64176692634275
38.6344222983808
4.122622988927019
6.812132103055395
16.616500360536737
.03986410733427073
5.60565988643918
7.781059292072595
15.526695048856247
3.070113720820475
6.164522615132324
20.1929811117655
20.615647110631546
17.695107507175862
7.778208428928928
.44698121338176133
14.499874666317798
18.858641019892286
1.521739457559417
2.0857492028542595
33.05114892146357
26.545829839055003
8.94186706605064
.39965983465991123
.09915283369341332
.09966026833567679
3.420446029162777
7.197225506815061
1.9369624813483288
14.306180083516642
14.420217921670297
8.064125580175448
5.375697236305125
39.863707032239574
8.004845901400792
13.141210465466274
17.7341681764131
9.331057242564025
11.387021627285435
.0012715595133341012
24.189998983952094
4.6975867912788924
3.4169672995070357
.00013939398269943536
40.636390726860185
3.745837667136606
1.2801560133012222
.6670023628877908
1.4858235147704009
.0019330830706905382
18.79216607105546
8.45907810738696
4.558325953235171
11.688814172832783
.03986410733427073
7.131950927691239
.5801662738058161
6.3727762559983185
5.620423917806592
.0012715595133341012
4.212756033886153
10.140767116569306
3.0513328682667336
6.791493299200472
9.12606437613878
.5979616100140608
.39864107334270715
.1841666560320868
6.25075563492549
.002850703424294549
2.3857785640432825
22.3370123438014
45.306045292446775
11.063091907069348
.17298176957581407
.17457054778827963
28.061166366338345
40.59285683988893
3.9874718378422727
16.717733857517374
50.17255787966071
.21037744568336444
9.831284429447491
9.831284429447491
9.831284429447491
9.831284429447491
9.831284429447491
9.831284429447491
9.831284429447491
9.831284429447491
