.018741203545543716
7.158238410274816
.10293664983503455
.5484724984306087
.019087205977081863
.6607252691043404
.004515653009416455
21.86265979433538
12012234209107803e-24
.6667310399782622
1.779078356159326
.18198012135570218
85.50277037267622
18.118007808006944
3.131990060387214
.3271764873961062
21.92051322205313
54.72780477859293
20.553460374192937
.006949321652866657
62.665605494457225
6.76510608493175
1.3781317408384741
3837647353912865e-21
.3343184060484304
1.2254705048660146
44330649205754266e-27
.13341141514313687
.07575535444521826
13.984775164580764
6.313696803373451
.6909590651576475
10.279512515984505
199.10147499697564
127.6621550759959
10.632609793466157
6.32861796093022
6.032313112441966
19.779928270362284
32.0812011795417
45.771179127748006
.0002827288594001177
.31136637381710686
.033846247763829676
52.028349603847076
251.5555918507128
1608807354962228e-22
23.611492093261074
6.670052170399921
.4132214237555731
1.3704073886897297
3.8005274483258287
34.50405381658294
102.60900106857076
4.166809623682966
1.8671728038302662
2.193852105507772
.0007321867993643223
6623923872214862e-20
11.421612871933949
.0002745520931216414
22.619740265638487
8.915399368566485
7.463142591680698
8.801348746740233
1.2970443974236523
1.382605863029402
.30239316078922174
1.0377273089846977
.01812507528913946
.32941686016707317
.05953872620736443
.013691297619975612
1.0197884537905753
.17046070173290723
138.13289794553125
4.323739957213592
.08635873358879342
.1743615714798944
2.1525265301917633
29.18218361755173
2.1933353758153404
7.933229935126392
.13838917264164732
2720680994591277e-20
1.527582007717974
13.435596828557694
.02226864204263665
370456287559984e-22
2.705547733778169
.862076143061658
.16896690710472964
37.721282294710534
.028498411940419913
5393347489574194e-23
3.9345836959730396
.01858209551101772
1.2640854743301537
2.686602148086535
1.114648166744442
.20855168514274014
1.825988776008921
.09132316403313136
.5595639754811707
.00012396952610140298
.006767106845071721
.1089293489752682
.4796880109303198
.8324299235768013
.6589264896998384
.044403125031415136
.004405820168881333
.009833603571761683
.9675353416451231
2862728064442153e-21
.019110102189509398
9.613485709564712
.08493395435503001
.10118538433283598
.012594081480029292
8446857145269389e-20
97.30250802230918
338.4823962956993
15.603720457553194
28.840575773148807
77.1776752311738
.0006633992322801981
9.19720879800802
1.8359445294923593
.0014630782524328587
.00235818471750454
2.439896447253017
.1237440467687217
.0014325559572709184
.0015007596088998866
.3197602024877271
.40295177021074485
6.2986800274222645
.42927298172412154
2.386544195588634
.00192642272656713
10.306258462452663
28.564667034377468
3.092314043324213
3.7276763118192466
.6413410814141379
30.716336267654857
4.582892847698965
24.38837820341833
10.81129186466161
1.5932335309300392
15.164466429901372
7.04004111844336
.00192642272656713
1.9925175503532886
7.705690906268511
2.348179433958908
1.962866641690308
11.756366962991079
.09990633787265082
10.149680645982173
1.6732173705021456
2.5005397867115207
20.24660263536363
12.804417889752099
.6041901478779819
16.093639912741175
13.897360484045514
2.081121032292798
5.005853529878098
16.637469918770233
24.78104401835624
11.974510600522889
8.37030948850142
36.26559801738021
.00192642272656713
2.0243970908506856
28.325568158103227
6.783639756182996
36.51551949253124
38.501309266965976
4.108418691029194
6.788661231726385
16.559249013087722
.03985035100706574
5.586345856717149
7.754250029027665
15.473198572842076
3.066587904382412
6.150708561260277
20.088710148016307
20.54461689668709
17.655454612112145
7.7647971467126995
.44659570189349174
14.449916050214732
18.79366448536217
1.5212143349040066
2.078562854964321
32.93727278813613
26.408754523353963
8.921829272197165
.3996253514906033
.09906731655009962
.09962587751766433
3.4027837928669635
7.1600610269513805
1.9362940733126548
14.232306930433339
14.370533759024067
8.046054713678497
5.347938624114537
39.65786188595529
7.986907874496983
13.095933061082988
17.694427750453183
9.29890753662899
11.36150449643489
.0012687100807477739
24.135791712766366
4.6814014834388535
3.409310231263253
.00013936037539855067
40.496380010157004
3.7374436346120525
1.2757452977404105
.6667721933602646
1.4824939388471965
.00192642272656713
18.72741857274296
8.440122193364283
4.548111218986363
11.66262075628379
.03985035100706574
7.115968967614383
.5781673390001009
6.358495527382163
5.607829132511502
.0012687100807477739
4.191002528088163
10.088403002793916
3.044495148745628
6.7680935378708496
9.105613815275836
.597755265105986
.3985035100706573
.18410310370519328
6.245364495352983
.00283598318106899
2.373459064075049
22.286957422906088
45.07209741817499
11.038300669022705
.17238576926422922
.1740291274814662
27.96448297629797
40.45299611708548
3.9737331966917186
16.660133714956068
49.99969076075785
.21034868854562275
9.814333208451542
9.814333208451542
9.814333208451542
9.814333208451542
9.814333208451542
9.814333208451542
9.814333208451542
9.814333208451542
