.019973846695300366
7.158247458509697
.10172328353989614
.5503154865317771
.019088129070398172
.6609147444650627
.0045130727602322954
20.961175783786963
11551531625801829e-24
.6654067830491094
1.773895368925447
.17747070295919218
85.26079710259901
18.422357632340216
3.154711653598727
.2515509290500812
22.11001318139835
53.41483778107692
20.48160819377749
.006931161819070336
62.60962435654765
6.747218326306713
1.009341762260673
3753378397672062e-21
.3353894795682345
1.2298965040574483
43705717299616954e-27
.13334756997946987
.054747335420816064
13.94665105253433
6.340066406580143
.6953274832683755
10.26078561200903
198.37267792452843
129.4683755471066
10.731972171735952
6.064227512332589
6.019865770087141
20.229146929887417
32.04781408788286
45.01849910948993
.0002833551678785006
.3109725749314662
.03373744476154946
52.1094538569638
250.44621436471311
1582675161827035e-22
23.63862664063611
6.631998858905141
.41820053487079245
1.3828313626421467
3.977390967831459
34.38661666220768
102.13590559280082
4.302754452339532
1.890239539281327
1.7168118517139934
.0008151587649159018
7266273664803188e-20
11.794504806634952
.00028224663231719155
22.55982204598388
8.997128472254717
7.553578436222806
8.60187900330312
1.2602378952550684
1.0532565884254288
.30327090196017736
.8047528749817492
.018641947415357275
.34144072607961967
.04325416407680237
.00997374400216753
1.0335098015918343
.12914357702313678
136.92753859665626
4.498762289940995
.06523363490303787
.13290802958613201
2.0946237633612914
28.499880531508467
2.190730262319458
7.623430083968694
.1327454598930515
26625535384345208e-21
1.471404040952514
13.268735958221892
.02295735428682523
5021513096431841e-23
2.5193827785958396
.8785309783573819
.2257100522156858
37.94658779163454
.027395108289784448
6601256036358637e-23
3.69455858424347
.018026758448234658
1.2611867464302775
2.638847248471683
1.1337110573366518
.20242646218414093
1.818205819175273
.0899515497570621
.5435167799305941
.0001239931611217282
.004885302318749112
.0788734122229664
.4676280839743393
.8322369139480503
.6310925568112346
.03310247703724794
.0032602156967278108
.007480628821198952
.9574415836339232
20921965210311014e-22
.013542330208696938
9.566975868496224
.06003436059387153
.09871814966310626
.01259872186543986
627090744426745e-19
97.062924924187
337.6489680232672
15.565300197218322
28.769563066119968
76.98764450212502
.0006465351442696272
9.012738752414931
1.9004690902120016
.0014947891202520853
.00240803543739726
.7663984378766715
.03854437276102023
.0013228970618424684
.0013859150194540015
.3197444368674715
.4023065828235858
6.294799211066381
.4285856500533568
2.385661831538404
.0019216793922533
10.2966089761448
28.51893063550436
3.090139787955646
3.7184978409068874
.6401726520457662
30.640704969391916
4.574686846347216
24.349328681432414
10.77138629955154
1.5928408016619597
15.127127722785898
7.02270677736268
.0019216793922533
1.992026398275458
7.686717569013188
2.3476006118512163
1.9604486181567884
11.73754322217622
.09990018061924538
10.133429455590191
1.6705382936913924
2.491310042984492
20.2141847292546
12.772890212099897
.6027024807003761
16.054013348239128
13.863141708515855
2.0804865327424267
4.996940340134984
16.596504308848445
24.72002689329654
11.945026362074353
8.349699694157401
36.17630304950266
.0019216793922533
2.0219032689562697
28.28021459308436
6.775940734922457
36.42560915550729
38.406509419115956
4.0983027372024505
6.771945850765946
16.518476002589132
.03984052796550913
5.5725908767609535
7.735157127073456
15.435099690014807
3.0640719434182837
6.1408603365366545
20.014560699382024
20.4940309142095
17.627185530121668
7.755231819229426
.4463205401299428
14.414336744755076
18.74738978541878
1.520839358241301
2.0734449136228714
32.85617298897712
26.311277155588858
8.907544059567877
.39960072247698153
.09900627803715291
.0996013199137728
3.390223775812425
7.133632521914251
1.9358167802232011
14.179774054807687
14.335149912609062
8.033171750005343
5.328198845035329
39.5114807310085
7.974119613955698
13.063687600206935
17.66609626651003
9.276011301762502
11.34331299079535
.0012666786819487763
24.09714662036727
4.669874702744785
3.4038514043694703
.00013933637514450926
40.39666779941581
3.7314594159746495
1.2726040939106242
.666607835185276
1.4801202394082194
.0019216793922533
18.681306986796372
8.426608267411329
4.540828997611948
11.643947117477738
.03984052796550913
7.104575213411692
.5767437464830514
6.348314603959419
5.598850140748424
.0012666786819487763
4.175533116443866
10.051165693143577
3.0396204465716936
6.751428799714131
9.091034335496197
.5976079194826368
.3984052796550912
.1840577226133661
6.241516528385857
.0028255152820519333
2.364698388070443
22.251272596853852
44.90573177559647
11.020626662122082
.17196131240785476
.1736434270662551
27.89562742873788
40.353390728334006
3.9639488722202865
16.619112301102643
49.87657902334131
.21032815013965564
9.80224309078394
9.80224309078394
9.80224309078394
9.80224309078394
9.80224309078394
9.80224309078394
9.80224309078394
9.80224309078394
