.021206489845057016
7.158265176995289
.10059734228958511
.5519986803419523
.019044989908309246
.6610078596093514
.0045101486037831505
20.110284805328288
11138606970661914e-24
.6640808204059198
1.7687269272946566
.17201239453015552
85.01471566774346
18.710340275215692
3.174319101113231
.24663059193429018
22.206579439765196
52.19489818365908
20.409748411864676
.00691303816762995
62.553277339891594
6.729374787223563
.9476743700903011
3675523522338741e-21
.33634441440111856
1.2243422357719935
4319034875507458e-26
.13327807904109334
.05089516641247462
13.908583649362221
6.365706722128194
.699303499595155
10.241951933651228
197.65495181931465
131.1806955678507
10.823477602592932
5.814485240546864
6.007406312986618
20.65889870695583
32.0135368385713
44.24061518626408
.0002839587666798036
.3105792852530261
.033628859771717895
52.17921770748078
249.3079162504175
15558221971492058e-23
23.64743504314931
6.5933418205184715
.42298758399672215
1.3928469289002035
4.147706999294543
34.269108566529304
101.66305169206599
4.431547099419539
1.9098234220107444
1.6798265974643523
.0009060975903905836
7967557346767363e-20
12.144782880913953
.000289526981768877
22.50011464995847
9.075332607015794
7.60002970368309
8.420705902828013
1.2282603088055903
1.0214230380161236
.3039778557851079
.7955670462986177
.019123217007782238
.35349655322139345
.04047846053245244
.009361594399835634
1.0408371397568748
.12488934543503384
135.6926043319227
4.649240611413221
.06306189191009148
.12951531384922826
2.042655297422778
27.881217144206264
2.188101351527169
7.345792552471427
.12775402847033987
26087065050760317e-21
1.4219300383175955
13.102961473764813
.023612809181764394
6256338370708153e-23
2.3722359711387973
.8934063068210691
.27008924152354924
38.055176516331414
.026420532875799204
7668347793176485e-23
3.484673037250281
.017528623161964404
1.2561338224023668
2.592185539121309
1.1523699960226907
.1968331743497015
1.810458546515367
.08867912945344321
.5291871217773017
.00012401412493308616
.004539920709783851
.07351718271395481
.45688278834538154
.8320168568315137
.6064447881088244
.031690909566250494
.0031033750387925683
.0072032230820942575
.948176895145491
1968943811197957e-21
.01227685476339875
9.52026385735112
.05475152828548346
.09655308933927156
.012594253709531189
59962327035998494e-21
96.82393173954256
336.81759185957935
15.526974537168561
28.698725210127357
76.7980816762344
.0006315394801285388
10.208338142480128
2.2561554173583445
.001802257544897312
.002903427745081403
9.273871900863456
.4784256903921883
.0014891045644378612
.0015605436293825016
.31972867202453203
.4016624284800695
6.290920785804428
.42789941890567584
2.384779793719852
.0019169477372142734
10.286968524404266
28.473267467598006
3.087967061340737
3.709341969684318
.6390063513843002
30.565259894291348
4.566495538434833
24.310341683701065
10.731628029893898
1.5924481692009553
15.08988095290115
7.005415117762922
.0019169477372142734
1.9915353672657525
7.667790948857081
2.3470219324221584
1.958033573347184
11.718749621048172
.09989402374531305
10.117204285838504
1.6678635064921887
2.482114367169402
20.18181872916928
12.741440163471259
.6012184765312437
16.014484354244594
13.829007188165441
2.0798522266405244
4.988043020802564
16.55563956649873
24.659160007651586
11.91561472119125
8.329140646279027
36.08722794815768
.0019169477372142734
2.0194125191605385
28.234933646056714
6.76825045158588
36.33592020020858
38.3119429921891
4.088211691382782
6.7552716272518865
16.477803385434697
.03983070734531502
5.558869765003834
7.716111236616637
15.39709461616089
3.061558046657032
6.131027880326406
19.940684943816706
20.44356948706609
17.598961711253228
7.745678275117712
.4460455479022757
14.37884504443946
18.70122902535424
1.5204644740096842
2.068339573932371
32.775272877796695
26.21415958658732
8.893281719747922
.3995760949812522
.09894527713196817
.09957676836328752
3.377710119043462
7.107301567146006
1.9353396047856557
14.127435083306963
14.299853190069062
8.020309413926569
5.308531927465093
39.36563988361992
7.961351829374601
13.031521535716172
17.63781014560398
9.253171443149776
11.325150612537449
.0012646505357298153
24.05856340466914
4.658376303866211
3.3984013178920867
.00013931237902372446
40.29720110506319
3.7254847789861483
1.2694706245098948
.666443517524289
1.4777503406249342
.0019169477372142734
18.63530893910121
8.413115979319825
4.533558436187255
11.625303378022231
.03983070734531502
7.0931997023513516
.5753236592066437
6.338149981751528
5.5898855257238615
.0012646505357298153
4.160120803953049
10.014065830146526
3.0347535495411804
6.734805094308549
9.076478199692586
.5974606101797252
.3983070734531501
.18401235270789837
6.2376709322731125
.0028150860211024597
2.3559700486016584
22.2156449076636
44.73998020532902
11.00298095400849
.17153790067036498
.1732585814781206
27.826941420748152
40.254030592948645
3.954188639201556
16.57819189222452
49.753770417797334
.21030761373905468
9.790167866735914
9.790167866735914
9.790167866735914
9.790167866735914
9.790167866735914
9.790167866735914
9.790167866735914
9.790167866735914
