.021699547104959676
7.158275096060705
.10014464911236444
.5526316501320943
.019048261495561762
.6610225285509039
.004508887567067044
19.784104874161866
10976966063892622e-24
.6635603228148486
1.7666635371516486
.16955974497039936
84.91488744181558
18.821204426214145
3.1813151213834194
.17594939728110598
22.224337625923486
51.710474732739996
20.38099198643369
.006905798792460693
62.53063501159643
6.72228069951079
.6673955740772697
3644512171052501e-21
.3366996240297168
1.2187925941296365
4297739159943242e-26
.1332487633123779
.035599372318843685
13.893481146472729
6.3757623368845895
.7007919627924909
10.234386122882094
197.37093937988254
131.840882481668
10.858030627320975
5.718693515697328
6.00241783677387
20.825564346296833
31.999556623358902
43.92514546435518
.0002841939670205655
.3104221118065738
.033587051773699916
52.2042428229462
248.84380901102128
15448653903846103e-23
23.645991769697897
6.577654028878367
.42450719720594254
1.3963065528073337
4.214065751793058
34.222083023918856
101.47677905137346
4.481061038428178
1.9167098618060874
1.218630672808638
.0009448778967028228
8266059218175227e-20
12.278429303099795
.0002923217284385623
22.476310621988574
9.104966900510384
7.608647666906593
8.348771270186399
1.2154892488834657
.7277092463917425
.30419006517839153
.5703374449590448
.01930298877358604
.3582967785533002
.02836139163589091
.0065640618645556046
1.0423150003670278
.0887116733316287
135.18965064088243
4.703829922847766
.04469261847588414
.09214288709324989
2.0221333640676526
27.635748963505698
2.1869790764640795
7.236979196747815
.12581838299983014
25872745643103565e-21
1.402626395915288
13.036959064300781
.023856584409053392
6746750239442498e-23
2.321769134618537
.8989575424026528
.28619176189882867
38.07258236872863
.026041340953346027
8065109994287376e-23
3.4050470728116444
.017332152748598093
1.2551541753631557
2.5738320593351625
1.1597176996087926
.194596339288654
1.8073764517322202
.08817149954418094
.5235405332796023
.00012402187579296572
.003173322612396334
.05144514132194948
.4526282135036574
.8319213612464893
.596863979821782
.022443104022990695
.002189555184101133
.0051761337018058585
.9443055979249098
13823548789383875e-22
.008558622694320851
9.501602551845087
.037958828230875874
.0956883213315655
.012589948915278726
42341011068969804e-21
96.72849931597507
336.48561485230607
15.511670709032986
28.670438929546773
76.72238730059789
.0006255987438991194
7.617625258439018
1.7139760387758356
.0013802502957176571
.002222583437686528
5.767864098593935
.2952265011249426
.0011126508911784073
.001165874295381324
.31972236630499623
.4014050556242843
6.289370084875913
.42762523419826043
2.3844270699102816
.001915058338951593
10.28311487149186
28.45502267883496
3.0870983985049962
3.705685936639101
.6385404262886949
30.535133903988363
4.563223123537954
24.29476436896958
10.715765842905178
1.5922911433171891
15.075007936645687
6.998510381188262
.001915058338951593
1.9913389887542596
7.66023335580636
2.3467905005926744
1.957068388643932
11.711240608896816
.09989156110198735
10.110721494382348
1.666794791164867
2.4784456076755252
20.168886844200795
12.728881837314754
.6006258984849062
15.998700022554573
13.815376924987852
2.079598558352123
4.98448853045308
16.539321856825563
24.63485523753546
11.903870352100782
8.320931208138804
36.05165934893792
.001915058338951593
2.0184170785820004
28.216841574231903
6.765176782648168
36.30010648282527
38.27418165048735
4.084182233553956
6.7486134392227175
16.46156239331747
.03982677977508517
5.553390784710022
7.708506017714687
15.381918801372963
3.060553065549932
6.1270993073691855
19.91121104923325
20.423419722979155
17.587684841142124
7.741860153564934
.4459355984578553
14.364672845417596
18.682796561628418
1.5203145461926386
2.0663009595655026
32.74296863578112
26.17541300499166
8.887583180001059
.3995662444079494
.09892088729487677
.0995669494377129
3.3727175988636056
7.09679641861409
1.9351487675466754
14.106553627451603
14.285758847667653
8.01517024782145
5.300685501383748
39.30745438380339
7.956250441465379
13.018677297100963
17.626508382618205
9.244051253950264
11.317893806451863
.001263840186797796
24.043147421668234
4.653784875563514
3.3962237274821496
.0001393027817325629
40.2574830364478
3.7230976036150776
1.2682193981222842
.6663778018015776
1.4768034439317492
.001915058338951593
18.616941448089058
8.407725114921968
4.53065347222036
11.617854243331957
.03982677977508517
7.088654599462447
.5747566038294515
6.334088691360561
5.5863037000432465
.001263840186797796
4.153971819483577
9.999264256305851
3.0328089733690806
6.728167078676903
9.070662273309908
.5974016966262774
.3982677977508516
.18399420787727425
6.236133357340002
.0028109251034176804
2.3524877402932973
22.201409809811324
44.67385100946875
10.995930584271393
.1713688280320147
.1731048821699275
27.799514395088874
40.214355074419004
3.9502912783084128
16.56185195433708
49.70473168525171
.2102993997402729
9.78534194321965
9.78534194321965
9.78534194321965
9.78534194321965
9.78534194321965
9.78534194321965
9.78534194321965
9.78534194321965
