.0217534252663952
7.158276354985676
.10009169311352543
.552699347817006
.019050757682734436
.6610233889239804
.004508746641625775
19.748951620706396
10958307857544168e-24
.6635032940145473
1.7664381991490077
.16928218080567298
84.90392441711288
18.833163235690368
3.1820474653450708
.17111167318343054
22.2256275165946
51.65494135190789
20.377849607723107
.006905008067931846
62.528157194744544
6.721505641172752
.6480886893449993
36409229724614886e-22
.33673739612496545
1.2180535096774794
42949124155451564e-27
.13324550690054066
.034548120480956304
13.891830238029561
6.376854224865287
.700951234344355
10.233558221839823
197.34001067284063
131.91219675308201
10.861734478586687
5.708367830565039
6.001872546289072
20.843582903583698
31.998019385213116
43.89055583008523
.00028421945494771903
.3104049418213658
.03358247701448681
52.20688320612364
248.79277448718256
15436591699784243e-23
23.64566648708036
6.575925838155781
.42461339711158164
1.3966675931570034
4.221257177161613
34.21694345599244
101.4563898387055
4.4863912400340356
1.917425590599199
1.1863988193587829
.0009491994979052152
8299312903009883e-20
12.292767697024173
.00029262212609772377
22.473714421941438
9.10807434258601
7.609277796513336
8.34037325766647
1.213941109314044
.7075190527364059
.3042082706149162
.5549222539386538
.019321871458755795
.3588173506976466
.02753027425776893
.0063723172894624164
1.042431340402136
.08622984900954914
135.13434200728344
4.709641299394514
.04343562231235393
.08958605036380117
2.0197334019687556
27.607084178506096
2.1868557804445903
7.224407541270105
.12559495358227923
2584802022760152e-20
1.4003777475363648
13.029757444514928
.023881212132020734
6802086233019056e-23
2.31643797426654
.8995511906792844
.28803542777183144
38.0736750874596
.025997442121959854
8107624559069703e-23
3.396099838929938
.01730909464708813
1.2551505697119323
2.5718386883587883
1.1605163083324808
.19433368968894169
1.8070410015603902
.08811261961689107
.522880107717391
.0001240227126684926
.0030794587593810127
.049929688298848515
.4521262304559442
.8319106687105637
.5957569971842561
.02180891775014263
.002126948180451603
.005035024842693534
.9438266895483887
13421429622627634e-22
.008299582739319127
9.499558812529347
.03680162007400057
.09558389406559281
.012589373116820606
4113591815240278e-20
96.71807677013535
336.4493583532391
15.509999318489776
28.667349674920676
76.71412042367714
.0006248961736088726
7.446533621384867
1.6789966883012757
.0013529316807042982
.0021785321758620514
5.206476181620672
.26594868515530157
.0010875081317207262
.0011395257665202376
.31972167726360806
.40137694155257314
6.289200657309657
.42759528368734556
2.3843885296577727
.0019148519904248961
10.282693856315943
28.453029713034137
3.0870034913663473
3.7052866470624473
.6384895335518314
30.53184372751414
4.562865677008844
24.293062784153683
10.714033945593357
1.5922739854657784
15.073383596742092
6.997756288074304
.0019148519904248961
1.991317530933169
7.659407961699572
2.3467652125774325
1.9569629482378488
11.710420363477153
.09989129200366706
10.110013347972224
1.666678050262803
2.4780450377724166
20.16747423236861
12.727510293712033
.600561180733636
15.996976154350888
13.81388831097738
2.0795708409701055
4.984100271901624
16.537539736339568
24.632200819139815
11.902587703912376
8.320034623496642
36.04777476399326
.0019148519904248961
2.018308332910338
28.21486529043485
6.764840996265473
36.29619512757342
38.27005758761498
4.083742160805511
6.747886272633531
16.459788651453895
.03982635061866335
5.552792403980157
7.707675422203607
15.380261391664925
3.0604432676022415
6.126670170498845
19.907992970992566
20.42121908893881
17.586453014522277
7.74144304761035
.44592358552458305
14.363125044487543
18.680783480634148
1.5202981639303927
2.0660783145681956
32.73944056397242
26.17118249752409
8.886960701167371
.39956516801466824
.09891822249300311
.09956587654665836
3.372172495449753
7.095649424286281
1.9351279152074845
14.104273706196821
14.284219549761682
8.014608872054087
5.299828797056195
39.301101457136284
7.955693192391583
13.017274527887537
17.625273836830246
9.24305520264563
11.317101110710652
.001263751668496531
24.04146345989121
4.653283427835732
3.3959858588352954
.00013930173304169713
40.25314527182511
3.7228368409974943
1.2680827468260767
.666370621198109
1.4767000098634826
.0019148519904248961
18.614935463017336
8.407136244942636
4.530336149070509
11.617040538614614
.03982635061866335
7.088158116070041
.5746946735080627
6.33364505712826
5.585912440041353
.001263751668496531
4.153300448651756
9.99764816099922
3.032596557985245
6.727442115193642
9.07002697177086
.5973952592799501
.3982635061866334
.18399222523402933
6.2359653639029275
.0028104707977057307
2.352107527879809
22.19985484178405
44.66663075814875
10.995160438562849
.1713503629521438
.17308809515293935
27.796518983031895
40.21002195685654
3.949865632379658
16.560067406221425
49.69937597469997
.21029850218617235
9.784814741189233
9.784814741189233
9.784814741189233
9.784814741189233
9.784814741189233
9.784814741189233
9.784814741189233
9.784814741189233
