.02252201346168511
7.158295547979739
.09935996648723065
.5536373531051673
.01906325291067701
.6610219464188976
.0045066733988219365
19.257959213671
10703310415025509e-24
.6626824814266393
1.7632265798993731
.165121844517833
84.74625275814545
19.000932833552493
3.191951869188748
.178462224690818
22.229102271856913
50.885942739000136
20.3330098224751
.006893735601267078
62.492732622989266
6.710437438948997
.6607683268006453
3591373267199797e-21
.3372531789982283
1.2047983530247914
4257541808409701e-26
.13319799135582108
.03502486918976563
13.868219278359701
6.39228488288364
.7031531198219078
10.221722662939523
196.9010737894268
132.91224293469756
10.91322851113369
5.5641041338596136
5.994089646007824
21.097211757913488
31.975879598163928
43.396248958325124
.0002845784996661086
.31016011250609643
.033516210996050684
52.24260963717692
248.05762690670318
15263005857427313e-23
23.637428194857833
6.551173595200486
.4262177235320128
1.4014232759809098
4.322579635015232
34.143608566170116
101.16371498185573
4.561189939304268
1.9270501638855748
1.2321225777053366
.001012753300770174
8788147140333788e-20
12.493282926298848
.00029683922029292954
22.43671225521891
9.152100637810834
7.611113581089626
8.225171704089684
1.1931001498925262
.7331864005666608
.3044470795594713
.5819911234156151
.01958533960654679
.3662627671192521
.02803577542650133
.006500850415610483
1.0430456711754268
.08925496830968861
134.33869960640675
4.78872601970651
.04496868848125036
.09318479726483103
1.9869441472625085
27.2141119083313
2.185132415129234
7.052496835276003
.1225525256584735
25506194142264683e-21
1.3698436148909106
12.927254926144089
.0242290872640307
7569123768975834e-23
2.246122802234148
.9077522773918171
.31196403978487847
38.07071313592752
.0254004888193084
8689253214268809e-23
3.2745051242054135
.016993856844496724
1.2539435091534405
2.543617553663611
1.1718286635922226
.19072296958299437
1.8022596154535993
.08729799699535197
.5138737482157092
.0001240340480258345
.003121663597505414
.050706986721890175
.44529024650570287
.831752652495816
.5806769521194953
.022503095563432246
.002187370085339308
.00519895716444383
.937247759912187
13711347947550868e-22
.008265944660328938
9.470289597149929
.03685237506451575
.09417165652163949
.012579509001412172
4243400976972229e-20
96.56951823639164
335.9325736421992
15.486176028841482
28.623316753917223
76.59628787749588
.0006153387897741454
8.285742977205018
1.9219767812254211
.0015667045044840634
.0025230432486107956
2.91013680452151
.1472406984514375
.0012139644017698343
.0012723481427420681
.3197118480424245
.40097610018723895
6.286784218960218
.42716825896424926
2.3838388091735143
.0019119107863239304
10.276689824570564
28.424614649543066
3.08564993010497
3.6995953433292676
.6377639748347035
30.484946951977214
4.557769642248573
24.26880213675106
10.689358364829555
1.5920292436790593
15.050230946891427
6.987007765684609
.0019119107863239304
1.9910114538290433
7.647643145295711
2.3464045010941206
1.9554594274874555
11.698725568880889
.0998874533140345
10.099916824892764
1.6650135961398138
2.472337831618656
20.147333668550022
12.707960894772516
.5996387214435775
15.972404870458718
13.792670240257719
2.0791754843913637
4.978564938537803
16.512138149200915
24.594365868748184
11.884305382384712
8.307255087492203
35.9924055430317
.0019119107863239304
2.016757680936087
28.186688073572334
6.760052716713788
36.240444334043445
38.2112749501664
4.077469551094313
6.73752154947103
16.434506489634202
.039820229076580844
5.54426333965975
7.6958364671960915
15.35663737889251
3.058877395640741
6.120551675433843
19.86214270666678
20.389852187668403
17.568890027942974
7.735495351834839
.44575225264594
14.341063348599418
18.652089880681135
1.52006448524671
2.0629048275090853
32.68915292955914
26.110907429264905
8.878085598757776
.399549813256138
.09888021610724525
.09955057269145208
3.364406016905492
7.079307375032962
1.9348304747746068
14.07179003601999
14.262279052360878
8.00660495745334
5.287622717237876
39.21058676322766
7.947748114856527
12.99728005237911
17.60767208122909
9.228857911156048
11.305799110542692
.001262489603111598
24.017454076091976
4.646136005283316
3.392594404400853
.00013928677401030376
40.1913166205548
3.7191189717135984
1.2661349773932542
.6662681961519563
1.475225280284217
.0019119107863239304
18.586343005325144
8.398740326736824
4.525811857963021
11.605438999242104
.039820229076580844
7.0810794160182615
.573811945057521
6.327319863352997
5.580333981148217
.001262489603111598
4.143734947816361
9.974622494299117
3.0295680079641385
6.7171087941656165
9.060969047364638
.5973034361487125
.3982022907658083
.18396394455723805
6.2335693796320815
.002803997979017153
2.3466903694533867
22.17768460925753
44.563758669044255
10.984179949486386
.1710871695603115
.1728488004793097
27.75382365407997
40.14825954280531
3.943798656417909
16.5346312166825
49.6230379552796
.21028569872377095
9.777297137437268
9.777297137437268
9.777297137437268
9.777297137437268
9.777297137437268
9.777297137437268
9.777297137437268
9.777297137437268
