.024072282993421963
7.158341148915368
.09797767043149488
.5553782267295888
.019058051565478937
.6609502539155365
.004502151200656133
18.32657137574331
10235994281242644e-24
.6610351943064753
1.7567647941450935
.15557070486064525
84.41953040621364
19.324065792155093
3.2089558839912935
.17146320561966777
22.156767507577676
49.431027740991354
20.242484143828754
.006871040885092115
62.42083397813828
6.688191609137464
.6105518222824105
3498182466608657e-21
.33818530085192683
1.1613430031116807
4193489449833981e-26
.13309631152559928
.03196405806853246
13.82076566830307
6.422593962816619
.7072171564301144
10.197704720748725
196.02856608760194
134.83554972688376
11.009894146454895
5.290201289628185
5.978366840589829
21.59020031336517
31.93001027816043
42.40156379697437
.0002852772257901701
.3096668836683437
.033384002294880866
52.304404044968905
246.53138474453476
1490397889861084e-22
23.600715468754718
6.500669270588862
.42950755638507976
1.4088762951620961
4.519952511228438
33.99558279159315
100.57646008249637
4.7052657824742425
1.9433043015141203
1.1805549543370228
.0011522832854481372
986147234419441e-19
12.875390397970346
.00030497633969707433
22.3622587713398
9.239230973295152
7.576834524060735
8.011598256138596
1.1560584238793383
.6967787745415092
.3048100191278348
.5661983718505004
.020083366160152282
.3813928352250495
.025817721533840748
.00600593152992121
1.0387011321805326
.08459985546577659
132.6945329291171
4.929054636521705
.04261456862846833
.08914593622641141
1.9267812231980492
26.486634881481383
2.181614505430036
6.736547985262056
.11704280503459792
24861399569247187e-21
1.3146882907572313
12.721825970548483
.02490004700588106
9027219043562079e-23
2.131985165495672
.9228836016710698
.350633894231247
37.966127008660656
.024319892177236985
9736371676312424e-23
3.0563645691278425
.016416292660399852
1.250063927653753
2.488021509270845
1.194206643177223
.18398197845317973
1.7926424786910218
.08576054348312946
.4974166887874053
.00012405351086815212
.002847944831782723
.04642870786178495
.432821842589616
.8314030342550448
.5533031814978904
.02127013252273567
.002052726262701568
.004940494216635746
.924796227255021
12701423038023e-19
.007312359238072728
9.411060633212323
.0328520031904933
.09162685828153094
.012550400273424292
40059011136370536e-21
96.27056436430982
334.8926146004352
15.438234894080622
28.534706480906852
76.35916588220937
.000597947478682653
8.735798518544506
2.130584830499569
.001791662509033834
.0028855162540617108
2.33050159125462
.11773989892994716
.0013066703126555486
.0013700502311514325
.3196920230756332
.4001688066017918
6.281913002108096
.4263082321566479
2.382730389143047
.0019059920125422563
10.264590145368407
28.36738677719688
3.082921554820285
3.6881423675536538
.636303005027953
30.390573560684192
4.547508071192748
24.219941248826977
10.639759628963589
1.591535705308625
15.003639383637646
6.965377824229336
.0019059920125422563
1.9903942286415408
7.623968050169012
2.3456771019848097
1.9524302868975267
11.67517227953209
.0998797109903317
10.079582450693207
1.6616613893743282
2.4608661579319215
20.10677061946333
12.668620384587337
.5977823974098704
15.92295849887392
13.749971754752394
2.0783782648964
4.96741867375788
16.461020905103567
24.518228169791666
11.84751469339764
8.281538006987589
35.88098250604101
.0019059920125422563
2.0136335851530203
28.12993922378759
6.7504048977631355
36.12825343408364
38.092982876102504
4.064846775990358
6.716663951833249
16.38362957277103
.0398078845728308
5.52709975612426
7.672012178198969
15.309097261778764
3.055721413930636
6.108229040482115
19.76998215444117
20.32673055908414
17.53351821347233
7.7235125397017566
.44540686845438293
14.296667182022928
18.594347907912894
1.519593256372
2.0565186158225943
32.58795589532062
25.98975254263804
8.860211162970753
.3995188439613268
.09880360031159093
.09951971143207695
3.348795137404304
7.046459313940396
1.9342306660189708
14.006496781426305
14.21812678127905
7.9904850919043895
5.263088091906756
39.02864922594592
7.931746747022191
12.957043886048872
17.57222218603784
9.20028779029577
11.28303690826671
.0012599478063366537
23.969099232485714
4.631752788152649
3.385764022990545
.00013925660600334972
40.066894857381385
3.7116311915492015
1.2622153559538745
.6660616491170278
1.4722551783122875
.0019059920125422563
18.528804567619773
8.381830966831224
4.516699946105512
11.582073525698888
.0398078845728308
7.066822930437391
.5720355739421364
6.3145809376754505
5.5690989778013105
.0012599478063366537
4.1245079738333805
9.928340140431622
3.023468515205434
6.6963143890584576
9.042726408497987
.597118268592462
.3980788457283078
.18390691465921577
6.228739395469537
.0027909873987387738
2.3358017013199754
22.133033812073442
44.356982357503135
10.962065269807278
.17055752860592288
.17236714080261667
27.6679051034028
40.02397107303906
3.93158969130574
16.48344433995426
49.46941805935262
.21025987605974186
9.762151434487624
9.762151434487624
9.762151434487624
9.762151434487624
9.762151434487624
9.762151434487624
9.762151434487624
9.762151434487624
