.03175797740124516
7.1586862450296005
.09189333098598071
.5617145125679144
.018996315955832392
.6598029715150616
.0044742781307933
14.779347076311765
8395183281337863e-24
.6529668399819584
1.7250224853074336
.08324579356604161
82.30423917624117
20.668790096293392
3.242545231685195
.13224495646700873
20.761496604724325
43.142091407521924
19.789962086682557
.006759348970703985
62.05524562773336
6.579266151726552
.41682749207227165
3099762947152647e-21
.3410822036176158
.6479725092854314
3941640362346324e-26
.13249160349029201
.02042210767600789
13.5882936086055
6.557690553058416
.7213789425858564
10.076016412265595
191.94934820126284
142.82406833348878
11.372125277187916
4.2425488318815185
5.900057656027258
23.705974400008298
31.679920286093687
37.93479355407527
.0002882680426839975
.30723344200213065
.032747291267411646
52.456084374581415
237.78032948489374
1291866444656578e-22
23.03757566056444
6.237744659436541
.4376908130083586
1.4144382389410664
5.375035661595861
33.25901656666042
97.70826415687394
5.3055644934571085
1.9733165362774794
.9026086140335846
.0021228971207924085
.0001751989933149442
14.377408153039651
.00033936667875499103
21.997026903451797
9.635390321366158
6.92801772111516
7.126930180183752
1.0148624262264903
.5172489303652785
.3040987573286476
.46853551526833565
.021902788193613302
.4580335114780977
.017378708054797406
.0040933189515587375
.9471085862308067
.06222700531140179
123.62241107359561
5.379228516274012
.031331591817624814
.0684069749555945
1.684652193754252
23.485978815219394
2.1631151358815615
5.460770168453728
.09609915354702149
22084398240556835e-21
1.1035061860084447
11.730283830717585
.027404022518607612
1524411457032054e-22
1.864590786954404
.9770095439785055
.44613197703591617
36.13128498239674
.02019877610309156
132273873097152e-21
2.2773893720952962
.014092781626683766
1.2295590170125417
2.2373665013511266
1.296556374179304
.15481844022455776
1.745653212208403
.0790896962409117
.43195915971695525
.00012408569366889095
.0018177652377643694
.03013740852829875
.3829249814299737
.8290845789632929
.44779358566734795
.01596429039466365
.0014854424494725094
.003793191753037352
.8627273845230985
8738642998838976e-22
.0040873886443066375
9.110950924302994
.01894423242138179
.08149519768957483
.012248449218967524
2989831585443241e-20
94.80206509305205
329.78420411445
15.202741970141059
28.099441600624292
75.19439261851959
.0005287495085046442
8.299381190542949
2.4207941214657938
.002421371443143706
.0039007499638670853
2.0988433462431773
.10652621712201633
.001435095981746083
.0015072412306423853
.31959375597360373
.3961904639185606
6.257818892530714
.4220700201615552
2.3772428364369325
.0018769182463300885
10.204814210860468
28.08536782977864
3.06943080793249
3.6318839004426495
.6291092968011969
29.92699951370878
4.496974925542365
23.979154799543736
10.397243534252294
1.5890911731296438
14.774775725814793
6.859128813158743
.0018769182463300885
1.9873370664776357
7.507672985320343
2.34207424020912
1.9374820158971993
11.559101672709502
.09984133611739365
9.979374657304046
1.6451417148735532
2.4047746980643283
19.906875918882758
12.475374817518608
.5886638987206433
15.680071661071889
13.540231387746148
2.074430441198063
4.9125267900541365
16.209926529964896
24.144230152457734
11.66679417089575
8.15521245141971
35.33365844068353
.0018769182463300885
1.9982167271334395
27.850280899489338
6.70277732868282
35.577157528600026
37.511917230928724
4.002842106466169
6.614208791383322
16.133715715435308
.03974674132955271
5.4427900606567805
7.5549842541688195
15.075574187296084
3.040123178754347
6.047503097055734
19.319357419315068
20.016669127428766
17.35920591639896
7.664379489322094
.44369852230386203
14.078587590645785
18.310712026762843
1.517259224781145
2.0251487354380235
32.0908632502317
25.39735821147329
8.772125945755999
.3993653444695746
.09842464174088987
.09936685332388173
3.2724647740283626
6.885846682269001
1.9312597687347415
13.68724136415437
14.001245235452156
7.911046396592793
5.1431245199200175
38.13905435517764
7.8528920084326845
12.759398742593456
17.397525107183558
9.059947739267464
11.170864778435268
.001247421832163008
23.73080656953438
4.561100604497539
3.352103904296146
.0001391071400369256
39.45571940320033
3.6747314118808525
1.2429616791667069
.6650386063231899
1.457618516184056
.0018769182463300885
18.246168476468792
8.298501643433573
4.471796445666458
11.466928475141607
.03974674132955271
6.9965669713641665
.5633098141108276
6.251803513606836
5.513732882780884
.001247421832163008
4.030496492249082
9.70203970115587
2.9934102156903064
6.594169638319979
8.952826686555124
.5962011199432905
.39746741329552693
.1836244413415754
6.204849231840553
.0027273713596613477
2.2825608832584394
21.91299468940491
43.34593675970258
10.853084131248329
.16795586517827832
.16999898622255555
27.24586230402934
39.41345037295069
3.8716177088551276
16.232007920516228
48.714817680208725
.2101319031392862
9.687410079485987
9.687410079485987
9.687410079485987
9.687410079485987
9.687410079485987
9.687410079485987
9.687410079485987
9.687410079485987
