.03448704732987375
7.158845013418366
.08995028103406683
.5632666602101624
.01896860609183197
.6592322973674654
.004462704309759688
13.89029435332109
7874619861357873e-24
.6501297625194863
1.71385569461819
.046561080922029305
80.55350959575959
21.050281710349793
3.2363340890079115
.1252915459714387
19.997742802822764
41.172798185351475
19.626899346390655
.006720010793701712
61.92160115957848
6.541093632384346
.3844845163100388
2976869066239032e-21
.3415767088688043
.4455063631121974
38644725191593036e-27
.13224244178336106
.01834416431024196
13.506772302278074
6.599986658015057
.7245419283107405
10.031995019766647
190.59595462567472
145.15655087955562
11.460039881636476
3.977956230501032
5.872223596692678
24.324345866368184
31.58353802227301
36.63952720881033
.0002891537150232059
.30637407518476156
.03252599976126325
52.464360719489605
233.96613298144547
12112846995249655e-23
22.684664523493225
6.139576780007259
.4380509760354864
1.406294049993692
5.63532244569549
32.996095827920804
96.70418768899171
5.482036983607753
1.9683987847237197
.8523117002842251
.0026049213441162312
.00021573309368778533
14.777297530251476
.00034977508595933067
21.868771765939357
9.766991104509712
6.585852332545218
6.861772102104667
.9758478153701418
.4853464287487477
.30300248705050814
.45555292327415525
.02233550878119516
.48588761305032346
.01596851948605083
.0037735433100136474
.8984488573095177
.05826412569993039
119.95610520113122
5.477330635491281
.02934209474159205
.06494470097217725
1.6141543010516117
22.590565229436738
2.1562058043947316
5.081533618276504
.09038776308811576
2121973307510849e-20
1.0450893742596743
11.389338371429767
.028007388990896196
17101108939364207e-23
1.8289279183297433
.9902080462059576
.457818064749871
35.11648315007967
.019069126562277963
1399092945657063e-22
2.0806229472479627
.013416508232367164
1.222160830201648
2.1579229416993684
1.32941471423669
.145499025210199
1.7292256126725098
.07699608679656104
.41312288554346643
.00012407158060223384
.0016326288161230354
.027219316598263467
.36842736954295513
.8280380819266786
.4183875410130206
.01511013722208566
.0013874639803499933
.0036100929268444155
.8388568686208189
8072661017820497e-22
.0035190523791209147
9.000967965947245
.016471761499719278
.07854313137933022
.012088162383771589
28251659917346582e-21
94.2860304583494
327.9890947870966
15.11998911669488
27.9464883388204
74.78508812827985
.0005087861385187713
8.140434608483467
2.483221232564089
.0026345885859143927
.004244733953339293
2.028533987380106
.10311250814032005
.0014780112885786018
.0015531509790652387
.3195588701293698
.3947873519689196
6.249285701772819
.42057525553997255
2.3752973342675086
.0018667016458724821
10.183672562325238
27.985903257052012
3.064654670577248
3.6121145222122513
.6265745363659296
29.76409833379624
4.479166808884422
23.894232415726727
10.312466165090221
1.5882240615836116
14.694352414497672
6.821792621927016
.0018667016458724821
1.9862526460583805
7.466806583489918
2.3407962521051715
1.9322016971750142
11.518165014306165
.0998277133474294
9.944032615768977
1.639315431282168
2.385166571000863
19.836375545891585
12.407467800087941
.5854596335008847
15.594720566200795
13.466528052791293
2.0730304355326172
4.893181812618842
16.121691284168964
24.01280623279236
11.603288488163841
8.110821307891767
35.1413272767131
.0018667016458724821
1.992770884999839
27.751648889156638
6.685946488651194
35.38350092975896
37.30772918411499
3.9810534970919402
6.578205769569837
16.045895306803498
.0397250529211676
5.413163404550107
7.5138603236304125
14.993513544302301
3.0346036658372566
6.02608581260864
19.16183063921074
19.90771269772443
17.297728138724366
7.643491364333404
.4430934929486127
14.001953829584387
18.211041607319956
1.5164313094202282
2.014125274220332
31.916183543852185
25.190272438619907
8.741059385959202
.3993108533897176
.09829042944461283
.09931263230291898
3.2457816485149786
6.8297006504623
1.9302059477380782
13.575637907900163
13.925032470852914
7.8830293574560155
5.101188350527106
37.82807494222945
7.825080923563824
12.689945702064255
17.335911621763863
9.01063186394904
11.131303064345987
.0012430040769711246
23.64676371311879
4.536273235157285
3.3402323993688525
.00013905410561313448
39.24095068767524
3.661717318849095
1.2361958848200474
.6646757179855973
1.452456347620362
.0018667016458724821
18.146849385948606
8.269112428193878
4.455959539933748
11.426318248913502
.0397250529211676
6.97178856900968
.5602435583930457
6.2296626974701
5.494205950157517
.0012430040769711246
3.9976325040291094
9.622930906727778
2.982809027559045
6.5582756953226635
8.921120173524178
.595875793817514
.3972505292116759
.18352424389795902
6.196388270756738
.002705132833859932
2.263949267016364
21.835389629462217
42.99250130633005
10.814647840065552
.16704163357954288
.16916594189828116
27.09755531738914
39.19891173979314
3.8505433912425695
16.143652479423963
48.449649056281196
.21008648069736152
9.661008485875064
9.661008485875064
9.661008485875064
9.661008485875064
9.661008485875064
9.661008485875064
9.661008485875064
9.661008485875064
