.035218599424616324
7.158890216682194
.08944495817781054
.5636320830245818
.018960708014299978
.6590712534226373
.004459483253181484
13.680804010726293
7744147931641583e-24
.6493711967017844
1.7108707756287962
.03571600751822709
79.56811947209208
21.143242306759046
3.2330763896040624
.12412683508156978
19.775876952354142
40.66342782876671
19.58291481084573
.006709493977393727
61.885420319669265
6.530904342910294
.37852668418703633
29452604526116252e-22
.341671762469048
.3985509877889181
3844287481425038e-26
.13217298266813557
.017925042447741974
13.485007593026003
6.610848036087714
.7252563057638354
10.020141390837187
190.2414324092006
145.74410148958185
11.480002511917903
3.9153722627772822
5.864769694690655
24.476012337111243
31.55715308038848
36.322567337792215
.00028937639144264695
.3061441322176476
.03246697247727862
52.4634993965985
232.85167620626635
11885709073964127e-23
22.575772242742936
6.112840038432224
.4379758142726675
1.4032775634502679
5.701664326113178
32.92547006615945
96.43617014468553
5.5266480599267025
1.9659763606033063
.8435956249510098
.002747878113478617
.00022822703653272277
14.874133285239672
.00035243853369319034
21.83451807079924
9.80155399835683
6.4881296135205115
6.794090422678432
.9660943440092714
.4797043394387358
.30263676575647613
.4544471590270972
.022436027929495974
.49339275216587203
.015706426503443303
.0037145738760627767
.8845641389612449
.05755775650694297
118.9259761463595
5.499995101576671
.028988677103052623
.06439010121419574
1.596305814391546
22.362304103691535
2.1543279290542405
4.984300503964766
.08897024811142287
2099661855802162e-20
1.0305090523015434
11.298970895885793
.02814736159126376
17571851091494687e-23
1.822153848077272
.9933467453509683
.45978040887838717
34.81887445723006
.018788247132694495
14164517842272273e-23
2.0329503793148263
.013245310938682593
1.2201686275534966
2.137454038750094
1.3379036132073279
.14306073875981454
1.7248441352048163
.07645467226975401
.4083694211796166
.00012406559244169143
.0015953107157289793
.026636039779900724
.3647563763929889
.8277385395322132
.41102896106845627
.014967241955365666
.0013694336305225064
.0035805036795814034
.8321964489307089
7950110301196563e-22
.003400936796272314
8.971126908796084
.015959906257153773
.07779391896950578
.012041091530856932
279725847873662e-19
94.14818136610967
327.5095645877538
15.097883225034378
27.905629708649347
74.67575001677557
.0005037425596371628
8.127361325337478
2.5062127080738525
.002700200347664173
.004350589440106235
2.0155994144467453
.10249484991618087
.0014941239367876672
.0015703030335189572
.31954951930775805
.39441208104712916
6.247000281087733
.42017547154729495
2.374776095372052
.0018639724703401683
10.178012802359326
27.95930084524719
3.0633756474584986
3.6068334990794253
.6258968099590102
29.720582301604598
4.474405189985618
23.871519401798075
10.289858783593038
1.587991704859763
14.67286881685821
6.811818950156035
.0018639724703401683
1.9859620578669928
7.455889881360663
2.340453794286094
1.9307887087087863
11.507216253205545
.09982406195557414
9.93458016936353
1.6377571558968635
2.379937717907751
19.817519787471355
12.389327698474572
.5846036734119004
15.57192060248048
13.446839572337998
2.072655311877793
4.888009187517964
16.098120872962888
23.977698767505856
11.586324121573018
8.098963036319867
35.089949569521
.0018639724703401683
1.9913136032468748
27.725269151285346
6.681442020290184
35.33176915719711
37.253184130340266
3.975233073768738
6.568588229309704
16.022435711660254
.039719241157339845
5.405249192255507
7.502874827477978
14.97159256383978
3.03312581472592
6.020357628140704
19.11982334352511
19.878607006132473
17.28128552892158
7.637901800285662
.44293144962357733
13.981482540087866
18.18441650133018
1.516209455955392
2.011180560784432
31.869521096532164
25.135049362982997
8.732750443444113
.39929624782229656
.09825448373956451
.0992981028933496
3.2386661222373814
6.814728320309184
1.92992355916255
13.545876876897658
13.90467364276158
7.87553602799974
5.090005330938663
37.74514679411896
7.817642677843372
12.671392609022824
17.319432716089878
8.997458041518364
11.120722040559755
.0012418225211704437
23.62428593420382
4.529641063407367
3.337057292351735
.00013903989268902045
39.1835792042792
3.658236619615121
1.2343885282082085
.6645784761190442
1.4510756938843352
.0018639724703401683
18.120318130971558
8.26125210179831
4.451723862079145
11.415456794106106
.039719241157339845
6.9651614328824145
.5594244649856533
6.223741000001161
5.488983351912817
.0012418225211704437
3.9888687416412076
9.601835150712997
2.9799736745830323
6.548687293447399
8.912640071580118
.5957886173600977
.3971924115733984
.18349739435381066
6.194122195143842
.00269920253852644
2.2589861511185423
21.81463367881426
42.898251505846765
10.804367817558395
.1667974135456392
.1689433322631133
27.057937853547898
39.14160171863892
3.8449137777300253
16.120049960271295
48.37881417109964
.2100743064662853
9.653943543543924
9.653943543543924
9.653943543543924
9.653943543543924
9.653943543543924
9.653943543543924
9.653943543543924
9.653943543543924
