.035218599424616324
7.15889015949535
.0894429677975325
.5636333916604923
.018960710889722253
.6590719029920309
.004459486053051559
13.679929315318816
7743699788163093e-24
.6493710828750068
1.7108706332107297
.03577576657238713
79.57447943776116
21.141907087804846
3.2329407038186164
.12415210363113437
19.777337989138122
40.66201551673326
19.5829077170945
.006709493945758728
61.885420382179774
6.5309040384428805
.37860596527492874
29451598864130266e-22
.34167174814915824
.3985742871849996
38440365371147995e-27
.13217297977022127
.017928750207019364
13.48500680362013
6.610848420358372
.725257182924602
10.020142826174302
190.24131350877258
145.74440683136314
11.479582089790352
3.915125469442989
5.8647699031450085
24.47373922542047
31.557163727114066
36.318917202364396
.00028937642531576106
.3061441320228693
.03246694986584854
52.46348853571565
232.85191816703187
11885768920350867e-23
22.575808136659084
6.112844209956203
.4379500653040917
1.4033207006453958
5.701669138094157
32.92546915022255
96.43614982159085
5.526655273909509
1.9659801606097007
.8437628669354638
.0027479900198613453
.0002282329870595983
14.874164979500398
.000352438593305491
21.834518865104627
9.801526714054143
6.488772808536565
6.793817744589593
.9660305004016179
.47980180050248383
.30263636004462874
.4545379618201718
.022436001575487977
.4933886109415563
.015709656198164227
.0037153382346177956
.884656383678218
.05756949163096795
118.92619617778662
5.499988577699058
.02899460475563988
.06440325271055977
1.5962296865573886
22.361379262957254
2.1543282932058108
4.984020864900311
.08896475076062983
20995931858878647e-21
1.030446661552994
11.298966441358523
.0281464046451017
17570378472738447e-23
1.8219154526349381
.9933477967706301
.45974851697087593
34.820802957502025
.018787105303620842
14164030547378442e-23
2.032784129939192
.013244626476449209
1.2201684846514713
2.137442945520056
1.337898406212412
.1430533939763632
1.7248440880951514
.07645272839412569
.4083487198080453
.00012406559274924105
.0015956407056041347
.02664155440891004
.36473847063443887
.8277385339477379
.4110036537537401
.01497024492471048
.0013697107051004007
.0035811559691481328
.8321704558563107
7951760725862561e-22
.0034014522081338024
8.971121383805535
.015962577240041534
.07778953447929901
.012041129871479931
27978197746620428e-21
94.1481808997091
327.5095629653045
15.097883150240992
27.90562957040768
74.67574964683946
.0005037172426007929
8.128979481836256
2.5066997734266665
.0027006929067592074
.004351383995338316
2.016318846188042
.10253184033064118
.0014944687243642007
.0015706657236851376
.31954951930774544
.3944120805112494
6.247000280605543
.420175470976411
2.3747760953324732
.0018639724611062372
10.178012799599902
27.95930080725945
3.0633756471070024
3.606833481211537
.6258968087054313
29.72058215437184
4.474405181478577
23.871519369364318
10.28985861122925
1.5879917048519225
14.672868744170303
6.8118189164109735
.0018639724611062372
1.9859620578571875
7.455889844424938
2.3404537942745387
1.930788707515409
11.50721623757092
.09982406195556644
9.934580155865616
1.637757153671676
2.3799376780417925
19.817519760545686
12.389327637099097
.584603670515833
15.571920525338761
13.446839505723714
2.0726553118584268
4.888009178379956
16.098120793214424
23.97769864872276
11.58632406417554
8.098962996198424
35.08994939568894
.0018639724611062372
1.9913136020160884
27.72526911361558
6.681442017061728
35.3317689821671
37.25318394579176
3.9752330540758356
6.568588196769582
16.02243563228673
.03971924115714374
5.405249165478449
7.502874790309495
14.971592489672025
3.0331258141727866
6.020357619960965
19.11982302325199
19.878606907655865
17.281285505441847
7.637901795564846
.44293144958938857
13.981482470825016
18.18441641124642
1.516209455947906
2.0111805508212472
31.869520938653782
25.135048941949783
8.732750431579099
.39929624782226575
.0982544837319805
.09929810289285934
3.2386660679869994
6.8147282061567545
1.9299235591530217
13.545876649992827
13.904673573879233
7.8755360172994076
5.090005245676792
37.745146161856006
7.817642667221698
12.671392546250027
17.319432692558312
8.997457996945867
11.120722025450252
.0012418225194832043
23.624285902105974
4.5296410409679835
3.3370572878177427
.0001390398926887864
39.18357901016771
3.6582366146447485
1.2343885220931727
.6645784761157629
1.451075691912788
.0018639724611062372
18.120318041205334
8.261252090573914
4.451723856030678
11.415456778596154
.03971924115714374
6.96516142341899
.5594244622143212
6.223740991545089
5.488983344455046
.0012418225194832043
3.9888686748243014
9.601834989874183
2.979973670534202
6.548687261005864
8.912640059470693
.5957886173571562
.39719241157143736
.18349739435290469
6.194122194665733
.0026992024933125275
2.2589861132786244
21.81463364917516
42.89825078726498
10.80436780287872
.1667974127193417
.16894333165322156
27.05793771950561
39.14160152473538
3.8449137586827113
16.120049880414197
48.37881393143589
.21007430646622086
9.653943537577039
9.653943537577039
9.653943537577039
9.653943537577039
9.653943537577039
9.653943537577039
9.653943537577039
9.653943537577039
