.037144389907448706
7.15901384245485
.08812704624269402
.5645090365087276
.018938951109301563
.6586389989614716
.004450809352024262
13.177296714461619
7413606956690959e-24
.6473774359770134
1.7030283787579716
.007184023101687841
66.9993120046472
21.330970595298684
3.2174993490889388
.12035904277946542
19.174283662037393
39.34511401009159
19.46645254846219
.006681864862692546
61.789440028703424
6.504166600271891
.3615938097783306
28637085450151545e-22
.3418538385016621
.29274065972870755
3789753631824594e-26
.1319850295691182
.0167716699605664
13.42788688011309
6.638505296312691
.7268980692160492
9.988837957396607
189.32355579244805
147.22249170968314
11.51356241647095
3.764526517519908
5.8451612087065845
24.78005124117541
31.486647585072905
35.48797339406576
.00028993392859128414
.30553965620363704
.03231197114612566
52.45560477593699
229.69025993155506
11263049059788866e-23
22.259278652437548
6.041636681106481
.4372506290719938
1.3940513865684998
5.869771578048816
32.739218668377966
95.73276401354514
5.639125793118027
1.9576014202346577
.8162400357445578
.00315299695072417
.0002650491204955871
15.10951863048736
.00035921638285398586
21.744614421258415
9.89066732046625
6.226864764724385
6.619921700809127
.941125741150941
.46248646249076586
.3015207591748853
.4486779287542488
.02267196395503058
.5131570218383498
.014968117250439469
.003546846544249973
.8474930552182851
.05542220278035746
116.11138858737803
5.553408203719227
.027918893317910816
.06258122667237512
1.5506079893753308
21.775410356333452
2.149339230454108
4.733588618777964
.08539801756112228
2041975742157439e-20
.9935544508028037
11.063152702515886
.028466829204254106
18743961995972947e-23
1.8069560169099022
1.000905481702499
.46278950266544294
34.00465503450928
.01807898408961161
14561185045318685e-23
1.915132279874396
.012807441585267846
1.2149045362922748
2.085129328617201
1.3595530439909937
.13668112582166025
1.7133546000783377
.07505028590986414
.39622361344686097
.00012404549071258697
.001492654836661275
.025016454350341107
.35533599651300757
.8269123162484117
.3923926275404072
.014502706592847029
.0013143814055292487
.00348029442133127
.8138305943289227
7598845602607151e-22
.0030921197452544505
8.891752516199258
.014606247409200782
.075861519388362
.011909667867269784
27073140249553924e-21
93.78625885229062
326.25055901594726
15.039844251037609
27.79835545749219
74.38868302540911
.0004908151996086086
8.02306435680038
2.540133153513854
.002846759670236387
.004587091336557547
1.969847610611677
.10026367779006658
.001522384140007515
.001600572021492098
.3195249048388769
.3934258937985896
6.240987968695527
.4191248655641089
2.3734044952099542
.0018568070254811576
10.163128668242447
27.889391460376284
3.0600112052763273
3.5929681834889164
.6241162129879186
29.606331046798797
4.461894522287397
23.811831098197402
10.230581621945753
1.587380194758759
14.616463674559352
6.785633095024817
.0018568070254811576
1.9851972957747983
7.427228101924621
2.3395525231196523
1.9270739906720729
11.478443630660694
.09981445040689373
9.909739763216216
1.6336621108894656
2.36622752462115
19.767968097116956
12.341700898252878
.5823563519235935
15.512059343689677
13.395147506593075
2.071668133776131
4.874418496302174
16.036236805851182
23.885524188160716
11.541784211283138
8.067829168210043
34.95505750284794
.0018568070254811576
1.987482439057148
27.65594493883544
6.669598627319369
35.19594749260945
37.10997620159879
3.9599515640656437
6.543337396742378
15.96084259189814
.039703945915495954
5.384470443828364
7.474032429472742
14.914039073820588
3.0292388513414816
6.005304336900849
19.00967908568468
19.80219007152485
17.238075434084358
7.623206949703518
.44250515826394154
13.927735210777827
18.114512339221072
1.5156255880455556
2.0034492215940065
31.7470089351489
24.99025297506001
8.71091509015286
.3992578016275749
.09815992048942898
.09925986478873988
3.220009021174385
6.775470468406551
1.92918037659618
13.467842654060082
13.85122158064418
7.855844052070387
5.0606831531388385
37.52770696185586
7.798095458341228
12.622681500639201
17.276127238095395
8.962870197280518
11.092915807439729
.001238717470402029
23.565215812714868
4.512228309846137
3.328713320380528
.0001390024845073883
39.032950490264064
3.6490895714394513
1.2296433170668355
.6643225576216032
1.4474474268642807
.0018568070254811576
18.05066037450721
8.240595682101091
4.440592779848739
11.386913606745534
.039703945915495954
6.947745755931317
.5572739368955552
6.208179169349022
5.475258707944686
.001238717470402029
3.9658899212160845
9.546521511691349
2.9725225538388234
6.523512963650812
8.890354922590568
.5955591887324395
.39703945915495953
.1834267324543739
6.1881607743087175
.0026836531448408713
2.2459727278971915
21.76008840852617
42.65112599689882
10.777352595960933
.16615621433888875
.16835871628991916
26.953922282087895
38.99113437361579
3.8301332388002054
16.058081593810527
48.192837322834244
.2100422615153044
9.635369953360357
9.635369953360357
9.635369953360357
9.635369953360357
9.635369953360357
9.635369953360357
9.635369953360357
9.635369953360357
