.03742579353314838
7.159032473359248
.08793669229961809
.5646267024008562
.01893566037335108
.6585746730295103
.0044495183903592965
13.10988185815487
7366987545874359e-24
.6470865319561055
1.7018844245030145
.003893914944986713
57.56463964118109
21.336530260080522
3.212863202701286
.11984160903957577
19.083808599412865
39.155680057339055
19.44935231173654
.006677834382760618
61.77532469807252
6.500269944761525
.35931410633649913
28520262270948104e-22
.34187262661912887
.2794181848954422
37817110080550225e-27
.13195696593448492
.016613387504883594
13.419561366389155
6.642434614144117
.7271100279840428
9.98424562341968
189.19128101723638
147.4304213799279
11.511510496608935
3.7442634613613475
5.842294318958185
24.78697625553131
31.476174224646726
35.34805419982715
.000290011961193971
.3054514301798647
.032289369513394874
52.45381230468733
229.1970418855151
11168842607240762e-23
22.209297325832214
6.031132041068706
.43709417924549626
1.3925284518309524
5.89356317270497
32.71196138442875
95.63023673410211
5.654982945368624
1.9561462259354787
.8124880810981723
.0032155624016606986
.00027094928555461016
15.141604072207176
.0003601797420126295
21.731509958280025
9.903464172283112
6.188033431222558
6.595044906565666
.9375818737882686
.4601353004019477
.3013391829111808
.44791946006817324
.022703172350230196
.5160455358284602
.014868825378612558
.003524254964273363
.8419898687537951
.05513091067524816
115.68692532207285
5.560520011393801
.02777306502903324
.06233559677697433
1.5441095945305723
21.69164459087601
2.1486047396110703
4.697640024321789
.08489642348239117
2033696648733873e-20
.9883430094427262
11.028949545363874
.028508157084968736
18908048904520916e-23
1.805108239912256
1.0019296099600745
.46300913175038994
33.88127736368764
.017979247469438308
14612474481604225e-23
1.8988563378282377
.012745213485075806
1.2141332401297846
2.0776758168651064
1.362633936567565
.13575577220596402
1.7116811060824195
.07484828498182303
.3944994654203494
.00012404203359366706
.0014785720884059642
.024793930378918992
.3539946153819111
.8267870643465938
.3897638489998682
.014437998408651072
.0013066901745172916
.0034662325160532206
.8110516589628046
7551394981498751e-22
.003050282141272488
8.880054253677256
.014422173813844889
.07558546383849656
.011889567371209612
26947777070750108e-21
93.73349011093963
326.06699447701584
15.031382098255799
27.78271474160193
74.34682830999509
.000488976511473506
8.007495334039454
2.5443858649704807
.002867654023697319
.004620811355188724
1.9631511544471225
.09993610316757695
.001526242306593652
.001604709409556508
.3195213082404498
.39328199519984963
6.240109912142168
.4189715673653822
2.3732041382777185
.0018557622949325102
10.16095556744563
27.8791906972488
3.059519890124139
3.5909466036639284
.6238564503218567
29.589673075316846
4.460069350302689
23.80312173467438
10.22194849623991
1.5872908583642147
14.608239736420144
6.781815165595964
.0018557622949325102
1.9850855705753467
7.423049179730032
2.3394208551122317
1.9265317813434082
11.474245300097802
.09981304600936164
9.906115198366056
1.633064586190972
2.3642307720978266
19.76073780812493
12.334756853032385
.582028689725689
15.503331499575351
13.387610740730102
2.071523923042619
4.872435742648969
16.027214033830987
23.87208502272921
11.535290238357598
8.063289812489371
34.93539007596847
.0018557622949325102
1.9869232329632303
27.64582956059964
6.667869786351206
35.17614452922686
37.08909631194664
3.9577235014218854
6.539655794737069
15.951862240354293
.03970171141150693
5.381440877113158
7.469827172871762
14.90564770519137
3.0286712912427545
6.003107849855363
18.993637676189202
19.791048389802445
17.231770473127188
7.621062053377545
.4424429013655053
13.919898784995027
18.104320227625777
1.5155402899386732
2.0023219829656846
31.729146513471484
24.969164829407404
8.70772900480623
.39925218403744656
.0981461101821675
.09925427852876734
3.217291801012228
6.769752954932585
1.9290718039808477
13.456477749999333
13.843428205176078
7.852970715645837
5.056412671221684
37.49603902511229
7.795243243916647
12.615579361973959
17.2698083593932
8.957827247652386
11.088858486694471
.001238264399795759
23.556596650661973
4.509689509263699
3.327495817440431
.00013899701912846606
39.010988641121195
3.647754888378972
1.2289514595287874
.6642851701184023
1.4469180116433746
.0018557622949325102
18.04050418915369
8.237581619757638
4.438968598297225
11.382748754004995
.03970171141150693
6.945204563563354
.5569603872924731
6.205908479246318
5.473256089234959
.001238264399795759
3.962543285854519
9.538465633412915
2.971435330458353
6.519842515842238
8.887103205721326
.5955256711726039
.39701711411506935
.18341640935534906
6.18729015011454
.002681388531175056
2.2440774529648024
21.7521294859443
42.61513463826119
10.773410694929172
.16606272671708142
.16827345972117982
26.938756685648674
38.96919605226764
3.8279782183026243
16.049046530843025
48.165721672857586
.21003757939793963
9.632658906717037
9.632658906717037
9.632658906717037
9.632658906717037
9.632658906717037
9.632658906717037
9.632658906717037
9.632658906717037
