.037695016924708676
7.1590504268161075
.08775496159392046
.5647369239101923
.018932485914023252
.6585129111663433
.004448278126917018
13.0469044149178
732274742502514e-23
.6468083434248966
1.7007905453479895
.0016706594736051665
40.891211866759555
21.3243618307857
3.2066228894282527
.11935208271584041
18.996769141462895
38.975096963011424
19.432971395039345
.006673979968653962
61.76179855809778
6.496544395660664
.357169974946421
284089749534714e-20
.34188882108186114
.2671660441531891
377398140109009e-25
.13192997744132234
.016463897643601462
13.411601199893292
6.64616744286441
.7273064643551479
9.979843150385438
189.06512109148474
147.6274983307611
11.504057773115271
3.725314989349649
5.839548488441946
24.76346088408655
31.46608109164501
35.19438364018512
.00029008580898397604
.3053670472931765
.03226775503012629
52.45195160482889
228.71692620477697
11077909693734981e-23
22.16056913001299
6.021058737849826
.43693131270205915
1.3910325723551027
5.916145171927376
32.6858735697971
95.5322060135733
5.670021073763106
1.9547014530498321
.8089408014068384
.003276203380184118
.00027672829398194573
15.17176548951429
.0003610951914627322
21.718980628487138
9.915649340122082
6.150789025272255
6.571359653720462
.9342108786112343
.457915267992567
.3011610013740179
.4472053078794746
.022732285545224214
.518808410611934
.014775473390111963
.0035030045569430183
.8367133788393681
.05485596164483131
115.27757458476508
5.567169599331777
.027635435591354406
.06210375630247327
1.537928788327781
21.61190489009735
2.147900777977171
4.6633807355823125
.0844207967015294
2025806366260556e-20
.9833962430051119
10.996287951215633
.028546394139505892
19063254325760312e-23
1.8034076336447273
1.0028913136873256
.4631697537874963
33.762349285088845
.01788463969076964
14659995187871964e-23
1.8834878326616564
.012686039286333387
1.2133948334310207
2.0705898229384796
1.365561423491754
.1348714708583179
1.7100813344100134
.07465564615463538
.39286024988534046
.0001240386035618679
.0014652727831848658
.024583676101767055
.3527182157704116
.8266661645130188
.38726884016170743
.014376488585824174
.001299382920524419
.0034528318611150304
.8083676034358386
7506726175329224e-22
.003010910167930259
8.868837649920751
.014248777357569166
.0753225188955167
.011870131682823547
2682861037557575e-20
93.68303319832705
325.8914720055203
15.023290677227092
27.767759254420156
74.30680727360115
.0004872273196897951
7.9924336326352625
2.548263487984907
.002887479573483023
.004652807283580064
1.9567458007704963
.09962255996670269
.0015298520261717119
.0016085819760806037
.3195178673545659
.39314437435581384
6.239269976896998
.41882495699055816
2.3730124693978394
.001854763334626708
10.158876961777555
27.869434955054597
3.0590499148269767
3.589013590407268
.623608032392977
29.57374489909265
4.458323877693834
23.794792327928594
10.213695865803285
1.5872053934994628
14.6003760937143
6.7781645018389645
.001854763334626708
1.9849786871589168
7.419053338506824
2.339294893140028
1.9260131837311185
11.470230126908728
.09981170241806636
9.902648759649423
1.6324931292479652
2.3623220241877583
19.753822949450704
12.328117030404481
.5817153825960735
15.494986027303359
13.380404164890061
2.071385963702229
4.870539565203468
16.018586554613357
23.859234634821473
11.529080770100004
8.058949328539
34.916584290308904
.001854763334626708
1.986388378747797
27.636155478275413
6.666216195773713
35.15720914499591
37.069131182201914
3.9555930514768374
6.536135485821218
15.943275323147683
.039699573743178326
5.378544037448435
7.465806150967568
14.89762396722104
3.028128396872187
6.001007187279352
18.978303273707485
19.780394831528515
17.225740573905544
7.619010561353242
.44238334738455554
13.912405677507627
18.09457463826861
1.5154586883561887
2.0012441293063667
31.712066654703747
24.949006119967216
8.704681916381379
.39924680967226545
.09813289945699134
.09924893435794582
3.2146943392611442
6.764287434410264
1.9289679365264645
13.44561374125479
13.835976261944472
7.850222732083746
5.052330405973917
37.46576681692954
7.7925154608811
12.608788372065542
17.2637651496054
8.953005232531659
11.084978171594981
.00123783109495618
23.5483535102354
4.507261934986784
3.326331429574953
.00013899179051336263
38.98998895314985
3.646478432521085
1.2282899126651727
.6642494028600439
1.446411692817587
.001854763334626708
18.030792952089097
8.23469904961926
4.437415273678752
11.378765598126789
.039699573743178326
6.942774233861753
.5566605744768293
6.203736850813421
5.471340837248298
.00123783109495618
3.959344149668368
9.530764808875015
2.970395538545256
6.516332872451383
8.883993349030371
.5954936061476749
.3969957374317833
.18340653362366682
6.18645732454859
.002679223727799953
2.24226571013541
21.744517781223596
42.58072955812349
10.76964076421514
.1659733348414535
.168191933801482
26.92425550266306
38.94821886132485
3.825917610485556
16.04040729915152
48.139793975014555
.21003310003836323
9.630065918655587
9.630065918655587
9.630065918655587
9.630065918655587
9.630065918655587
9.630065918655587
9.630065918655587
9.630065918655587
