.037676205464550604
7.1590491684031905
.08776765343898318
.5647292926952543
.01893270855623213
.6585172322364953
.004448364939120408
13.051242126608667
7325828247509931e-24
.6468277732137778
1.7008669460862582
.0017977494477740739
42.41081450331224
21.325721322064656
3.207111334303917
.11938620322978082
19.002862010434878
38.98769829135502
19.43411666551242
.006674249237328947
61.76274436411038
6.496804635082603
.35731889638918274
2841673868047523e-21
.3418877456130846
.26800656276218865
37745234557011954e-27
.13193186764682904
.01647429448247318
13.41215724725062
6.645907455131579
.7272929356896268
9.9801516574852
189.07392969328066
147.61378536085692
11.504737908798301
3.7266210488027633
5.83974079196975
24.76598041095855
31.466792947610415
35.20565308683691
.00029008067445252065
.3053729426094754
.03226926514162727
52.45208627360475
228.75073910011076
11084288880642997e-23
22.16400276598049
6.021763296041991
.4369431863135759
1.3911382062880215
5.914572965686144
32.687696739637026
95.53905397781143
5.668974472626497
1.9548040345371565
.809187919494814
.003271941104128293
.00027632014247895256
15.169674781842064
.00036103142254047965
21.71985583307889
9.914799939582352
6.153392592147816
6.573011776279214
.9344459973566366
.45806980598595864
.30117359505857794
.44725518686826327
.022730274876525382
.5186154036381636
.014781955762209458
.0035044806176334343
.8370821687227668
.05487509670704154
115.30628017397461
5.566709849700163
.027645013561282235
.06211990282254643
1.53835973209515
21.617466565028298
2.1479500045571185
4.66577119613325
.08445391863299698
20263569202715007e-21
.9837408317533468
10.998568191944699
.02854376634175753
19052470581777588e-23
1.8035248832801982
1.002824681971292
.46316015792100584
33.77068201135697
.01789122887104801
1465672491139054e-22
1.884555755341043
.012690164536910818
1.2134464456595966
2.0710835647241104
1.3653575306185552
.13493324857578126
1.710193074362771
.0746690925758039
.3929745207440508
.00012403884710590623
.0014661976994900688
.02459830303171544
.35280723471086534
.8266746461103175
.3874426149269596
.014380785259384321
.0012998929063421896
.003453769369090343
.8085560306952518
7509830078018735e-22
.00301364342137075
8.869622186554652
.014260820628521197
.07534086831000107
.011871496019284215
26836933935558598e-21
93.68655789589967
325.90373323192495
15.02385590824465
27.768803978852095
74.30960296684768
.0004873493012621181
7.993496952284402
2.548000384080049
.002886101773451212
.0046505836534256415
1.9571921247485162
.0996444098759071
.0015296033606611642
.0016083151284017139
.31951810777856166
.39315398878130464
6.239328662064334
.4188351994399109
2.3730258613846535
.0018548331175916714
10.159022186492841
27.870116507744463
3.0590827510908882
3.5891486221953977
.6236253869020537
29.574857571294867
4.458445817026083
23.795374234405777
10.214272286393511
1.5872113650409339
14.60092541314195
6.778419521122082
.0018548331175916714
1.9849861552425048
7.419332470366678
2.33930369426717
1.9260494151972467
11.470510633715158
.0998117962983037
9.902890930935271
1.6325330521988686
2.3624553442976755
19.754306033201345
12.328580859154348
.5817372688515352
15.495569005221277
13.380907584521884
2.071395603043963
4.870672032963422
16.01918923229381
23.860132306294425
11.52951453618995
8.059252535621079
34.917897979625856
.0018548331175916714
1.9864257459703425
27.63683132606831
6.666331723880822
35.15853188749797
37.07052585818791
3.9557418753219977
6.536381399089551
15.943875167344785
.03969972310485009
5.378746397902253
7.4660870418388345
14.898184470198393
3.0281663273987376
6.001153943128437
18.97937433406783
19.781139042163762
17.22616183288844
7.619153887435023
.44238750834262663
13.912929112977709
18.09525542219637
1.5154643899650937
2.0013194234133564
31.713259778373477
24.95041414317665
8.704894791144863
.3992471851932148
.09813382247292866
.09924930776212522
3.214875763892617
6.764669184034165
1.928975193880854
13.446372558504738
13.836496821861036
7.850414710874406
5.052615539515477
37.46788123659756
7.792706028428729
12.609262760695493
17.264187338487012
8.953342077259391
11.08524925698663
.0012378613663669108
23.548929390001263
4.507431514628466
3.3264127756853736
.0001389921558462695
38.99145589881469
3.6465676078914577
1.228336125413905
.6642519019649945
1.4464470651091845
.0018548331175916714
18.031471336317075
8.234900430856323
4.43752379157015
11.379043868149598
.03969972310485009
6.942944020815161
.5566815180789806
6.203888564457586
5.471474639999261
.0012378613663669108
3.9595675993893753
9.531302687538002
2.9704681801711987
6.516578040673139
8.884210608891342
.5954958465727515
.3969972310485009
.18340722365390874
6.1865155129720195
.0026793749325883876
2.2423922547418935
21.745049547820493
42.58313264605431
10.769904137966474
.16597957936397228
.1681976289850389
26.925268491405788
38.94968423544641
3.8260615554674198
16.041010797808006
48.14160516973336
.21003341302178583
9.630247075986228
9.630247075986228
9.630247075986228
9.630247075986228
9.630247075986228
9.630247075986228
9.630247075986228
9.630247075986228
