.037801411430251716
7.159057556423889
.0876832446403173
.5647798531456378
.018931224352772787
.6584884455495975
.004447786606786102
13.02244006877425
7305361409466088e-24
.646698440973164
1.7003584109310905
.0012165768201271984
34.39517606436063
21.31171860666833
3.203353462886812
.11915940667065932
18.962245781255437
38.90390571178625
19.42649213771949
.006672457174961343
61.756447271072446
6.495072752500114
.35633032229418116
28365122973887186e-22
.34189474686418964
.26245519797393135
37709174125449895e-27
.13191927448695218
.016405236082919786
13.408456761335373
6.647635522374821
.7273824007595281
9.97810046033539
189.01536478815154
147.70488589552625
11.498654167717318
3.7179485764022333
5.8384622784412965
24.7406768717159
31.46206932506207
35.12434802627673
.0002901147760467674
.3053337065545948
.03225921551090937
52.45117748065645
228.52490197972003
11041752830504045e-23
22.141065130128112
6.017071595417855
.43686341899552
1.3904309631846001
5.925021191388682
32.6755611046835
95.49348096338981
5.675928572259644
1.9541164887154712
.8075456562896122
.003300376540333285
.00027904904146137103
15.18354167033964
.0003614553102279277
21.71403129848792
9.920449097970142
6.136046811423463
6.56202997601892
.9328838280341162
.457043101894386
.30108938203626345
.4469235524423313
.022743592754193534
.5199000785788893
.014738929912632214
.003494682321737675
.834625314971708
.054747979961567855
115.11491464107836
5.569756590104902
.02758138697634695
.06201261502150844
1.535495842373356
21.58049894560935
2.1476222412809505
4.649876708601145
.08423395989539198
2022696315976468e-20
.9814517151421319
10.98339691229981
.02856115615954913
19124112148149599e-23
1.8027531134900994
1.0032665605883193
.46322020537901254
33.71511332869861
.017847466635141734
1467836218483599e-22
1.8774682723618217
.012662750077313484
1.213102888842074
2.0678015937078236
1.3667129375325062
.13452225741490922
1.7094494669825684
.07457968143012927
.392215185523127
.00012403721511034543
.0014600542759926663
.02450113648407963
.352215630941929
.826618098515362
.38628815046251264
.014352198260776666
.0012965008103612383
.003447529223717017
.8072999542608835
7489222361813594e-22
.002995506028029676
8.864398260513681
.014180884251201856
.07521891240920472
.01186239601942366
26781556953544577e-21
93.66310060061217
325.822133264145
15.020094226394963
27.76185120943306
74.2909972848946
.0004865386844070154
7.98639368251366
2.5497310594391496
.0028952540870310667
.004665354600736624
1.9542056632278888
.09949814404971134
.001531248173808276
.0016100804042004145
.31951650755963906
.393090001196149
6.238938073704714
.418767032121875
2.3729367279602447
.0018543687033883368
10.158055633970475
27.86558052056329
3.058864204996008
3.5882499690593193
.6235098872854565
29.567452601118607
4.457634272012088
23.79150142991039
10.210436343204572
1.5871716198722143
14.59726962487756
6.776722336468696
.0018543687033883368
1.9849364494431492
7.41747481355334
2.339245116044973
1.925808277415218
11.468643756367104
.09981117144864238
9.901279190765232
1.632267350080417
2.361568130384336
19.75109093078459
12.325494021851494
.5815916131331306
15.49168921556984
13.377557265036632
2.071331446025422
4.86979041753196
16.01517833830296
23.854158192380137
11.526627769581474
8.057234655246665
34.909155215859926
.0018543687033883368
1.9861770491847002
27.632333307102794
6.665562825689693
35.149728873673126
37.061244118191816
3.954751434352295
6.534744816083048
15.939883130533667
.03969872898886298
5.377399664225983
7.464217678588483
14.894454254037036
3.027913877048733
6.00017722825354
18.97224667977531
19.77618622897416
17.223358197344506
7.618199983628166
.44235981443186184
13.909445585630277
18.090724721535846
1.51542644140374
2.0008183318828965
31.70531939379902
24.941044080531938
8.703478030250626
.3992446857945695
.09812767919521101
.09924682247215744
3.2136684257246086
6.762128730250053
1.928926890645239
13.44132280852887
13.833032431675461
7.849137020467714
5.05071804299084
37.45381027199004
7.791437730370423
12.606105646093589
17.261377514120515
8.951100334221403
11.083445082665518
.001237659898845656
23.545096695515987
4.506302941283458
3.3258713870009893
.0001389897242689807
38.981693195228935
3.645974112563943
1.2280285738947407
.6642352685130818
1.4462116493245483
.0018543687033883368
18.026956605953366
8.233560163664324
4.436801564555812
11.377191877430239
.03969872898886298
6.941814025356792
.5565421358341426
6.20287885360855
5.470584132820284
.001237659898845656
3.958080594154137
9.527723231792077
2.9699847230753673
6.514946416043125
8.88276466353889
.5954809348329447
.39698728988862975
.18340263097570028
6.186128230769583
.0026783687003542065
2.2415501302071914
21.741510442916667
42.56714066218534
10.768151287485974
.16593802129958954
.16815972643179738
26.91852692689661
38.93993199067421
3.825103583932224
16.036994440120786
48.12955144640909
.21003132986470105
9.629041387076084
9.629041387076084
9.629041387076084
9.629041387076084
9.629041387076084
9.629041387076084
9.629041387076084
9.629041387076084
