.03794944028832506
7.1590675081301836
.08758354315800318
.5648390014227894
.018929462472022006
.6584543554932285
.004447101486590643
12.988846166578504
7281260053487726e-24
.646545577201023
1.6997573637407486
.0008719534474336282
27.955193914748392
21.288911242889927
3.1982699775074317
.11889207766565786
18.914105272310547
38.80500822134229
19.417471979595256
.006670338888992955
61.74899635698499
6.493025840883947
.35516928584894014
28304223126451643e-22
.34190254885383375
.2560229863243288
37666432620203395e-27
.1319043481701525
.01632400574291778
13.404083091966399
6.64967142001149
.7274864773785388
9.975671264294558
188.94621540271459
147.8120956010603
11.489498001480648
3.7078267474219886
5.836948938163306
24.700022576206234
31.456452923664365
35.021108720612624
.0002901548750335599
.3052873250897379
.032247336135499904
52.450064070220826
228.25553560559842
1099124002787054e-22
22.113695254285613
6.01151839844102
.43676546155703627
1.3895843882615744
5.937325451224237
32.661210482902455
95.43961646837484
5.684114720490186
1.9532896014788825
.805610931651126
.0033342043926102498
.00028231337661212204
15.199792144514456
.00036195479916894223
21.7071472300878
9.927111805007998
6.115518572625026
6.549075971162223
.9310417804798821
.45583452045400175
.3009885983946222
.4465320086076093
.022759139634816294
.5214186832717402
.014688411459421515
.0034831741770522933
.8317182138204788
.05459837973125033
114.88776168318894
5.573317862280204
.02750650969129263
.06188626336869367
1.5321193099619244
21.536896089637658
2.1472343941439416
4.631118490481841
.08397500182542661
20183763415144678e-21
.9787555147994904
10.96547687917885
.028581360864399077
19208324924044824e-23
1.8018573941132139
1.0037841752894725
.4632781559874881
33.6491845965908
.017795936718064818
14703527750824803e-23
1.869142286919537
.012630432107790327
1.2126965699001755
2.063933537626073
1.3683099222207187
.13403657118665574
1.7085706641664513
.07447412955694077
.391320105620153
.00012403525238385398
.0014528283328161403
.024386810099550196
.3515179612229822
.826550952755247
.3849284834257499
.014318417217021224
.001292496018245257
.0034401443019139795
.8058077433912544
7465008173535671e-22
.0029742171912692772
8.85821528443791
.014087006669018208
.07507501544239822
.011851582295917689
26716124063921516e-21
93.63537502134581
325.7256853852618
15.015648069793357
27.75363331571235
74.26900611739329
.0004855828450723783
7.977911469114045
2.551713250506511
.0029060144706895726
.004682721066956379
1.9506714087182078
.0993249885117189
.0015331628777814636
.001612135960513293
.31951461565869016
.39301436321097494
6.238476319353843
.4186864533880719
2.372831351365842
.0018538197844848927
10.156913014195233
27.86021865340852
3.0586058418519806
3.587187797208219
.6233733616736972
29.558700224296352
4.456674986885141
23.786923492982588
10.205903032172051
1.5871246311272955
14.59294863023333
6.774716332491664
.0018538197844848927
1.9848776847378486
7.415279137939563
2.339175861913483
1.9255232233136717
11.466436971397325
.09981043270468964
9.899373996518731
1.6319532708282105
2.360519622514577
19.74729044560702
12.321845504353048
.5814194539341804
15.487103460298426
13.373597322199338
2.0712555968502246
4.868748304651717
16.010437622977115
23.847097030091525
11.523215727594287
8.054849601830012
34.898821620838476
.0018538197844848927
1.985883059424189
27.62701632114373
6.664653885003778
35.139324065506095
37.05027347495109
3.9535807729747745
6.532810440814431
15.935164703635579
.03969755369475697
5.375807879204118
7.462008166437143
14.890045288613068
3.0276154364962142
5.9990226801478865
18.963823230248355
19.770332203051872
17.220044095973282
7.617072353646926
.4423270746343913
13.905328196459271
18.085369615639962
1.5153815766987473
2.000226061854438
31.695934178699567
24.929970556689035
8.701803315706343
.3992417308187586
.09812041659983436
.09924388423689241
3.2122415955638286
6.759126426357664
1.9288697841215985
13.435355022732903
13.82893766185982
7.847626697366701
5.048475584876728
37.437181230330225
7.789938509709145
12.60237406365515
17.25805609711035
8.94845068414313
11.08131241723956
.0012374217495648434
23.540566171540924
4.5049690129958435
3.3252314261525946
.00013898684951188395
38.970154072375955
3.6452725578690073
1.227665060372889
.6642156036065225
1.4459333707243363
.0018538197844848927
18.02162037630578
8.231975870246291
4.43594783963292
11.375002689539606
.03969755369475697
6.940478288439716
.5563773916285462
6.201685301858727
5.4695314884887765
.0012374217495648434
3.9563232539365436
9.52349303717652
2.96941324158317
6.513017901376027
8.88105545083981
.5954633054213546
.39697553694756965
.18339720127966963
6.185670384964438
.0026771795368385302
2.240554908887195
21.737326963205817
42.5482413632817
10.76607929057698
.1658889013395055
.16811492591455038
26.91055866888188
38.92840522971807
3.82397130011994
16.03224726692566
48.11530443040038
.21002886701059095
9.627616116568353
9.627616116568353
9.627616116568353
9.627616116568353
9.627616116568353
9.627616116568353
9.627616116568353
9.627616116568353
