.03826175211687904
7.159088626698093
.08737350225704253
.5649615837533628
.01892571994757065
.6583822402785287
.00444565125152056
12.91966569179071
723074780837458e-23
.646223237164599
1.6984899909284883
.0006851630061372319
23.72979801861724
21.23109025481237
3.186547201116873
.1183327765176546
18.812129652567023
38.59693741914519
19.39842033581291
.006665871278226228
61.73325512185746
6.488709609656199
.352752261980202
2817616663078837e-21
.34191733739683045
.242910953341776
3757584653970007e-26
.13187272354654508
.016154327404622873
13.394860291580587
6.653941361851454
.7277000924243193
9.970528701687078
188.80061932788638
148.03653642419346
11.46712337318695
3.6869575809039374
5.833748144829439
24.597727791193734
31.444470365654766
34.79454668634282
.00029023870128193477
.30518949292767994
.032222279946689455
52.4475778744908
227.67861491279677
10883857467663029e-23
22.055052743128606
5.999780102832837
.43654568224829415
1.387761664176293
5.963113638367314
32.63092319466327
95.32602803355259
5.701260596606862
1.9514958109160547
.8015656009856519
.0034063083316451088
.0002893381411740062
15.233568703068968
.0003630027499309243
21.692630974021917
9.941110398036596
6.072144166596856
6.521847287149385
.9271719022469692
.4533102679842184
.30077162468701746
.44571474730162736
.02279124230456946
.5246216238255363
.014583280036293975
.0034592148712669934
.8255776350122994
.05428601856391977
114.40527074493401
5.580688498673267
.027350182866418417
.06162238344753184
1.5250278722912864
21.445258107794928
2.1464149220729
4.591656381625848
.08343242185517116
2009289269943121e-20
.9731023183529315
10.927728568684618
.028622725843354225
1938425656681127e-22
1.8000241183050498
1.0048593628966391
.46335481064102796
33.50929143091427
.017687940391671868
14755154951004216e-23
1.8517623670457044
.012562571326262961
1.2118388235231834
2.055815737164215
1.3716596915739114
.13301255680350993
1.7067178124200868
.0742519719818596
.38944086984582515
.000124030993579767
.001437735443846147
.024147901287221555
.3500520891868598
.8264082579172647
.3820780544231887
.014247413046488477
.0012840854190218503
.0034245863382369396
.8026335064118625
7414561294353683e-22
.002929885867594442
8.845146031662125
.013891354382628913
.07477239475214566
.011828574079942734
2657859730998685e-20
93.5769064133121
325.5222929449479
15.006271869386573
27.73630315275334
74.22263042437407
.0004835749091004
7.959853506037614
2.5557126793760805
.002928550044817141
.004719092663747759
1.9432437227390413
.09896096361983067
.001537122029334282
.0016163880534313156
.31951062415586745
.39285482965416724
6.237502220438139
.4185164989402231
2.3726090427909865
.0018526622063546245
10.154502732414727
27.848909550761725
3.058060817928319
3.5849478544813334
.6230854174971643
29.540242925898113
4.4546517607764216
23.777267834397136
10.19634523767854
1.5870254986642136
14.58383637545438
6.770486005719398
.0018526622063546245
1.9847537084539795
7.41064882541849
2.339029756018441
1.9249219535316153
11.46178248126874
.09980887411792146
9.895355613244059
1.631290823512769
2.358309003681655
19.739274566858057
12.314151391365497
.581056398986758
15.477432869652628
13.365246465275295
2.0710955790932872
4.866550382595258
16.00044024750217
23.832206220195413
11.51602030189635
8.049819923206602
34.8770297978045
.0018526622063546245
1.9852629414947494
27.61580188067981
6.6627366051963435
35.11738206586241
37.02713822380424
3.951112043987552
6.528731167004342
15.925214330725801
.03969507416907959
5.372451070907233
7.457348674973278
14.880747518177639
3.0269858820164224
5.996587539056059
18.94606367240476
19.757987041791896
17.2130540845636
7.614693823292926
.4422580080383619
13.896645311559055
18.07407659324367
1.515286925336617
1.9989770634543922
31.676142330251974
24.906623721572245
8.698271053876892
.3992354964716858
.09810509571272583
.09923768542269898
3.209233341915218
6.752796526775518
1.9287493061144438
13.422772857112692
13.820302477395728
7.8444411654454225
5.04374770415969
37.40212143371177
7.786776394748224
12.594504780606368
17.251050655756345
8.942863015428815
11.076814258013073
.0012369194516555092
23.531010515050593
4.5021559814106675
3.3238816383425807
.0001389807845338576
38.94581999283656
3.6437928580129038
1.226898471173078
.6641741164242865
1.4453464331588646
.0018526622063546245
18.01036716075905
8.228634322167983
4.434147186519666
11.370385314686098
.03969507416907959
6.937660988893066
.5560299736615383
6.199167895353978
5.467311280033032
.0012369194516555092
3.952618170271549
9.514574317390256
2.9682078885467296
6.508950986594031
8.877450426451635
.5954261125361938
.3969507416907959
.18338574621437195
6.184704531363905
.0026746723670413386
2.2384566366125065
21.72850328292706
42.508395075723556
10.761709091716906
.1657853155617228
.1680204447700148
26.893754945861385
38.90409721935089
3.8215835029970275
16.02223627288483
48.0852598572407
.21002367096668284
9.624609767658072
9.624609767658072
9.624609767658072
9.624609767658072
9.624609767658072
9.624609767658072
9.624609767658072
9.624609767658072
