.03838090081663769
7.159096727048904
.08729347550649673
.5650075671785484
.018924283156045867
.6583546614400989
.004445096304389868
12.893883109075848
72115965897924464e-25
.6461003268028223
1.698006746692887
.0006360206318715447
22.509787520958913
21.208730116510566
3.182041570304946
.1181217637655998
18.773085141233178
38.51776143698899
19.39114448629642
.0066641674158589015
61.727242129793076
6.487063782278579
.35184364607753554
28127463005750126e-22
.3419223877585782
.2380699356636737
3754113879894483e-26
.13186061129048787
.016090284231760812
13.391343448489957
6.655561310078774
.7277794756691354
9.968560207070258
188.7451752744282
148.12154098051016
11.45848841684059
3.6791705702616717
5.832523985363881
24.55825242812044
31.43984893366983
34.70911429939803
.000290270405370936
.30515217785876947
.0322127232088766
52.446580848485354
227.4553599006632
10842598099340608e-23
22.032357556751617
5.9952940049794385
.436457132366974
1.3870532918320786
5.972891038792503
32.61936471293241
95.28271294040611
5.707757430057104
1.950794064153062
.8000398147028366
.0034340749320462514
.00029206827013325093
15.246273889171928
.00036340046658478513
21.687095730901603
9.946429820310062
6.055576517228666
6.511494876437799
.9257011913138722
.4523589520466938
.30068729514772474
.44540867978986687
.022803242804562
.5258431550227883
.014543767923001615
.0034502072838093227
.8232328100770678
.05416832239658943
114.22002811809972
5.583450115512749
.027291286486334394
.06152302648360644
1.522333762862433
21.410421769337184
2.1461018663378586
4.576640712285105
.0832267435367857
20058320245756613e-21
.9709579429631522
10.913348655977394
.028638055925016493
19450752049315777e-23
1.7993440732862505
1.0052635944997306
.46336803576759283
33.45564338534142
.017646991655019647
14774330695886276e-23
1.8451973545037625
.012536795434815706
1.2115114135246512
2.052734088943113
1.3729306486766588
.13262210909645297
1.7060113861669588
.07416740349320664
.38872714909454414
.00012402932680348418
.001432039185578157
.02405770096467701
.3494949635164196
.8263534513612124
.3809969943638131
.014220497010570347
.0012808974998771505
.003418677206855326
.8014130973603295
7395584111136987e-22
.002913194684281348
8.840151268089885
.013817637733803904
.07465727804965817
.011819727763814321
26526461145305962e-21
93.5546099365601
325.44473107081575
15.002696339860174
27.729694451289113
74.20494547178096
.0004828118952068961
7.952956772296382
2.557189781553265
.002937105823515287
.004732901655265449
1.9404318942691337
.0988231429174421
.0015386132988733944
.0016179900675578663
.31950910138847904
.39279398378180624
6.237130636367035
.418451678554795
2.3725242363219374
.0018522207743667915
10.153583347245368
27.844596275047614
3.057852913864391
3.5840936725088977
.6229756002458313
29.533204401491925
4.453880130832736
23.77358517990357
10.192701245150472
1.5869876807098815
14.580361499214467
6.768872808728685
.0018522207743667915
1.984706412852762
7.408883097467158
2.338974018211727
1.9246926152466646
11.460007265333381
.09980827951481384
9.893823007560835
1.6310381670459553
2.357466185967271
19.73621732206906
12.311217310717378
.5809179512544256
15.473745077061636
13.3620619412456
2.0710345346868175
4.865712124604893
15.996627838461583
23.82652774403816
11.513276391151933
8.047901900591249
34.868719682479345
.0018522207743667915
1.9850264140878364
27.611524708988025
6.6620052976445905
35.109014682040545
37.01831580427529
3.9501706164365684
6.527175572699459
15.921419845689853
.03969412825705523
5.3711709823149185
7.4555718198950744
14.877201897214002
3.026745737979744
5.995658779696465
18.93929268605139
19.75327932580054
17.210388104123204
7.6137865964733376
.4422316615898481
13.893334171652898
18.069770100926057
1.5152508168734633
1.998500769170563
31.668594887211487
24.897722537017856
8.696923854223597
.3992331180592554
.09809925133951798
.09923532064263811
3.2080864189691853
6.7503831973409465
1.9287033450676692
13.417975796709467
13.817009527621007
7.843226208087469
5.041945158392654
37.38875458040684
7.785570368585747
12.591503900434038
17.248378790357062
8.940732208320926
11.075098666462111
.0012367278759451061
23.52736600121431
4.501083257166824
3.323366831185729
.00013897847078075032
38.936540410904
3.6432285025858784
1.2266061392902654
.6641582895163857
1.445122576003623
.0018522207743667915
18.006075848424775
8.227359860468956
4.433460419975448
11.368624254464027
.03969412825705523
6.936586474840673
.5558974889507657
6.198207760082542
5.466464495676084
.0012367278759451061
3.951205574802973
9.511173977669294
2.967748168607722
6.507400105293131
8.876075475261613
.5954119238558285
.39694128257055245
.1833813762317968
6.184336092587112
.002673716486684864
2.2376566520035035
21.72513794378
42.49320333099293
10.760042304068254
.16574581405888492
.16798441368235473
26.887346997523405
38.894827578662216
3.820672938083137
16.018418670526877
48.07380263002926
.21002168868090604
9.623463076233318
9.623463076233318
9.623463076233318
9.623463076233318
9.623463076233318
9.623463076233318
9.623463076233318
9.623463076233318
