.03838090081663769
7.159096727049461
.0872934756684268
.5650075671550345
.01892428316186974
.6583546614246434
.00444509630437231
12.893880694268463
7211596568018215e-24
.6461003263876416
1.6980067452842835
.000671048222863535
23.399991082866645
21.208071978092224
3.1819744327090147
.11812165764024722
18.773085102066222
38.51776154354207
19.39114448649391
.006664167415858885
61.727242129790504
6.487063782398594
.3518433308234046
2812746308584352e-21
.34192238777150585
.23806993541575636
375411389862152e-25
.13186061129019264
.016090269761283794
13.391343448905948
6.655561310061867
.7277794756565175
9.96856028176326
188.74517589897056
148.1215409760461
11.458281188886676
3.6791698947816283
5.832524027565147
24.557124153537547
31.439849461391756
34.70825848551094
.000290270405370768
.3051521778587697
.03221272321424216
52.446580847759066
227.45535992976653
10842598105011063e-23
22.03235755766108
5.995294003440938
.436457134454708
1.3870532903809016
5.972891038724247
32.61936471294177
95.28271295090802
5.707757430115158
1.9507940633357133
.8000391135254655
.0034340749313228405
.00029206826992622567
15.246273885954349
.00036340046660663966
21.68709573068897
9.946429822545355
6.0555764999535935
6.5114948978642895
.925701196227559
.4523585470297015
.30068729509172165
.4454082802493867
.02280324280888038
.5258431551895869
.014543754824649105
.0034502041748051514
.8232328072362586
.05416827376475021
114.22002810901466
5.583450117237814
.02729126191255397
.06152297114004091
1.5223337687993392
21.410421841505638
2.1461018662354836
4.5766407437990475
.0832267447549362
20058320299575606e-21
.9709579476891929
10.913348655971838
.02863805600767019
19450752075285817e-23
1.7993440815189037
1.0052635944833566
.4633680372875066
33.45564333039644
.017646991856146498
14774330739190695e-23
1.8451973644344584
.012536795490817595
1.21151141395889
2.0527340890563095
1.3729306487581527
.13262210967903565
1.706011386158038
.07416740365137102
.38872715069488156
.000124029326803053
.0014320378967273488
.024057679310735932
.3494949649124759
.8263534513608889
.38099699640896023
.014220484237607451
.0012808963468894027
.0034186741941079394
.801413099589352
7395577449377404e-22
.0029131921015866143
8.840151268248883
.013817625332817902
.07465727847553383
.011819727757993979
26526437239622797e-21
93.55460993656078
325.4447310708181
15.002696339860282
27.729694451289316
74.2049454717815
.0004828118971884011
7.9529496005423725
2.557187471555539
.00293710316815873
.004732897372890366
1.9404296649000887
.09882302839566999
.0015386119101255368
.0016179886063107868
.31950910138847904
.3927939837818069
6.237130636367036
.4184516785547957
2.3725242363219374
.001852220774366805
10.15358334724537
27.84459627504766
3.0578529138643913
3.5840936725089234
.622975600245833
29.53320440149214
4.453880130832746
23.773585179903613
10.192701245150777
1.5869876807098815
14.580361499214572
6.768872808728734
.001852220774366805
1.984706412852762
7.4088830974672115
2.338974018211727
1.924692615246666
11.460007265333399
.09980827951481384
9.89382300756085
1.631038167045958
2.3574661859673416
19.73621732206909
12.311217310717467
.5809179512544298
15.473745077061748
13.362061941245695
2.0710345346868175
4.865712124604904
15.996627838461698
23.82652774403833
11.513276391152017
8.047901900591308
34.86871968247959
.001852220774366805
1.9850264140878378
27.61152470898807
6.662005297644593
35.1090146820408
37.01831580427556
3.950170616436597
6.527175572699506
15.921419845689968
.03969412825705523
5.371170982314958
7.455571819895129
14.877201897214109
3.0267457379797444
5.995658779696476
18.93929268605196
19.753279325800683
17.210388104123233
7.613786596473343
.44223166158984817
13.893334171652997
18.06977010092619
1.5152508168734633
1.9985007691705774
31.668594887211714
24.897722537018602
8.696923854223611
.3992331180592554
.098099251339518
.09923532064263811
3.2080864189692813
6.750383197341149
1.9287033450676692
13.417975796709868
13.817009527621106
7.843226208087481
5.041945158392804
37.38875458040796
7.78557036858576
12.591503900434128
17.24837879035709
8.94073220832099
11.075098666462129
.0012367278759451083
23.52736600121435
4.501083257166857
3.323366831185735
.00013897847078075032
38.936540410904286
3.6432285025858846
1.2266061392902743
.6641582895163857
1.4451225760036253
.001852220774366805
18.006075848424906
8.22735986046897
4.4334604199754555
11.368624254464047
.03969412825705523
6.936586474840684
.5558974889507697
6.1982077600825525
5.466464495676093
.0012367278759451083
3.951205574803091
9.511173977669579
2.967748168607727
6.507400105293178
8.876075475261628
.5954119238558285
.39694128257055245
.1833813762317968
6.184336092587113
.0026737164866849437
2.2376566520035706
21.725137943780037
42.4932033309942
10.760042304068271
.1657458140588861
.1679844136823556
26.8873469975236
38.8948275786625
3.8206729380831645
16.018418670526994
48.07380263002961
.21002168868090604
9.623463076233325
9.623463076233325
9.623463076233325
9.623463076233325
9.623463076233325
9.623463076233325
9.623463076233325
9.623463076233325
