.038500049516396344
7.159104851283629
.08721350442121395
.5650531222530771
.018922841447189535
.6583270469293491
.004444540447987202
12.868428156680707
7192510188705897e-24
.6459774512226062
1.6975236470260693
.0006392814089842371
22.614742433324597
21.185442211546505
3.1774398943558184
.1179120287835253
18.733966111271567
38.43869633896702
19.383864432773695
.006662463860221039
61.721224917836786
6.485418417884898
.3509423136621929
28078841233004688e-22
.3419271147535115
.2333165194247709
3750634581640643e-26
.13184847306294037
.01602661218217012
13.387827547752131
6.65717626828245
.7278577033757728
9.966588247301587
188.68978816113685
148.20620526223485
11.449558721752693
3.6714773794984596
5.831298239880409
24.51722597719731
31.435201055669353
34.62323346341932
.00029030195746142115
.3051148674531833
.03220316770634709
52.44555727663316
227.23031965391866
10801175747675335e-23
22.009483138945615
5.99080357527943
.4363659850399973
1.386337791786762
5.982634963924564
32.60780416374215
95.2394085902923
5.7142299345360446
1.9500828014071605
.798523510087718
.0034619821429396065
.0002948265836574698
15.25887982891126
.00036379704230328133
21.681562031849545
9.951737467113556
6.038999159659614
6.501161686307978
.9242335152955666
.451413963407489
.300602107234464
.44510568137244794
.0228151084510687
.5270644379972277
.014504577753177357
.003441271526701551
.8208869912765913
.0540514218372841
114.03413409154679
5.586184355270373
.027232791942760345
.06142437923300792
1.519645787681729
21.375652652482756
2.145788578428528
4.561646162252388
.08302178389044597
200237994973375e-19
.9688202749850942
10.898980507206755
.028653137667626654
19516902761525248e-23
1.798674313385116
1.0056645747680126
.4633725674659277
33.40184516977689
.017606180339071603
14793221448673453e-23
1.838668010812229
.012511081138778458
1.2111839095209453
2.0496608852534726
1.374197737836299
.1322317711155964
1.7053052068314163
.07408293523130821
.3880151737110386
.00012402763687901952
.0014263761447693912
.023968008133317915
.34893897947364166
.8262984421422253
.3799194154365765
.014193670345874683
.0012777205024213766
.003412781255120103
.8001874232617583
7376751891874567e-22
.0028966229938924785
8.835151634101294
.01374442039601202
.07454234105439894
.011810843870440164
26474496712546054e-21
93.53231877236855
325.3671876772781
14.999121662271817
27.723087324473937
74.1872647329648
.00048205051567521264
7.946056422557961
2.558640390938402
.002945638579095401
.00474667363765183
1.9376297170619492
.09868578054982954
.0015400940519955998
.0016195810070244808
.3195075786283481
.39273314733333503
6.236759074432152
.4183868682088345
2.372439432884208
.0018517794475585412
10.152664045316829
27.840283667379392
3.0576450239349433
3.5832396940615934
.6228658023495178
29.526167554148298
4.4531086345499675
23.76990309578444
10.189058554920987
1.5869498636567307
14.57688745093003
6.767259996112894
.0018517794475585412
1.9846591183785731
7.407117790234157
2.338918281733215
1.9244633042854467
11.458232324345829
.09980768491524852
9.89229063924962
1.6307855497109118
2.3566236694610554
19.733160550790203
12.308283929169882
.5807795365099035
15.470058163157502
13.358878175989435
2.070973492079598
4.864874011003571
15.992816337800097
23.820850620886056
11.510533134196537
8.045984334981332
34.860411547197515
.0018517794475585412
1.9847899148611798
27.60724819975029
6.661274070361771
35.100649291907324
37.009495486855904
3.949229413198638
6.525620349044561
15.91762626476227
.03969318236757145
5.369891198728104
7.453795388186451
14.87365712106212
3.026505612994744
5.994730164184359
18.932524119528985
19.748572731512226
17.207722536593412
7.612879477742214
.4422053167108602
13.890023820688915
18.0654646347123
1.5152147092707546
1.9980245883729226
31.66104924249312
24.888824533589656
8.695576863226378
.3992307396609941
.09809340731447452
.09923295591892865
3.2069399059131607
6.747970730387701
1.9286573851161213
13.413180450690923
13.813717362454316
7.842011438903728
5.040143256823644
37.37539250417926
7.784364529214208
12.588503735278591
17.24570733877985
8.938601908918432
11.073383340624254
.0012365363299062042
23.523722051845187
4.500010788519973
3.322852103762896
.0001389761570661624
38.92726304000866
3.642664234566973
1.2263138770610944
.6641424629856316
1.4448987535196753
.0018517794475585412
18.001785558577435
8.226085596160255
4.432773759798548
11.366863466997307
.03969318236757145
6.935512127210447
.555765035807
6.197247773518136
5.465617842470225
.0012365363299062042
3.9497934841710736
9.507774853169705
2.9672885198707513
6.505849593519253
8.874700737025861
.5953977355135719
.3969318236757146
.18337700635335594
6.183967675759168
.0026727609479431495
2.2368569532948737
21.721773125861148
42.47801701552361
10.758375774573894
.1657063219680328
.16794839032137043
26.880940576001223
38.88556014664208
3.819762590128688
16.014601977785432
48.06234813272053
.21001970641383885
9.622316521427228
9.622316521427228
9.622316521427228
9.622316521427228
9.622316521427228
9.622316521427228
9.622316521427228
9.622316521427228
