.038619198216155
7.159112999311498
.08713358716003705
.5650982514481412
.01892139483729441
.6582993974358049
.004443983692190029
12.843301879156552
71734871729168186e-25
.6458546112399111
1.697040694686021
.0006596057573299225
23.15447038714031
21.161886546613474
3.1728095295415284
.1177036327558551
18.694774529397563
38.35974069764385
19.37658014963369
.006660760611087305
61.715203479800316
6.48377351600028
.3500483924150044
28030300291282354e-22
.3419315205010748
.22864970986147037
37471461168426255e-27
.13183630895701343
.015963315637170555
13.384312588297137
6.658786244844791
.7279347826187109
9.964612713788364
188.6344566910813
148.2905309722508
11.44054181783704
3.663878271729308
5.830070845407254
24.475782504884535
31.430525959562065
34.537761542276336
.0002903333578693702
.30507756171031636
.03219361339036246
52.44450732380862
227.0034662164266
10759589259541989e-23
21.986428843275107
5.986308829439303
.4362722359487391
1.3856151985064924
5.99234553006233
32.59624153607994
95.19611493216951
5.720678238973593
1.949362087790779
.7970170808349053
.003490028440842257
.0002976134063591793
15.271386910995345
.0003641924829235472
21.676029879639913
9.957033263293013
6.022413008717583
6.490847430867304
.9227688028211439
.4504755172266461
.30051606079602067
.4448059916352983
.022826840191224787
.5282854578841822
.014465714637736138
.0034324088722332917
.8185403116573565
.05393534219421614
113.84758517927735
5.588891477607707
.02717471201374989
.061326472431059056
1.5169638614079899
21.340949777189444
2.1454750593656544
4.546672268014839
.08281753348429036
19989329772403518e-21
.966689232018334
10.88462413021312
.028667971342583164
19582708355732437e-23
1.7980145648023749
1.0060623290431359
.46336850058256523
33.347899078094585
.01756550464620004
14811828643520657e-23
1.8321739836540591
.012485427669373512
1.2108563120329494
2.0465961085147604
1.3754609574685626
.13184153430678702
1.7045992744649088
.07399856530894372
.38730491991419486
.00012402592384518077
.0014207467091685198
.02387882978546061
.3483841180517637
.8262432305255645
.3788452811302788
.014166938814478728
.0012745549341957405
.0034068998552545036
.7989564391598067
7358067448512377e-22
.0028801709014397974
8.830147112794597
.013671703875140983
.07442757950334745
.01180192260206821
264227147199809e-19
93.51003291947023
325.28966275992667
14.995547836418284
27.71648177193221
74.16958820692045
.0004812907432056498
7.939158144616347
2.560066500255793
.0029541503109337527
.004760411835002214
1.9348383978342565
.0985489386422983
.0015415653755520805
.0016211620149855558
.3195060558754745
.39267232030729243
6.23638753463217
.418322067900785
2.3723546324776903
.0018513382259047848
10.151744826621567
27.835971727653487
3.0574371481390146
3.582385919090873
.6227560238048087
29.5191323834672
4.452337271904942
23.766221581951307
10.1854171665241
1.5869120475047396
14.573414230403579
6.76564756778034
.0018513382259047848
1.9846118250313856
7.405352903619131
2.3388625465828725
1.924234020644703
11.45645765826346
.09980709031922548
9.890758508273613
1.6305329715015713
2.35578145405523
19.73010425294808
12.305351246556253
.5806411547453232
15.46637212773063
13.355695169325813
2.070912451271576
4.864036041766394
15.989005745301034
23.815174850416366
11.507790530874212
8.04406722626784
34.85210539148671
.0018513382259047848
1.984553443811419
27.602972352863894
6.66054292333907
35.09228589498717
37.00067727104466
3.948288434220254
6.524065495951236
15.91383358772739
.039692236500627705
5.3686117200740355
7.452019379746422
14.870113189520481
3.0262655070599096
5.993801692497437
18.925757971971677
19.74386725865939
17.2050573819102
7.611972467086666
.4421789734013046
13.886714258478921
18.061160194357637
1.5151786025284706
1.9975485210344013
31.653505395667917
24.879929710149366
8.694230080852886
.3992283612769019
.09808756363757468
.09923059125156927
3.2057938026004775
6.745559125607169
1.928611426259774
13.408386818443624
13.810425981708503
7.840796857865027
5.0383419992221565
37.36203520331969
7.783158876604648
12.585504284969472
17.243036300960558
8.936472117100232
11.071668280458303
.0012363448135342034
23.520078666855706
4.498938575409146
3.3223374560617187
.0001389738433900932
38.91798787962313
3.642100053942636
1.2260216844689502
.6641266368320151
1.4446749657016469
.0018513382259047848
17.997496290973135
8.224811529211276
4.432087205972473
11.365102952243655
.039692236500627705
6.934437945976587
.5556326142227114
6.196287935637703
5.464771320395122
.0012363448135342034
3.948381898195212
9.504376943456661
2.966828942324778
6.504299451184253
8.873326211711367
.5953835475094156
.3969223650062771
.1833726365790469
6.183599280878761
.0026718057506939594
2.2360575403843166
21.718408829089693
42.46283612737292
10.7567095031938
.16566683928692139
.16791237468540315
26.87453568093064
38.87629492276363
3.8188524590819286
16.01078619444352
48.05089636466332
.2100177241654811
9.62117010322351
9.62117010322351
9.62117010322351
9.62117010322351
9.62117010322351
9.62117010322351
9.62117010322351
9.62117010322351
