.038857495615672304
7.159129366390189
.0869739077569563
.5651872418723318
.01891848701477437
.6582439961259322
.004442867521430302
12.794018415666459
7135632370240882e-24
.6456090375722484
1.696075230600654
.0006545273692726664
23.067786017525357
21.11579722028646
3.163648978681076
.11729110167515547
18.61618134859314
38.20215277682369
19.36199879285924
.006657355031429477
61.70314790065121
6.48048509862918
.3482832919807773
27933457272193294e-22
.3419393767219595
.2195718301401777
3740142924862333e-26
.13181190347744526
.01583786630349411
13.377285491612456
6.661991286347246
.7280855236664887
9.960651139144415
188.52396090575635
148.45817340727868
11.422821812476396
3.6489574524814836
5.827611223678943
24.39476606986771
31.421095603145407
34.370360103242156
.00029039570489683766
.30500296421032347
.0321745081572278
52.44232892146353
226.54420535058148
10675919268371211e-23
21.939778003708224
5.977306439802943
.4360769277642451
1.384148863261267
6.011667047461336
32.5731100011846
95.10955955453088
5.733502759284628
1.9478925593992906
.7940354181014958
.0035465318058459498
.0003032738971072933
15.296106019664366
.0003649799820800292
21.664970225095434
9.967589021800434
5.989217861502379
6.4702747204204
.9198480166384981
.4486191093817325
.3003413913539566
.44421749930693216
.022849905739642268
.5307266504205514
.014388989924278577
.0034149079386737525
.8138448806015405
.05370574645283852
113.47250858954594
5.594225406477732
.02705984689533905
.06113300290685846
1.511617853670484
21.271739303042903
2.144847331181657
4.516784831421008
.08241113255670238
19920541015425828e-21
.962446724253435
10.855946722760017
.028696896044095383
1971328291406808e-22
1.796724072157716
1.0068482596477977
.46333495179046025
33.23957215974022
.01748455454043635
14848198266339123e-23
1.8192905484671866
.012434300510133235
1.210200841362105
2.040491766080164
1.3779757831540524
.1310613338599615
1.7031881507940552
.07383011393451056
.38588949266978373
.00012402242860111884
.0014095901796298473
.023702044112876863
.3472776962637867
.8261322011558629
.37670721508631505
.014113784140449667
.001268260102266453
.00339518621692757
.7964783747854371
7321153085561358e-22
.0028476259588575423
8.820123340786612
.013527779320418345
.07419856865337941
.0117839687004194
26319740766193536e-21
93.46547714249247
325.1346683361777
14.988402739104139
27.70327538816907
74.13424778913314
.00047977592335710887
7.925390343131014
2.5628531443655524
.0029711187429384747
.0047877998324918425
1.9292901750440408
.09827691000257016
.0015444840796918263
.001624298804971631
.3195030103914993
.3925506945166573
6.2356445214316345
.41819249739220227
2.372185040757857
.0018504560979605586
10.149906638900738
27.8273498516149
3.0570214389438712
3.5806789793853047
.6225365247565643
29.505067070494984
4.450794947435544
23.75886026478982
10.178138293367624
1.586836417904151
14.56647027183591
6.762423863598782
.0018504560979605586
1.984517241717908
7.401824391842225
2.338751080266571
1.9237755353116215
11.452909150643992
.09980590113780614
9.887694958180218
1.6300279324357658
2.35409792611444
19.72399307728079
12.299487977464617
.5803644901245629
15.459002691471618
13.349331431053367
2.070790375052912
4.862360536285036
15.981387283924839
23.803827366235335
11.502307284505966
8.040234379094786
34.835499016891966
.0018504560979605586
1.9840805862291593
27.594422645734873
6.659080870038785
35.075565078886896
36.9830471422441
3.9464071488284453
6.520956901096219
15.906250944474486
.039690344834358154
5.366053677273582
7.448468632268835
14.86302785946315
3.0257853523346925
5.9919451805100605
18.912232930295335
19.7344596761916
17.199728310827826
7.6101587699508
.4421262914901161
13.880097499569345
18.052554390248122
1.515106391625094
1.9965967266266067
31.638423093983903
24.862149598687907
8.691537141847862
.3992236045512246
.09807587732812288
.09922586208589539
3.203502824619562
6.740738501332084
1.9285195118325769
13.398804692813544
13.803845572732083
7.83836826010621
5.034741415001432
37.33533492087996
7.780748131555784
12.579507528209087
17.237695466339428
8.932214055733057
11.068238956977575
.001235961869772529
23.512793589666103
4.496794915552078
3.3213083997749546
.00013896921615350852
38.899444188275275
3.640971954823537
1.2254375081293896
.6640949856561589
1.4442274940418747
.0018504560979605586
17.988920821519613
8.222263987270242
4.4307144173069295
11.361582740706625
.039690344834358154
6.9322900825949
.5553678657024943
6.194368705836669
5.4630786695559586
.001235961869772529
3.945560239490378
9.49758476665411
2.965910000761727
6.501200274478871
8.87057779971426
.5953551725153723
.39690344834358154
.1833638973428144
6.182862556955336
.0026698963801851145
2.2344595715489772
21.71168179866618
42.43249062527103
10.753377734616539
.16558790214495467
.1678403665818949
26.861730468689817
38.857771097327785
3.8170328475048017
16.003157355091783
48.028001013702976
.21001375972489308
9.618877676558103
9.618877676558103
9.618877676558103
9.618877676558103
9.618877676558103
9.618877676558103
9.618877676558103
9.618877676558103
