.03969153651398288
7.159187387899128
.08641649999123399
.5654856421305408
.018908158642530922
.6580490820127312
.004438933992971018
12.631315903688591
700507648317721e-23
.6447506428835725
1.6927007251817017
.0006298104028043881
22.57637661487135
20.956292983343744
3.131730654112786
.11588963806716743
18.339096156880863
37.65386633106868
19.310827076919807
.006645445124233245
61.66081933517267
6.4689901676432715
.3423319128686068
27596925975739256e-22
.3419570605932417
.1903729043537915
3715335550108436e-26
.13172568236936133
.015410084236554005
13.352720250519084
6.673053224332875
.72857795214548
9.946679365510546
188.13897503658745
149.03450092363695
11.361288878088073
3.5995363347340983
5.8189539357815265
24.115534011570038
31.38727591710658
33.80925138958233
.00029060918755027473
.30474201974719883
.03210767135647329
52.433896647227726
224.87530808097674
10377732138247983e-23
21.7707360370766
5.945664104133298
.4353113009608277
1.3787980580591197
6.07825837357355
32.49208252570031
94.80694762925575
5.777644814940017
1.9424606765190249
.7839105824089619
.003748412131285333
.0003240332855962249
15.37956426054024
.000367701312535191
21.626310491792847
10.004150960875986
5.872884654522
6.398831196125504
.9097097701690502
.4423259722024683
.2997029919313674
.4422643221244846
.022926555089051837
.5392604483975338
.0141304381601593
.0033558904193285157
.7974020502721342
.052927729557672026
112.13859050379243
5.612077016894113
.026670731205860103
.06047913714963226
1.4930866955125923
21.03146735655473
2.142643123422205
4.4127719245835975
.08101006952388584
19681303647905468e-21
.947796134291839
10.755947743763127
.02879037745168968
20159376572151232e-23
1.792486447829592
1.00950100329868
.4629603351972562
32.85609324108557
.017205301246601985
14966774026407806e-23
1.775263554246093
.012257176265624331
1.2079039121537132
2.019389445138245
1.3866556576381868
.12833274582794968
1.698257003793596
.07324339972802667
.38098674394150617
.00012400947279222864
.0013715526430606532
.02309875792393349
.3434382241529488
.8257372614782257
.3693278507433856
.013930537108508943
.0012465680760879688
.0033546017403987146
.7876318807272678
7196476206598168e-22
.0027372968807683183
8.784883756097342
.01303904872646142
.07340206114041034
.011719980827293093
2596468946857014e-20
93.30969904288621
324.5927692061675
14.96342169833685
27.65710257950456
74.01068888172263
.00047452128257745194
7.877496961865369
2.5719326313464386
.003029920013606818
.004882712739975169
1.910162802827416
.0973385989763856
.0015544463642266164
.0016350107525893132
.3194923514261886
.3921253008414988
6.23304467228534
.4177393165779168
2.3715915652056796
.00184737195884141
10.143475602618574
27.797194310461474
3.0555669018254954
3.5747110928055537
.6217688871621092
29.455891231270524
4.445401017980208
23.733113605754976
10.152703176713198
1.5865717426854682
14.542192462250041
6.751152990433526
.00184737195884141
1.9841862356173388
7.389487835365628
2.3383609899922178
1.9221716967624483
11.440498027232673
.0998017391144171
9.876980003511028
1.6282615272746603
2.348215047179135
19.70261886492773
12.2789885275946
.579397201665609
15.433237305847852
13.3270822162104
2.0703631649545096
4.856500810917107
15.954751244434386
23.764153733747335
11.483136488778516
8.026833790232928
34.77743899300301
.00184737195884141
1.9824264717701428
27.56451951977658
6.653966210386877
35.01710493897583
36.921407818532266
3.9398297062826835
6.510088478821776
15.87974013406892
.03968372471234678
5.357110122179368
7.4360543342415255
14.838255779919683
3.024105410654532
5.985451915774347
18.864971354856607
19.70156842351628
17.181089557311214
7.603814232463686
.4419419542243317
13.856963661526276
18.02246635451634
1.5148536805636346
1.993269016189952
31.585691608789585
24.80001921127368
8.68211842222975
.3992069564576684
.09803498620851733
.09920931178086695
3.1954972870940903
6.7238934295540655
1.9281978458323707
13.365321146946055
13.780838823113717
7.829874090237229
5.022159621403786
37.242034105772774
7.772316402636698
12.558541372184019
17.219015569123307
8.917326812085252
11.056244687413908
.0012346225004388805
23.487313584616913
4.489300146492098
3.31770921218912
.00013895302203870803
38.83461082223843
3.6370263588466467
1.223395082069642
.6639842184191762
1.4426624344201824
.00184737195884141
17.958938843304573
8.213353802816298
4.425913004608178
11.349270584582088
.03968372471234678
6.924777798457609
.5544422389005295
6.187656081694439
5.457158519253378
.0012346225004388805
3.935700304199078
9.473850349856825
2.9626959461872815
6.490364780402552
8.860965059898207
.5952558706852016
.3968372471234678
.18333331329578842
6.180284714378662
.0026632243224936317
2.2288756682629525
21.688153596466528
42.326452043569404
10.7417246693213
.1653119182255166
.16758858131426502
26.816960255639184
38.79300718746996
3.810671031984271
15.97648503161265
47.94795316122805
.20999988477215561
9.610858483812232
9.610858483812232
9.610858483812232
9.610858483812232
9.610858483812232
9.610858483812232
9.610858483812232
9.610858483812232
