.04016813131301749
7.159221049803679
.08609887168486484
.5656472484381715
.01890215309480465
.6579370519558715
.004436668314762187
12.544845538152664
6931775094261913e-24
.6442609072583589
1.6907756576795019
.0006244757646419096
22.518225187310286
20.866122449459326
3.113564269492143
.11511681094466736
18.179531818180727
37.342739203927465
19.28148801531837
.006638646161113934
61.636537368650544
6.462431759709842
.3390799992556535
27406235951393964e-22
.34196050408618983
.1753804427917639
37009422742410535e-27
.13167586130777306
.015172963281177601
13.338703610588968
6.67926635825443
.7288354140934301
9.938624708224614
187.9201986312616
149.35670640841724
11.326378452776176
3.5731562204422396
5.813974754055481
23.95847564474709
31.36740612332171
33.50480062724529
.0002907279023519139
.3045930110856503
.032069497106747356
52.4285281321287
223.87563301701505
10203499727513682e-23
21.670049001130085
5.927490645291094
.4348165295100543
1.375590865474376
6.115599100891776
32.44573317471139
94.63425522624256
5.802361045558504
1.9391610610827392
.7783306517057803
.0038664421918041068
.0003365916041619599
15.425153805763006
.0003692324972159636
21.604253675281896
10.024770038356442
5.806381609179057
6.358376824069638
.9039702843588102
.43886488683799185
.2993193180655367
.4412175385897499
.022967592761526438
.5441283632084021
.013989265091961705
.003323637054755136
.7880111969530961
.05250003808998954
111.36123837801149
5.621729903214755
.02645690784264898
.06012082746300329
1.482616688588287
20.89546816755801
2.141378652477268
4.35371540707494
.08022375883859731
19545610206475376e-21
.9395564885702944
10.69906596467571
.028838419431478614
20406634518397376e-23
1.790238436677588
1.010950643783625
.4625750412541738
32.634140121948406
.017048450904340814
15028577634775367e-23
1.7508202190082243
.01215717728112731
1.2065895279170435
2.00751289734695
1.3915303686802512
.1267743846272295
1.6954446483369618
.07290999564969886
.37821917720676707
.00012400156834155816
.0013504724755424428
.022764022417875573
.3412658805872801
.8255071807015297
.365180842135634
.013827442792561566
.0012343790256468313
.0033316221102445754
.7824519574713241
7128204635090636e-22
.002676595974693613
8.76463610643306
.012769592314272632
.07295013330429397
.011682632057641482
25764915379248267e-21
93.22079958411048
324.28351816580494
14.94916551592431
27.630752677234568
73.9401762742157
.0004715495850155659
7.850353488816302
2.5766718966930107
.0030631108008987444
.0049362899585299515
1.899404315280359
.09681041312477136
.0015599660473026337
.0016409494209869075
.31948626074852365
.39188242574608684
6.231559530908551
.4174805766390414
2.371252502983927
.0018456119020736459
10.139802554383657
27.7799772469212
3.0547360485050756
3.571305338798311
.6213306621686511
29.42782755927205
4.442321708027609
23.718413757979153
10.138197372680171
1.5864205195246281
14.52833759986631
6.744720927602785
.0018456119020736459
1.9839971140628745
7.382447608294574
2.3381381104774888
1.9212558179977846
11.433411996201366
.09979936089326358
9.870862386372869
1.6272530124633393
2.3448600050087003
19.690415430396943
12.267289899846213
.5788451894077992
15.418533513447702
13.314385032442441
2.0701190844701234
4.853155567512557
15.939550587213539
23.74151278187564
11.472196097486174
8.019186341072192
34.74430529376493
.0018456119020736459
1.9814818827352196
27.547446570660618
6.65104531170782
34.983742901493144
36.88623148417505
3.9360760908263104
6.503886086698711
15.8646109425926
.0396799422812575
5.35200621341802
7.428969741615876
14.824118847515646
3.0231458627846624
5.98174463852902
18.8380177866493
19.682798040717405
17.170447910989086
7.600191157585572
.44183665315288645
13.843761640917268
18.005295711794794
1.514709293168081
1.9913699581225563
31.555598800454764
24.76458586781505
8.676740880062358
.3991974435730543
.09801162750951127
.09919985570314374
3.1909316796270097
6.714286581138385
1.9280140607786433
13.346225274051758
13.767709329337437
7.825024412308648
5.0149841468505905
37.18882407499312
7.767502374865957
12.546576404528446
17.208350432137056
8.908830958648235
11.04939665573223
.0012338577982966106
23.472765980788267
4.48502303106467
3.3156542850019926
.0001389437691061073
38.79761171154283
3.6347736525764205
1.222229510196831
.6639209311504345
1.4417688762242307
.0018456119020736459
17.941828725495462
8.208266604708372
4.423171676667919
11.34224105812672
.0396799422812575
6.920488720285663
.5539140021205781
6.183823562961288
5.453778457081423
.0012338577982966106
3.930077122239383
9.460314465450352
2.9608609075935908
6.48418117974632
8.855476743460207
.5951991342188624
.39679942281257496
.18331583898789675
6.178812144064755
.0026594192068071336
2.225691133750808
21.6747203587674
42.2659775858737
10.735071445470785
.16515441969953087
.16744487364115782
26.791410786750202
38.75604771403235
3.8070404705765024
15.96126366784214
47.90227144615279
.20999195663930637
9.60627908998891
9.60627908998891
9.60627908998891
9.60627908998891
9.60627908998891
9.60627908998891
9.60627908998891
9.60627908998891
