.0455646341593832
7.159626504374581
.08252478391406488
.5670671519037184
.018829222647672745
.6566442474272491
.004410261288457381
11.832719549789205
6158943167241587e-24
.63875482504362
1.6691405132986803
.0005586798469321087
21.58511029225895
19.898623391238335
2.9123960831659677
.10750491856971622
16.343870821994642
33.91363941162491
18.94377122942617
.006561996212170303
61.35667461041861
6.388680216943809
.3082009582355477
2531650667666637e-21
.3416991329295552
.06918535673303117
3525582309500952e-26
.13108529809815522
.012761337228276888
13.181035903444837
6.7443003008618785
.7306613272324024
9.844463657348149
185.50325726978966
152.67415867369482
10.945585803425775
3.350739223907574
5.756293461201584
22.30843315801077
31.119233338652883
30.737063124450504
.00029191219519963057
.30291096602234796
.03163733399848523
52.34235432475734
209.29901544006444
8013424348523594e-23
20.30624877338646
5.717470330585079
.42638716864091214
1.3323530478589771
6.504504920334903
31.91824045422657
92.6898207590971
6.058771707188676
1.8930849664667582
.7235501424597125
.00525691004294477
.000523110255853198
15.842168112323842
.00038546266820231373
21.35628163793913
10.2435223789381
5.066093980439609
5.91562124379652
.8409041562705117
.40517161493674214
.2940438176382754
.43199711487371345
.023309871630311615
.5985754641073567
.012654441501691557
.0030173961910733623
.6839361328247919
.04834419856144387
101.7155235932264
5.707371341930775
.02438248867163867
.05667824915932523
1.369062229759879
19.40946715530421
2.1268259808778573
3.698315452066604
.0719424900830411
18052453208046788e-21
.8519128669373753
10.068357975063986
.029120344082838166
22814903384766573e-23
1.7701233937657244
1.0244347900422295
.45110815724530867
30.019085678740275
.015390146167684533
15453980994953526e-23
1.5051602931035748
.011077328306474522
1.1916295731958146
1.8818961036275927
1.4424553804882745
.10906523574823404
1.66387816888144
.06920592502863585
.348313212096537
.00012388730790931636
.0011362393246472451
.01933991588523834
.31753759392461645
.8226839331049907
.32130803105860556
.012681414088230857
.001101334140334358
.003068141996419491
.7167364922017614
647364115685491e-21
.0020818760614822137
8.529457332949288
.010103554553094774
.06795075618564743
.01122410056241553
2354657791951189e-20
92.22007722246403
320.8023447625551
14.788686692673704
27.334137413295725
73.14643079947406
.00043914069210915544
7.55652455000569
2.611363586047995
.0034180021783462963
.005509290154069853
1.7848667632690935
.09116609789622293
.0016143107902026673
.0016995808281065718
.31941730385069705
.3891428139430369
6.2147678809180515
.4145620106606693
2.367416667583836
.0018257993161532747
10.098305154379734
27.585770136435883
3.045344008848987
3.5329674879243957
.61639011891023
29.111920752801595
4.4076030161525654
23.552600641564794
9.975386463195342
1.5847092186273424
14.372376351104258
6.672316559849784
.0018257993161532747
1.9818569400045325
7.303197264613089
2.335615918034065
1.9109156812565293
11.353482128475628
.09977243614915944
9.801856150513979
1.6158770454216795
2.307203528615882
19.55276165728535
12.135600927274176
.5726313044426826
15.253016039455426
13.171455526441864
2.0673573576964417
4.815437620729434
15.768440011265014
23.48664838631014
11.349042431961259
7.933100627052117
34.37132626545301
.0018257993161532747
1.9708176112593088
27.354865059445387
6.618061174538434
34.60819351796714
36.490258945345076
3.893822437362657
6.43406707341415
15.694304841380195
.03963713880009068
5.294552594468897
7.349219984291363
14.664982396330972
3.012302080717426
5.939926845390312
18.53549508996156
19.471503820682912
17.050410984936473
7.559287174319557
.4406460737488194
13.69514929361736
17.812009426682074
1.5130753484853041
1.9699926640391037
31.216850436402535
24.366887480228005
8.61608263114556
.39908974459663776
.09774752396753662
.09909284700022664
3.1396880048625
6.606460794696045
1.9259342766661818
13.131896138882894
13.619913401218575
7.770320430117307
4.934447726026808
36.59160288785814
7.713200523626044
12.41188930008253
17.088048533257183
8.813194937543273
10.972151401783945
.0012252320188142487
23.308670164016775
4.436876449403608
3.292474869398625
.0001388390407408894
38.38112056588188
3.6093633046103055
1.2091089147141187
.6632047474707473
1.431689610681629
.0018257993161532747
17.74922375649137
8.150883413742289
4.392249715038113
11.262948557533663
.03963713880009068
6.872108258863151
.547967752669553
6.140593055778391
5.415651624004401
.0012252320188142487
3.8669633943155635
9.308389784413565
2.940161817875062
6.4145736980202654
8.793568969561365
.5945570820013597
.39637138800090654
.18311809283176372
6.162162627941935
.002616711174615093
2.189948409043675
21.52319450350702
41.58722159029948
10.660023608399234
.16338149218061448
.16582623790416556
26.50380583169759
38.34000275658191
3.7661720104517715
15.789920002653636
47.38804206361495
.20990220693879516
9.554578406282635
9.554578406282635
9.554578406282635
9.554578406282635
9.554578406282635
9.554578406282635
9.554578406282635
9.554578406282635
