.05258866343292593
7.160215539477985
.07787522788263611
.5679691117254686
.01872231003251382
.6549202642730765
.004374422802771986
11.389577342308163
5281044905568987e-24
.6316972628974714
1.6414225268951008
.00048659977028598023
20.421546953851202
18.766448442672
2.6639019043219805
.09961921867496734
14.014064304255118
29.668800554494936
18.486117781279123
.006463124499267193
60.978098682107216
6.294074809409437
.2785018185345216
2275564972027285e-21
.3406936111189733
.021903989366964544
3264841045691198e-26
.13024995636297623
.010016192277724144
12.978687850617352
6.815072824789097
.7305782787260904
9.716247104406538
182.515544784081
156.21716017399606
10.485468847340213
3.1990232851259903
5.6789150117201626
20.45647430062553
30.74987872790155
28.385130986246132
.0002930446184297478
.3007358432664547
.031070361658995498
52.16738622902601
172.30898917527222
4573741229371602e-23
17.825035044222407
5.436218097132305
.40862131614194835
1.2606351500510504
6.927593308433698
31.222881683540084
90.18605065476115
6.338099494548025
1.8152653962615475
.6673888129865027
.00627081457945495
.0009586012882147104
16.149690351596075
.00040398694319848937
21.038467113202294
10.486524572348557
4.187713439774514
5.372252982889061
.7623052822041226
.371248223121794
.2849596851365991
.4237400196514236
.02349733416511189
.666708229660575
.011389796547521558
.0027241076046462
.5616024341621402
.044176409331301646
86.47003315610604
5.769400909184501
.022308393242396377
.05325614709056152
1.2321333043085165
17.591785015817692
2.1073044055009866
2.864503585059036
.06254851395825335
1620799855919129e-20
.750273860940059
9.284881105897938
.02884207035151835
24893397248712537e-23
1.7484485052969947
1.0356886976339754
.4230931255310145
26.52398919069694
.013492201337390958
15389840759864402e-23
1.2521294817695061
.009791737667497469
1.1720327720438481
1.7407781263953364
1.4976093725049637
.08559346552553401
1.6235713548749116
.06451806792703571
.3125118318077816
.00012367322223736082
.0008926137609060478
.015371624935009794
.28845234400904995
.8184352491602007
.27137670934181124
.01100395223305649
.0009212332754691889
.002661068817209076
.6090775627657466
5830071011927236e-22
.0014740328077024831
8.205973806879184
.007309252910043644
.0616705545028245
.010553913312418794
20326359900394963e-21
90.93362088878064
316.32719986233207
14.582386717270783
26.952830269990265
72.12604899084339
.00039949843674101816
7.204521835670119
2.6153950213295927
.0038160211530217413
.006152169492728695
1.6539927242182466
.08467045968419387
.0016631539398243294
.0017527045471282796
.31932757259706185
.3856056316303416
6.1929798069778155
.4107937760715066
2.3624332787068134
.0018003296877920436
10.044546862342399
27.335024408357363
3.0331626716376485
3.4836831179864496
.6100183560493191
28.705813796853302
4.362819644498833
23.338515119688733
9.767383270920586
1.5824845727929442
14.17188384292345
6.579238738216075
.0018003296877920436
1.9790747704215386
7.201318751168164
2.332337134670068
1.8975403813664466
11.250282648147504
.0997374020759087
9.712760448460859
1.6011892457251073
2.259094545475197
19.37503337805104
11.966311102908866
.564643183085024
15.040238738863964
12.987715684791711
2.063768242176349
4.766783074267632
15.54847262308051
23.15901314153934
11.190724981384651
7.822435055575746
33.89185138641311
.0018003296877920436
1.9570230326508398
27.106218183831757
6.575374268387584
34.125414376055026
35.9812252712055
3.8395041946583066
6.3443127966098665
15.47537162776721
.039581495408430804
5.220694374823909
7.246699460765698
14.460408077426367
2.9982461707737644
5.8859348316015305
18.148999572887625
19.1998792442251
16.895428263942613
7.5063765546080194
.43910123258656264
13.504104001961258
17.563534549705913
1.510951263680614
1.9425115599640184
30.781380025065957
23.85879785378723
8.537765226851748
.3989496083036348
.09740483533933879
.09895373852107697
3.074220353040922
6.468705236051292
1.9232306124131133
12.858074535320355
13.429917639049021
7.699690730673829
4.831556386136031
35.828607866140786
7.643090025657463
12.238745294091835
16.932723699122736
8.690252181596119
10.872418094422182
.001214095056057609
23.096801891283686
4.3749826841626955
3.262547337768207
.00013870284567224332
37.845709653931166
3.5765553595995905
1.192242025547514
.662273727658739
1.4186760151924578
.0018003296877920436
17.501624730257422
8.076794519868612
4.352325585776799
11.160571998082835
.039581495408430804
6.80964301753472
.5403236841835173
6.084777051041534
5.366425102404156
.001214095056057609
3.7863308560780813
9.114294568429766
2.9134366979293254
6.325091350897626
8.71363827185831
.5937224311264616
.3958149540843079
.18286102806705315
6.140558980381486
.0025621484486907263
2.144284387736956
21.32755562702594
40.72005971336012
10.563127441723358
.16110234471345972
.16374285228696056
26.134081690211
37.805165431943124
3.713634472179068
15.569652971790427
46.726985939073515
.20978544716041975
9.487701906832223
9.487701906832223
9.487701906832223
9.487701906832223
9.487701906832223
9.487701906832223
9.487701906832223
9.487701906832223
