.05258866343292593
7.160215484503818
.07787476082929545
.5679721133363684
.018722340105755735
.654920396591836
.0043744282412238635
11.386321099618643
5280912158610415e-24
.6316971586420033
1.641422447240834
.0004865619893161561
20.421239192142227
18.765714091084227
2.663886135872249
.09958694914391837
14.013939838607655
29.668545125970898
18.486116422677014
.006463124233513306
60.978098028973484
6.294074217194821
.27841477720541924
22755459320041884e-22
.340693664609943
.02190814447120817
32647543130246504e-27
.1302498203354893
.010014090926092453
12.978686515070624
6.815070556420801
.7305808671629013
9.71627524747835
182.5152925898641
156.21815643920877
10.485214203195868
3.198121192793127
5.678928632265504
20.455331486366184
30.750083178673915
28.37760285188677
.0002930448118193072
.30073584177685314
.031070193122638222
52.16678517972182
172.59058866156434
45919850683377283e-24
17.826886145736125
5.436312091428289
.40861604380301075
1.2606319554485257
6.927605571482215
31.222876093996426
90.18601407126695
6.338118207517593
1.8153160917518805
.667178016066146
.006299482131075491
.000958602932918416
16.149982234342083
.00040398745959739006
21.038465482079758
10.48651595161612
4.1876673525920305
5.372199966000723
.7622939966840351
.3711295825040539
.28496645105806595
.42360169596701974
.023497448011806015
.6667005594211972
.011386228615461626
.0027232542405729266
.5615959608918466
.04416230285893036
86.47964603891148
5.769353179422657
.02230124766228093
.05323909382101952
1.2321191978137327
17.591605125943513
2.1073048815734037
2.864764151000252
.06254740782363775
1620782740705389e-20
.7502633247452991
9.284840051014978
.028842114412749288
24891720705167877e-23
1.7484012225770997
1.0356908017021127
.423088979386337
26.523797284415142
.013491978815146967
15390305306489093e-23
1.252043436720931
.009791659385960407
1.1720337722055263
1.7407140100580432
1.4975990058065443
.08560128532958107
1.6235717943918802
.06451762780042031
.3125081837042407
.00012367317824902297
.0008924261902024703
.015368398944516038
.2884489451936466
.8184351170968711
.27137689434196094
.01100151620275618
.000921039100176824
.002660493504619968
.6091383590725938
5828254343600323e-22
.001473708936510343
8.205996871066077
.0073076476554410725
.06166971397434683
.010554216407228215
2032180792585775e-20
90.93361738015794
316.3271876570247
14.58238615461758
26.952829230030446
72.12604620790029
.00039949348756685555
7.202286790250357
2.614590605393588
.0038146225556054945
.006149912349128676
1.6537131144488837
.08465618765281455
.0016627060968372577
.0017522320430439825
.3193275725969636
.3856056275489941
6.19297980325323
.4107937717235613
2.3624332784000166
.0018003296183273336
10.04454684112517
27.335024119036547
3.0331626689259563
3.483682983570493
.610018346531993
28.7058126892556
4.36281957988337
23.338514872667982
9.767381996925966
1.5824845727320624
14.17188329610927
6.579238484359843
.0018003296183273336
1.9790747703453992
7.201318473309324
2.332337134580338
1.8975403722293043
11.250282529071667
.09973740207584876
9.712760345658547
1.6011892287777152
2.259094250813442
19.375033172980785
11.966310641195472
.5646431612985839
15.040238158544799
12.987715183667994
2.06376824202609
4.7667830048496915
15.548472023151426
23.159012247961822
11.190724549596812
7.822434753751483
33.89185007871505
.0018003296183273336
1.9570230232272732
27.106217896932684
6.575374243634442
34.12541305934508
35.981223882890134
3.8395040465131935
6.34431255181812
15.475371030658685
.039581495406908015
5.220694173386348
7.2466991811558685
14.460407519479642
2.998246166513663
5.885934769303307
18.14899720564891
19.19987850340854
16.895428085117125
7.506376518462896
.43910123232247816
13.504103480912988
17.563533872026795
1.5109512636224842
1.9425114850133007
30.781378837383695
23.858794741799173
8.53776513648588
.39894960830339504
.09740483528075752
.09895373851727
3.074219952059402
6.468704392315008
1.9232306123391223
12.858072858195854
13.429917120863191
7.699690649178355
4.831555755938907
35.82860319288774
7.643089944761065
12.238744821866721
16.932723519902506
8.690251846287618
10.872417979345759
.0012140950432073198
23.096801646821294
4.374982515356446
3.26254730323658
.00013870284567042392
37.84570819367571
3.576555321744424
1.1922419795455248
.6622737276332599
1.418676000176832
.0018003296183273336
17.50162405496706
8.076794434381776
4.352325539710684
11.160571879956516
.039581495406908015
6.809642945459736
.5403236633354314
6.084776986638715
5.366425045604554
.0012140950432073198
3.7863303622134494
9.114293379619834
2.9134366670927743
6.325091106847529
8.713638179630957
.5937224311036198
.39581495406908
.18286102806001805
6.140558976688428
.0025621481145005703
2.1442841080502992
21.327555401289697
40.720054402097574
10.563127329920546
.1611023384974162
.16374284768268346
26.134080681842136
37.80516397325204
3.7136343288905675
15.56965237104411
46.726984136139
.20978544715991834
9.48770186114651
9.48770186114651
9.48770186114651
9.48770186114651
9.48770186114651
9.48770186114651
9.48770186114651
9.48770186114651
