.05713265145804353
7.160629900803851
.07487829535634447
.5680981890267582
.018647105806489407
.6537886614134166
.0043506642092590595
11.261462670957236
4779669418475878e-24
.6271997248728167
1.623753473875495
.00044768989716707027
19.736060812888102
18.099356012125416
2.513108813302645
.09523527542347947
12.613771814473155
27.059899726427922
18.176666465710323
.006399678680904986
60.72389607477211
6.233703815393238
.26294995009569355
21195980607918087e-22
.3397414906439454
.010996157959386535
30840031129586346e-27
.12967250962998828
.008323598832390965
12.849528827688289
6.853023353204465
.7293756846975763
9.631225718022163
180.6716862139764
158.12892461714162
10.206865485693337
3.145767363101869
5.6281487352368345
19.40342660326605
30.492471743084515
27.287558486366187
.00029355358379917084
.2993372193381902
.03069688622603489
52.01433384909089
129.10626601960084
2483601071412498e-23
15.748185459660073
5.254267605277447
.39428629363644263
1.2076131533885055
7.158135215834877
30.76650303565436
88.58026964137213
6.492384004380663
1.7591002438260999
.6365426190712598
.005669332755008594
.0014488822244239164
16.23793307370045
.0004146820943242399
20.835815001008726
10.619441119015354
3.689875517478076
5.040492173348484
.7138131452106293
.3529147885853316
.27819983407013393
.4191743435993271
.023513540540762063
.7087130402960108
.010741531116027396
.0025720553414041282
.4928390946800744
.041931909207834496
74.87123586921865
5.788015908421001
.021193968159544267
.051396249961338805
1.1498213757217806
16.485239109139325
2.094375479962015
2.336600225765107
.057195547970687474
15076495146394332e-21
.6912151672219019
8.800967193810347
.028356401544655893
2566759104617191e-22
1.7340903259805118
1.0402095347892704
.401040119557987
24.320104415588787
.012401804252560208
1508460079513499e-22
1.119230836391087
.009030186359096096
1.1593491870404862
1.6613681387702524
1.5272694287862765
.0703032802800276
1.5979813289562883
.06157018065203278
.29113063556678925
.00012349702657535967
.000742381692021254
.012874360090463624
.27071801323163497
.8153602673363334
.24308167468459946
.009694728721162811
.0007924313470566606
.0023364335815846083
.5259752651928413
5486484914745613e-22
.0011451553835646262
7.985910034748851
.005755223053743011
.057774141942785524
.010099262551145636
1784061792139459e-20
90.11095865627817
313.4654372062702
14.45046214751548
26.708992234009166
71.47353591697205
.00037535932074111934
6.991590087423036
2.60017404027829
.004032253819372028
.006501487929356357
1.5793737276347621
.08094536078540315
.0016827485817156025
.0017742990087070648
.31926953704474215
.3833344985889706
6.178925362083539
.40837429035476286
2.359215011906246
.001784042386948597
10.009922054795206
27.174027078370187
3.0253082821269177
3.4521667821893836
.6059314547211033
28.44611679333463
4.334090995340093
23.201056357479384
9.635136821555449
1.5810470678420987
14.043673028408053
6.519717395332704
.001784042386948597
1.9772770089586555
7.136169547794379
2.3302184750409185
1.8889375319281168
11.184020937863503
.09971474437182049
9.655554408486406
1.5917585904048543
2.2285073120133245
19.260918658573242
11.858053759689483
.5595349446026683
14.904172053546144
12.870217854221144
2.0614496899201042
4.735569586225869
15.407808025376307
22.949497175196427
11.089484244388519
7.75166671023188
33.58523711269701
.001784042386948597
1.9481505076376353
26.946568472587586
6.547905999944685
33.81668709453598
35.65570875904563
3.8047688012844585
6.286916791942499
15.335368363323628
.03954554017917314
5.173463570115728
7.181139705216543
14.329587029329954
2.9891880701096816
5.851267959598424
17.9032694027417
19.02618094244791
16.795917877602776
7.472345011479434
.43810472940574435
13.381934487125966
17.404640002209916
1.5095787385013046
1.9249379619816356
30.502905698810995
23.53575930653603
8.487479652379745
.39885897748728194
.09718378328792239
.09886385044793283
3.0325966432940046
6.38112156335931
1.9214835789351934
12.683981366679074
13.308419276625102
7.654341232138667
4.766139051804917
35.34350289538578
7.598073892926071
12.128023281394452
16.832993650806564
8.611632830570105
10.808381923919589
.001206944301060802
22.960766767254228
4.335402900723576
3.2433316457501356
.00013861480947797582
37.503325443446215
3.5554902288411636
1.1814559985881368
.6616721282632745
1.4103203229804913
.001784042386948597
17.34329027120598
8.029223962289148
4.326691337638697
11.094838663955224
.03954554017917314
6.769535705845117
.5354354604005005
6.04893904174803
5.334818029362762
.001206944301060802
3.7350654559244134
8.990890677980284
2.8962771914132146
6.267869239640496
8.662316843522058
.5931831026875968
.39545540179173133
.18269491988648548
6.126623500128089
.0025274579870094975
2.115251637731992
21.2019409774903
40.16872644776987
10.500912925686134
.1596448770214445
.16240902792512768
25.897650744455895
37.46314801868729
3.680037802479557
15.428796758787234
46.30425421240264
.20970994747537525
9.444687659640572
9.444687659640572
9.444687659640572
9.444687659640572
9.444687659640572
9.444687659640572
9.444687659640572
9.444687659640572
