.059404645470602334
7.1608459298406135
.07339621458101105
.5680486675155747
.018607959168635647
.6532186364769865
.004338655643010556
11.227717549632954
4547932869477185e-24
.6249719921417647
1.6149953125302898
.0004301433766150204
19.41114446462254
17.78394763535463
2.4413714771740356
.09323227081337357
11.954104029655822
25.80253249480309
18.01732077341754
.006368102181853196
60.59387849567772
6.203763115131684
.25601477432998176
2044914576058231e-21
.3391946491547582
.007920784685188663
29926137028182864e-27
.12937349980745064
.007493893536250894
12.785470736623537
6.869806604038069
.7284948768193729
9.588285154277806
179.7746496220432
158.98835124997467
10.073086541449392
3.1276492004203917
5.602647139848291
18.915008912523373
30.359620792784106
26.82284070233329
.00029374704439359006
.29864040214380333
.03050741234186924
51.92552920965956
105.54037825885825
1755464859423545e-23
14.57784411385063
5.164774275263314
.38664295004700533
1.179735120520581
7.262085650326743
30.536055648966006
87.78094374131247
6.562912604185624
1.7304786138047743
.6225332923534254
.005267619610141966
.0017932792816304898
16.257276822434193
.00041970062085780447
20.73534422347676
10.679125077320458
3.462649910418933
4.881541268704231
.6905405883175556
.3446532461003885
.27469732615479975
.4171412313075077
.02350044558215633
.7290561757943038
.010456847758934958
.0025048533398717506
.4615922109331093
.04092189466594984
68.6266255142863
5.792328461257403
.020693217075512874
.050556893972379224
1.1107417013572063
15.955979565085803
2.087834552799105
2.0795097958849573
.05472673580245173
14532257662207746e-21
.6636954349667739
8.565858312178396
.028047772449137046
2591493545181809e-22
1.7268106990520522
1.0418342123429292
.38958024674686864
23.253262979619088
.011896701915480966
1487924186777489e-22
1.0604996449937865
.008671831761692714
1.1530209126630127
1.6248484337863482
1.5405174915850937
.0627590063598305
1.5853331278175264
.06013204557068626
.28101816178478545
.00012339819556872684
.000668699949803968
.011635479872706344
.2622388265965393
.8137312151553017
.23012638770927954
.008972136721770682
.0007246860161250016
.002156956197820858
.48120141576746667
5331688652084945e-22
.0009969603511207302
7.872730531218469
.005043174432273232
.055897321197464565
.009871796965266211
16477752514805848e-21
89.70242408961421
312.0442841249711
14.384948325672262
26.587902116546612
71.14949752631239
.000363827679159954
6.892007161845709
2.589743208670651
.0041301621529585535
.006659646411977493
1.545135433928981
.07923108161572107
.0016901052955259478
.0017824797434666034
.3192405232240746
.38220395480288716
6.171910106411631
.4071698983210267
2.357607523054464
.001775954103410939
9.992654443716557
27.093884467753615
3.0213887188622377
3.4365157506007282
.6038982871107611
28.317151102915496
4.319797714982853
23.132630973925156
9.569687085235525
1.5803288051429398
13.98000345968317
6.4901590601358325
.001775954103410939
1.9763787407474647
7.103816413643746
2.32915986708069
1.884650747886303
11.1510366241081
.09970341745008535
9.627077902776938
1.5870641191533725
2.2133694661622942
19.204113669760957
11.804293096986168
.5569981902551917
14.836601254586984
12.81186835986052
2.060291390831303
4.720039599785435
15.337953900320342
22.845451418460144
11.03920803261733
7.716523106750004
33.43297227726807
.001775954103410939
1.943729344753192
26.867096691010158
6.534214935764255
33.66337293814271
35.49405706047103
3.7875191837388464
6.258413901000615
15.265842656768447
.03952757481494932
5.150008723676563
7.148582690605096
14.264621217015927
2.9846692887921757
5.834011191275241
17.781655741890248
18.93992225979154
16.746382757080134
7.4553871561725735
.43760732629634397
13.321265031508732
17.325732872963105
1.5088929435484773
1.91621090249986
30.364615178462756
23.37588516367427
8.462448074434562
.3988136698003414
.09707344547884127
.09881893703737328
3.0119967645020154
6.337775762310288
1.9206106574328126
12.597821382517896
13.248083115704908
7.631766775760726
4.733763533949596
35.10342089261127
7.575665382193357
12.073038662324375
16.783349185090195
8.572590412875652
10.77650545815227
.0012033847378471185
22.893050054336445
4.315747556115417
3.233766296292136
.00013857081233785464
37.33329723559041
3.5450042501476395
1.1760996510182833
.6613715335381262
1.4061609559436035
.001775954103410939
17.26466128222251
8.005543888382281
4.313930905107647
11.062117369745328
.03952757481494932
6.749570749507807
.5330079654869726
6.031099294813647
5.319084393608134
.0012033847378471185
3.709693833937582
8.929817188827686
2.8877353873398004
6.2394527042722485
8.636769629492072
.5929136222242394
.3952757481494931
.18261192239137652
6.119667625483177
.0025102894234620265
2.1008831171283067
21.139411456371693
39.895867576847344
10.469943258463285
.15892109767621687
.16174619754266809
25.78023899251951
37.2933019625593
3.66335367580549
15.358847477456862
46.09432537897941
.20967220782300702
9.423253739431503
9.423253739431503
9.423253739431503
9.423253739431503
9.423253739431503
9.423253739431503
9.423253739431503
9.423253739431503
