.061676639483161134
7.161067141087609
.07193162620302994
.5679314940767265
.018567887430846305
.6526460554891864
.004326573607397445
11.208864627670799
43285667585309935e-25
.6227587402712844
1.6062876360659937
.00041375443033534143
19.09806191465024
17.48010047849312
2.3723973752684704
.09132964967068584
11.323673746603637
24.57922492122935
17.854551965095883
.006336620503766366
60.46183096543515
6.173985297578102
.2495186648222551
1972623218204433e-21
.33860696113359073
.0057667705199614
29016142004736248e-27
.1290679093484541
.00667844008943739
12.721763799413912
6.88518073073536
.7274493702453523
9.545121527000042
178.89354584341996
159.78942733046853
9.942917334387083
3.113686101704009
5.577097149952851
18.45010706999116
30.22445844945557
26.401196100549097
.00029390187522361223
.2979452424663759
.03031584640121515
51.83049252314661
85.61080743455027
12720837575647296e-24
13.336865401510716
5.077006597857386
.3788242125890458
1.1512040040074607
7.359035840371862
30.303939886309458
86.98372295725758
6.629453000438489
1.7020026009975175
.6092806050046929
.005086010537530135
.002229988627439694
16.26373465685637
.00042451785979822775
20.635436910188425
10.734463040986334
3.2496863989724214
4.727690694352138
.6680254651445915
.33687660911526596
.2711790889301882
.41520706528907
.023476930113807123
.7489471227510833
.010193174434091321
.002442347141838767
.4323860097146652
.039972015219021884
62.17927156814155
5.793751925263
.020222683805764648
.04976394889607022
1.0731412894906582
15.444269398265032
2.0812486571335493
1.8300222290765615
.05239383425871193
14003766009723167e-21
.6375274317448826
8.33532577531537
.027705857753090833
2608269861689105e-22
1.719509577400299
1.0430953176287427
.37806362621434547
22.21590954232279
.011418124779779609
14648536143448154e-23
1.006405884660099
.00832905577299722
1.146708375483995
1.5902993800166978
1.5527919558482424
.05538442425793055
1.5727847024100898
.05872299084910725
.27131285838012553
.00012329234479076728
.0005962464973665946
.010408569416918518
.2540473638824172
.812043138376454
.21796609692751517
.008210779368462227
.0006554114469457721
.001968239780221727
.43504949495843576
5185890903029068e-22
.0008593284899298248
7.757492024426438
.004374657291581866
.05407718567027465
.009647007289074328
15048002415391118e-21
89.29574217850592
310.6295758034703
14.319731601200754
26.46736112833078
70.82692861112355
.0003526942900330438
6.796286730161853
2.5777058723234636
.004221286773634179
.0068068317156156225
1.5125902267062408
.07759817775073714
.001695929734847797
.0017890145146119633
.31921151204006887
.3810767458095715
6.164902816011971
.4059690589120479
2.3560011295306795
.001767902499274865
9.975416622929181
27.01397825576359
3.017474234105685
3.420935694574462
.601871942974162
28.188770256527537
4.305551580851514
23.064407426405072
9.504682121901187
1.5796108687552113
13.916622624861974
6.460734768465229
.001767902499274865
1.9754808806253825
7.071609997099451
2.328101740052965
1.8803736935600712
11.118149604992956
.09969209181501973
9.598685394915641
1.5823834952990201
2.1983344916942986
19.1474762400191
11.750776232479037
.5544729397862572
14.769336881145533
12.753783473500583
2.0591337425936267
4.704560552363933
15.268416555393722
22.74187749682666
10.989159817472755
7.681538875320212
33.28139794471529
.001767902499274865
1.9393182165840475
26.787859329298385
6.520552501627471
33.510754043171055
35.33313843307787
3.7703477911523597
6.2300402672711295
15.196632241003863
.039509617612507666
5.126660242169788
7.11617331817357
14.199950016915732
2.9801573391166207
5.816805325665345
17.660868523956157
18.854054749977536
16.6969937515189
7.4384677901171905
.43711048794913737
13.260870704639904
17.247183578140376
1.508207460156771
1.9075234191924222
30.22695178913775
23.217097468273366
8.437490332749528
.3987683672600789
.09696323294968288
.09877404403126916
2.991536875114234
6.29472452381307
1.9197381325043652
12.51224691077508
13.188020572081403
7.6092589078111095
4.701608028527421
34.86497040120966
7.553322970395022
12.018303391946693
16.73385115687344
8.533725047890933
10.744723019178794
.0011998356743644564
22.825533087069633
4.296181346151809
3.2242291619803227
.0001385268291629137
37.164040085387015
3.534549202202965
1.1707675938460924
.6610710753751227
1.4020138578938035
.001767902499274865
17.186388866330187
7.981933664170915
4.301208112337783
11.029492594340478
.039509617612507666
6.729664684292473
.5305914789734796
6.013312170218876
5.303397167745251
.0011998356743644564
3.6844946284140505
8.86915873325105
2.8792187792356176
6.211165034504168
8.611297772706656
.5926442641876146
.39509617612507664
.18252896260257107
6.112719648688017
.002493237531328324
2.0866122398485936
21.07706638011703
39.62486295716383
10.439064943228349
.15820060058403318
.16108607296737387
25.66335968888071
37.124226138047334
3.646745209656862
15.289215407778197
45.88534854778872
.20963447496237603
9.401868467800345
9.401868467800345
9.401868467800345
9.401868467800345
9.401868467800345
9.401868467800345
9.401868467800345
9.401868467800345
