.061676639483161134
7.16106724806677
.07193140936559274
.5679320505219557
.018567891904908776
.6526460837580726
.004326575619534642
11.207678005010651
4328514423330508e-24
.6227587068295566
1.6062876330721327
.00041374794884285163
19.098099160724995
17.47987782100767
2.372406290775417
.09131990437359236
11.32427125383638
24.579120291066772
17.85455140775407
.006336620507003595
60.461831503151984
6.173985304516028
.24949461733672024
19726128252286017e-22
.3386069728661302
.005767154703050208
29015795937264584e-27
.12906785229328074
.006678565719166623
12.721763455485004
6.8851777808587284
.727449767677184
9.54512995575787
178.89350453559567
159.78958495635013
9.942838342274595
3.113361042879617
5.577101384466708
18.449781522871337
30.22452041641761
26.398634108630606
.00029390188956979484
.2979452424136732
.030315790771605403
51.82929296921562
88.44380092765128
13329185146633496e-24
13.338487567917845
5.077059924551786
.3788215609168261
1.151237432914392
7.359034710285481
30.303938559458953
86.98371233880479
6.629458093623801
1.702029996794214
.6092171665682895
.0053391804676887426
.0022299910487792564
16.263895622579373
.0004245177667314866
20.63543692522703
10.734453189364025
3.249887221525378
4.727668111142641
.6680205064225486
.33684120562283476
.2711828270101524
.4151625534769761
.023477019997969587
.7489438828298716
.01019212760283738
.0024420962321669844
.43241306808620283
.039967817087561655
62.18713721075526
5.793734226070278
.020220554598387386
.049758714123326615
1.0731354590006708
15.444193254531152
2.0812483875326744
1.8302339665088265
.052393464772403635
14003709507228798e-21
.6375234499064103
8.335324825742429
.02770582353238385
26081986720433174e-23
1.7194973431710852
1.0430957325788692
.3780598378350722
22.21689461269508
.01141805109331063
14648478351326402e-23
1.0063885213537886
.008329013307421529
1.1467084516180146
1.5902891313109446
1.5527885739288718
.055390844249059344
1.5727847335303164
.05872282180005917
.27131140949104154
.00012329234409825428
.0005962578295115596
.010408764896632105
.25404594365140454
.8120430796755944
.21796676149448663
.00821090306452217
.0006554253598150392
.0019682691659493826
.4351008032523216
5185338611262824e-22
.0008593402640398745
7.757505969983347
.0043747200764923735
.05407669258051477
.009647126963768222
15048215755378131e-21
89.29574203457572
310.62957530278607
14.319731578119681
26.467361085669708
70.82692849696208
.00035269229571911016
6.795571680792475
2.5774259197358096
.004220764841411796
.006805988215856862
1.5124800780310177
.07759248347051803
.0016957595144758823
.0017888343550042487
.319211512040066
.38107674565839644
6.164902815891104
.40596905875099787
2.3560011295210774
.0017679024964252943
9.97541662220892
27.013978245047003
3.0174742340165843
3.420935689060471
.6018719426118981
28.188770211091832
4.305551578401378
23.0644074172553
9.504682062463493
1.579610868753341
13.916622602430646
6.4607347580515775
.0017679024964252943
1.9754808806230433
7.071609985701167
2.3281017400502084
1.8803736932373067
11.118149600582328
.09969209181501794
9.598685391107793
1.5823834946712805
2.198334477946976
19.147476232423195
11.750776213538701
.5544729388925372
14.769336857339768
12.753783452943562
2.0591337425889695
4.704560549734915
15.268416530783522
22.74187746017046
10.98915979976002
7.681538862938822
33.281397891071094
.0017679024964252943
1.9393182162511653
26.787859318671504
6.5205525007642535
33.51075398915718
35.33313837612661
3.7703477850751734
6.230040257229319
15.196632216509368
.039509617612460884
5.126660233906447
7.116173306703458
14.199949994027726
2.9801573389743066
5.816805323357789
17.660868413513608
18.85405471958787
16.696993744895117
7.438467788840384
.4371104879405675
13.260870683265543
17.247183550340726
1.5082074601549853
1.9075234161178054
30.22695174041683
23.217097323084843
8.437490329402333
.39876836726007175
.09696323294778185
.09877404403115221
2.991536856406606
6.294724484448901
1.9197381325020921
12.512246832529524
13.188020550824463
7.609258904792477
4.701607999125833
34.864970183180965
7.5533229673985804
12.018303372575147
16.733851150235033
8.533725034135959
10.744723014916305
.0011998356738884754
22.825533078014626
4.296181339227065
3.2242291607012543
.00013852682916285844
37.16404002548464
3.5345492008007913
1.170767591959006
.6610710753743398
1.4020138573376173
.0017679024964252943
17.186388838628528
7.981933661004441
4.301208110631472
11.029492589965022
.039509617612460884
6.729664681622781
.5305914781182526
6.013312167833364
5.303397165641366
.0011998356738884754
3.6844946053729997
8.86915867778761
2.879218778093416
6.211165024492782
8.61129776929051
.592644264186913
.39509617612460884
.18252896260235496
6.112719648568173
.0024932375157368193
2.0866122267999274
21.07706637175565
39.624862709369054
10.43906493908712
.1582006003290396
.1610860727837205
25.663359647515556
37.124226078209134
3.646745203778903
15.289215383134474
45.88534847382902
.20963447496236098
9.401868466186523
9.401868466186523
9.401868466186523
9.401868466186523
9.401868466186523
9.401868466186523
9.401868466186523
9.401868466186523
