.06044648683194671
7.1609467360696515
.07272239192280495
.568002660188426
.018589692944641346
.6529563435792037
.004333122723920021
11.218174457087226
4445863892613782e-24
.62395528834473
1.6109960899560258
.0004225016048288567
19.266377207226334
17.64334080253023
2.4093929899447555
.09234965705083782
11.660956051082852
25.23736166062962
17.943124063272066
.006353654360450675
60.53358285605938
6.190088085923648
.2529885769583924
2011470134141546e-21
.3389299781541577
.006838844057481476
2950821781667442e-26
.1292341797087162
.007117770144054245
12.756213851692083
6.877029468885633
.7280347964105095
9.568512021152193
179.3686862753351
159.36260368958966
10.01299974048819
3.1209934879871555
5.590933129971734
18.699186404698466
30.297871396009164
26.626255061828008
.0002938227423166918
.29832142552693536
.030419846835325056
51.88268781936665
95.57805251482932
1501429772530241e-23
14.016060452228897
5.124269222544782
.38307622708315126
1.1667021057062836
7.3073874785438715
30.42983259115231
87.41512939323371
6.593900602424627
1.717375067038502
.6163780161006467
.00513004086138707
.0019805885211470215
16.261636422662175
.0004219338590689208
20.689461112258265
10.705036715807859
3.3631199948258064
4.810364843617769
.6801231029627378
.3410363577489171
.27308228284191155
.41625087351715356
.02349078172626586
.7382353296682042
.010333671439449792
.002475686404784235
.4479330277246946
.040479985854543904
65.6878255035701
5.793325559292342
.020474272009299486
.05018876340474173
1.093319067381931
15.71917613683392
2.0848199742107494
1.9639607880440937
.05364063701148067
14287966715811948e-21
.6515326083800733
8.459577818775635
.027894770547800287
26001572130900864e-23
1.7234776020870832
1.0424550680225342
.38430083028425543
22.773094325529662
.011674053656441228
14776271442021203e-23
1.0351541425147681
.008512746313907795
1.150124015913698
1.6087728624752382
1.546264911941478
.05934969373478664
1.579566473429364
.05948228725581126
.2765180880025058
.00012335052180566814
.0006352862423491964
.011070703773172257
.2584472894713759
.8129643833364407
.22445299084791015
.008627189869265027
.0006930514766228541
.0020713918855742404
.4601550198256845
5263878174118863e-22
.0009325223465302331
7.820138425824784
.004731065456917315
.05505570358785217
.009768242006333073
1582922917311906e-20
89.51570739512464
311.39476012539694
14.355005879534021
26.53255907262113
71.00139897571542
.0003586736158251874
6.84776660101656
2.584454626547281
.004172886683100501
.0067286576063712985
1.5299578680981234
.07846988116757961
.0016929826421162233
.0017856979466387495
.31922721958203154
.38168665064540813
6.168695868129927
.40661880334004874
2.356870762295321
.001772257433191383
9.984746205967467
27.057213525704743
3.0195930699968714
3.4293626009726594
.6029682450461497
28.258208606043663
4.313259192335688
23.101321496286676
9.53982353447081
1.579999549065823
13.950903911243575
6.4766497145555
.001772257433191383
1.9759669690269481
7.089029732765521
2.3286745946245295
1.882688263475688
11.135943955564608
.09969822382815254
9.614047876894423
1.5849160648051457
2.206462336302658
19.178121348862053
11.779722316316366
.5558387916996161
14.805718687345003
12.78520029893946
2.0597604610299483
4.712935244680501
15.306027761405296
22.79789833150326
11.016229785880387
7.700461069385156
33.36338113595915
.001772257433191383
1.9417053418753054
26.830732700938896
6.527946365326048
33.59330221503605
35.42017574594006
3.7796354161653296
6.245386935807622
15.234066618290132
.03951933938053898
5.1392889174368035
7.133702828173043
14.234929233228218
2.9825994501474136
5.826114992907587
17.726165591146668
18.900498579616464
16.72371691777075
7.447623871072936
.4373794269594637
13.293536655176137
17.2896691477686
1.508578570887696
1.9122222860350226
30.301410860038693
23.302937435390387
8.450994347919323
.39879289531261014
.0970228910833275
.09879834845134744
3.0025974061448713
6.317997844126826
1.9202105048008555
12.558508113961597
13.22050706842645
7.621437357050112
4.718991160898615
34.99387574421671
7.565411895413243
12.047908484468513
16.76063331258085
8.554746460927307
10.761919708825125
.001201755984611804
22.86206484389667
4.306764274714634
3.2293894688722045
.00013855064176136462
37.25558752010644
3.5402061694008613
1.1736515851888796
.6612337390513454
1.404257749816473
.001772257433191383
17.22872467829218
7.994708571048957
4.308092100029242
11.047145051343124
.03951933938053898
6.740435362586655
.5318985028781036
6.022936342284846
5.311885136676806
.001201755984611804
3.698117214018393
8.90195044182092
2.8838269047016745
6.226465207042499
8.625079962809192
.5927900907080844
.39519339380538976
.1825738758247344
6.116480594302555
.002502455713230545
2.0943270166978247
21.110799754960386
39.77136692640062
10.45577243393855
.1585903014648111
.16144315692475464
25.726577109279592
37.21567549772603
3.6557283602576147
15.326877848305086
45.998379476102905
.20965490426935512
9.413441317378428
9.413441317378428
9.413441317378428
9.413441317378428
9.413441317378428
9.413441317378428
9.413441317378428
9.413441317378428
