.06044648683194671
7.160946720931209
.07272245149549778
.5680025739184403
.0185896922847958
.6529563376330861
.004333122395869353
11.218366088020003
4445875325457261e-24
.6239552934369706
1.610996090432149
.00042250184419355484
19.26634325682448
17.643376360254972
2.4093923028962343
.09235230789790495
11.660846045333042
25.237391155471474
17.943124243358152
.0063536543601134055
60.53358277811184
6.1900880861129535
.25299541063703895
20114727667467237e-22
.33892997675184483
.006838774913160034
2950829282422139e-26
.12923418747492404
.0071178667441478315
12.75621390430475
6.87702987093919
.7280347343062014
9.568510661261975
179.3686925783334
159.36257917566886
10.013012289117036
3.1210460647610185
5.590932445047159
18.699238755655294
30.29786141064481
26.62667105996099
.0002938227401149299
.2983214255353301
.030419854471407166
51.88291913780378
95.08893112888859
14899552146137367e-24
14.015856076423326
5.124262026778771
.38307692422092604
1.1666961313958342
7.307387696481446
30.429832788147646
87.41513100501457
6.5938998161577445
1.7173713432500568
.616395325976438
.005089050241781242
.0019805877098696355
16.26161460299439
.0004219338710490828
20.68946110356752
10.705038248593032
3.3630826483321004
4.81037113052527
.6801244199225265
.3410460562489182
.2730817827381468
.4162628565030752
.023490769928772803
.7382358261405968
.010333962377220188
.002475756131539979
.4479279744027045
.040481137771802476
65.68682508411744
5.793328064674016
.020474856021036058
.050190193808804226
1.0933206920600833
15.719197256822076
2.084820013738973
1.9639353904716725
.053640736036116216
1428798252886428e-20
.6515337352669917
8.459577972031605
.0278947919174428
260017023490674e-21
1.7234805104655824
1.0424550059829107
.3843017376458599
22.77291466364271
.01167407412483908
14776291494499022e-23
1.0351577017807054
.00851275899306631
1.1501240052649413
1.6087744365530579
1.5462654368637803
.05934892203699271
1.5795664692223053
.059482337364062464
.27651850402895484
.00012335052189804625
.0006352948520865553
.0110708541705323
.2584476831380843
.8129643916706042
.22445310387481182
.008627311870971053
.0006930607127809465
.0020714214362468394
.46014880494923377
5264029215962322e-22
.0009325363090110738
7.820136643883985
.004731135693291357
.05505581975976608
.00976822602365926
15829455675618603e-21
89.51570741786576
311.39476020450553
14.355005883180853
26.532559079361622
71.00139899375304
.0003586741710694737
6.847962282144185
2.5845299149585776
.004173017777435178
.00672886929425597
1.52999191638168
.07847163654362004
.0016930296862544764
.0017857476569135154
.319227219582032
.3816866506694234
6.168695868149281
.4066188033656327
2.356870762296862
.001772257433641618
9.984746206082473
27.057213527407153
3.0195930700111275
3.4293626018438754
.6029682451036114
28.25820861322255
4.313259192724406
23.101321497740184
9.539823543806333
1.5799995490661234
13.950903914787748
6.476649716200868
.001772257433641618
1.9759669690273238
7.089029734566461
2.3286745946249723
1.8826882635271018
11.135943956265269
.09969822382815283
9.614047877499328
1.5849160649048666
2.2064623384618676
19.178121350068718
11.77972231930896
.5558387918408249
14.805718691106337
12.785200302187489
2.059760461030696
4.7129352450976265
15.306027765293733
22.797898337294974
11.016229788679018
7.700461071341428
33.36338114443499
.001772257433641618
1.9417053419283308
26.830732702627053
6.527946365463657
33.59330222357029
35.42017575493841
3.7796354171255313
6.245386937394239
15.234066622160288
.0395193393805465
5.1392889187424196
7.133702829985332
14.234929236844547
2.9825994501701607
5.826114993274159
17.72616560849321
18.900498584418063
16.72371691882299
7.4476238712763205
.437379426960836
13.293536658553307
17.289669152160972
1.508578570887983
1.9122222865208152
30.30141086773665
23.302937458194275
8.450994348451049
.3987928953126113
.09702289108363191
.09879834845136624
3.0025974090831653
6.317997850309519
1.9202105048012208
12.558508126251155
13.220507071785068
7.621437357529644
4.718991165516545
34.99387577846117
7.565411895889251
12.047908487529236
16.760633313635413
8.554746463100606
10.761919709502253
.0012017559846874172
22.862064845335123
4.306764275808751
3.229389469075394
.00013855064176137352
37.25558752957107
3.540206169623607
1.173651585487041
.6612337390514712
1.4042577499048272
.001772257433641618
17.22872468266907
7.994708571551975
4.3080921003003025
11.047145052038198
.0395193393805465
6.740435363010755
.5318985030132303
6.022936342663803
5.311885137011024
.0012017559846874172
3.6981172176373125
8.90195045053223
2.8838269048831213
6.226465208624308
8.625079963351872
.5927900907081972
.395193393805465
.18257387582476914
6.116480594321746
.0025024557156794087
2.0943270187473004
21.110799756288653
39.771366965320254
10.455772434596415
.15859030150510034
.16144315695381334
25.726577115815328
37.21567550718053
3.655728361186338
15.32687785219882
45.99837948778861
.20965490426935757
9.413441317635497
9.413441317635497
9.413441317635497
9.413441317635497
9.413441317635497
9.413441317635497
9.413441317635497
9.413441317635497
