.06148832819329108
7.161048643171891
.07205232535965472
.5679436728399895
.018571242742930285
.652693599247708
.004327577691459662
11.209897102422884
4346293783718367e-24
.6229416212392516
1.6070074493266382
.0004150690328715495
19.12351374841251
17.504845652175565
2.37800851483931
.09148679459096085
11.374760853731612
24.67932675989265
17.868180070628355
.0063392262717692025
60.47285441400478
6.176447221528603
.2500501797771693
1978524260828999e-21
.3386571256336487
.0059181703778571
29091306947164127e-27
.12909347004497101
.006745695487974356
12.727030628459655
6.883958422974062
.7275419631513932
9.548706897968694
178.96597810700138
159.72516263533075
9.953567267293346
3.1146961860032722
5.579216352207802
18.487765294705625
30.235744425147104
26.43460305452272
.00029389047588438983
.29800279698100574
.030331795879687685
51.838556957049605
87.05419398120962
13038748209765598e-24
13.44220390825888
5.0842120630108685
.3794775365376154
1.153587472995416
7.351256776416996
30.32324493678879
87.0497239979623
6.624083083458083
1.7043536233702117
.6103720131046647
.005088091917398355
.0021896646704602897
16.26365157195676
.0004241259213616962
20.643696264667543
10.730037337352172
3.2667942899570677
4.7402504711266
.6698629499017525
.3375151995444542
.271470814019034
.4153777038704982
.023479229202089225
.7473154787829139
.01021463926254996
.002447446263366913
.43472931192189473
.040049951908337655
62.720297920574495
5.7937332446028
.020261291297624297
.04982970194195966
1.076202568674331
15.486022428319673
2.081796088156147
1.8503870127648148
.05258222516977722
14046972858201706e-21
.6396466809535688
8.354259102084056
.027735343687768615
26071589210357825e-23
1.7201181640604313
1.043003707876584
.3790177929403966
22.30063137970042
.011456820305348964
14668500819420525e-23
1.0107237227909713
.008356887421089062
1.1472308869520167
1.593089891066823
1.5518098146769244
.055988255342788916
1.5738209427336083
.05883866965001077
.2721021467237627
.0001233013822866146
.0006022239566553115
.010510121631559089
.2547155048109992
.8121852485399058
.21894489478472337
.00827555484317716
.0006612254648066306
.001984270600517226
.43891840145231714
5197831802923916e-22
.0008703774518482756
7.767123919929457
.0044286012343696165
.0542258613005142
.009665511602630465
1516939148477589e-20
89.32937927257244
310.74658783569305
14.325125745950837
26.477331201866726
70.85360862970016
.00035360215219959766
6.804304761016179
2.578842903319708
.004214118731617412
.006795253957901657
1.515263197614338
.07773244870742413
.00169555856388414
.0017885916356686696
.31921391649438685
.38117004656526826
6.165483303713943
.40606845416616005
2.356134231771759
.001768568456029552
9.976844226463742
27.0205922111239
3.017798488262383
3.4222243376043155
.602039635107628
28.19938877308394
4.3067305651736785
23.0700543903467
9.510053142073156
1.5796703615871563
13.921864921223486
6.463168482972146
.001768568456029552
1.9755552830965013
7.0742738241181975
2.328189423271859
1.8807278224266026
11.120871712210207
.09969303047675833
9.60103548478832
1.5827709174588263
2.199576753008059
19.15216420385453
11.755202669348742
.5546818059424471
14.774900389123081
12.758587736323603
2.0592296680450164
4.70584158124081
15.274168063263986
22.750444206212208
10.993299358658868
7.684432458367073
33.293934819218144
.001768568456029552
1.93968344641269
26.794417922931835
6.521683808158873
33.52337731454425
35.34644818416055
3.771768055324206
6.232387080740572
15.20235670821489
.03951110566193006
5.128591419946083
7.118853931889938
14.20529904076397
2.9805310468419064
5.818229480612068
17.670848540108203
18.861156943180575
16.701081752563336
7.439868669195783
.43715164630478875
13.265865983747439
17.2536804739861
1.508264263724498
1.908241970190713
30.238338074708267
23.230217265152135
8.439556121945238
.3987721219070333
.09697236301481946
.09877776415482512
2.9932273687778146
6.2982816225104035
1.919810435538204
12.519317481857048
13.1929884090433
7.611121917333988
4.704264869780819
34.88467231831939
7.555172284867525
12.0228306044638
16.737948181884335
8.536939643628317
10.74735369866387
.0012001294355985413
22.83112156631856
4.297799688219882
3.225018564694238
.0001385304741209071
37.17803952457354
3.535414581986012
1.1712086139745272
.6610959732731866
1.4023571193335977
.001768568456029552
17.192862861224643
7.9838879173521375
4.302261196714364
11.03219299525793
.03951110566193006
6.731312338754559
.5307913491470589
6.014784436831549
5.304695622633805
.0012001294355985413
3.686576706985319
8.874170624217388
2.879923711485808
6.213504737802795
8.613406115969683
.5926665849289504
.39511105661930046
.18253583718485716
6.113295222819123
.002494646440001178
2.08779136780759
21.082226774296835
39.64725465164922
10.441620787054246
.1582601936660033
.16114068396807896
25.673026900584848
37.13821057959278
3.6481189135834016
15.294974750433603
45.902633244099235
.20963760214370097
9.403639112133002
9.403639112133002
9.403639112133002
9.403639112133002
9.403639112133002
9.403639112133002
9.403639112133002
9.403639112133002
