.06526278127440356
7.161425631532165
.06966775824048872
.5676255199694261
.01850294735124137
.6517376652930177
.004307381083674088
11.196065529427132
4006821629569997e-24
.6192955052509873
1.5926452926810495
.0003899553142114026
18.625491479648055
17.02200416553438
2.269684480787741
.08849280837367511
10.392699615181325
22.721684707460987
17.589970575558475
.0062871171022907705
60.24911028833317
6.127314301553697
.23999603584667517
18636874910343867e-22
.3376059842929652
.003569105997389765
27603601631193345e-27
.12857259913843083
.005444759063888129
12.62192781622984
6.9066696126929
.7254996394002604
9.476674199042849
177.53380645473027
160.94533920083242
9.744268964347613
3.096377421641027
5.536735765839606
17.759456732953552
30.00739681975236
25.793027908240063
.0002940712408038556
.2968513568048695
.030008787999280122
51.67115392674975
69.64781513449485
9439317551613937e-24
11.302970820617288
4.9435104684261395
.36635426766200574
1.1054461706250445
7.498736632129347
29.933840895518717
85.72906920869731
6.7270478268130125
1.6582971071634247
.5896275359138017
.006094058741213438
.003177122039245692
16.254928945158714
.0004317403012524209
20.478876734860826
10.813266797587303
2.9424409766782733
4.49600865756981
.6341913358642536
.32541557291781253
.26572558057528745
.41225050049799594
.023425079585848975
.7793998944962662
.009812270882730708
.0023515650005057846
.390385294801343
.03857373785706503
51.92209119930263
5.7907424943496055
.019530682689299906
.048586262419135946
1.016946758207053
14.674759240458792
2.07077156539846
1.4606278157112853
.048982300707591055
13203882721308931e-21
.5989772436598964
7.980764777817522
.02711713315085036
26207974957308806e-23
1.7080514338034074
1.0444377694416265
.360090234391453
20.651155991940406
.010716067476133434
1424858097321277e-22
.9295944835516267
.007820527672007185
1.136788250165485
1.5394596427449936
1.5703135166835218
.044379845199986605
1.5531846410021424
.056567594996801925
.25685438701433466
.00012311122047855443
.00048654843808762374
.008535664471953832
.24174920355953974
.809262076704803
.20038156987828493
.006966806430070014
.0005460663049716694
.001661351102774518
.3618736363782008
4970802671354919e-22
.0006651591705136806
7.571533264701512
.0034190487192805796
.051333272237462736
.0093027693814145
12724006114269322e-21
88.65757904562035
308.4096228871781
14.217393857454422
26.278208838593336
70.3207551525416
.00033599435992767306
6.651707760306529
2.5557081445906484
.004350941625833566
.007016209274819989
1.464656728416925
.07518746249957715
.0017021622316551294
.0017961435513727194
.31916572581432184
.379304306716098
6.15385861265374
.4040808423292498
2.3534678062683727
.001755267964077004
9.948268734468531
26.88833261703787
3.01130588320254
3.3964875519532214
.5986873640251519
27.987315702253987
4.283160855072041
22.957131771724242
9.402974784335592
1.5784783332366217
13.817165749575423
6.414562323508735
.001755267964077004
1.9740645177047054
7.021071856308006
2.326432558127433
1.8736424835638903
11.066437598884807
.09967421791868972
9.55404062079341
1.5750236172724117
2.174810638359568
19.05841875802274
11.666797847940106
.5505103299269102
14.66378597731999
12.662636972905705
2.0573078206224236
4.680231470124594
15.159298916573794
22.57934983943777
10.910624419414477
7.626641801904805
33.04354829297317
.001755267964077004
1.9323760017413518
26.663265400049692
6.49904566226607
33.27126526953169
35.08062576262985
3.7434025315042567
6.185516509273607
15.088027617719113
.03948129035409413
5.090021926819401
7.065316700062887
14.098468307166371
2.973049500471818
5.789750583355024
17.471883780055187
18.719311901625492
16.619333792484127
7.4118401634296935
.43632742011124914
13.16610024204891
17.123924434566923
1.5071261188265639
1.8938910657168113
30.010931116922762
22.968656842988494
8.39824643271884
.39869687167475887
.09678952677864863
.09870322588523534
2.959525152166017
6.227366177282926
1.9183617355293525
12.378356339377017
13.093770742027756
7.573867223304319
4.651297241830336
34.4918886644055
7.5181914514409645
11.93241309127321
16.656019769099302
8.472737719952503
10.69474787024316
.0011942550775991775
22.719368469003136
4.265478151571443
3.209232839386901
.00013845743401408274
36.898442648454754
3.51810953945083
1.1624005575536327
.6605971064451893
1.3954929032602597
.001755267964077004
17.0635641997296
7.944808619351311
4.28120261609246
10.978192943888557
.03948129035409413
6.698364110579773
.5267995409454913
5.985343448199081
5.278730355687855
.0011942550775991775
3.6450677297419505
8.774251979964998
2.865827146240172
6.166776170706333
8.571245470944026
.5922193553114116
.39481290354094134
.18239809459108314
6.101768929611536
.002466557990868395
2.0642838996973993
20.979034115386487
39.20084674482904
10.390511451029871
.15707000030646043
.16004960227333054
25.47995329547523
36.85891323644394
3.620683291237753
15.179949127371623
45.55742319470452
.2095749307933804
9.36821241781944
9.36821241781944
9.36821241781944
9.36821241781944
9.36821241781944
9.36821241781944
9.36821241781944
9.36821241781944
