.06632576823791936
7.161533663519648
.06901067462944913
.5675085440795623
.01848333087907086
.6514673755835781
.004301664993277807
11.195847494923827
391714075092092e-23
.6182762601379738
1.588625330587287
.00038336088697920326
18.490489600497057
16.891251693318686
2.2407752194732766
.08769050124144628
10.131771928639166
22.189111864948377
17.509589077379772
.006272486582600012
60.18501077480383
6.113557959804106
.23733156579634762
18326785248847652e-22
.3372937499089196
.003110675635141177
2719376485507928e-26
.12842290549249216
.005098024335749988
12.592505948001735
6.912407945910871
.7248570387219648
9.456321398781306
177.13783962130964
161.2640526467175
9.687014734793726
3.0922374827954036
5.524768951506285
17.564543117163897
29.942256518159795
25.625190246757715
.00029410445874421303
.2965279014931472
.029916692453425837
51.62295954315999
66.96049750742488
8920742488499938e-24
10.699131322929532
4.905345477070926
.3626720206681509
1.0917906731822258
7.537182925467918
29.823193543291474
85.35792913976805
6.754343311183118
1.6457711547806528
.5840911692615467
.006668597475431517
.003537165975176043
16.249045218685477
.0004337967730484995
20.432734425223817
10.834691983407998
2.8578353220961725
4.430123382165649
.6245964021406368
.3222015083379436
.26415265398405224
.4114069351942867
.023407333635103913
.7882064833035871
.009707011269737944
.0023263715954942956
.3788482756476613
.038181906999643925
48.939433884323
5.788748054588402
.019336923749454546
.048254224610950296
1.0010625282404717
14.456166912350113
2.067649107450341
1.358725716621787
.04803386454634977
129753134307593e-19
.5882002388904666
7.877859243311305
.02693467588939242
26217722831434614e-23
1.7047196751325142
1.0446986220336347
.35486766509570705
20.205380990240947
.010520428717268276
14124475071570582e-23
.9087088675414282
.007677592246813793
1.133860217274521
1.5252134749306603
1.5751013785356776
.04132765631938831
1.5474241144606686
.055946900008875255
.252777809474036
.0001230542749343287
.0004556962674978312
.008005789123166135
.23826196205327319
.8084110978078125
.195542463293496
.006598045764865577
.000514436231929425
.0015707938918869246
.3406677132664225
4910377872557451e-22
.0006134444710296749
7.515457569490782
.0031619650672264775
.05055323372632999
.00920399992245644
12037695433318594e-21
88.46929555580638
307.7546485385155
14.187200155343925
26.222401394723878
70.17141386295302
.00033126286391199384
6.610558448916259
2.5486985154292476
.0043863729202789385
.007073416109714356
1.4512080549342374
.07450985314372825
.0017034386779695295
.0017976405315474789
.31915215534259894
.3787805145145035
6.150588745946507
.403522835498644
2.352717414244131
.0017515402739980205
9.940235892245335
26.851201746944103
3.0094799141095656
3.3892743781188406
.5977466479728324
27.927878601357808
4.27654630379032
22.92542960968682
9.373036825150784
1.578142788527767
13.787822018168892
6.400939616991135
.0017515402739980205
1.9736448813435932
7.006161095992072
2.3259380172021955
1.8716518842051582
11.051155637643944
.09966892043975743
9.540847171939074
1.5728486219627174
2.1678862986033494
19.032100440662724
11.642020886540857
.549341202513179
14.63264426526992
12.63574513235275
2.0567669007433036
4.673044163576521
15.127104875930334
22.53139772038304
10.887453355374033
7.6104449832066
32.97337319169688
.0017515402739980205
1.9303230025893583
26.62644533173435
6.492684348221344
33.20060656214413
35.00612448801184
3.7354526088919173
6.172380230940667
15.055984937049796
.039472897626871895
5.0792121674967605
7.050311976278988
14.068527169110492
2.970945888081415
5.781755350632796
17.41625536931432
18.679557405623065
16.596383677544583
7.40396565993942
.4360955765486524
13.1381391886624
17.08755808792676
1.5068057418000942
1.8898689795847599
29.947196432261983
22.89552735717505
8.386649053225286
.39867568175902973
.09673809744444659
.09868224406717972
2.9501023742426344
6.207538980175589
1.9179539401757688
12.338945117358149
13.065963295933786
7.563408252717286
4.636488061738276
34.382070571862904
7.5078093651249596
11.907072038619711
16.633018993441915
8.45474403409548
10.679979186014524
.0011926058964923855
22.68799464113326
4.2564194887842515
3.204801117667406
.0001384368709168469
36.82008084763255
3.513251281032745
1.1599319492756504
.6604566801503933
1.3935658270653266
.0017515402739980205
17.027326041065958
7.933837405146006
4.275290580547255
10.963032842224031
.039472897626871895
6.689114147364385
.5256807685058494
5.977078115677091
5.271440805462159
.0011926058964923855
3.6334622653626707
8.746315799800929
2.861869643296653
6.153679691524054
8.559409192114234
.5920934644030779
.3947289762687189
.1823593213534298
6.098526740875328
.002458704762060359
2.057711463999927
20.95006356516585
39.07603588690654
10.37616289560284
.1567364282856458
.159743659902331
25.42584111941073
36.78063538485342
3.612993989398882
15.147711231551918
45.46067218121681
.2095572842459874
9.358259421025778
9.358259421025778
9.358259421025778
9.358259421025778
9.358259421025778
9.358259421025778
9.358259421025778
9.358259421025778
