.06951472912846675
7.161861018315053
.06708380658006782
.567092525169705
.018423566916236037
.6506540393146675
.004284449217803809
11.202313653916386
36631460739912347e-25
.615239199763988
1.576630381590509
.00036473928206894
18.098922711464628
16.512369704870622
2.1583393624324647
.0853851474351486
9.390982183524423
20.6417928960151
17.262555255657208
.0062287095225292055
59.98972612256654
6.072501202138832
.22973213467215525
17432616892942228e-22
.3363190770864737
.0020848940865056623
25995544503653473e-27
.12796669195308466
.00413042767241836
12.504714510345044
6.927970889527613
.7227683317570495
9.395128971216778
175.96864975455418
162.15930009337342
9.5196636668664
3.0817782396357365
5.48887860500687
17.005182829122514
29.744934284539312
25.149647568869554
.0002941594969037787
.29555969429582285
.02963781249103843
51.47687188785254
62.55559625326676
8050378245060335e-24
8.94296666287973
4.795126598721118
.3517648766112413
1.050893673384689
7.644900525435772
29.48843169902257
84.24620230973018
6.832075200456957
1.6096440582879554
.568233016416807
.00944717062708699
.004914957810206666
16.22537816774949
.00043975029227108736
20.295026984653983
10.893917694626792
2.62112935156806
4.24034724295117
.5970479283835372
.3130285142596505
.2595959686615581
.40898142385317066
.023350261041037077
.81403168556365
.009410106622985547
.0022550444663177096
.3466381388510239
.03706417041851788
40.40373227148497
5.780152453877219
.01878462402413044
.047302411898932126
.9555529928888009
13.827137358757144
2.058242438520249
1.0791228843867764
.04535443368553577
12313680383545933e-21
.5576115404015968
7.575148745914339
.026374425641276955
2618579643041521e-22
1.6949769829054921
1.0451459057911276
.33960629678269916
18.92208676129917
.009966635864211768
13743938820915334e-23
.8507667790785957
.00727003578806008
1.1251167128426554
1.4845872769823083
1.5884374201627431
.03291935171337192
1.5302795416029713
.05413883750933406
.2411237308358134
.00012287464087963338
.0003695463455535793
.00651930537072243
.22824637145860374
.8057876741236162
.18200578830646558
.0055261236564739915
.0004242470393805634
.0013087299535116381
.2801840234091585
4737556331705655e-22
.00047534472439292384
7.344530834461815
.002469885336507249
.048309378759362906
.00891825736446986
10048934825650652e-21
87.90684086373649
305.79805958876375
14.097003243018852
26.055689174295956
69.7252902589564
.0003176846665080312
6.4919188022727425
2.5267828761292153
.004485181622493754
.007232931074507472
1.4128255319588081
.07257318714706272
.0017059908647004398
.0018007511189675623
.3191114473893147
.3772134738399579
6.1407895668403505
.401853434164352
2.350467673419891
.0017404046360428368
9.916176261902708
26.740116504473743
3.004008647436962
3.3677266392710417
.5949333594154883
27.750323594728602
4.256763876701493
22.83058555276415
9.283793653052282
1.5771365823106385
13.700164202665526
6.360244836970402
.0017404046360428368
1.9723865074090874
6.961618544171337
2.324455025098707
1.8656927662954381
11.005436257366114
.09965302969220113
9.501376040201437
1.5663416405550872
2.1472452775932633
18.95336335052813
11.568005272064987
.5458486966108803
14.53961538589788
12.555411790792364
2.055144994288036
4.651548400407583
15.030932400932683
22.388151520816223
10.81823499903978
7.562060620443767
32.763740817566095
.0017404046360428368
1.9241770827880595
26.516289921794975
6.473637740746998
32.98952952323332
34.783568641423855
3.711703998329616
6.1331385460112084
14.96026461602344
.03944773014818178
5.046920436250579
7.005488729674598
13.979084735246106
2.9646439772991244
5.7578358366727755
17.25043057802954
18.56079976612141
16.527723312830698
7.3803923102479345
.4354007847427754
13.054611813596221
16.97892178465125
1.505845019287261
1.8778538994568268
29.756803358124305
22.677532962579306
8.35195291737366
.39861211876880454
.09658397334634758
.09861932537045442
2.9220136663026115
6.1484353534801865
1.9167310741633898
12.2214627449783
12.98289478819852
7.53211791988326
4.592342827942108
34.05470974971033
7.476749048659197
11.831371328052718
16.56420706594184
8.400991933749804
10.635795387887432
.0011876720050251809
22.59413286877652
4.229358765650379
3.191542638118501
.0001383751999469767
36.58599254496171
3.4987167222412654
1.1525575357771238
.6600355803471674
1.3878005507377755
.0017404046360428368
16.919072670616547
7.9010145817887105
4.257603413498003
10.917678031926666
.03944773014818178
6.6614408285321485
.5223386867935506
5.952350538192785
5.2496324973811435
.0011876720050251809
3.5988671064712543
8.663039804975533
2.8500298945122116
6.1145568976298765
8.523998335852754
.5917159522227261
.3944773014818177
.18224305108673972
6.088810507472971
.002435294781249105
2.038119446840872
20.863391731523585
38.703982574769206
10.33323600607168
.15573995669678894
.15882933726971596
25.264193131285683
36.546797861681625
3.5900239249376376
15.051407749052368
45.17165023058029
.20950435351851449
9.328463831477178
9.328463831477178
9.328463831477178
9.328463831477178
9.328463831477178
9.328463831477178
9.328463831477178
9.328463831477178
