.07164070305549834
7.162080828037573
.06584006757201256
.5667654175673988
.01838302177774463
.6501100077113252
.004272919903815663
11.21097649423124
35059522621094222e-25
.613232152420894
1.5686875521501773
.00035323068737658334
17.848781137964952
16.270610836654082
2.1069378930914953
.08392762397515664
8.932162537252196
19.652556832679117
17.092568871598008
.006199617679398565
59.85696425166037
6.045306385041865
.2249652440117459
16867028234398935e-22
.33564044645531943
.0016124342819597982
25226680261724805e-27
.12765715507709433
.0035596037471041938
12.446585431906135
6.937025306329618
.7212518806182587
9.354247895868163
175.20429209375882
162.70832157716984
9.41172228060575
3.075997540183097
5.464971306930347
16.652421770763443
29.611982281734946
24.85240264009614
.00029416029722923305
.2949160176304909
.029450073260558964
51.37893781185313
60.735976187913444
767620971042326e-23
7.859748860299767
4.725373872472743
.34466875614577624
1.023893828739405
7.7106854371486095
29.26274066908226
83.5061747916869
6.880634452328981
1.5868833170212935
.5582437954118732
.01226918480278279
.006156450532058481
16.206209733320595
.0004435492685485452
20.20381749213193
10.929374678071918
2.4770593100951417
4.120506396651402
.5797336314230156
.30727455725477787
.25671275385592474
.40744902707138236
.02331047586911545
.830761937495237
.009226382513881881
.0022107022382529965
.3270836590667178
.03636339328893444
35.231019422326895
5.772500017381919
.018438681783958234
.046701879621693254
.9270044639393888
13.430384776914824
2.0519432827880317
.9176048932210713
.04370183419683241
11892970301626988e-21
.5386388041418595
7.378336692549997
.025995570989463854
26122301053234445e-23
1.6887495346178985
1.045188458973567
.3298318857984924
18.113835879694044
.009624262628780772
13487491828610885e-23
.8157886429965986
.007015842534807158
1.1193257304908235
1.459165569119265
1.5965262878751256
.028040858031957626
1.5189653180023894
.05298096674259244
.23383269759095945
.00012274764179725527
.0003186833509560604
.005637100212718565
.2219467398965399
.8039817343231358
.17376418392966275
.00486490513006126
.0003697835790838223
.0011479651718958735
.24368653789245626
4628856655068446e-22
.00039797396708162505
7.2282319451407275
.0020784666489762163
.04689617639000284
.008737248597587425
8826481654815006e-21
87.5338590727057
304.50058254558394
14.037190770336567
25.945136940598523
69.42945135284397
.0003091536546697931
6.416666135066212
2.511612549127598
.00454514839718807
.00732973337549862
1.3887812708937868
.07135809925816763
.001706750780289428
.0018018081018499226
.31908431163845036
.37617238335520203
6.1342654557222165
.4007443386108021
2.348969041481563
.0017330202364683395
9.900168869612095
26.66631510875296
3.0003666634506687
3.35343764081227
.593065193514413
27.63258116087081
4.243626456723476
22.767574268627275
9.2247707655043
1.5764661346055036
13.642035486725806
6.333258819871178
.0017330202364683395
1.971548037220542
6.9320809458733486
2.3234668890331647
1.8617305653798744
10.975061798968607
.09964243726804779
9.475152713428814
1.5620186152896887
2.1335938952711606
18.90105300742854
11.518923138267041
.5435327036518189
14.47792494480994
12.502140169029527
2.054064433929126
4.637272852742646
14.96715734050874
22.2931603600595
10.772334081362752
7.529975393783551
32.624726849927924
.0017330202364683395
1.9200906778146043
26.44310627634459
6.4609710537547995
32.84955755192893
34.6359847036683
3.6959555310718843
6.107116122988669
14.89678939343606
.03943096074441087
5.025506750978683
6.97576499364033
13.91977258149
2.960450131577199
5.741944495249246
17.140758792743082
18.482047756929507
16.48210761596679
7.3647184556363054
.4349382052862306
12.999222125517287
16.906881558944267
1.5052048779394576
1.8698863135006978
29.630547588916667
22.53335769027821
8.328901941429208
.39856974907219117
.09648136038957975
.09857740186102715
2.903436596358457
6.109345901255535
1.9159162633445632
12.143763256145782
12.92780938980077
7.51132964788273
4.563146429955999
33.83820264290108
7.456113591997939
11.781171752855519
16.518490675728284
8.365347187708453
10.606441119962108
.001184394089178603
22.531774182323623
4.211413930051415
3.1827341386807326
.0001383341012307266
36.430761064772234
3.48906043756166
1.147667325075245
.6597549963158827
1.3839702900278275
.0017330202364683395
16.847286379979067
7.879208173291999
4.245852639177737
10.88754578188013
.03943096074441087
6.6430555821337345
.5201224449514972
5.935922345837509
5.235143771976261
.001184394089178603
3.5759868555238894
8.607963438207658
2.8421639533138716
6.088613315075557
8.500472523083678
.5914644111661626
.3943096074441086
.1821655787633225
6.082341620061078
.0024198120879244207
2.0251618457334093
20.8058098047957
38.45791713034621
10.304716787038632
.15507916434646588
.15822269808641332
25.156999152859573
36.391732681441326
3.5747917366322666
14.987545813341601
44.9799904821321
.20946907379453672
9.308652826899358
9.308652826899358
9.308652826899358
9.308652826899358
9.308652826899358
9.308652826899358
9.308652826899358
9.308652826899358
