.07376667698252994
7.162300700899493
.06463186430754539
.5664022800049496
.018341966143850058
.6495647905630174
.00426135198452308
11.222027390252949
33580333294604785e-25
.6112396532121641
1.5607874763565905
.00034239385945659696
17.607096103015017
16.037251066912578
2.0582582781523273
.08252992062813745
8.501137600032852
18.697028105550622
16.91795134559944
.006170597632218759
59.72206205704454
6.018252093366791
.2204163095247415
1632595774209075e-21
.33494106997280854
.0012562340243536662
24484459583009014e-27
.12734392705582037
.0030568880608350503
12.38877852233215
6.94508083461148
.7196447915519463
9.31331839955982
174.4515709715937
163.22159327743836
9.30664239794704
3.070865668211322
5.441088385620488
16.31492640770683
29.47805082000219
24.56856642128714
.0002941335353816403
.2942737729436417
.029261352240895832
51.28077400565308
59.312641606801925
73747137898543085e-25
6.877581029185605
4.65855633727629
.33775647725993546
.9972890211160742
7.771938629048185
29.034871603644834
82.76675971571663
6.926754588259651
1.5651861889348953
.5486892559981599
.016158078753767513
.007749062766209024
16.185206862906433
.00044722122100266157
20.113080842868
10.961797397741854
2.343444162829053
4.006030220182819
.5632653434730508
.30178717484170675
.25395678013907025
.4059850319153656
.023270171728593598
.8471150714522813
.009052817512913562
.0021686601374245867
.3089834931791403
.03569524667584834
30.59536713530319
5.7635525045678895
.018109098472789423
.046126465845784344
.8998746802076772
13.051740210762482
2.045626106159618
.7775593748041696
.042151242450101274
1148863375419511e-20
.5207612156685238
7.185507010070234
.02561647608035299
26032417828709986e-23
1.6827753571965494
1.045045688379925
.32041759227376476
17.34496644001762
.009302449811091679
1323196397278656e-22
.7834810037155898
.0067753156692635244
1.1135689074606827
1.4349882780902334
1.6040228055363315
.02379879710738338
1.507744717577094
.05186271940039318
.22691816170244583
.00012261492292268958
.00027386292550257935
.004856961584914824
.21594957638052897
.8021318815794982
.16610809304236462
.0042651339425272515
.0003210754218257663
.0010027357787624307
.21108730827134678
4524979552691501e-22
.00033226410350267846
7.109897012161478
.0017438399511284853
.04555031624987533
.008563914013869208
7720300980119448e-21
87.16245981403203
303.2086105952876
13.977632077264058
25.835053771319753
69.13486766790503
.00030103996824067743
6.34435050052719
2.4961492472768523
.004600726358876152
.007419459324276781
1.3658901310148213
.0702002048033557
.0017068653859422188
.0018021704004270657
.31905717819508383
.37513416622858514
6.127748275964513
.39963830410601064
2.3474713650542207
.00172566716831952
9.884187317585019
26.592717401226594
2.9967290949134955
3.3392092694483217
.59120289389032
27.515338298884544
4.230529582054166
22.70473689251162
9.166123123425523
1.5757959719106394
13.584153406348644
6.306387302316642
.00172566716831952
1.9707099234693648
6.902668673278071
2.322479173028614
1.8577767790524007
10.944771172570842
.09963184596979548
9.44900176173839
1.557707521359763
2.120029303337967
18.848887038283276
11.470049256096283
.5412265372684371
14.416496251403782
12.449094574561277
2.052984441710512
4.623041116567061
14.903652872642201
22.198572239314796
10.726627917663516
7.498026302212492
32.48630270760342
.00172566716831952
1.9160129512033406
26.370124614128496
6.448329151121256
32.71017947067229
34.489026952934495
3.6802738833201185
6.081204111057058
14.833583491217766
.039414198469387325
5.004183922286501
6.946167373076524
13.860712084529878
2.9562622185548
5.726097013140432
17.03178425969619
18.403629886308803
16.4366178161654
7.349077887835
.43447611728436575
12.944067451521468
16.83514699423989
1.5045650087185591
1.8619525333841225
29.504827512991792
22.390099030497275
8.305914585035904
.3985273838791819
.09637885645109429
.0985354961734683
2.8849776324849694
6.070504965165056
1.915101798905403
12.066557751636216
12.872957714408985
7.490598750482603
4.534135651761071
33.62307200739402
7.435535088174323
11.731185170501332
16.472900460485903
8.329853679516587
10.57716786836139
.0011811252202173002
22.469587602754686
4.193545232976266
3.1739499502648423
.00013829301472117594
36.276188219524606
3.4794308037491812
1.1427978631521407
.659474531562105
1.3801506006476023
.00172566716831952
16.775804672917687
7.8574619494019595
4.234134296412197
10.857496695350296
.039414198469387325
6.624721078104162
.5179156064489919
5.919539494478913
5.220695034735399
.0011811252202173002
3.553252068664424
8.553237226404216
2.834319721723384
6.062779809098273
8.477011640391849
.5912129770408094
.3941419846938732
.18208813937373103
6.075879605338724
.002404427827779857
2.0122866242130755
20.74838680133168
38.21341607809351
10.276276279636633
.15442117568603028
.15761837592534517
25.050259990039557
36.2373254305453
3.559624177301938
14.923954838793238
44.789143930898305
.2094338000115282
9.28888389526199
9.28888389526199
9.28888389526199
9.28888389526199
9.28888389526199
9.28888389526199
9.28888389526199
9.28888389526199
