.07543650664525868
7.162472765591972
.06370918049010156
.5660937563248346
.018309388375245213
.6491358768609645
.004252240491548045
11.231872386998248
32481042478075703e-25
.6096851029871405
1.554612240933021
.00033432574936495985
17.423047933159303
15.859699125772858
2.021823290794425
.0814717923808845
8.181734231442992
17.969927937711542
16.77731340807703
.006147852943839018
59.61455460692242
5.997100756788283
.21698502429492827
15918120099392405e-22
.3343783816227128
.0010376317061604565
23921293171216357e-27
.12709568352292497
.0027119835811628456
12.343602349633104
6.950740718674466
.7183233032305638
9.281147065896743
173.86826451313595
163.6009551631113
9.226089313678429
3.0671487742612165
5.42235111872558
16.060091159056565
29.372241244127217
24.353919952908697
.0002940938050086027
.29377032878265646
.029112741010778792
51.203573795508035
58.34501652077285
7166351612842913e-24
6.1887492763319765
4.608027499445024
.3324761283342723
.9767594755792035
7.817025024078286
28.85426813443031
82.1862479448893
6.961356274468913
1.5488516206310514
.5414709681003378
.020204154685428695
.009315992433549516
16.16763133333951
.0004500210738382925
20.042142069125315
10.985244702739662
2.2454922268558564
3.919867252680193
.5509220737341752
.29765133624765316
.2518773351678331
.404881462586498
.02323840955131668
.8597029558850353
.008922975036902984
.002137108817568611
.29573681610092417
.035191726958072586
27.372818611425227
5.7557441509378275
.017860889633077793
.04569085828284467
.8795476067819904
12.766973268176928
2.0406541238008535
.6827083855728069
.041002038414132295
11182498696253473e-21
.5074627079402529
7.036832795093918
.025320408482380336
2594703949786731e-22
1.6782807397664135
1.0448128930934428
.3132914358358928
16.769113877668396
.009063577230247775
13033360901551615e-23
.7598490763555696
.006595747949944436
1.109073215018514
1.4168250344800564
1.6095212214402872
.020919398029824555
1.4989979393246922
.05101288315940127
.22174651006171178
.00012250670617392195
.00024309775181503978
.004320009077755618
.21145019914529348
.8006490663062088
.16048057628437123
.0038443075211058247
.00028726360294800007
.0009011734276726264
.1884911206210947
44465632490348856e-23
.00028847364256155954
7.015406231103768
.0015196557222269373
.04454070532726886
.008432971784811233
6945572189552024e-21
86.87185242480228
302.19768613417125
13.931029409392426
25.74891740546785
68.90436587343319
.00029495819276131885
6.289496610895424
2.483857546903021
.004641455157816642
.0074852279580578255
1.3486749747472067
.06932890379603131
.001706547445098831
.0018020177185733052
.31903586806116735
.3743207162502938
6.122634263224996
.39877171876384454
2.346295696358411
.001719913640579082
9.87165282354983
26.53505311111351
2.9938750875796587
3.328076048908693
.5897442664752552
27.423599715050717
4.220271091922953
22.65550339315324
9.120320349311843
1.5752697976064107
13.538862631343692
6.285361246451444
.001719913640579082
1.970051883379593
6.879654562316319
2.3217036736081704
1.8546771968841347
10.921038266655506
.0996235279064564
9.428512318307432
1.55432975078191
2.1094355962725437
18.808014656793066
11.431807092259207
.539422039881454
14.368430371363228
12.407588186601297
2.05213656840857
4.611893542413797
14.853962769121193
22.12456022615157
10.690864386654386
7.473027215992221
32.37799048654258
.001719913640579082
1.9128162056929647
26.31294299958627
6.438417013892068
32.601120824582104
34.37403747120978
3.668003523039282
6.060928835968928
14.784127005243166
.03940103766759189
4.987499528248242
6.923008233582876
13.814499238307494
2.9529770093188588
5.713680406202543
16.946677071335813
18.342270548297673
16.400976257466116
7.336816419702133
.4341135181208976
12.900910779989639
16.779017117619453
1.504062619157511
1.8557446181216235
29.4064557952647
22.27821654381587
8.287903839422375
.3984941116258256
.09629842189707641
.09850259416897972
2.870561507254661
6.04017087910365
1.9144623269340764
12.00626161426322
12.83003812906191
7.47435595539884
4.511478745644716
33.45505877525372
7.4194116944646336
11.692072356312243
16.43718022562515
8.302081206876014
10.554232082321416
.0011785640397884304
22.42086400679052
4.179563580388991
3.1670674806031283
.00013826075219899707
36.15524018326937
3.4718859220333123
1.1389876734886486
.659254326307753
1.3771578487811904
.001719913640579082
16.71987264887171
7.840423639305004
4.224952897431331
10.833953037517357
.03940103766759189
6.610355873059399
.5161888297775601
5.906703422196592
5.209374353643175
.0011785640397884304
3.535496601093399
8.51049702017455
2.828173714444747
6.0425659622706815
8.458629883794796
.5910155650138779
.39401037667591887
.1820273382917692
6.0708088804482525
.0023924129919342648
2.0022313032818895
20.70339549871906
38.02246506847158
10.25399295417837
.1539063217591947
.1571453346759582
24.96674019641781
36.11650696628318
3.5477560738659872
14.87419704671236
44.63981294355163
.20940609865843832
9.27338598442066
9.27338598442066
9.27338598442066
9.27338598442066
9.27338598442066
9.27338598442066
9.27338598442066
9.27338598442066
