.08582783062172147
7.163502640882077
.05854113299114535
.5637919537304914
.018101223220535416
.6464617989640035
.004195088909673452
11.300462963838042
2675929487249785e-24
.6002299729845998
1.5167659157540616
.00029176429234240166
16.385258592559584
14.86155806992942
1.823719333214717
.07556008284657165
6.537979060967755
13.890554460650096
15.820008145809268
.006007203327717777
58.91230112694686
5.867412763617498
.19795554102318544
13711447544569876e-22
.3306607618249117
.00034384368636359317
2083870896413697e-26
.1255238773574267
.0014268239217089618
12.067074725193308
6.974293987341232
.7091027388346941
9.080881904330464
170.38356989164126
165.54359793558632
8.762761608339106
3.0459184294733737
5.3063306176155525
14.657581285543074
28.704480854137472
23.148001608236882
.0002935034629942138
.29065711389331045
.02819610829488405
50.7225817093665
54.482464663313955
6260402242094041e-24
3.5248267068636143
4.322799178112026
.30326451413347466
.8588762064437035
8.044381798619122
27.692978950082686
78.56930877472037
7.148183284658855
1.4571797885774622
.5013380584518428
.09109152210571135
.031329781934089654
16.028546708484512
.0004659871357231018
19.607111821032497
11.096520883274666
1.7552204391155488
3.4564581296399797
.4855726450861229
.2747833626640663
.24009556192848105
.39874752824624626
.023035972970874067
.9333853530940334
.008216635157382477
.0019638966460592128
.22974556711634
.032407175207269885
15.08681450436095
5.696857354176503
.01649087939546845
.043242082572067235
.7716930975487281
11.238952244808015
2.009624161829586
.338710762741869
.03508275615961
9498837926853027e-21
.4382567484986544
6.165989206591792
.02357542309180829
2527533353766695e-22
1.6551247851161337
1.0413318053899758
.27464312145032804
13.720613131573339
.007828146223891627
1189029989694254e-22
.6421817626182471
.005651380718237896
1.0816982724665474
1.3181956202755458
1.63710238127942
.01043273386383466
1.4459181457632975
.04631195569367254
.19443920302495712
.00012175582671575158
.00012837295084273633
.002308188889065915
.18752778937440936
.7908714517325218
.13192881654159858
.0022165995083832657
.00015866399318290627
.0005107445012420588
.10303440758739471
40122113469702185e-23
.00013435153236449608
6.389389243396074
.0007222748368892777
.03918901860936157
.007700120986039969
395575313107951e-20
85.08505676092247
295.982030543237
13.644493526395904
25.219309106743996
67.48712865874836
.0002627324608773537
5.979944697568451
2.4058325370232887
.004842696249921176
.007810902258384272
1.2548270345263397
.06457903243601093
.0016977350757923539
.0017938399613225682
.31890328741423984
.36929812283521307
6.090905622132704
.3934210445376163
2.338992749747374
.0016845381518625889
9.794007313092436
26.17900874263784
2.976175630116983
3.259623590635171
.5807477836114815
26.859546253646243
4.156989372293658
22.3515143879556
8.840389671979148
1.5719993694279233
13.260392904172981
6.156082821880044
.0016845381518625889
1.9659618454684513
6.738152607450347
2.3168835690598555
1.8355044329523191
10.774500999273085
.09957178033305775
9.302001596810857
1.5334739284022552
2.0446905311171486
18.55565082421591
11.196675657017392
.5283271117205091
14.072897947825531
12.152386712795774
2.046868130166795
4.543123945629701
14.548443829136898
21.66949834852493
10.470972792357642
7.319320667174824
31.712034237289405
.0016845381518625889
1.893042428553571
25.95987887969196
6.37707545418021
31.93057519097301
33.66702617365786
3.5925593762054646
5.936266577010336
14.480044459632861
.03931923690936905
4.884915753620083
6.7806145727192755
13.530360168531754
2.932615092964933
5.637014882927365
16.426531439447412
17.9650034754011
16.180909796339325
7.260971928023292
.43186386030734814
12.63556255961251
16.433903318464775
1.5009400246791704
1.81757533377491
28.801618598423133
21.594429570549586
8.176697674650901
.398287121332231
.09579938538194785
.09829809227342262
2.782455147360012
5.8547794607506445
1.9104876988734283
11.637752524978012
12.56614762993546
7.374065884949054
4.373007589734533
32.428220144100976
7.319858859949663
11.451587738971876
16.216627983711515
8.131322528574954
10.412616579207082
.0011627501996013588
22.12002336657966
4.093597575591136
3.1245721241276994
.00013806015211122738
35.411592792511584
3.4253005458762096
1.1155607730669763
.6578856439850025
1.35867929912435
.0016845381518625889
16.37597534363712
7.735221713703095
4.168262953005503
10.6885842699786
.03931923690936905
6.521658858873391
.5055717664015015
5.827447937727701
5.139475552456323
.0011627501996013588
3.4269813384331145
8.249283696075128
2.79022559653888
5.918281394154227
8.345132936095686
.5897885536405354
.3931923690936905
.18164943011546247
6.039348808226629
.0023189824803248535
1.9407766675413023
20.425599658447833
36.85543869299135
10.116406026033298
.1507407492441955
.15423334646663217
24.45321985721716
35.37365624720016
3.4747851978877846
14.56826192451884
43.72165335586485
.20923379589640298
9.177522164761584
9.177522164761584
9.177522164761584
9.177522164761584
9.177522164761584
9.177522164761584
9.177522164761584
9.177522164761584
