.08851874811585975
7.163751623798622
.05737712943544629
.5631085339662235
.018046074783264348
.6457707640048026
.00418017529885643
11.317163066406998
2555928739021012e-24
.5978467508623759
1.5071266169086714
.00028260352901177056
16.144783200427174
14.631115894694874
1.7785395253359562
.07418812126607102
6.195680466734242
12.95262830539263
15.544524631072548
.005971006214762361
58.72025522895866
5.834374043915019
.19356428324632824
13229676893684204e-22
.3296499708316379
.0002638121544440598
20162733142122437e-27
.12511320510633298
.001268571946285174
11.99678903469861
6.977500985915362
.7064780405398723
9.029103339681406
169.51879347019909
165.94234972396208
8.653034436735341
3.0401145616632412
5.2764865063533914
14.340709633318347
28.529656634884027
22.865322718520712
.0002932614623650826
.28985642848731213
.027964930693112476
50.598185251679574
53.8887708361105
6097446808039341e-24
3.1925294749488344
4.254340486207271
.29687573061267114
.8314376388940805
8.090064050466406
27.380005628835264
77.62818605445206
7.189477270198119
1.43504138729351
.49206262436894493
.13680708342898198
.04358708616480755
15.980116108006413
.0004697658845152505
19.496227407061813
11.117066567445246
1.655945469964155
3.3563338143001338
.47177310132373673
.26952285107128726
.23720593486847535
.39730686314151786
.022979700650839225
.9512790170670546
.008056114901291109
.0019241580031600612
.21645218911658193
.03176622072168522
13.556415723618269
5.679821032832917
.016176132162491003
.04266590511627215
.748756186989337
10.909647418408975
2.0015953489003553
.29737309663304207
.03386265473574754
9122883574070153e-21
.4238289108107176
5.955496640419348
.02316527605324652
25099737191780753e-23
1.650732858821173
1.0399455111149054
.2662788503349402
13.067297715489497
.007572465010309679
11631428559433896e-23
.6187435932657716
.005451983392818512
1.0748024319061371
1.296188613971678
1.6426499902343257
.009167611922761758
1.4325659521563245
.04526510853493797
.18866294199836278
.00012153976354330226
.00011425052601821768
.002060119897879071
.18244330467384318
.7881950359266674
.12605630595794146
.0020146444171101575
.0001426894611618178
.0004624293108203472
.0925496778366153
3912509702161451e-22
.00011620576497015724
6.214260255054396
.0006275093589377537
.038057815536189324
.0075268931230440105
35832961164854155e-22
84.62837303560582
294.39338288310694
13.571258361833433
25.083947523039093
67.12489967871252
.0002559194041246522
5.906962798824135
2.3854110101261807
.004881674456031528
.007874295952021685
1.2338033720172839
.06351687074357955
.0016938241849263952
.0017900203233385383
.3188689635641243
.36800850381269723
6.082716070475932
.3920471863143506
2.337105300742757
.0016754965975883493
9.774000126325271
26.087589519041686
2.9716092940289527
3.2421279562526952
.5784405277832073
26.71538089593958
4.140757312859881
22.27346108534078
8.769310686889154
1.5711535729244233
13.189219353126806
6.123040793779227
.0016754965975883493
1.9649040819048964
6.701986390353389
2.315636996026915
1.8305718814970566
10.736875567169339
.09955838426198999
9.26951825214985
1.5281189129653585
2.0282506983532618
18.490852985292836
11.136578858062709
.5254913800097779
13.997363374476505
12.087160250632362
2.045506031614809
4.525483278538961
14.470356820931462
21.553189943638344
10.414771115535123
7.280035100985866
31.541823738710928
.0016754965975883493
1.8879552552304226
25.86922487536496
6.361286052467955
31.75919170032446
33.48632249291023
3.5732767493635174
5.904404385950403
14.402324576749585
.039298081638097955
4.858696560624894
6.744220446172392
13.457737600928567
2.9273651358923343
5.617329969374551
16.29445794194474
17.868578497563618
16.124404745853916
7.2414595166080895
.4312831960166673
12.567742709677995
16.345696335068638
1.5001324608534299
1.8078197185579594
28.647029402888645
21.42080485552858
8.148143982632014
.39823353704795994
.0956705779329502
.0982452040952449
2.7600834991328247
5.807705542355968
1.9094597825478161
11.544182029909694
12.498700356219194
7.348315048293006
4.33784749467058
32.16748899291389
7.294297318625136
11.390122730326244
16.159998202416396
8.08767864085287
10.376254876873977
.0011586897815187328
22.04277844940264
4.071625686966542
3.1136608646347947
.0001380082525542392
35.2215253619718
3.4133391183230923
1.1095731358830128
.6575316760456974
1.3539346807217514
.0016754965975883493
16.28807928162191
7.708209691576408
4.153707040417119
10.651258866067794
.039298081638097955
6.498884696746077
.5028581712476083
5.807098016489224
5.121528086633001
.0011586897815187328
3.3994275354338805
8.182957353618193
2.780481902260714
5.886515736382511
8.31599105447119
.5894712245714689
.3929808163809796
.1815516956914911
6.031228577491398
.0023003372704122832
1.925172328713069
20.35427180640354
36.55911157681821
10.081078714996606
.1499316665504471
.1534881002133327
24.321970164668212
35.1837924364674
3.456134709667445
14.49006854508945
43.486982682873894
.20918919981585873
9.152859407485272
9.152859407485272
9.152859407485272
9.152859407485272
9.152859407485272
9.152859407485272
9.152859407485272
9.152859407485272
