1799363199637057e-21
7.1659239047966485
.11031885708169259
.5000242161203784
.01692144781267379
.5690945875278759
.004473498631986344
37.81908912544319
14248881453859989e-24
.6768361719239612
1.8600721780373228
.013833587667148907
89.00343834167376
1.216321907243668
.29205562174055766
1.7788947607386554
12.109580664089862
65.94520431347262
21.628674314874434
.007229998730037777
63.474926330382836
7.0213266611086524
47.77504513219195
4211272198228623e-21
.28568636559006916
1038516836421159e-21
9947644548760475e-30
.1328270385847258
6.75090761169203
14.505884162266616
5.786901542405594
.5219239125157136
10.63814095633666
211.6865704961806
79.59743465198774
1.0982109692003037
11.04266309729064
6.266588287228984
.9999551625250722
33.08540469511677
5.274750508771406
.0002700138341334481
.3174163485194208
.034148398914759896
46.42454900360107
266.2509983316199
17889375611464705e-23
19.79217648275821
.4126112261493154
20377905561916362e-23
.9490427067653187
.0004976761978988462
36.28084318106933
107.03330848628302
.0006549066148042067
.0005085047458003487
1.8681831126925983
.0001363513237504912
1693288346606937e-20
.0016731069191181836
4912638051176963e-23
23.694452755420485
.019822997134759775
3.4922298669307583
10.022669641736941
.0035123281588746937
4.811709847790773
.0007747525765299321
.001358133936526859
22842181162171065e-37
1496890852375678e-22
8.27395929489906
2.4310066853922168
.4544739781448714
.9786879179686503
153.1789835280775
.42222110007872155
1.3203547914990095
1.499854625316041
2.476065196079964
33.30257168316636
2.262032151169671
10.146408896411089
.17915602423237448
3183743945570652e-20
1.8863706214329232
16.096021090764957
.00010553762337342645
5353351003749802e-20
24.2646158591694
.00835276214134115
.3761264307001557
23.818860311752665
.03735708530943995
3811896065588873e-26
7.3740620544235185
.019836197072624198
1.1574039877201796
3.536431755687868
.00031578096500438075
.20666252103889488
1.936574520902375
.10380278044586835
.6670374709819974
.00012397775890520503
.794159026989171
12.531970090613099
.5352644119560334
.8318493434411088
.833976070763926
.0005417632644245877
.00011449219252333495
23630434309370337e-21
.9351302316935703
.0003636801849648687
.5112833370470363
10.14569469690739
16.529778373813937
.09920047830027459
.011062187168988765
4167573894456262e-21
101.01849040307827
351.40903761667016
16.199626477585277
29.941997243186137
80.12509033050509
.0006841450175647112
2154.175003247659
562.487011009212
231.22745094182872
501.84730905539624
6275.223995820624
2294.00768028099
.00012343733584022244
.00016069394483528144
.3199999769681521
.4128887157745223
6.357974133107386
.4398590184827192
2.3999987044589357
.001999992802563477
10.454074633324632
29.269082704817578
3.1255574638976436
3.870036254820456
.6593692036368246
31.889393023254737
4.7094739534616865
24.989804985758628
11.436492546964487
1.59921598410666
15.74359734042587
7.3089002597722486
.001999992802563477
1.999999280254883
7.999971210253906
2.3569966432639116
1.9999964012776699
12.046283491904545
.09999999100318452
10.399975672645297
1.714479554108762
2.6451422264890954
20.745891639935607
13.29341855624483
.6272641671379379
16.708255954749838
14.428100623714561
2.0907909542611995
5.1433320948533625
17.27285482647013
25.72743198739155
12.43181711105675
8.689971573405993
37.650581056355314
.001999992802563477
2.0626907658748395
29.024087558335474
6.901768255713367
37.910047031613416
39.97167410935815
4.2653191839248805
7.047920176216507
17.191646664721674
.03999998560509766
5.799688381985707
8.050384805711307
16.064119962634415
3.105092530433298
6.302387398953272
21.250409919731553
21.329215731387595
18.090844910292354
7.911676738621089
.45079983555821307
15.001758284680863
19.511394454682982
1.526926362270677
2.1579431618377836
34.19514710030944
27.935932917338317
9.141845011948776
.3999999640127381
.09999991003189089
.09999996401274415
3.599561641033608
7.57411654366649
1.9435646889536642
15.055339747883721
14.91934438411644
8.244473516135132
5.657201838776166
41.95121615112095
8.18386809316106
13.596066690768648
18.130779141207686
9.65403277716844
11.641683565122534
.0012999969590806624
24.730989615143105
4.86018418681765
3.4933851322380614
.00013972575167653516
42.04293659601777
3.829610431460724
1.324466005408762
.6692758648866367
1.5190528093076747
.001999992802563477
19.442618610933593
8.648258851364885
4.66026939011795
11.950225467700148
.03999998560509766
7.291451498011835
.600247547296149
6.5152984715411515
5.74612035478753
.0012999969590806624
4.4333618754163355
10.671800113856037
3.1195735695364037
7.026567002217303
9.330161752513717
.5999997840764648
.3999998560509766
.18479439482868842
6.304156702738871
.0029999838057861326
2.5107126175683185
22.836562360930856
47.67854874808243
11.310509407074214
.17896918108270285
.1799994170075098
29.032446466030578
41.99789587224843
4.12549005111317
17.296384152938984
51.9091787450581
.21066117322811126
9.999982006388347
9.999982006388347
9.999982006388347
9.999982006388347
9.999982006388347
9.999982006388347
9.999982006388347
9.999982006388347
