.09659150059827457
7.16444173150106
.0543415418857393
.56090143611292
.017878412115864682
.6437124663098351
.004135190417760925
11.358051037294098
2254330517499598e-24
.5908720475185246
1.4785992761641793
.00025885179077580984
15.48596054077063
14.002023315570355
1.6532781888248322
.07038937298184293
5.3271051766802175
10.40121689169327
14.63035759140103
.005862868198349961
58.11535727351924
5.736618146571097
.18144387815175925
11987720167700326e-22
.32653777733297984
.00012456064780246116
18428638896586944e-27
.12388072809118951
.0010095936860584236
11.789309245048651
6.981015205280967
.6981424453094918
8.874257723375463
167.0066247658663
166.91955175797568
8.347479020619746
3.0202376221193785
5.18754844470668
13.48792107873427
28.002610238927602
22.074654933564787
.00029233864446388135
.2874678611807469
.027295619436740526
50.22606011836388
52.57140002285013
5693177331350621e-24
2.6759596596629427
4.0552820104232
.2808939410568904
.7565753025282536
8.200307114078365
26.403484897524997
74.77932694804997
7.298614118660011
1.3696904980642575
.4664385190195561
.42252427475779797
.11811002423277939
15.79362557053835
.0004803852101569923
19.16779117632535
11.163150927818359
1.4082291928610022
3.101906977287277
.43757181699148134
.25502673358263017
.2285443174723221
.39324621311034086
.022793226547880407
1.0024404027474074
.007616001876274694
.0018145135886465356
.18339347291564978
.029998639457354426
11.100974695693195
5.6265521301927715
.015309274432557068
.04104596838847219
.6912319642733925
10.074394627637222
1.9776307881941457
.22989043329589395
.03086525968512466
813154403179963e-20
.38808964732820106
5.359981240633674
.02207176273001678
2466914698985137e-22
1.6421195089461913
1.034839475027703
.24512495909645865
11.379809157687264
.006943102736925629
10969052513694654e-23
.5623110365698196
.004952370292986403
1.054668911580462
1.237328820882608
1.6561465986232293
.007099747849984022
1.3935395744116217
.042550464209224426
.17423700298296582
.00012083778572986021
9121073526422838e-20
.0016581154158117066
.16975241476292263
.7798366676384528
.11137269424883312
.0017069295373981553
.00011717294633801119
.0003883592888955755
.0762085443282122
3639307354693521e-22
8612131178841702e-20
5.64898426198804
.00047037964067501867
.03524685244024929
.007031741224966093
3004566837728356e-21
83.27297649895668
289.67841841836054
13.353902929821752
24.682206423940904
66.04983639574985
.0002390251147181975
5.702238219217869
2.3244978896384008
.004972686220332543
.008023295205318998
1.1775232080923903
.06068070086534453
.0016794060422753066
.0017757891292860797
.31876601417802997
.3641666046415322
6.058213424079843
.3879543304576139
2.3314520872701587
.0016486620714822736
9.714223456245564
25.815242854460504
2.957952279472934
3.190202474931798
.5715736138792121
26.28751098136159
4.092440440025317
22.040932785597192
8.559484362127506
1.5686189128622496
12.977982606027666
6.024975003454294
.0016486620714822736
1.9617342046960524
6.594648285929088
2.3119012997121398
1.8158536162602514
10.6247857841479
.09951820686140594
9.172747242455575
1.5121658066530344
1.9797200435588103
18.29781398749161
10.958216922545082
.5170751813880159
13.773183502413941
11.893573932545666
2.0414251720381276
4.472971200477023
14.238601550025853
21.207996978732144
10.247969554856995
7.163439046865707
31.03665417061514
.0016486620714822736
1.8727756130199367
25.599157872625447
6.314152024312118
31.250540796456974
32.95001009667745
3.5160476339161666
5.809840246659598
14.171658901033357
.039234684093921085
4.780880335939476
6.636205926842162
13.24220030201633
2.9116715881424695
5.5586867175749
15.904574820452282
17.58239776949679
15.956070762843144
7.183236333490112
.42954588335467014
12.366459448152595
16.083905881028485
1.4977123754448354
1.778865923305526
28.188222467989576
20.908261861357797
8.063079786318385
.3980728274456238
.095285193786388
.09808671023480271
2.6940420282194757
5.668742566500598
1.9063793507335398
11.2679604003879
12.298522867656258
7.271600827830685
4.23405431984966
31.397806376663898
7.218147027171761
11.207700070561797
15.991292634320365
7.9581474774127905
10.267929866450986
.0011465934053069486
21.812658407671112
4.006415082571203
3.081155172589108
.0001378526709143956
34.65742219209246
3.3777048745658744
1.091802363131633
.6564709145086919
1.3398000059145518
.0016486620714822736
16.02721161448989
7.627738278230193
4.110343576066406
10.540062895905542
.039234684093921085
6.431038276157291
.49480446302556835
5.746473642798719
5.0680608588182094
.0011465934053069486
3.3180882590047696
7.987160907523738
2.751454499347297
5.792238099275312
8.229174584719583
.5885202614088159
.39234684093921085
.18125880781584403
6.006933335126634
.0022452963062593667
1.8791080656609427
20.141779271115578
35.6843490906192
9.975835255787555
.14753038132792473
.15127389788168225
23.932432791524985
34.62029359200177
3.400781725229173
14.257997573885032
42.79050107034319
.20905546859736088
9.07926808130125
9.07926808130125
9.07926808130125
9.07926808130125
9.07926808130125
9.07926808130125
9.07926808130125
9.07926808130125
