.1127370055631042
7.165535308788101
.05023484555885032
.556029428176817
.017536736271177324
.639727573769258
.004044290458533127
11.384327101136556
18546282208039864e-25
.5777909319737314
1.423259398921415
.00022439464923447322
14.411392508712852
12.984729431478652
1.4348117405157823
.06387467325868093
4.1075893011504
6.295793060310245
12.265202075178475
.0056478459679559405
56.74800594234523
5.547362068142257
.160953303874657
10271323472024294e-22
.3201305725557514
3295536672466241e-20
1610359776187782e-26
.12143351492729694
.0008472704729042272
11.390176481083518
6.9645399048596515
.679904633068836
8.567987892323773
162.29691278099952
168.05188898652804
7.831355750084106
2.9661987293875414
5.012716674188236
12.14278083473071
26.94622549606372
20.70095569501419
.00028972129499771376
.2827508400973766
.026089595589749298
49.48796046481225
50.82575307530184
5072833227196152e-24
2.460206905408888
3.667825199307592
.2627330565673703
.6366971748169364
8.322687207902655
24.224506600648677
68.8461201707993
7.462528771123377
1.2375537136575803
.42267800330002425
1.0468191390954353
.4851421969668491
15.218784014465077
.0004992000267565286
18.52872798106741
11.213296264346543
1.0702515516058075
2.7705969925486706
.3971656289898545
.23037494407097162
.21054717680868662
.3857071912131451
.0223161120011619
1.0960944717692183
.00687242050823641
.0016273255499893366
.13854733074784437
.026988664181858718
9.733827996622127
5.5152419021877535
.013836239245281792
.0381496303271212
.6190859574683911
8.99122783151586
1.9307704716132204
.1903278774448818
.027266805038255147
6662518160365547e-21
.34419965562953747
4.3226449173628705
.020537734913667872
24516633349996067e-23
1.6437829885234043
1.021425484060709
.21815714601365313
8.936323631906696
.006186107180598386
10166598072775349e-23
.4966776841730091
.004316261948090647
1.017268596693927
1.1449683000401651
1.6726113176446313
.005882926598108983
1.3205400492849886
.03889174205531186
.1563517785681545
.00011918239931014491
7704386615980327e-20
.0014213353850048949
.15429832530251386
.7617421316701884
.09176844529788065
.001602884423350346
.00010329649632403198
.0003641644527331105
.07002310849178078
3185513435058479e-22
6606780843169029e-20
4.312180549016764
.0003662225873193009
.03183651636121084
.006111379266219415
2760382557125122e-21
80.62695929088693
280.47382273597833
12.929579716784634
23.897923867021664
63.95108826591044
.0002190331200588806
5.341718908730601
2.2058021357645723
.005069377359444464
.008185543408888668
1.088458321325355
.056217370344620814
.0016439675142488524
.0017404907917065212
.3185602151091995
.3566027124253626
6.00950384138433
.37989635725805004
2.320186650845341
.0015962754702721115
9.595764642072501
25.279049496814245
2.930826257899359
3.088833087156857
.5580833784801815
25.45221951781127
3.997491487534338
21.583133421764263
8.154773341064654
1.5635618532456552
12.565604344251357
5.833530092901228
.0015962754702721115
1.9554097834209339
6.38510188108844
2.3044479771718716
1.7867711501355128
10.404104553450503
.09943790069520878
8.982225457690616
1.4807574923575504
1.886114577814594
17.917760761773284
10.610017161159362
.5006450033717943
13.335537556640089
11.51565299571738
2.033287861035922
4.369767967531328
13.786166843063155
20.534108193753745
9.922338060343689
6.935819190054141
30.050457634006566
.0015962754702721115
1.8427814918874972
25.067452690147643
6.220929100785603
30.257547965103722
31.903016253206836
3.40432444429472
5.625231290487721
13.72135131151782
.039108195668418694
4.628966808040341
6.425339018788996
12.821426464632472
2.880536440021773
5.44323047677935
15.152571961070239
17.023713199625572
15.62465652028095
7.068190591110857
.42609222478205894
11.973512469691716
15.572836221656948
1.4928839109216612
1.722342065965392
27.292535477431077
19.919673805282844
7.895606257288668
.3977516027808351
.09451907650039934
.09777048917104675
2.566661866763589
5.4007120993404625
1.900233387587582
10.735186746508205
11.907734589035455
7.120566646772646
4.033859030679693
29.91324986131383
7.068223103840749
10.851572927082513
15.659146818801975
7.705275584814416
10.05466068195376
.0011227781822113285
21.359600397845753
3.879110359035994
3.017158294979483
.00013754203361522553
33.55617495243404
3.3075485360010157
1.0571101020630769
.6543545224876539
1.311971801167616
.0015962754702721115
15.51794342795104
7.469306973837312
4.024970026200695
10.321141394921801
.039108195668418694
6.2974629297666
.4790819420008542
5.627116989269288
4.962795121673468
.0011227781822113285
3.161201835656634
7.6095105830976815
2.6943056421882408
5.608188455221676
8.058251197474531
.58662293502628
.391081956684187
.18067444880446062
5.958636057438991
.002139133817696912
1.7902597528693467
19.723426117622655
33.99711552076451
9.76863299814145
.14284257089867133
.14694085793479883
23.17197445726403
33.52022612180619
3.292721135297476
13.804946553983164
41.43082345421434
.20878826258222363
8.933855750677557
8.933855750677557
8.933855750677557
8.933855750677557
8.933855750677557
8.933855750677557
8.933855750677557
8.933855750677557
