.11542792305724248
7.165678346046635
.04976949546295469
.5551828664969779
.01747930882831608
.6390872939916185
.0040290397823333395
11.380958024932568
18072614838223032e-25
.5757370470737078
1.414252929917843
.0002199496253350861
14.258933059865926
12.841538423763831
1.4015982759255208
.06281603973254962
3.953792370478608
5.722779639079642
11.783154757618355
.005612041036752594
56.494992514244146
5.516658692899328
.1577481314432356
10062769432249598e-22
.3190592039806617
2692051917976562e-20
1583311331657485e-26
.12102894987204375
.0008334187941162528
11.325817206207944
6.959143314991577
.676713613547107
8.517511021812817
161.5462635356462
168.15099735983662
7.756093303772002
2.955269549002532
4.984006532070614
11.956321812342543
26.770839735547202
20.4941239500491
.0002891982392590544
.28197238701914645
.02590772921016325
49.365864558208756
50.65264257324147
4991614444959337e-24
2.4572438698491466
3.6039237934360053
.26120371563318473
.6201749706705366
8.331367865896494
23.82277665455781
67.80629264030007
7.483977031409611
1.2152460254867
.41560350191960344
1.0676410201774944
.5318272500516984
15.09837708288615
.000502085803082693
18.424426833886844
11.218061589493548
1.0284238585785654
2.7336433597329823
.3933103583676554
.22640695699300936
.20745025191505365
.3839852730275499
.022222179909565553
1.1107849885749441
.006753235808579204
.0015973032865812418
.13301530207043505
.02650527819782327
9.642706391755645
5.496333628539812
.013599082176664458
.03765044139734488
.6114324104476649
8.870923820343958
1.9231638608504584
.18805862107785168
.02690399803023735
6469095965197629e-21
.3396111775274088
4.168485686296728
.02035726393265272
2459325974847409e-22
1.6457336931176472
1.018883282414359
.21523752772955607
8.621847547020836
.006109540389130223
10092834594989893e-23
.49015763761126396
.00424652055652718
1.0114595903850236
1.1321553466921297
1.6744016003050648
.005812670019236438
1.3090848037169667
.038475359147142806
.15448245826087356
.00011887282887710275
7586786120007102e-20
.0014028253526300943
.15274916864862254
.7585582649599607
.08939842388187848
.0016043147094530177
.00010228020323148518
.00036519791816067124
.07022895508345492
31156308862079754e-23
644253837642284e-19
4.063502534919205
.00035768399492907004
.031491318360020185
.005965527387396734
27525606117564352e-22
80.19420387101374
278.96841352807746
12.86018176666557
23.769654660690087
63.60783856013878
.00021713476274239297
5.279925353978443
2.183786053567133
.005071689211135215
.008190389144795113
1.0758087395263312
.05558609816421601
.0016357234503579315
.0017321239135788466
.3185259281842674
.3553574268126899
6.00142373882158
.37856972834717406
2.318314377412739
.0015877076553942292
9.576162425222746
25.190773004394085
2.92632950119985
3.0722541503929373
.5558661661986831
25.315607818188614
3.981882229691319
21.50776336822843
8.089206889981849
1.5627205964524422
12.498159987775775
5.802219328029289
.0015877076553942292
1.9543576972751868
6.350830621576911
2.303208094968697
1.7819695596523477
10.36777257598169
.09942452263588225
8.950858797419945
1.4755865670200818
1.870949737048253
17.855190487037586
10.553069181577573
.49795785206971044
13.26396067707878
11.453844125692948
2.0319347995414487
4.352800431013011
13.712171265491053
20.423893859847773
9.869081114885336
6.898592022216551
29.889165449293657
.0015877076553942292
1.8378293848012996
24.97991511094897
6.205526311665491
30.095144248169163
31.73178068491426
3.386052145956392
5.595038544160577
13.647703623445892
.03908715394550376
4.604121390425554
6.390851791323656
12.752609013969883
2.8753797139711996
5.424222274197003
15.030741429832627
16.932340484862443
15.570093951658501
7.04919624106614
.42551932076730153
11.909246094502198
15.489250913008439
1.4920806815969407
1.7130976039333687
27.146046105218396
19.759514563141476
7.86803415945279
.397698090543529
.09439199049589424
.0977178848637594
2.546025252759148
5.35728900088467
1.8992109884783432
10.648873115553526
11.84382126863818
7.09570105015675
4.001425778429979
29.67273972673006
7.043540295124827
10.79332842624004
15.604463807257956
7.663918453151858
10.019548990844106
.0011188573496774949
21.28501093977077
3.858289704915794
3.0066221333492464
.00013749032882928491
33.37606625543497
3.295998308081868
1.0514361918710773
.6540024544283893
1.3073902891619595
.0015877076553942292
15.434652749711482
7.443223547696511
4.010914504213838
10.28509913153563
.03908715394550376
6.275471678131293
.4765105278139909
5.607466640061609
4.945464638341948
.0011188573496774949
3.135784969135436
7.5483281832266345
2.6848969082233736
5.578087184244665
8.030111130307716
.586307309182556
.3908715394550376
.18057723895817201
5.9506243493597575
.002121934637909618
1.775865609267472
19.654550312921558
33.723770067921095
9.734520138916881
.14207588073338803
.14623084855680668
23.04760169629502
33.3403103757931
3.2750478541770756
13.730850178591625
41.20844853697439
.20874376146262721
8.909847798261731
8.909847798261731
8.909847798261731
8.909847798261731
8.909847798261731
8.909847798261731
8.909847798261731
8.909847798261731
