.11974835553981546
7.165883787882361
.049123231435277116
.5538125856444938
.017386946693223528
.6380755707016723
.004004503474674795
11.370997586108304
1739340345133801e-24
.5725249401774735
1.399919327369124
.00021342569229223124
14.027695801832355
12.6249920545409
1.3498908083696073
.06108809662771657
3.72984187934669
4.865497522506421
10.951512687087908
.005554486524658298
56.07063543682841
5.467887224844532
.15262533145349635
9761977931947608e-22
.31734671628409733
19657064299942214e-21
15449897295134437e-27
.1203815611175204
.0008128846145899585
11.22386178819389
6.949064730967969
.6715205489740592
8.436857864312039
160.35856019907908
168.26355792063026
7.640850009270704
2.9366315539898844
4.938179030094756
11.675475100180066
26.490059722153788
20.173162936675578
.00028831262838788273
.28072710651892024
.02562822282642598
49.17044044969991
50.42571680588186
4870961403634137e-24
2.4582660715333704
3.501719829580823
.25938825788692227
.595497561217788
8.338568792812179
23.14866621393776
66.09247137547405
7.515316639866463
1.1793499969315913
.40408124686632707
1.0812164937734274
.5783994191737557
14.891802537141018
.0005065692367166596
18.258292285386528
11.223007685713226
.9678327568740192
2.682333185502754
.3883451668578372
.21995688241564784
.20241622456020708
.38069453321685615
.022062680795009833
1.133779566062214
.006559745706780089
.0015486745244577434
.1250066965344794
.02572094060305429
9.51818975457212
5.465820921635667
.013213432464860302
.03681433327428044
.6010587280023114
8.70416473413181
1.911107323911287
.18549702919192984
.02642536589592307
6180915795387646e-21
.3334149232951051
3.931491361764757
.020100515448427815
2477039556174801e-22
1.6491587860517343
1.0146608147463705
.21123758897999173
8.161350107921413
.006007996162019029
10002566301301231e-23
.4815262779412925
.004150520128264266
1.0024212245961563
1.1128389047272085
1.6768899827809423
.005733371409272697
1.2911436698891061
.03789550959360163
.15196516742525903
.0001183556199440912
741303249398409e-19
.0013755761081006737
.15071418990130284
.7533511232995259
.08596269641958462
.001607958481743472
.00010073407727334724
.00036756509472222364
.07086846729139569
3004530113795006e-22
6215520593082544e-20
3.6533538005418014
.0003458138328637273
.031032944319862726
.005735858920732774
27422784519511852e-22
79.50424171054848
276.5682693778969
12.749537376330625
23.565149079344316
63.060579536455876
.0002147204548572275
5.176334245236056
2.1459512315242475
.005065641738816247
.008182376043503905
1.0567318919810627
.05463594348405835
.0016203668869338708
.0017164249109675616
.3184708861498454
.35336713416529425
5.988473358607628
.37644942779903584
2.315311487676715
.0015740475883167504
9.544773591790756
25.049684042943205
2.9191241103599146
3.045821577852995
.5523247065940222
25.097801410485847
3.956947999711894
21.3873022773272
7.985036769382497
1.5613708539181568
12.39063030295122
5.75229911447496
.0015740475883167504
1.9526696925754288
6.296190353266996
2.301218783547227
1.7742872876620603
10.309704557781178
.09940304710869684
8.900726656909562
1.4673220736583494
1.8468562675160283
17.755186795928772
10.462274360248939
.49367360135269767
13.149842317854175
11.355299359897822
2.0297642597350336
4.3256957131874305
13.59419666315913
20.248174004142
9.784171081502057
6.839239011324733
29.63200979249497
.0015740475883167504
1.8299062947971467
24.840007126405578
6.1808759224923575
29.836216423679765
31.458771827665824
3.3569197680375367
5.546900839744624
13.530283677578383
.0390533938515086
4.564509181709177
6.33586719522682
12.642890141007447
2.8671195777083307
5.393842186725622
14.837180532115642
16.786660701801566
15.482888672767341
7.0188063600811095
.4246010991532081
11.806783213542728
15.355986954915942
1.4907919516953134
1.6983587267222569
26.912491263163083
19.505058095032563
7.8239667238078585
.39761218843478735
.09418830346773688
.0976334846287715
2.513238384870113
5.28829961182616
1.897570614723399
10.511740463146253
11.741921279409311
7.0559593125071
3.9498967457846863
29.290624036293867
7.004090700425877
10.700466500563246
15.51706602902464
7.597980848208846
9.9634313099346
.001112590832113697
21.165797444915373
3.825094364454701
2.989782586813875
.00013740735428856906
33.08891055502462
3.2775380179530185
1.042390012078563
.6534375838224262
1.3000678327182194
.0015740475883167504
15.301858534628924
7.401535399420632
3.9884500978310307
10.227494152338105
.0390533938515086
6.24032389677788
.4724108021806547
5.576060234054189
4.9177659857601475
.001112590832113697
3.0954033714273814
7.451123319033583
2.669859286459332
5.530095323248135
7.985135930876058
.5858009077726286
.390533938515086
.1804212719985639
5.937783588368975
.002094609068154599
1.7529966015635479
19.544468733013293
33.28948655374979
9.679998853032448
.14085351082522757
.14509805397611758
22.849308399618668
33.05346230614378
3.2468705173619408
13.61271486959244
40.85390582927791
.20867233203438038
8.871436438310294
8.871436438310294
8.871436438310294
8.871436438310294
8.871436438310294
8.871436438310294
8.871436438310294
8.871436438310294
