32765324867300096e-22
7.165923051438131
.11038084316339472
.5000297762762408
.017142470273000823
.5696244774083604
.0044735089560934
37.81848769981641
14276653318104239e-24
.6770741766647105
1.8600655831042419
.013887602727864583
89.00316532515767
1.2210089329419116
.29311574228315196
1.781167467889197
12.114498213315743
66.00466729919897
21.628589704167794
.007229976254884585
63.474865393247995
7.022023638504248
47.729912773997015
4215373797684601e-21
.28575967518909057
1970211352866947e-21
18158782225932928e-30
.13282725088481592
6.736125959602293
14.508359748508205
5.786954369693815
.5219530254572046
10.63808882700284
211.68544828342704
79.60391636503317
1.1022844160860317
11.04246616850785
6.266556658237093
1.0038773720573215
33.08515954040524
5.294735920095448
.00027001509773997217
.31741586691041906
.03418270488840897
46.425970076266424
266.24993650132296
17889335046980657e-23
19.792898026644995
.4290384033143136
38750667270017904e-23
.9491129427610907
.0009062236153329705
36.28070251729069
107.09964834182824
.0011927657181569253
.0009260462188093593
1.8736851710980802
.00013637057028892098
16934830947074082e-21
.0030472165344331914
8946954459119351e-23
23.694199069269413
.020661103297706408
3.4939129956874844
10.034519350742043
.003669553786623675
4.822248533524252
.0008074954595638173
.002476679429903232
3671706303770484e-35
2840072906726904e-22
8.242539920727818
2.418011432654202
.4544724630968837
.9802652049768119
153.17783560973191
.4235478325968507
1.3190706715365244
1.5006246474464902
2.4800245315125613
33.34298207103281
2.2614224871939124
10.167056440931164
.17965284700178336
3186621992112399e-20
1.8905140718210454
16.095802981067376
.00010810623591311897
5287287697133635e-20
24.2737191748455
.008550472607048998
.36985454312661725
23.826881456189213
.03743650522517544
6946001012660982e-26
7.390909720495301
.019891095874382897
1.1698263961415523
3.5367739528165867
.0005748001587434453
.2071175641061401
1.9365687818139896
.10389206763173245
.6681408605919293
.00012397781215519704
.7918892677791158
12.495070302054208
.5361126661346464
.8318496612254667
.8363117528341222
.0009846195220406537
.00020779972164281088
4301720990511421e-20
.9359815153078771
.0003622087272120527
.5119125189313078
10.14802541206036
16.47954972360422
.09940331236753215
.011062349924512558
7535711303273291e-21
101.01819196054927
351.4079994364174
16.199578618451014
29.941908784475803
80.12485361409308
.0006856123808253312
2110.7723639982473
547.9855410310709
227.0553096139392
492.4597495955234
6067.862913086259
2167.7057484982943
.0002235149082711075
.00029063255821441635
.31999995806038695
.4128879228965409
6.357969437206483
.4398581738131573
2.39999764089778
.0019999868939134108
10.454062898276101
29.269026498846515
3.1255548293870365
3.8700248214343245
.6593677627477068
31.8892988112836
4.7094638389253145
24.989756997365205
11.436441866132725
1.5992155116441593
15.743550828554755
7.308878666827541
.0019999868939134108
1.999998689387439
7.999947575653643
2.3569959469273702
1.9999934469458662
12.046260359199355
.09999998361733892
10.399955701376035
1.7144762617613667
2.64513050453784
20.745851801208957
13.293379283024283
.6272623139890376
16.708206592953374
14.428057998262313
2.090790190243085
5.143321110383451
17.272803796659083
25.727355979921665
12.431780383296081
8.689945900313047
37.6504698239009
.0019999868939134108
2.062687718932892
29.024031822833205
6.90175886340406
37.90993503260942
39.97155601961575
4.265306582740294
7.047899354294567
17.191595874826795
.03999997378774878
5.799671247759475
8.05036102217236
16.064072503831884
3.105089476257685
6.302375296359987
21.250315748512044
21.329152717724856
18.090810170101967
7.911665051740956
.45079950260445917
15.001713964451326
19.511336811474475
1.5269259111649764
2.157936786549338
34.1950460763668
27.935809119214852
9.14182745669153
.39999993446935567
.09999983617351117
.09999993446937194
3.5995456895714613
7.574082978959066
1.9435641147589076
15.055273030125825
14.919300307365232
8.24445768411728
5.657176768878777
41.951030244251406
8.183852377524943
13.596026523423923
18.13074432433084
9.654004255915098
11.641661209378206
.0012999944626720047
24.730942123757714
4.860169828202169
3.4933784238247627
.0001397257228373319
42.042812387070725
3.8296030773876475
1.3244620924916055
.6692756671599057
1.51904989224194
.0019999868939134108
19.442561170912015
8.648242243950444
4.660260440914821
11.950202519456994
.03999997378774878
7.291437496100124
.6002457739634124
6.515285960090723
5.746109320404333
.0012999944626720047
4.433342228967353
10.671752821759798
3.119567578960493
7.026546243379807
9.330143835628288
.5999996068162315
.39999973787748777
.1847943402341729
6.304152046586687
.0029999705113539516
2.5107014913420516
22.836518507449824
47.67833746053094
11.310487687289864
.17896865234766826
.17999893840663508
29.032360694438548
41.997771796366806
4.125477863030777
17.296333053614408
51.90902538792
.21066114857762372
9.99996723472933
9.99996723472933
9.99996723472933
9.99996723472933
9.99996723472933
9.99996723472933
9.99996723472933
9.99996723472933
