.1414642882011792
7.16644271324412
.047050121973703556
.5468298634888621
.016922209692480754
.6332649825501309
.0038804561484798955
11.245043684438807
14934489531042504e-25
.5582355743023458
1.3301786673205678
.0001894207446596006
13.072270344959074
11.74080426419386
1.1163240183616268
.052964796500273845
2.959015156118247
1.8049120786057307
6.12003741247217
.005261174258530093
53.50347665446565
5.23312034263768
.13047917948452759
8656878489385683e-22
.30907716058989404
4792251540927796e-21
14114322401267251e-27
.11716891300268995
.0007340184394553643
10.739216371225867
6.875316170853521
.6444570942909247
8.039525180746846
154.65890120394087
168.07690152055443
7.149269854814399
2.8256730288938434
4.712976615983918
10.539577070141139
25.100311809399514
18.733858981098873
.0002831274613159821
.27455239874463194
.024476480825381477
48.19978589930629
49.48713146010565
4346953242272863e-24
2.5187843646722743
2.9989661584190284
.25663103941887616
.5050536752594097
8.261887831711139
19.03208833269308
56.151727806511076
7.6209385870617545
1.0005255568317553
.35012938954087297
1.076211933355425
.6043132674806958
13.64478573636875
.0005261203318629717
17.448158846260995
11.187060716558346
.7622959005555847
2.5158724545940383
.3763918925242489
.18990754089520315
.17624212076956233
.36163580960589736
.021103848148120975
1.2372588691964042
.0056614161978247495
.0013239809190438963
.09782867717335955
.022075418549520564
9.067233889228845
5.310272023109204
.011415567648672974
.03265925151750318
.5708304490343822
8.166512486627092
1.854051530292399
.18394869962582683
.02526736099670193
5002002104959131e-21
.3154502440225904
2.9203509410227912
.019121054133842113
26324374663694035e-23
1.6599129698057296
.9914467819042581
.19887927489379992
6.552694810260195
.005740479164133756
9878801991968671e-23
.45855690554427136
.0038613369751442613
.9632232217687735
1.034995103354533
1.685023924296029
.005697833131921407
1.2093309871584599
.03603785195124321
.14477806959291042
.00011541349081663096
675504599855886e-19
.0012739757515066125
.1456035762739817
.7256440430047824
.07286677288906418
.0016473832799609744
9412431464016869e-20
.00038895047461098446
.07750729646853975
25149237314345325e-23
55094706750440186e-21
1.693679781580935
.0003082412164639942
.02977549291889251
.004669829352630604
2725897452718141e-21
76.1251360679146
264.8135078768594
12.207653914990544
22.56357826362071
60.38036580754323
.00020976480876711592
4.671950914849692
1.9537178464869815
.004969465679319174
.008034371203501497
.980594662036396
.050861137034256106
.0015376529960757532
.001631165931257307
.3181943705703769
.34353082471559343
5.9238024492392265
.3659706008058552
2.3002767702864393
.0015071470937894288
9.38855426032976
24.352402320788574
2.8831752291267683
2.9163674423409573
.5348629635048384
24.03108948997425
3.8339651963662216
20.791966426439398
7.481412469143027
1.5546042340370037
11.864001183904636
5.507813713726067
.0015071470937894288
1.9442072740987744
6.02858837515771
2.291245833986552
1.7361723335476265
10.022724149699734
.099295174189454
8.652966485519062
1.4264777715616839
1.7303731851917163
17.260954325570328
10.017604622322107
.47269138435321195
12.590945013509327
10.872674089657218
2.0188894690329477
4.191993326189806
13.016413318984915
19.38758194567638
9.368322228677739
6.548556267394821
28.372584014220838
.0015071470937894288
1.7905965421179109
24.148561960161533
6.058449983793534
28.56811141314263
30.121704633437194
3.214243273224306
5.31114531873794
12.955216776270195
.0388841454819755
4.3705074731220845
6.066578863815324
12.105539422410374
2.8259593791856576
5.243699471849751
13.901384633007806
16.073190594068777
15.051907776594447
6.868029490848676
.42001573364238187
11.30496888364209
14.703323637196577
1.4843312044399832
1.6261747346080069
25.76865102108172
18.274854463171184
7.606179186771274
.397180696757816
.09317114218599383
.0972103637049388
2.354725912170119
4.954761236439497
1.8893469828967533
9.848754419631723
11.242863724781374
6.859549990439664
3.7007727852988026
27.443234918385443
6.809125190387995
10.245673071270396
15.085133773713283
7.275049902583585
9.686089746246587
.0010816208106898845
20.5766273911987
3.6625194165972834
2.906559151842495
.0001369910543855918
31.682558869133917
3.186304637537215
.9980861372681635
.6506057365808243
1.2638792111068036
.0015071470937894288
14.65149579416787
7.195506639095792
3.8774278051675473
9.942802148892348
.0388841454819755
6.066618560371701
.4523323010473239
5.420845306944778
4.780875303633148
.0010816208106898845
2.9001731674950135
6.981173477107371
2.5955412200924495
5.295054073762049
7.762862096045451
.5832621822296324
.3888414548197552
.17963936796658786
5.873660089557606
.0019624999675090693
1.6424333427730837
19.000429902288325
31.189885154887357
9.410546900699389
.1348669259214039
.13953578223310348
21.87816239178008
31.64861724902203
3.1088713584483396
13.03414446079747
39.11752471625573
.20831367394904782
8.680861667738123
8.680861667738123
8.680861667738123
8.680861667738123
8.680861667738123
8.680861667738123
8.680861667738123
8.680861667738123
