.154539355897397
7.1663670825029415
.046169121157020744
.5426157153262454
.01664385555931499
.6305274974494163
.003805426197273268
11.119389533317007
13830767275303587e-25
.5513867627418146
1.2899752256456987
.00017985075693259853
12.62120638142999
11.33047762742505
.9927907508481272
.04917848721790308
2.7162472181224846
.9522246385827211
3.7749832505183347
.0050777624291098175
51.49572495551118
5.100640805153271
.12186168602578153
8151308548486784e-22
.30454604357972054
23003922878720023e-22
13521790462780805e-27
.11526851605259476
.0007033659611000517
10.47173184263539
6.815558706167305
.6276726809283982
7.807386506043814
151.39297431177337
167.45965072381398
6.907256281258804
2.748487321395914
4.5816007290670875
10.01590211151987
24.286126760044063
17.974792556303168
.00027953176857661323
.27090165690013956
.02400089910736299
47.624697281446515
48.9800932942817
4080952570842664e-24
2.568245615037609
2.7074651797586844
.25573551844044556
.47548582451814125
8.134937970875505
15.757576281052218
48.34876032011314
7.646998366728038
.8962524577690597
.325012847500527
1.0700150482260122
.5964917916351486
12.757684823839407
.0005355634526134654
16.979810608333203
11.124482791206633
.6988026167825523
2.4442376989703933
.37241388803871345
.17597867133258477
.16022812145749105
.3534990410673136
.020402144266158592
1.2907372762563492
.005246677100277298
.0012205591386081252
.08935848878174274
.02038016875951352
8.799840036858194
5.215612218507384
.010582328144426329
.030640117593417455
.559580791468037
7.936501322693069
1.8230281728631874
.1862068717719992
.025049702832268695
4408376126024406e-21
.3086340433782647
2.43834017762121
.018530465028560376
27408023282980697e-23
1.6545787953822557
.9763579964106043
.19375259528805494
6.038383283373253
.005654567260037391
9899465605420973e-23
.45085449651851406
.0037650905207009967
.9454517131975557
1.0002813426861301
1.6876681919522356
.005794152673428117
1.1658255272428446
.03529259345211817
.14208277994107807
.00011344614144814551
6509463349229441e-20
.001238272467778644
.1440048707219666
.7081650185680558
.06643218525690954
.001691830835635623
910424033569947e-19
.0004076275546397776
.08250354278163932
2297582554260832e-22
5282140079318396e-20
.956014287369216
.0002959890506163738
.029296567357665115
.0040967093930134695
274902242633394e-20
74.16025637232896
257.97835838983787
11.892559945412586
21.981185652192167
58.82187723313291
.00020886426401320294
4.445099614614131
1.8660239137186916
.0049373467200785285
.007985858072447722
.9503594149414308
.049378505441358155
.0015063952798474891
.001599170257027828
.3180279975635053
.3377409754316179
5.885201704536181
.3598025527921548
2.291271561043323
.0014682458467662933
9.295731162695327
23.94196829567065
2.861744437563642
2.841092553279209
.5246167125491494
23.41081868008661
3.7617690107457054
20.441539788520583
7.193633549332282
1.5505442337083635
11.5577772973048
5.365650534884409
.0014682458467662933
1.9391297874954558
5.872983387065168
2.2852620223930216
1.7136195238150622
9.853801718096499
.09923028084766444
8.507129872889253
1.4024359950744616
1.6638129028709916
16.970039167882877
9.759038412295958
.46049066128894983
12.265957847861328
10.592037526506404
2.012369926202047
4.113493143296195
12.680444313727483
18.887165551312542
9.12651476428897
6.3795302937174165
27.64025410165287
.0014682458467662933
1.7673367640752233
23.741563449067712
5.985910512431733
27.83073470741387
29.344227851289087
3.1312798570591545
5.174058383513512
12.620827326077372
.03878259574990913
4.257699511955596
5.909993296328846
11.793081148523216
2.8014625419389207
5.155322454568675
13.366656001207224
15.658322556087363
14.798223765749336
6.778814060242058
.417278822638931
11.013174281148654
14.323813483722727
1.480454728970604
1.5842012435569692
25.103531695333857
17.571896579375696
7.4779850686603995
.39692112339065777
.09256401939551749
.09695648937477284
2.2641493690040253
4.764172114074741
1.8844127692856423
9.469913669966763
10.95267212980871
6.743939518996753
3.558419399623186
26.387607450511034
6.694364575701653
9.981220145138513
14.8308897737732
7.08727226990775
9.52284093202953
.0010633912341111583
20.229830065322062
3.5679854635815547
2.8575721666481977
.0001367410105989783
30.86479459518083
3.1326028375911816
.972324354933691
.6489066163504142
1.242577861652889
.0014682458467662933
14.27332337855162
7.074233973108103
3.812077854053256
9.77522671821554
.03878259574990913
5.964372110851487
.4406570699752573
5.329482683678175
4.7002986989676625
.0010633912341111583
2.788615529836596
6.712636677333316
2.5517961137046234
5.158382472580527
7.632027252955025
.5817389362486368
.3878259574990914
.17917022226569967
5.835386083033535
.001887010730268408
1.5792557415923099
18.68019772063165
29.9901395859971
9.251942070172348
.1313858512325836
.13629013379002095
21.313461173748987
30.831729048382414
3.028627715889157
12.697717793822417
38.10785519017476
.2080980248759954
8.568097619075301
8.568097619075301
8.568097619075301
8.568097619075301
8.568097619075301
8.568097619075301
8.568097619075301
8.568097619075301
