.1806894912898326
7.165139869642025
.04444762958006472
.534221348916215
.016093641488517583
.625207880461158
.0036553934239208145
10.79451010008092
11990513382309625e-25
.5425318959920656
1.2133691783796658
.0001669225297810526
11.893202831212585
10.679906474381063
.7731556772254462
.043497148031028304
2.483098473201735
.4514849973375351
1.9947362280302654
.0046807345981049655
46.095652014021915
4.857093207461486
.11202739475387954
7289736138882663e-22
.29698320546017487
6515260748692206e-22
12544660486165658e-27
.11154500068795158
.0006701790391724962
9.99703739020073
6.670900233694914
.5936591022805239
7.360222833690226
145.10663551963927
165.32944905402348
6.501661052923748
2.581950176064838
4.328375289464793
9.186291546765935
22.71927402285203
16.620769545884265
.00027160806716189004
.2637480233047089
.023592144293387872
46.495267568598436
47.95532894282105
36363058165904544e-25
2.6917721331022877
2.152915929659879
.24998381074599563
.4483606257135596
7.723294294311162
8.103100744934709
28.155082841919594
7.6173807545314585
.6987426662353446
.2873092796509181
1.057259309627074
.5808724574002748
10.746573184031451
.0005492605699936275
16.08445278172819
10.938647270333684
.6391081024784275
2.3064514688944175
.3625670266497434
.1551458529987714
.12865974175246933
.3445078835479784
.018702971271400904
1.3818640223492384
.0046286177892190025
.0010688355687652968
.08119506339174541
.01783017221553934
8.207076215872497
5.026154486576037
.009336391579799376
.02744995007931026
.5387169725504768
7.493739986941965
1.769618833851884
.1926327175887727
.025005078345614832
33771307870033693e-22
.29535935010054726
1.7003984479124141
.017050009736665997
29149856854956226e-23
1.623989135831152
.9447716404134228
.18366764120452353
5.541111808158981
.005489024233859281
989681967579144e-22
.43602096087462355
.0036535202763612637
.9258449349969924
.9520884866333603
1.6865795378317647
.006106184485971595
1.086491966742022
.03402091946444852
.1367132320492484
.00010941371207300014
6274962015744716e-20
.0012117519988557386
.14054670938086583
.673091980155441
.05453097282320071
.0018299512515235062
8591033481372187e-20
.00045447841301410373
.09323138972960052
19786088048365668e-23
504067823742554e-19
.46501790570542356
.0002833680357204296
.028286490626509335
.003083529018668952
2863666727842208e-21
70.38133549828055
244.83277541507556
11.286560920841254
20.861109140045752
55.824541050649906
.0002068072855992854
4.132481653942929
1.7467109358902895
.004915223788255375
.007956981681064406
.9043888585207159
.047144302821525576
.0014795562227276724
.0015729277726600013
.3176955124766263
.3264523775936845
5.808753167857619
.3477765724847851
2.2733667663302763
.0013934296965803531
9.112829074268078
23.1417359543239
2.8193595589484035
2.6963214254558663
.5047093058449229
22.21789357820211
3.6214295493176083
19.758305183759262
6.650858853976443
1.5424560146186552
10.968837506332282
5.092237661183918
.0013934296965803531
1.929014560710127
5.573718786321406
2.273341240313623
1.669388979101273
9.524449898619531
.09910062136750054
8.222788987785247
1.35556120908912
1.5382747398144732
16.40283541886962
9.261755423120293
.43702583177821397
11.640931905141205
10.052308112591463
1.9993939326806893
3.9608752840582757
12.034297738009435
17.924748380110664
8.661462742665282
6.054454014685727
26.23181326962103
.0013934296965803531
1.7217197139183011
22.948029405773728
5.843426774992832
26.412587717765774
27.848959083563468
2.9717219025272814
4.910408307510001
11.977718602304543
.03858029121420256
4.040743552683075
5.608842813233747
11.192151180080854
2.7531040793982946
4.983011819650535
12.358113852204518
14.86043478096015
14.303610411258342
6.603844859534959
.4118583872861186
10.451985361147912
13.5939271481381
1.4727321229720178
1.5034764532068026
23.824352461384652
16.246060234323032
7.2280421472535465
.3964024854700022
.09136161645554365
.09645072803550642
2.0933145640930437
4.404705364746132
1.8745829669478056
8.755388879120362
10.394566166283674
6.518531213190773
3.289929214192756
24.396607283919284
6.470613254503422
9.472615631076854
14.335184596097054
6.726132187188026
9.204551090475917
.0010278486234731575
19.553671610916837
3.386174674269606
2.762061152798192
.00013624229137471476
29.292043605980304
3.0278992446251696
.9227784528435312
.6455216765546297
1.2010461471649063
.0013934296965803531
13.546009824153264
6.837785960746533
3.6846636018550876
9.44850117638415
.03858029121420256
5.765019935625651
.41820288384534204
5.151350946410027
4.543196701903197
.0010278486234731575
2.578208656273776
6.20615420187942
2.466505307473014
4.89553118058805
7.376935651361068
.5787043682130383
.38580291214202567
.1782356033231811
5.759584649302128
.001744631824360739
1.4600975931888107
18.055833918366304
27.727320835801017
8.942706706839362
.12469093457419561
.13002356539028845
20.227409327820467
29.260662952022347
2.8743005188817126
12.050691028125376
36.166025745568135
.20766739622711278
8.346944895506354
8.346944895506354
8.346944895506354
8.346944895506354
8.346944895506354
8.346944895506354
8.346944895506354
8.346944895506354
