.1872270251379415
7.16458078940417
.04401904128461157
.5321292928716416
.01595763195373086
.6238924123215134
.0036180062928584744
10.703115969206078
1159864191686853e-24
.5412160997042434
1.1949751744493775
.0001645406505835653
11.736666697443933
10.541864243567016
.7230678306108071
.042388293621395456
2.4413090821933263
.41916363177252464
1.8664776430855259
.004571864323670601
44.405660756882995
4.800144898558473
.11044808028950766
7102838953514119e-22
.29537661380769603
4927437258583639e-22
12345777597441295e-27
.11063029895869998
.0006666680103644788
9.889254808039732
6.630709670955963
.5851305176409883
7.25205962731343
143.57304443891272
164.63638953354902
6.411974385153309
2.5391811415222008
4.267032304548774
9.010198708172926
22.341180462547687
16.308762682246268
.00026951645384816475
.26198991369238633
.02358889152240119
46.21717220411306
47.71949167237424
35446522409844655e-25
2.7275203469716254
2.0210817549165068
.2478461047391354
.44344832021841707
7.595446569764478
6.551049743747644
23.48859587400783
7.594514380873089
.6522815310922065
.27994181392128203
1.0546447500570468
.5770421471127137
10.210291679900871
.000551670701805645
15.868839108189425
10.883412376992887
.6285239593609057
2.272659695349628
.35975525970936395
.1510869415001575
.12101064604796499
.34363427227570537
.01821399413586508
1.4019251080230901
.004508592318111526
.0010399792246019435
.07973135585946803
.01732999723662794
8.039243233197695
4.978980481077208
.009093721857532868
.026797870132057304
.533686887523082
7.385056035537668
1.7578240683741242
.1945501842791272
.02505419891540046
31516531052438767e-22
.29204479230723873
1.5546529140120124
.016620743955138375
29473811053163465e-23
1.6147178708586638
.9366984427420275
.18116162024716823
5.4516554079826065
.005446818206071053
9883559853914164e-23
.43232443259873105
.003639352383639622
.9239008126969593
.9438472699592165
1.6847763956214035
.0062058702925559366
1.067698840991764
.03373738686782989
.1353484331804257
.000108418186132341
626085885311353e-19
.0012131003356923562
.13959972715963034
.6644621986572589
.05170550454504331
.0018751224738361503
846912102356798e-19
.0004682285836884817
.09604664544845808
1916417841736564e-22
5015070770055011e-20
.4299026553287747
.0002821931940481137
.02802729076786015
.0028563008754386348
2905689008981245e-21
69.46708473672575
241.65240735595745
11.13994894134186
20.59012415825849
55.099382472631014
.00020621240193825408
4.078518114011696
1.7268155770652693
.004915024319330048
.00795868839363781
.8954737362496279
.04671877613882299
.0014790625168187932
.0015730127160432962
.31761244553151063
.3236896824991407
5.7897967066376586
.3448334153912969
2.268912472117725
.0013753290999910376
9.06766864960707
22.94589250275678
2.808861791767383
2.661296316893103
.49985162694207286
21.929284020281585
3.5871705053567675
19.591094967034756
6.521689024101995
1.5404405608345597
10.826352741407922
5.026089695579186
.0013753290999910376
1.9264940092914082
5.501316399964144
2.2703707736280867
1.6585108888257976
9.44384656159653
.09906823297796583
8.153201322449577
1.3440893909626628
1.508399096562294
16.264021809110215
9.141445586869333
.4313488835263282
11.489716660586163
9.921729028204172
1.9961630289823915
3.9236139104096055
11.877972686859744
17.691906608337312
8.548950684566389
5.975806896745486
25.891063053829797
.0013753290999910376
1.710500625550321
22.753825250374113
5.808338959736451
26.06948924905044
27.48720220767585
2.9331193526711337
4.846622298010427
11.822128511887554
.03852988018582818
3.9882544539165656
5.5359841671575385
11.04676557937603
2.7411454617288076
4.940841680129186
12.118100419517713
14.667398321516151
14.182562083754254
6.5608128152082195
.41051431613675277
10.316214485126066
13.41734257270035
1.470807774075147
1.4839463536059274
23.514875066175193
15.930536948884058
7.166872806933328
.3962729319118633
.09106346418615205
.09632470046457049
2.052659200319095
4.319159263843516
1.8721335386992668
8.585345864100663
10.259541163329748
6.463366308774831
3.2260337675705237
23.922787934934988
6.415853869294851
9.349566729073006
14.2138690631702
6.638759996380349
9.126654987122105
.001019150165306199
19.38819316337728
3.3421883993177164
2.7386864331716647
.0001361178960343431
28.911541119281708
3.0022747953515596
.910791597276132
.64467820413571
1.190881956223638
.0013753290999910376
13.370047692856915
6.779919273205336
3.6534810994241846
9.368540576791652
.03852988018582818
5.716231832400613
.4127704449418581
5.107756189665343
4.504748621560166
.001019150165306199
2.5281359091559206
6.085621215082975
2.445631812343801
4.831938424378172
7.314506257870338
.5779482027874226
.38529880185828197
.17800271135234133
5.7407886461165
.0017107484115724057
1.4317402694426409
17.903031343724763
27.18881394610913
8.86702653525342
.1230712042708935
.12850247248621333
19.964656081504298
28.88056809877623
2.8369634689419714
11.894153028786128
35.69623050303393
.2075598783750322
8.292554444128976
8.292554444128976
8.292554444128976
8.292554444128976
8.292554444128976
8.292554444128976
8.292554444128976
8.292554444128976
