.2003020928341593
7.163120442831978
.043153343355019975
.5279530275911873
.0156874878460208
.6212697395165085
.003543503222403403
10.512783161909326
1088752258552485e-24
.5390450497086823
1.1590580181223669
.00016044704899906062
11.445043239193945
10.28627776605141
.6286062665766012
.04015558217918629
2.377468068686775
.37878380308135673
1.7047676929254767
.004336733657709117
40.56214426617924
4.689079744450025
.1073952093218072
6760173264756442e-22
.2922889395537168
2923365803902979e-22
119834388475037e-25
.10882031329169158
.0006600817787560031
9.68041488762207
6.54659301139628
.5681011664101127
7.040091435831641
140.54108316766732
163.08134652894842
6.242720663983175
2.453489599921275
4.146666853188742
8.6842545487416
21.60176452308466
15.710014687632778
.00026523795303754215
.258509459038596
.02363476464069333
45.666041468686714
47.23967989825419
33808141483403085e-25
2.807613000060579
1.7679957791154166
.24292529836223473
.436140792437089
7.325435622781618
4.537567587311938
17.057827997990064
7.53639287307243
.5641074249165742
.26513197927898846
1.04918013922905
.5694681222500927
9.129872776156489
.0005555185742869893
15.447065685417268
10.764939932470481
.6125419374125793
2.205115282796021
.3536556873686638
.1429520258065535
.10623073017407463
.34073989265347393
.01716355698374972
1.4392339840871418
.004268078385616151
.000982992627094777
.07748626363817625
.01633304368579629
7.684022152113489
4.885017391915709
.008606831164368788
.02544924155138005
.5234985891258375
7.167643220252918
1.7350812061249192
.19884856706911136
.02516300118870929
27376078686300837e-22
.2853091351257091
1.3009128751183192
.015685537075729446
2996062984899068e-22
1.5951493976188034
.9204461198104977
.1761034148629982
5.314824336679126
.005358664022762911
9837661578384426e-23
.4247677687315872
.003616014678901636
.9215151604934273
.930794966210728
1.6794593995874887
.0064280211269299985
1.0310953400990983
.03317699892053983
.1325468401927453
.00010645590214267569
6237038677910531e-20
.0012161271312360379
.13756431277455208
.6474477455619583
.0461620067038658
.001965912692494692
816637783787196e-19
.0004950156587639672
.10191195347239415
1794073744974706e-22
49637675256857096e-21
.3831374003302554
.00027986121588336734
.027494720571627194
.002434270963411267
29855590086437923e-22
67.67405718713535
235.41507315003528
10.852413694561935
20.058668721411486
53.67720229746936
.00020485570149206484
3.9637997224505783
1.6839305519770844
.004879605246705283
.007905820376426217
.8839587322654022
.046206569460462164
.0014730531734000562
.0015679116375904873
.31744637679343646
.31823423470309437
5.752069171582932
.339021612304232
2.260030048998184
.0013398302306289037
8.978018095410023
22.559163714505054
2.787983375851535
2.5926051139745203
.4902760803453938
21.3632632848473
3.519621632241313
19.26090774872474
6.270826667506835
1.5364175503176047
10.546911783139736
4.896360380968672
.0013398302306289037
1.9214627826038744
5.359320922515608
2.264441479287288
1.636966898164037
9.284680500099347
.09900348795127539
8.015787723591982
1.3214361835789643
1.4503772328010531
15.989908895629894
8.905494073394161
.42021525909716206
11.193153495635507
9.665637477010348
1.9897168760034794
3.8501394588363222
11.57138817505048
17.235257591414356
8.328292164698873
5.821564258847191
25.2227841197182
.0013398302306289037
1.6882812902706585
22.370333552846482
5.738794135736894
25.39660492398554
26.777725035770448
2.857412075972998
4.721525249016263
11.516985404228024
.0384292556520775
3.8853128933522942
5.393093873669203
10.761635505287623
2.7173838341741594
4.85756901092835
11.651967303163612
14.288815437680366
13.943529976012256
6.475588116970347
.4078393183713286
10.04994079810699
13.071025104991431
1.466966616360942
1.4456439445698537
22.907928352078553
15.317755194640021
7.046082733683982
.39601395180510157
.09047007546952422
.0960731391301938
1.9737019053030718
4.153019101773033
1.8672442796737503
8.255103178855585
9.994730281719779
6.3544330946791385
3.1019416143879006
23.00257739813921
6.307721427195487
9.108243362970974
13.974309309348982
6.4674057555374835
8.972834854671937
.0010019734654489994
19.061425640712272
3.2559225671094167
2.6925287652764327
.0001358694459855211
28.165300076859186
2.951674623949836
.8872829898249807
.6429945642334443
1.1708108983719598
.0013398302306289037
13.024950961887345
6.665650893160573
3.5919055334133545
9.210643718148452
.0384292556520775
5.619890780962118
.4021163519675756
5.021670352660867
4.428825840365872
.0010019734654489994
2.4308889951095964
5.851532580418058
2.4044132706294623
4.707220383515085
7.191227978700067
.5764388347811625
.3842925565207752
.17753783993956246
5.703380457908471
.0016449430080208967
1.3766671531537165
17.60129465526256
26.142972920212095
8.717582166202945
.11989459104960604
.12551346245051628
19.449344714863493
28.13512650661524
2.7637380892348355
11.587150883230668
34.77486860982882
.20734500964113725
8.184834490820174
8.184834490820174
8.184834490820174
8.184834490820174
8.184834490820174
8.184834490820174
8.184834490820174
8.184834490820174
