.2003020928341593
7.163120546697026
.04315677366370456
.527953061361785
.015687513444983446
.6212695215074607
.0035435031740053764
10.512787514633557
1088886317967269e-24
.5390661915505249
1.1590580579049672
.00016044473042940791
11.444944950134897
10.286246883393625
.628600281168959
.04013464833084826
2.373775230665731
.37803654079846527
1.7015817017022756
.004336742462157344
40.562407870283046
4.689135056906265
.10727774841231083
6760849626280567e-22
.2922964986243006
29233660565424174e-23
11985761275219643e-27
.10882031354656188
.0006597308316507945
9.680607387468795
6.54659061193151
.5681012318467942
7.040092077154992
140.54107855147316
163.0813813099156
6.2427070997755285
2.4534906304737785
4.1466671739249685
8.684221273721446
21.601768777101135
15.709979424806932
.00026523787878024484
.25850945903524186
.023637161666246895
45.666040967160754
47.24107489822288
3380937357088444e-24
2.8075846566071014
1.7679842401815333
.2429464460255079
.43556387644192857
7.324883525524284
4.571649594061489
17.175791039835584
7.536113363775463
.5640939675320673
.2649953296723596
1.0492207050639615
.5694687314303495
9.129398765965481
.0005555069942710017
15.447065634967055
10.764959532059041
.6115595802203986
2.20535426081216
.3537022649281583
.14287761396719242
.10623008490512381
.340562346784801
.017163499358905147
1.4392365889379037
.004265850694026195
.0009824988151553244
.07736147114656251
.016324531673181746
7.683909985028143
4.885017683664377
.008602339337642217
.025435289454262464
.52356478260102
7.168431024010402
1.7351136113558931
.19887155799155107
.025167838361433985
27378699357512216e-22
.28534558692244777
1.3009063977711808
.015687499625573368
29964134071957274e-23
1.5953091212185349
.920445937184911
.176126844320025
5.306892539780679
.005359343931842269
983889440385337e-22
.42482237522780936
.0036168054310265407
.9215889587447386
.9307991026706334
1.6794551455646882
.006429009861425249
1.0310928068113503
.03318064449454919
.13256269552590685
.00010645605652154806
6233720937928824e-20
.0012154802684053547
.13758051470868085
.647448371579593
.046170223260843
.00196486599146382
8161981108654495e-20
.0004947831160527441
.10192073608163424
17931320495845218e-23
49617412078887604e-21
.3823879569931502
.00027974355616187496
.02749822949731053
.002434249099715175
2983962983939868e-21
67.67405716047791
235.41507305730315
10.85241369028707
20.05866871351019
53.67720227632541
.00020488022478592976
3.9617442757192616
1.6830653216976768
.004877005140165464
.007901607554977805
.8826090162311185
.04613511333191019
.001472281682682205
.0015670905054831373
.31744637679343646
.31823423468873113
5.752069171580787
.3390216122889305
2.2600300489981193
.0013398302301011323
8.978018095382673
22.559163713486864
2.787983375849517
2.5926051129532697
.4902760803030264
21.363263276432114
3.519621631962545
19.260907747855413
6.270826648426723
1.536417550317599
10.54691177898521
4.896360379039951
.0013398302301011323
1.9214627826038673
5.359320920404523
2.2644414792872793
1.6369668981442544
9.28468049968029
.09900348795127539
8.015787723230195
1.3214361835193222
1.450377228388021
15.989908894908199
8.905494069886206
.4202152589316354
11.193153491226422
9.665637473202965
1.9897168760034578
3.850139458539864
11.571388170492405
17.23525758462523
8.328292161418283
5.821564256554024
25.222784109782715
.0013398302301011323
1.688281290250256
22.37033355183681
5.738794135690948
25.396604913981584
26.77772502522246
2.8574120748474376
4.7215252471564115
11.516985399691379
.03842925565207736
3.885312891821834
5.3930938715448145
10.761635501048517
2.717383834169893
4.857569010709106
11.651967267710418
14.288815432051871
13.943529975382926
6.475588116892091
.40783931837117643
10.049940794148226
13.071025099842636
1.4669666163609367
1.4456439440004014
22.907928343054913
15.317755148033012
7.046082733365963
.39601395180510157
.09047007546949047
.09607313913019344
1.9737018992977309
4.15301908913673
1.8672442796737432
8.255103153737956
9.994730277782763
6.354433094392336
3.101941604949688
23.002577328149755
6.307721426910793
9.108243359383154
13.974309308718261
6.467405752989913
8.972834854266955
.001001973465403776
19.061425639851947
3.255922565826879
2.6925287651549077
.00013586944598552103
28.16530006576462
2.9516746238166145
.8872829894754718
.6429945642334419
1.1708108983191163
.0013398302301011323
13.0249509567567
6.665650892859725
3.5919055332512366
9.210643717732736
.03842925565207736
5.619890780708468
.4021163518091783
5.021670352434218
4.42882584016598
.001001973465403776
2.430888987713182
5.851532562613723
2.404413270520941
4.707220381660868
7.191227978375497
.5764388347811604
.38429255652077376
.1775378399395618
5.703380457906344
.0016449430030158634
1.3766671489649605
17.60129465446814
26.142972840667426
8.717582165809484
.11989459100237847
.12551346242142394
19.44934470720222
28.135126495532557
2.763738088146174
11.587150878666383
34.77486859613068
.20734500964113725
8.184834490721261
8.184834490721261
8.184834490721261
8.184834490721261
8.184834490721261
8.184834490721261
8.184834490721261
8.184834490721261
