.2068396266822682
7.162207209577087
.04272937524705297
.5258689249062282
.015553563045104562
.6199620712854748
.003506419674029247
10.41484538563817
1057224734820852e-24
.5379770430503311
1.1415249793408981
.00015866355045642325
11.307942306120081
10.166871981175609
.5843142089300492
.03906217532795773
2.3423059221162625
.36735986917168856
1.6586252811095699
.0042081447356507465
38.39904451976282
4.634368233544171
.10578388720320543
6606819685018791e-22
.29073390809979166
22888358403207386e-23
11820577445691725e-27
.10792503023721739
.0006573650606290457
9.577354689909418
6.502883766464956
.5596129281663051
6.936275920113363
139.04080433871408
162.2247905478728
6.162330988276743
2.410813980432528
4.087632974398511
8.532122607592866
21.240472451218572
15.421887623446205
.0002630585164474204
.25678694678748487
.023660356640877685
45.39298467262771
47.01053337794663
33098619983361624e-25
2.8518829451860626
1.64751107231799
.24034180052256604
.4317487535528169
7.187649284182379
4.030547040066598
15.381101931813593
7.5034069265880925
.5227196071907084
.25788726193933753
1.0467606874430273
.5657179837184333
8.595447156368875
.0005570521374857016
15.240789551328255
10.70227780875958
.603658472858021
2.1722799337040444
.35056369513241625
.13898258285114964
.09916288095558938
.3389795572594144
.01660498977388413
1.4566086449262012
.004150758233680352
.0009554444765258467
.07626004616916938
.015848501129140893
7.495837782211929
4.838264687330256
.008369061005440354
.02477828243535588
.5185227156893317
7.061938870530735
1.7237992131958284
.20131023243808946
.02521730267482132
2549453048843527e-21
.2820284003067032
1.1907524576717905
.015186006403854578
30140553113271205e-23
1.58539316803767
.9122909590454252
.17364141851757073
5.239349931765308
.0053151993925839285
9810377275383806e-23
.421114927170014
.003605044927788879
.9203609889753882
.9255472403534105
1.6760514352298794
.006550619766382697
1.0132692619932286
.03290256076133007
.1311718717160474
.00010548927631588179
6230740412203915e-20
.0012184947187340095
.1365410938817567
.6390687490868401
.04346161259074456
.002012796223312179
7991917859815942e-20
.0005084603438534726
.10500126400840165
17352008109851717e-23
4943057093818261e-20
.3678353915411162
.00027896091919945106
.02723466773384172
.002239871419003092
30253559794034705e-22
66.7949738373421
232.35704057893804
10.711441266123416
19.798107401092658
52.97993754396557
.00020418758245890577
3.905948939315606
1.6621903504561817
.004848739750295914
.007858261139721734
.8783464588098584
.045959523397540475
.0014686280487853128
.0015638808144918758
.3173633749891217
.3155410879407897
5.733297694633079
.3361525465094086
2.2556018859245084
.0013224258884592217
8.933525753158898
22.368250443421243
2.7776024365715735
2.5589272751834824
.48555731695899695
21.085755332294266
3.4863256999085284
19.09790689688074
6.149037623965967
1.534409986707104
10.40990781255381
4.832756851574912
.0013224258884592217
1.9189520987337965
5.289703553836881
2.261482641495448
1.6263000769787326
9.206106278657694
.09897113130720177
7.947951864338014
1.3102531580232186
1.422208688951551
15.854589792039453
8.789812054508324
.4147566793554468
11.047754870539274
9.540081225111907
1.986501609862971
3.813919816497953
11.421076296296814
17.01137227098627
8.220107975978587
5.745942367351126
24.89514114282736
.0013224258884592217
1.67728009369545
22.181018310142527
5.704334604292822
25.06670402166167
26.42988343733939
2.82029440512699
4.660192821132396
11.367380215334554
.03837904197467595
3.8348428311859557
5.323037795679012
10.621842281968943
2.705580374003929
4.8164604662532025
11.425668279372228
14.103204285318107
13.825528929880214
6.433391820520568
.406508363173176
9.919392461133581
12.90123300130902
1.4650498009768578
1.426865086404359
22.61035526085864
15.020260964092252
6.986453275782145
.39588452522880707
.09017483268198655
.09594760493668991
1.935369596019642
4.072361119814652
1.8648044405382145
8.094776451010668
9.864899127189789
6.300656916477622
3.041697164594151
22.55583216838978
6.254340559624716
8.989927638762042
13.856047784447268
6.383394408318733
8.896899714758094
.0009934939830422533
18.900112962341602
3.2136282606065976
2.66974248292255
.00013574539106976074
27.799433933042348
2.9266952468432716
.8757572185718542
.6421543938717883
1.1609025816782412
.0013224258884592217
12.855757359517582
6.6092409467627045
3.561508022074445
9.132696053808012
.03837904197467595
5.5723308737906745
.3968928763199312
4.979173054203184
4.3913456554199595
.0009934939830422533
2.3836774133890435
5.737886869253683
2.3840652467247447
4.646073775273275
7.130370188318401
.5756856296201391
.38379041974675965
.1773058597028905
5.684767873183172
.0016129956992770318
1.3499301717720606
17.452338746237196
25.635236406976063
8.643807173993391
.11833716501217295
.12404513138097412
19.196698489502026
27.76965231629295
2.727837239804197
11.436634247515695
34.323144429887684
.20723765870169628
8.131500384893652
8.131500384893652
8.131500384893652
8.131500384893652
8.131500384893652
8.131500384893652
8.131500384893652
8.131500384893652
