1464333800547357e-20
7.165916486081432
.11080383453259839
.500073040584967
.018427712705698814
.5733876758251327
.0044735881679781484
37.81384427989584
14468342980037762e-24
.6785247356365008
1.860014833661803
.014302576533599018
89.00106448052688
1.2570016944012685
.301303472402547
1.8012933640460225
12.152462961603806
66.41120481013353
21.62793816398228
.007229803311448638
63.47439649460536
7.026234185826829
47.42592595343632
4243469818853263e-21
.28621933939213545
11505916959855422e-21
8241781759542051e-29
.13282887587630204
6.636868509824795
14.523371935801858
5.7873609685186125
.5221768779067364
10.637688092694614
211.67681345281184
79.65376781867275
1.1335263648649647
11.040946500057515
6.266313488106352
1.0340148935753237
33.083275770065484
5.448120528999534
.00027002483762148167
.317412160959203
.0343929258884232
46.4368901221767
266.2417654542552
17889025564230546e-23
19.798449108132996
.5527716193402752
2302073313038162e-21
.9498828145490372
.004049570501982837
36.27961977793346
107.50455025692396
.005340382707245943
.004143392609436913
1.9162648597302367
.00013651922464978455
1694967602352299e-20
.013644268558870841
4004740201594298e-22
23.692539502902516
.027104040024750933
3.50691567827568
10.115785506961307
.004893134104504627
4.906512199656104
.0010591702849047952
.011194241097943005
6515151187451621e-32
1659760096757015e-21
8.034283204100579
2.3329220710515464
.4548531439718981
.9934912583006377
153.16901079229035
.4337360028831597
1.3139975555148806
1.5097266598986545
2.5071051393469475
33.62083613219791
2.2573726789585202
10.30959892621754
.18300952129451112
32062644789756655e-21
1.9191606384169266
16.094124690113997
.00012791596335810077
4805293913823206e-20
24.331083189178077
.010074525154969276
.32297875412867944
23.888769256266748
.03798509601097574
3101486270285058e-25
7.507256881684554
.02025700343091951
1.2413089254458591
3.538739658623493
.0025595659377226315
.2102025438245495
1.936524163626844
.10448532654308955
.6757355397784202
.00012397822343163497
.7767271868831115
12.248796953377582
.5419505920613965
.8318521183796059
.8521719324186451
.004338942779959698
.0009073894997672178
.00019168104002312378
.9418030700179336
.00035248101240699506
.5162463573679825
10.162163550206106
16.147747060840512
.10080586110516737
.011063617749485617
32105504783174175e-21
101.01589547858906
351.4000107552133
16.199210347753052
29.941228104570108
80.12303210771567
.0006958108854952593
1802.194539705447
449.0101688960642
198.4356239215566
428.76034206409304
3590.7324146359615
1014.7777030762724
.0009564407213988585
.0012341174220945733
.3199998125653287
.41288182176026156
6.357933302408989
.43985167414457116
2.3999894568199234
.0019999414275104453
10.45397259763501
29.26859399813741
3.1255345569272657
3.8699368428037877
.659356675227952
31.888573860677944
4.709386008411083
24.98938773029641
11.436051885406435
1.5992118760539857
15.743192924896354
7.3087125115273714
.0019999414275104453
1.9999941426734225
7.999765710041779
2.356990588630605
1.9999707135396074
12.046082354777251
.09999992678333693
10.399802023965009
1.7144509273964197
2.6450403060366483
20.745545245211424
13.293077079974305
.6272480542150262
16.707826759437413
14.427730000163445
2.0907843111397413
5.143236585798529
17.272411127957024
25.72677111092188
12.431497767275843
8.689748348727456
37.64961390257559
.0019999414275104453
2.06266427289712
29.02360294234601
6.901686590108342
37.90907321277058
39.970647332224495
4.265209618030949
7.047739131928569
17.191205052252883
.03999988285346845
5.799539401800473
8.05017801049395
16.06370731364191
3.1050659745065534
6.302282167817267
21.24959111635228
21.3286678346212
18.090542846956556
7.9115751218983945
.450796940536664
15.001372925230335
19.51089325341688
1.5269224399149808
2.157887729416109
34.1942687084005
27.934856512866013
9.141692370310787
.3999997071333477
.09999926783579498
.09999970713367112
3.5994229456744735
7.573824704015191
1.9435596963409112
15.054759647871144
14.918961141682793
8.24433585793373
5.656983860111268
41.94959972124131
8.183731446890071
13.595717440188164
18.13047641108893
9.653784788053049
11.641489183611363
.0012999752529956267
24.73057668112825
4.860059340258191
3.4933268030902798
.0001397255009201082
42.041856613082594
3.829546488349859
1.3244319830306914
.6692741456563803
1.5190274456410735
.0019999414275104453
19.442119176355167
8.648114451148617
4.660191577471571
11.950025934456335
.03999988285346845
7.291329752445323
.6002321283658734
6.5151896854231
5.746024411657682
.0012999752529956267
4.43319105274991
10.671388916800113
3.1195214819305814
7.026386506441565
9.330005966545926
.5999982428020267
.3999988285346845
.1847939201303892
6.304116217654222
.002999868212868762
2.510615876847391
22.836181058220056
47.676711637316984
11.310320555187085
.17896458379057387
.17999525562136012
29.031700691608332
41.996817046302205
4.1253840770967205
17.29593985001351
51.907845321854055
.21066095889242595
9.999853567698032
9.999853567698032
9.999853567698032
9.999853567698032
9.999853567698032
9.999853567698032
9.999853567698032
9.999853567698032
