32758002133371686e-21
7.165906012899561
.11132262393823884
.5001434069764635
.01897905679015612
.5784917041851684
.004473713811825199
37.80639035172705
14708845827993579e-24
.6795325201274902
1.8599339560564525
.014961569627754934
88.99771652525362
1.314102913639064
.3144444683454539
1.8501156774682355
12.213345559767296
66.91135442165869
21.626898513228316
.007229527709228951
63.47364924105323
7.029024080239725
47.18826099678367
4278200350113964e-21
.2865952599624051
3530091579012317e-20
18758162933125754e-29
.13283144539340971
6.556307486426918
14.533539241648224
5.788009053146343
.522533003022013
10.637050853987217
211.66305476794616
79.73312306092055
1.1829494236932292
11.038509714985027
6.265926706707299
1.0818922909415571
33.08028313555138
5.691140166050172
.00027004039262271595
.31740625507605214
.03454069290550415
46.454237852016426
266.2287426625477
1788852874184576e-22
19.807288885859002
.7407688434463542
72130987890019085e-22
.951817204937404
.009057275190651488
36.277893610617106
107.78581556434126
.0119673401351379
.009274966683237401
1.986038885415509
.0001367577841649568
16972835740882182e-21
.030578983501594353
897038263139796e-21
23.690798445487935
.03735491814960107
3.527799097367301
10.216437913239764
.006881674807668175
5.062579855419803
.001459460506002614
.025670634803031236
365144786353264e-29
5097970979896937e-21
7.869254150423546
2.266906418270029
.45666815443168
1.0217017320368966
153.15496561735984
.44988747577469507
1.332727976615499
1.5435167576147573
2.540159827591254
33.967518356429785
2.2543289865634093
10.488438991774665
.18686955639445976
3230274150787425e-20
1.9552103546208734
16.091450285605163
.00015953410431399914
4116234404722521e-20
24.386028375500572
.012511099773861865
.2540433977363688
23.98787806257668
.038674057898368745
6893226843937572e-25
7.653144220759112
.020654711020197333
1.2730347297983342
3.5395840754394516
.0057004606980637475
.21381593088628345
1.9364519351930671
.10513994236156053
.6852083917795708
.00012397888023163035
.7645259877883422
12.05114105124815
.5492331031873404
.8318560578152182
.870759634553423
.009584418191406896
.0019893159496758546
.0004276692166660909
.9489704970519037
.0003448334580483662
.5224394718524596
10.171738884773019
15.935737264128033
.10257313510995282
.011065684818767237
6905564158781412e-20
101.01223580684622
351.3872799994872
16.198623471874903
29.940143373638204
80.12012935666677
.0007088578309738718
1398.589118661823
330.18669570524685
163.72452508447574
354.24255048540243
210.97973534928698
46.31718965827225
.00204097287206075
.0026178376438381417
.31999958069784773
.4128720988945597
6.357875716756612
.4398413161715846
2.3999764143544855
.0019998689722884734
10.45382869198646
29.26790475827813
3.1255022500737355
3.869796640131296
.6593390060305231
31.887418579995387
4.709261976773163
24.988799260550188
11.435430421576285
1.5992060822272802
15.74262256992384
7.30844772657914
.0019998689722884734
1.999986896842118
7.99947588915389
2.3569820494275002
1.9999344850699972
12.045798684160632
.09999983621012362
10.39955712125175
1.7144105541582653
2.6448965678920544
20.74505671280409
13.292595489445064
.6272253298510151
16.70722145706212
14.427207302665742
2.0907749419642787
5.143101886393419
17.27178537143983
25.725839064169996
12.431047390620916
8.689433530684875
37.64824990706305
.0019998689722884734
2.0626269087650253
29.022919471728716
6.901571413618864
37.90769981739178
39.969199248753156
4.265055095150738
7.047483801699305
17.190582237723977
.03999973793684236
5.799329292189805
8.049886363235364
16.063125346858737
3.1050285214013353
6.302133756722607
21.248436360111523
21.327895125310288
18.09011683663277
7.911431807670374
.4507928575375706
15.00082944541126
19.51018639966501
1.526916907987572
2.157809552009374
34.19302989545561
27.933338462484876
9.141477094552643
.3999993448404945
.09999836211332172
.09999934484210588
3.5992273439762132
7.573413123326627
1.9435526549674447
15.053941534357275
14.918420647533196
8.244141713832144
5.656676445376531
41.94732007445611
8.183538729948797
13.595224885400585
18.13004946037818
9.653435044250518
11.641215040672783
.0012999446401564694
24.729994306068054
4.859883266762511
3.493244539484644
.00013972514726333875
42.040333492449605
3.8294563071787757
1.3243840006188081
.6692717209255009
1.518991674388688
.0019998689722884734
19.441414814196776
8.647910798551308
4.6600818356169675
11.949744525851811
.03999973793684236
7.291158050480657
.6002103827529782
6.515036260614849
5.745889099757932
.0012999446401564694
4.4329501419951285
10.67080900667941
3.1194480209864937
7.026131949789564
9.329786256231186
.5999960690526354
.3999973793684235
.18479325063564278
6.304059119438844
.002999705192483038
2.510479443664462
22.835643293877155
47.67412076486206
11.3100542108677
.17895810014137029
.17998938672056125
29.030648911646733
41.99529555739291
4.1252346199101675
17.295313241081967
51.90596476955229
.21066065660172137
9.999672425349981
9.999672425349981
9.999672425349981
9.999672425349981
9.999672425349981
9.999672425349981
9.999672425349981
9.999672425349981
