4322015591849008e-20
7.165899948808081
.11155406120415542
.5001846868901116
.018996838739351204
.5810476545862109
.004473786182452589
37.8020550366495
14818187593538597e-24
.6798243109545324
1.859887246606997
.015340900190587849
88.99578293490985
1.3469402237024035
.32202226077003376
1.8828127709507234
12.248691878256398
67.13479436785214
21.626297488750286
.007229368538973301
63.47321764895361
7.029765496608747
47.11859222416327
4293803662172733e-21
.28673306722621644
53833069616902315e-21
24936393483529704e-29
.1328329243000575
6.530633764423114
14.536356094141436
5.788383360116756
.5227383389737048
10.636683592987909
211.65510977814913
79.77890424994894
1.2112931062554428
11.037093973364385
6.265703738098978
1.1094615889777917
33.078560055263694
5.830716239077255
.0002700493830848434
.3174028441748146
.034584001826498775
46.46422641295517
266.22122074909515
17888244382090875e-23
19.812389447435613
.8445804398400873
11102705321323714e-21
.9530783575851158
.011948468815645699
36.276896531698256
107.86694966282678
.015797786640403665
.012236018485333414
2.026767313907803
.0001368963224418387
169861348061262e-19
.04036910780505279
11838609420068967e-22
23.689974234722737
.04326933771064161
3.539941166960828
10.261700111727723
.008044243376063855
5.158471335693554
.001690341786356635
.03442053318936132
14685093707682898e-30
7779310002360646e-21
7.817644397599785
2.2465744516977364
.4579643624214838
1.0398965655467582
153.1468577347332
.4591630195286859
1.3505547137961813
1.5681616286049593
2.5549565914869308
34.123898258615334
2.2535047592877273
10.569691044118969
.18855175009498001
3240974215740907e-20
1.9716327581397939
16.08990578403441
.00017780724665881817
37565152882253234e-21
24.401782423382972
.013921166303054627
.21825370286883572
24.04533929190075
.03898725122337171
9036562729564575e-25
7.7192439836765026
.020822907790056557
1.275113767733401
3.539561774459338
.007506743453108562
.21541155089243708
1.9364098697194734
.10541652367530928
.6894917543801693
.00012397925837287743
.760658997024522
11.988700709031946
.5525283843483952
.8318583376397838
.8789471986479884
.012590899955674454
.0026068937464680344
.000563809023520854
.9521759645202539
.00034246591572554977
.5254461176656942
10.174389222030882
15.88869994943754
.10338048189460373
.011066900385174562
899678454561586e-19
101.01012221786861
351.37992754088714
16.19828453044123
29.939516903423808
80.11845291597679
.0007149425095816309
1199.4997567298083
275.86806306369215
147.33142108556333
319.52185932874244
27.283746693435106
5.8862223351256775
.002634993569896854
.003373362891479923
.3199994467824827
.4128664835419366
6.357842458306853
.43983533401852765
2.3999688816896083
.001999827126852792
10.453745579947096
29.26750669406842
3.1254835913499646
3.869715668163308
.6593288013724616
31.88675136482193
4.70919034358673
24.988459395202415
11.435071509513795
1.5992027360027876
15.742293169893472
7.308294803970953
.001999827126852792
1.9999827120123996
7.999308507411165
2.356977117610926
1.999913561557307
12.045634852776965
.09999978389945406
10.39941567991794
1.714387236961903
2.644813555250881
20.744774565357115
13.292317353998543
.6272122057326046
16.706871873679113
14.426905426501051
2.09076953080085
5.143024092139607
17.27142397507143
25.725300774432604
12.430787282283198
8.689251712207287
37.64746215174416
.001999827126852792
2.062605329357988
29.022524739492212
6.901504894125314
37.90690663331996
39.96836292968447
4.264965852759794
7.047336339523419
17.190222540457142
.039999654240247984
5.799207946509536
8.049717926699408
16.062789240599848
3.10500689050519
6.302048043245196
21.247769457350763
21.32744885854179
18.089870798246295
7.91134903748712
.45079049941163796
15.000515566725996
19.509778166795044
1.5269137130230128
2.157764401811
34.19231443746657
27.932461747595255
9.141352763997201
.39999913559781625
.09999783901556855
.09999913560061996
3.5991143787390714
7.5731754244185865
1.9435485882223458
15.053469051817878
14.918108493176923
8.24402958767268
5.656498905106073
41.94600351717677
8.183427428032788
13.594940417709752
18.129802878879776
9.653233054919795
11.641056711912885
.0012999269599897432
24.729657960650748
4.859781578134167
3.4931970288876806
.00013972494300870306
42.039453836784375
3.8294042238639254
1.3243562890905614
.6692703205222323
1.5189710150273357
.001999827126852792
19.441008020309557
8.647793180846655
4.660018455207321
11.949582000872647
.039999654240247984
7.291058885573184
.6001978238977158
6.514947651512772
5.74581095160136
.0012999269599897432
4.432811009560256
10.670474093000797
3.1194055942866163
7.025984934381721
9.32965936453793
.5999948136037199
.39999654240247984
.184792863968966
6.304026142507108
.0029996110438294406
2.5104006498349563
22.83533271297373
47.6726244663949
11.309900386129359
.17895435560621678
.17998599721451833
29.030041471775093
41.99441684410544
4.125148303135243
17.294951352414337
51.904878684543554
.21066048201342993
9.999567807786532
9.999567807786532
9.999567807786532
9.999567807786532
9.999567807786532
9.999567807786532
9.999567807786532
9.999567807786532
