45312586675513755e-21
7.165898734641186
.1115952575279606
.5001929899615567
.018997320024905538
.5815287819337623
.004473800642899128
37.80118531979032
1483779356498805e-23
.6798753899278428
1.8598779049014773
.015416655636967405
88.99539621917616
1.3534953665616634
.323534530567097
1.8894370226953412
12.255772114572618
67.17456811726778
21.626177242891263
.007229336705285242
63.47313132884202
7.029891965806245
47.106314595596054
4296589255573057e-21
.28675863769197807
5795861350675539e-20
2617891710090814e-28
.1328332197534925
6.526013608362213
14.536842856463805
5.788458219523548
.5227793759294119
10.636610208851367
211.65352090621138
79.7880560507896
1.2169443977703824
11.036810093217303
6.265659180976999
1.1149682884323457
33.07821590791171
5.858563540492582
.00027005118148078623
.31740216199906574
.034591609083441
46.46622144056986
266.2197163154848
17888187107680602e-23
19.81340910498933
.8649455553664523
11973485518514475e-21
.9533345383474513
.012526613260459533
36.276697110030106
107.88113684769374
.01656398697207032
.012827871595506406
2.034908232449475
.00013692408734991484
16988795980608168e-21
.04232756539901912
12412165669657383e-22
23.689814361100296
.0444518117850093
3.5423749345566344
10.269780969059125
.008277545277105777
5.1777328499100355
.0017364956432531315
.036204390464814086
18626915186893876e-30
8376565080260488e-21
7.8084035591405305
2.2429489548978863
.45823075331150454
1.0435679228118022
153.1452363873281
.4610133586833421
1.3542618659369148
1.5731892435940305
2.557602559336984
34.151824010970245
2.2533614788985585
10.584251136425308
.188853048288171
3242879585835157e-20
1.9745788514619944
16.089596892637783
.00018146235314299105
36877742308971404e-21
24.403743182645673
.014203323709563476
.21149727369966734
24.056842500789084
.03904338028944738
9459958407744976e-25
7.731064195107848
.0208530259912005
1.2753469582905521
3.5395444979053696
.007867438432534523
.21569825653142397
1.9364014331843782
.10546561212847334
.690257976593202
.00012397933385350967
.7599641658344201
11.977490524155396
.5531181769232886
.8318587937965332
.8804152354208249
.013190253584400303
.0027297671810809793
.0005910204094938539
.9527469164680836
.0003420431187255502
.5259827490746161
10.174847038832578
15.880121724058993
.10352558738293088
.011067145116573043
9411074257444371e-20
101.00969950538011
351.3784570676284
16.198216743005545
29.93939161095394
80.11811763204817
.0007160482551541917
1162.1474764193565
265.9777196268232
144.2730138615744
313.03610400782003
22.45041458169292
4.8367226288833285
.002750913615486056
.003520571450676941
.3199994199994165
.4128653604805767
6.3578358066377785
.43983413759767964
2.3999673751594703
.001999818757870726
10.453728957618516
29.267427081876153
3.125479859618577
3.8696994739730233
.659326760459802
31.886617923462552
4.709176017080199
24.988391422687553
11.434999728453086
1.5992020667587294
15.74222729071449
7.30826421983329
.001999818757870726
1.999981875047507
7.999275031482899
2.3569761312488495
1.9999093768810374
12.04560208676762
.09999977343732343
10.399387391882023
1.7143825735606861
2.644796953035301
20.74471813632821
13.29226172760761
.6272095809418758
16.706801957880284
14.426845052026094
2.0907684485698446
5.1430085334300495
17.27135169670518
25.72519311783672
12.430735261268762
8.689215348968299
37.64730460265836
.001999818757870726
2.0626010135036728
29.02244579368915
6.90149159030354
37.90674799849721
39.96819566797065
4.264948004505684
7.047306847458505
17.190150601906943
.039999637500950126
5.799183677678169
8.049684239815145
16.062722020192002
3.1050025643440433
6.302030900689605
21.247636079310396
21.327359606308622
18.08982159097056
7.911332483554383
.4507900277879317
15.000452791777063
19.509696521246084
1.5269130740309034
2.1577553718846927
34.19217134766521
27.93228640791935
9.141327898089033
.3999990937492937
.09999773439634628
.09999909375237531
3.5990917861171097
7.573127885532235
1.943547774874347
15.053374557089532
14.91804606308946
8.244007162623786
5.656463397720659
41.94574021067952
8.183405167831241
13.594883524885857
18.12975356298254
9.653192657560826
11.641025046419312
.0012999234239852535
24.729590692116233
4.859761240663829
3.4931875268458294
.00013972490215781176
42.03927790786006
3.82939380728596
1.324350746854493
.6692700404419303
1.5189668831887835
.001999818757870726
19.440926662553533
8.647769657497687
4.660005779228833
11.94954949614207
.039999637500950126
7.291039052753535
.6001953121581974
6.514929929836975
5.74579532209759
.0012999234239852535
4.432783183597302
10.670407111526476
3.1193971090158845
7.025955531669294
9.329633986406376
.599994562514252
.39999637500950125
.18479278663572773
6.304019547141461
.0029995922144533177
2.5103848913658204
22.835270597299942
47.67232521233706
11.309869621432748
.17895360670858826
.1799853193209694
29.02991998532599
41.9942411036543
4.125131039996992
17.29487897558948
51.90466147026886
.210660447095789
9.999546884405184
9.999546884405184
9.999546884405184
9.999546884405184
9.999546884405184
9.999546884405184
9.999546884405184
9.999546884405184
