.27221496516335725
7.145548262042335
.03855527136975831
.5051874538912288
.014271265517941674
.6069673513611358
.003144872803250146
9.405909752571853
8596947243045227e-25
.5175384646393649
.9807597234036783
.00014586764744090055
10.130408746126884
9.150201314932952
.2582026473235824
.02942887834088169
2.0394202645021857
.3165803918594466
1.4597453541239862
.002371495257571469
13.940388486990686
4.0917485152918545
.09073943594092182
562345331798503e-21
.2714735163971689
3039067332167319e-23
10572700569140898e-27
.09932608147900099
.0006498788762105666
8.512100946288644
6.021029000346788
.4767112448329168
5.97492218114893
124.5171691005782
151.2559091203767
5.455678238513417
2.006504524929553
3.537868285603092
7.251835633181669
17.92860734764575
12.852156369580776
.00024033762862800054
.24019195848187516
.022758657036696304
42.752399982854676
44.9302925307301
29571228904386275e-25
3.4401165248231944
.7317830219091309
.21250991035177597
.3892886310161695
5.9369125322553264
2.847637560385388
11.366610374153213
7.176254665693509
.22402407318783318
.19420622860197922
1.0291586843215734
.5293567636159089
4.203007530486068
.0005649177232540437
13.334592004938367
9.982370092474058
.5269001867712347
1.8596613799254431
.3158101705151138
.10432699234980104
.04516254463457313
.31650847808555627
.010544305978283767
1.5929590330471322
.00312690721495334
.0007162073805099646
.06580415843060294
.011667104426174095
5.361181545417287
4.382700202148743
.0062887722247001255
.01880269460857142
.46629483312326364
6.05373086217044
1.5991990152889184
.23400818062817078
.024577339470808708
12290989636998868e-22
.24968563303008015
.5070011198315517
.00950241473634088
29399326722128137e-23
1.4845504868908947
.8314880035396367
.14978263836222075
4.586037842355292
.004845810838109378
9319638666722255e-23
.38476809709773996
.0033124900095200865
.8741220006425791
.8781919490803628
1.6236558810417774
.007944231913791046
.8509242940800634
.02978350030322574
.11726602062780142
9635381815390685e-20
6365990724832968e-20
.0012747674334442347
.12517961809094363
.560328556880163
.020616394796445305
.002564739580302141
5780108500203508e-20
.0006486839997549754
.14113063991044003
1240171375171107e-22
48579922713083807e-21
.2567134974816491
.0002763002168307113
.024612684288701468
.0008973537438202884
34534922345902376e-22
58.608348857589576
203.87855120551373
9.398609662177583
17.37158230062176
46.48653160028843
.00019606838451099892
3.3587120063457285
1.4543921098948227
.004192310629437874
.006821528932185796
.8088204939222463
.042788358186349636
.0013958353654545377
.0014938344859166512
.3165345496337409
.2898318608378707
5.548919420753406
.3087639670510763
2.2117946559763997
.0011603447588416631
8.500550795102383
20.54576059178964
2.6758953870409754
2.245296222592584
.4407968473355468
18.501411609955614
3.1702079346377716
17.54187364363151
5.053947227959381
1.5144780618489222
9.134033200450437
4.240437314800801
.0011603447588416631
1.894024987094948
4.641379035366647
2.2321060716941123
1.5233809969775054
8.456023686890655
.09864814591631699
7.3003794647598115
1.2034981353357874
1.1689256271732678
14.5628111135567
7.712502029535476
.36392265402894447
9.693703498147295
8.3708155935906
1.9546333301141035
3.469944543263225
10.021269347788797
14.926399148417758
7.2126228700440524
5.041699628498863
21.843905808105283
.0011603447588416631
1.571134784726271
20.373783503319316
5.370917209015639
21.994441342084524
23.190544733697198
2.474629285420618
4.089023333846556
9.974154445805526
.03788049974189898
3.3648311175551835
4.670627716256088
9.319992242049556
2.5903292220397365
4.424031458775196
9.390855619919412
12.374666374997215
12.699071309429325
6.026259842340105
.3934353789481141
8.70363712145732
11.320012884128918
1.4460188621798344
1.2519835243943114
19.839151253347804
12.345282449864012
6.417220548966167
.39459258366526795
.08727488209807445
.09470124935474748
1.5906970168401227
3.3471088406615253
1.8405807048313212
6.653166805499231
8.655822680598812
5.787300571602191
2.4999972180000434
18.53883362454143
5.744757915805722
7.888090749763786
12.72710359032033
5.601023323841427
8.172010234369626
.0009125474330949774
17.360195293962256
2.819754771592481
2.4522208401859737
.00013451105460372546
24.39223834354439
2.6882379566907884
.7684213591519831
.6338128337692815
1.066316141885236
.0011603447588416631
11.280110895618142
6.070742212454866
3.2713283210221324
8.388594680381358
.03788049974189898
5.118316086487369
.34824830100384535
4.573486772043741
4.033553573636324
.0009125474330949774
1.9591650909393787
4.716018865161148
2.1898196248432464
4.076634767496298
6.5494115952689915
.5682074961284844
.37880499741898993
.1750026636189694
5.501950279593833
.001325735121752879
1.109519288510357
16.030380854058418
21.069822612917736
7.939538823014842
.10383334929871957
.11027418470151992
16.84388416299838
24.36610686562447
2.3935039927778248
10.034920462238908
30.116380126668776
.20616720146112646
7.616904984887521
7.616904984887521
7.616904984887521
7.616904984887521
7.616904984887521
7.616904984887521
7.616904984887521
7.616904984887521
