.3330451800971898
7.121748623671374
.03494373860066296
.48624538469847683
.013179944820215929
.5949715507126216
.0028290587130008894
8.507441920429427
7849778615258533e-25
.48908742619702456
.852540388565113
.0001366987553086553
9.191906402133908
8.34024311801315
.12685312546056354
.023120972550101048
1.8092553904986979
.28434181902442834
1.3368225823334519
.001198250940365212
5.91149021618109
3.615692598316241
.08072934442376567
5242178489761101e-22
.25053639627212576
765810957672531e-23
9903782918386637e-27
.09189391579801014
.0006453416682219052
7.537329510106026
5.530586393265696
.4044657557632927
5.1965745111029
111.7915535995776
138.16366278327297
4.887656118570787
1.682412014704743
3.088373412384479
6.27340806884774
15.301086028963148
10.843002416959912
.00021870443809960898
.22573215690164286
.020771764036863063
40.436638871384574
43.153467838102294
2974837887743904e-24
3.9968444889458197
.35193053780439076
.1868783325606948
.35232244635051635
5.00480311107325
2.5838163538979027
10.199318309609591
6.904239505984402
.10855306215655189
.15256974971168652
1.0186891437676844
.4975105804086369
2.1862939377919695
.000563470530173088
11.788494520785793
9.201061227190982
.468179512839726
1.6039304490958046
.2811102617655665
.08185996866524592
.022667470277214677
.30112891820728555
.006487787319230947
1.6736556636458186
.0024628984034922937
.0005612351022056844
.057944446596272806
.008993038826169973
3.6794862195949474
3.985116631915156
.004936612123895229
.014871549320307993
.41866886762896266
5.226964793004086
1.4752588565499993
.2623775997884006
.02268773034568818
6305938630388442e-22
.2221234760377922
.24349762702142663
.005497527887722332
2590950987680383e-22
1.3939562221444353
.7599325349565634
.12986435855985015
4.085483452002399
.00438970734592858
8648081521539472e-23
.3533117124544451
.002886419899908303
.7978281020264906
.8137577871347276
1.5609519328899673
.009029245715462262
.7233717173631065
.02670340689795925
.10501246950828236
8864074611123935e-20
6531114126504743e-20
.001327747191616703
.11415462393245432
.495288739365462
.010088749824046981
.0031596547420621023
4081457179350277e-20
.0007765659665450717
.1756424007762571
9334478265346158e-23
47828085184210566e-21
.1714515170470674
.0002733370927526657
.02230765009970157
.00040964830979001984
38171330531562596e-22
51.89470314823823
180.52405671436895
8.321989408198606
15.381649957354416
41.16145233249931
.00018752953244286988
2.9933041613705575
1.3168338661927441
.0034027169095276455
.005562001514132518
.7718323710082158
.04129574865161221
.001335239033246026
.0014364399055208162
.31576529130873077
.26779497924671836
5.382689209574427
.28528761437594635
2.171797537685981
.0010274260917334213
8.116546243320345
18.98359799154085
2.5846070497875293
1.988095266673153
.40286225993327257
16.382056175221564
2.901866875158721
16.20810657173631
4.210910538082513
1.4961644844171864
8.08772044807649
3.754690926458397
.0010274260917334213
1.8711218007546595
4.109704366933682
2.205114695318601
1.4334756069753298
7.813084045329894
.09834856234464633
6.745307301988218
1.1119921641603026
.9739399759593583
13.455552086836766
6.829027112254142
.3222349454962585
8.58327994644143
7.411930190928321
1.9254399811746281
3.17780601006455
8.87332279630829
13.216565011265407
6.3864096166677795
4.464167830751817
19.3416642783122
.0010274260917334213
1.4784111090029577
18.82469689383309
5.078207209694815
19.47495581443953
20.534044351350307
2.191157994928053
3.6206215703465845
8.831604954056479
.0374224360150932
2.9793863057595527
4.135602581809572
8.25237769315545
2.487504442750205
4.087657613847573
7.824389750800117
10.957135810963997
11.733518626730863
5.670608011015576
.38164914794190735
7.706626675757721
10.023293945432995
1.4285331163857018
1.1085675438971916
17.566556387847463
10.285995800697606
5.929297899699584
.3933942493785853
.08466036907639976
.09355609003773302
1.325356702193552
2.7887857259921587
1.8183237847039102
5.543368173278171
7.664289427517188
5.347272836003625
2.082978740303134
15.446415712745814
5.307964840004911
6.984501966776465
11.759419519951301
4.959420430413125
7.550665081438951
.0008431634127485279
16.040241832026158
2.4967490071795595
2.2657703232058424
.00013337261617813056
21.59808274133609
2.4838422723475304
.6803979143458497
.6261485560878403
.9852405745217012
.0010274260917334213
9.987962770111492
5.609163464971638
3.0225983344438996
7.750781890740737
.0374224360150932
4.7291534691755786
.30835610548227493
4.225749341925221
3.7268690627035665
.0008431634127485279
1.6323615097601734
3.9293511865816066
2.02332034612645
3.6096521268166017
6.051438020523185
.5613365402263978
.3742243601509321
.17288647262770915
5.33712713340568
.0011045924587442428
.9244430646895596
14.811537612598599
17.55521656131104
7.3358692456766645
.09193913399330653
.09883733958345156
14.914400175751036
21.574944650673032
2.1193256867062105
8.885410161774812
26.666518286849666
.20517613280580357
7.167378034876643
7.167378034876643
7.167378034876643
7.167378034876643
7.167378034876643
7.167378034876643
7.167378034876643
7.167378034876643
