.36545269786495854
7.108273454825681
.033205609250777715
.47630613796171917
.012635665623207188
.5886300444377061
.002670424337028225
8.060252404660654
7570639354112328e-25
.47393362147199897
.7915854719690189
.00013196624200208196
8.726142598107442
7.93551137524746
.09693970756138179
.020335799801470544
1.6974370067234041
.26826043833072694
1.2724211869723518
.0009985729399116091
5.038408789085938
3.3828912822300192
.07582736121799187
5099184888165809e-22
.23966378378723005
4384101179079036e-24
9613207613857157e-27
.08815276497278417
.0006194886889466644
7.056351339967439
5.265277083315665
.3684978927954266
4.822984909015158
105.36771633019116
130.53667085109436
4.607876809595568
1.5310097635546909
2.8712898793992268
5.803929431884343
14.059583340309095
9.89513830751828
.00020736931960599016
.21839358224461158
.01971427097704058
39.2554360939018
42.14220169714133
3009178589499576e-24
4.166118896683864
.2643346209210356
.1743298419092075
.33333611591958523
4.583912186098984
2.4758133583100888
9.680327500282496
6.766311852366594
.08276783780564677
.13420406610745061
1.011436611107175
.48134273860732807
1.7053786662302446
.0005600150370527978
11.042893711275177
8.757869664853303
.43949980370200287
1.4852969658059607
.2633767571856799
.0719838208951987
.01749414030794107
.29289928172919677
.005365331665405037
1.7031881627685468
.002169871116455704
.0004930584296638848
.05413721066604563
.007834779629525479
3.136909190467263
3.78571398061839
.004341161148894559
.013125871756328993
.3959692963777959
4.843044196677127
1.411719219724524
.2691744397442166
.021602762625682254
44970801975422835e-23
.20921218981650663
.16901580932964225
.004326241835016126
23831846570787562e-23
1.3488567994255125
.7237799660553693
.12057104720733738
3.8409025417849016
.004160679488921375
8269618910800177e-23
.3384670364105479
.0026756738839076363
.7574081671581928
.775784787094755
1.5261243405341978
.009306285557099815
.6634859255226335
.025199378110594733
.0991612031425025
8481119938930361e-20
6381849926999013e-20
.0013055703211519388
.10868013313996511
.4637145385882216
.007624278537019794
.0033908484935079707
35392640488310605e-21
.0008177045005416866
.18932528464595302
8035436718990064e-23
4581113551706315e-20
.14312980950221119
.00026230573720479586
.021211243654422354
.00030283163438470556
38624521425515e-19
48.63783337143898
169.19451229788484
7.799708054955611
14.41630999346036
38.57819273299949
.00018332675392026195
2.8164923608282595
1.2489115985641037
.0029909873510735553
.004901258916719623
.7368648907550297
.03964419132813478
.001295743217361039
.0013978256781620112
.31535622972788063
.25674719200216245
5.29617225442077
.2735181746500857
2.1507850772635955
.0009629456576416591
7.919099729915545
18.200436364177023
2.53725123962247
1.8633240088257086
.3840038366880883
15.35393152275946
2.768307172798724
15.539446862187907
3.8207867831758584
1.4864984480583345
7.580141626105027
3.5190495477097095
.0009629456576416591
1.8590333361865536
3.8517826305666336
2.1908684549871498
1.3877649065771476
7.490758023761302
.09818932974873526
6.4670320326716135
1.0661173203457808
.8837083937305938
12.90044803995896
6.4004428703651275
.3020117398250079
8.044600209445552
6.946763421255803
1.9100655560054147
3.032346156641735
8.316440203637342
12.387104034962396
5.98560369234501
4.1840002528584925
18.12779700478544
.0009629456576416591
1.431267504368085
18.04809067510814
4.928834532004257
18.252723271450176
19.245344264708837
2.053642683789493
3.3933942764163074
8.277340539568282
.0371806667237311
2.7924024206235365
3.8760554943337318
7.734465115087593
2.4344011403847094
3.919022743345495
7.099491826270645
10.269474791667372
11.249456461776196
5.48978354312386
.3755148308874899
7.222964992027631
9.394240089558616
1.4193040154501937
1.038994737613938
16.464093455964168
9.333040075699108
5.684686809940792
.39275731899494104
.08329960736984489
.09295166680932773
1.2025677878781469
2.530416057671073
1.8065764240372386
5.02979763146037
7.183284795390873
5.126672984591418
1.8899992219285102
14.01536804663948
5.08898662607831
6.546160248227461
11.2742888227988
4.648171198210868
7.239165061501003
.0008083790040839522
15.378507323000179
2.340055050216195
2.1722967691227204
.000132770048136724
20.24260446224982
2.3813722370574046
.6376966891919014
.6221032958425768
.9445948227505611
.0009629456576416591
9.361126270346748
5.377759408199345
2.897902108179253
7.431026122545506
.0371806667237311
4.5340539138318965
.28900392463314273
4.0514175459754505
3.5731183963957664
.0008083790040839522
1.4811298472032384
3.5653127617818776
1.9398489801790244
3.383113266328155
5.80178808323753
.557710000855966
.37180666723731093
.17176953197861727
5.251342505894791
.0010022564547494614
.838797170213176
14.200492861987462
15.9287970633996
7.033230552045854
.08616910798597861
.09323674778079191
13.978384431856334
20.220918499522785
1.986318513382355
8.327768975781598
24.992949074731463
.20465008400791654
6.93882453288573
6.93882453288573
6.93882453288573
6.93882453288573
6.93882453288573
6.93882453288573
6.93882453288573
6.93882453288573
