.3978602156327273
7.0946853995760195
.03160323754910356
.46649530025534
.012114547971607267
.582333631590487
.002518831698084345
7.635836227332982
7328366833798847e-25
.4593564384165567
.7352186798496134
.0001272732781996003
8.281199167932499
7.546802765091982
.080058860820098
.017943398990912053
1.5949399207027066
.2526497067602314
1.2071075548096046
.000875158678353464
4.596670445133125
3.1649784835386603
.07145566134073399
4975219189952805e-22
.22921074529151056
27742519239267644e-25
9351804541566099e-27
.08455886193186431
.0005811391332389292
6.605108634386989
5.002219957615414
.33457136855261266
4.475512522986872
99.21539937770939
122.7399085083506
4.34244569621502
1.3931470689738699
2.668664156970054
5.366132639943146
12.917331606301929
9.024586864532004
.00019630967677709786
.21129755790355526
.018720270866165265
38.108951208298876
41.06235657356862
3040986425166703e-24
4.228572151775883
.21417779836209302
.16272073778827223
.31549646120935876
4.206917048282144
2.3771549090795427
9.204618820743482
6.631016252442225
.06833716662828958
.1184299565734273
1.0019903515748856
.465688912703415
1.4326593027784118
.0005550810335880348
10.346215835042186
8.307024042327734
.4131608662593969
1.378410317695583
.24659336620554526
.06351386497991143
.014572136412944914
.2856607401113674
.004717975807315318
1.7253616624591062
.001917844889538513
.00043454568180755496
.05064425246890336
.0068499009817671215
2.7828413743211877
3.595314964280308
.0038300574531330623
.011620789353143238
.3753548618987697
4.496967583501416
1.3507221060965697
.26967454397365875
.02055018043577811
32559795472908657e-23
.19756373008767622
.11937116237222431
.003598358134454337
2191042175219213e-22
1.3058095663405467
.6891059066754414
.11218301861116053
3.615884899328522
.003946175209702816
7895404297742221e-23
.3249500872548944
.002485755103830318
.7190637830564225
.7381933412782248
1.4911416119288938
.009362553836687599
.6085704184556908
.023815561485926385
.09382231226557682
8116332411446886e-20
60950473783040955e-21
.0012536158325389846
.10358555329793262
.434148540402629
.006224027587987729
.0035517861687694246
32061335272985234e-21
.0008400535592697087
.19880562276502192
6941835368328679e-23
4298574087270218e-20
.12459960615900427
.0002465082984556864
.020213251277159595
.00024246636747045458
38133062480346765e-22
45.58536189373299
158.57600018141085
7.310204622712544
13.511553921520562
36.15705624693069
.00017951426710296442
2.6584664818340134
1.1876854669355328
.0026300439361836465
.004320428823079021
.7005449252070479
.03788823164426804
.0012565645832025793
.001359232050571107
.31494769807030426
.2461551771782565
5.211045902199538
.26223427885395556
2.1299759154837794
.0009025119592060282
7.726456383044279
17.449583783209764
2.490763094311436
1.746383286009605
.3660281964772952
14.390331074401587
2.640894612016381
14.898372464310143
3.4668062756511597
1.4768948595518139
7.104418007128103
3.29819681582536
.0009025119592060282
1.8470229696745943
3.6100478368241102
2.1767142531169124
1.3435118297558162
7.181729444281048
.09803035496055412
6.200236907776322
1.0221350264283062
.8018363701217343
12.36824460743564
5.998756200704615
.2830577248567024
7.53972754167372
6.51079011126444
1.8948138939194952
2.8935445322163456
7.794507075494398
11.609699304177182
5.609951997332135
3.9214157471501268
16.99011097983094
.0009025119592060282
1.3856272157842668
17.303523061794827
4.783855569162749
17.107196974029215
18.037521868550193
1.9247577133222824
3.1804275687451944
7.757861275034911
.03694045939349191
2.6171534806031986
3.632797355096653
7.249056277510123
2.3824314884996616
3.7573448427264666
6.441752501245591
9.62497077658941
10.785364104329828
5.314725208880821
.36947911183931464
6.76965749261134
8.804665103577872
1.4101345395265292
.9737882598123274
15.430820133593526
8.468371500815099
5.450167061192581
.3921214198422165
.08196071743647144
.09235114848372976
1.0911547255841738
2.2959832009916097
1.7949049577099805
4.563807138043999
6.732467593343267
4.91517389933695
1.7148984058490944
12.71690064297789
4.879042278248299
6.135328472609329
10.809172015059472
4.356455695637415
6.9405158609151005
.0007750296134720404
14.744072429031046
2.193195068964619
2.082679432313533
.0001321702024550851
18.972194814607377
2.2831295655818087
.5976753555868385
.6180841701787553
.9056258965974194
.0009025119592060282
8.773629481145251
5.155901841123916
2.778350179105752
7.124461761576091
.03694045939349191
4.347003119261603
.27086626973082156
3.884277744483704
3.4257106575727594
.0007750296134720404
1.3439091320009136
3.2350008934365815
1.8598211948935595
3.1707917866180906
5.562437362773584
.5541068909023782
.36940459393491903
.17065980737363368
5.166936710479436
.0009094014307307631
.7610859905865699
13.614656538995952
14.453058167529212
6.743077106992439
.08076120376504302
.08795351178161369
13.101112217512453
18.951869845536976
1.861658753942918
7.805124862969917
23.42441160284697
.2041253839406735
6.717559148779074
6.717559148779074
6.717559148779074
6.717559148779074
6.717559148779074
6.717559148779074
6.717559148779074
6.717559148779074
