.40866272155531685
7.090142683364119
.03109806760541794
.4632561772404496
.011945673142601311
.5802457919023969
.002469882583099357
7.499284980536332
7254415697773112e-25
.4546361561354322
.7173851490470384
.0001257146508382222
8.137073532772332
7.420792553700973
.07612131979667235
.017188158849581713
1.5627283569493902
.24759116791552724
1.1853410202047348
.0008413170406907874
4.485122777667534
3.095521893163164
.06996667173912288
4937468217767322e-22
.22582425633455666
2422631550007098e-24
9271132629208683e-27
.08339285270874178
.0005653935390052715
6.461150944755298
4.915520747125108
.32375029277416334
4.365187997805907
97.22716192664333
120.14053428291679
4.257095941117772
1.3499995762227044
2.604191835347444
5.227005863865154
12.557302837251237
8.75070110801634
.000192697403828033
.20898468283982863
.018403357204640012
37.73427738953864
40.68938187460349
3050616033596455e-24
4.228654574429166
.20230981450795651
.15906175957870447
.30981225534087586
4.089996734799448
2.3461159077202876
9.055159639197518
6.5863682791921665
.06498937290843204
.1134521501721053
.9983873849281177
.46057877651105167
1.3693471524724483
.0005531568299394499
10.124224413281647
8.156455918820486
.40487505839944793
1.3452057004513298
.24123409945873814
.060842128908995256
.013890893169310315
.28290084587736664
.0045703359183505
1.7313440422604207
.0018381335749336177
.00041608790338995707
.049545196246812216
.006541998205691063
2.6924741096845812
3.533840844725082
.0036687544779151395
.011143818958217679
.36892665427657967
4.389425306198759
1.3309650952168068
.2686886592988043
.02021010335409935
29340610719911234e-23
.19394534330053312
.1067075261463205
.0034195909793785805
21321049992427028e-23
1.2918897472197273
.6778812738567943
.1095752039149713
3.545003568684438
.0038780761141800953
7772927987067606e-23
.3207143703510133
.0024269661785646835
.7067668457557532
.7259302278020443
1.4794944253517517
.009340708621653648
.5912926429663007
.02338032550952697
.0921522513603125
7998607011697383e-20
59655908629292314e-21
.001228980373926744
.10197315492215082
.4247201356998346
.005896637671347036
.003584207683200856
3119919211526896e-20
.0008423104290487604
.20112610109456108
6603123175345579e-23
41848570858944076e-21
.11993596859969133
.00024009286927017807
.019901451763777
.0002282378829891092
37727199680105484e-22
44.61105245040191
155.18670835517526
7.1539614538375265
13.222767477080282
35.38426077309941
.00017833370646059323
2.604367664614549
1.1662969893054569
.0025168935396990845
.004137882577349646
.6891716424925522
.037337960459584395
.0012412233887390766
.0013438183210569801
.3148116384931606
.2427225158525919
5.1829756007261825
.25857739266694013
2.1230843651845013
.0008832223037542733
7.663289026716892
17.20624739643049
2.4754571041213254
1.7090573187133216
.3602252914765053
14.082762265556008
2.599740508961127
14.690613003144925
3.3562566599829835
1.4737074708766664
6.952573176547348
3.2277034782685745
.0008832223037542733
1.8430367819929168
3.5328892150170907
2.1720165359337655
1.3290766436861305
7.081579428354642
.09797742058293647
6.113773914443181
1.0078812397923795
.7762673894814551
12.195768060661415
5.870543007438491
.2770078482542396
7.378578711461054
6.371633065550086
1.8897571175908219
2.848703846527816
7.627912766833021
11.361561761852457
5.490048831478664
3.8376021667603912
16.626976304943824
.0008832223037542733
1.370739526491124
17.06222350802207
4.736483181261273
16.741559785504165
17.65200057046798
1.883619296551875
3.112451348192584
7.5920502079222
.03686073563985835
2.561216283992963
3.5551525010965923
7.094120050330855
2.3653559956324535
3.7049482509640583
6.236337716968828
9.419253425013313
10.63496100223568
5.257621843208644
.36748884150739153
6.62496759767217
8.616480388147043
1.4070912309032702
.9529751948738099
15.101012643865769
8.19833183308818
5.3741638753005425
.3919096823317459
.08151922026093454
.09215183909964589
1.0563599531173486
2.2227688243381185
1.7910312495051137
4.418276328134617
6.588572569137775
4.846631252594438
1.6602136774268301
12.311383758909276
4.811003490980799
6.004196279719507
10.65843690900204
4.263343877558451
6.84372959523899
.0007642217393053978
14.538464699020635
2.1463192610739035
2.0536362359728666
.00013197085673594597
18.566696474774513
2.2512910698365878
.5849010631648105
.6167502400945829
.8929968427363298
.0008832223037542733
8.586108099266237
5.084002216456944
2.7396057768214033
7.025110349854905
.03686073563985835
4.2863836772450465
.26507696471019204
3.830111059287507
3.3779387414100897
.0007642217393053978
1.3010545199393415
3.131843094292339
1.8338857814623024
3.1030215144912536
5.4848685550381395
.5529110345978749
.36860735639858355
.17029149467093346
5.1391040116548705
.0008804024124234905
.7368164591908546
13.424798639197348
13.992178643665412
6.649044146700952
.07903507063339216
.08625981861773638
12.821098265195506
18.546805917288843
1.8218689699228876
7.63830361719156
22.923754714736017
.20395078303824624
6.645383218430646
6.645383218430646
6.645383218430646
6.645383218430646
6.645383218430646
6.645383218430646
6.645383218430646
6.645383218430646
