51679841658105425e-21
7.1658950374631765
.11171111879874343
.5002183424006017
.01899918598024265
.5829352853273686
.004473844619430552
37.79853334645595
14893171688758984e-24
.6800215054849142
1.859849478544315
.015646952885056447
88.99421945015776
1.373417469971752
.32812904420185224
1.9096659614326825
12.277332296007481
67.28640174298862
21.62581126157746
.007229239836291682
63.4728686535741
7.0302488755440695
47.070934459802196
43044382613292676e-22
.28683389694581835
7136965759846262e-20
29971228399350686e-29
.1328341181579828
6.512577721172319
14.53822598849079
5.788686009288584
.5229041892239684
10.636387040610819
211.648686242918
79.815895838235
1.234105666075121
11.03594475224779
6.265523668828148
1.1317105155195946
33.077169631665875
5.943164059277289
.0002700566544840718
.31740008615133686
.03461340961125936
46.47228680437048
266.2151382280201
17888015601718414e-23
19.816510974319005
.9261266788072465
14813622077083273e-21
.9541195404045829
.014285704176907863
36.27609026099568
107.92169861188438
.0188956860303529
.01462808986997973
2.0596569341701136
.0001370086830342843
1699689855809938e-20
.048287844625802684
14157257912486013e-22
23.689335020154832
.0480493200840242
3.549789316434295
10.292547768702494
.008988607916488492
5.2363758424983144
.0018768990490522328
.04170145678481339
361077018952243e-28
10318866990290155e-21
7.781603667721279
2.23245841434692
.459051734137902
1.0547616910743784
153.14030310989568
.46663409232603115
1.365679035424789
1.588574821187452
2.5650680412157363
34.230502984707535
2.25294909816974
10.625359135949616
.18970536576897626
3248239442855362e-20
1.982902499116319
16.088656955798612
.00019258382930530024
34850469651898406e-21
24.407493341409193
.015062099624836105
.1918026192147972
24.09185704119765
.03920185248038914
10736357730038435e-25
7.764377749599568
.020938374964398286
1.2760395197287573
3.539475514786485
.008963932246286718
.21651100750170774
1.9363757163158368
.10560376160009392
.6924190842290814
.00012397956322329678
.7579453000395331
11.944931887228847
.5547824379863687
.8318601821664332
.8845688951467641
.015010107243868868
.0031023451126426307
.000673782557504542
.9543530718694858
.00034081852823337317
.5274867196155816
10.176147645739642
15.85403051310923
.10393617916135836
.011067892805223389
.00010663546424564324
101.0084132045454
351.3739824636563
16.198010467966423
29.939010349900716
80.11709737357705
.0007192022732940291
1053.4947031764136
237.7301129552456
135.3698676565458
294.128042063095
3.4486364073731117
.739747001702465
.0030977520625581766
.003960557930317951
.31999933849871076
.4128619430299898
6.357815565689139
.439830496915812
2.3999627908025802
.0019997932913209775
10.45367837612906
29.2671848237566
3.125468504008437
3.8696501955602787
.6593205500129606
31.88621186559433
4.709132421869799
24.988184583845868
11.434781301862268
1.5992000302545606
15.742026822440618
7.308171153262333
.0019997932913209775
1.999979328170217
7.9991731652839055
2.3569731297571574
1.999896642988633
12.045502380534398
.09999974160112571
10.39930131202174
1.7143683829351388
2.6447464332280797
20.74454642405599
13.292092458245962
.6272015937860734
16.70658920629891
14.426661334393792
2.09076515535045
5.142961188654226
17.27113175590531
25.724865522194495
12.43057696295463
8.6891046967734
37.64682518573531
.0019997932913209775
2.0625878804389033
29.022205563377035
6.901451107006734
37.90626527771069
39.967686695825385
4.264893692828637
7.047217104030649
17.189931695156638
.03999958656340433
5.799109828386054
8.049581731683674
16.06251747060079
3.1049893998971725
6.301978736276551
21.247230215836684
21.32708801456448
18.08967185433162
7.911282110243579
.4507885926426909
15.000261769577794
19.50944807640323
1.5269111295831657
2.1577278941023654
34.191735929890875
27.93175285704583
9.141252231686906
.39999896640450283
.09999741604131675
.0999989664085108
3.599023037768395
7.572983226805068
1.943545299863072
15.053087013813371
14.917856090292815
8.24393892370182
5.656355350318352
41.94493898066193
8.183337430536058
13.594710401808456
18.12960349581081
9.653069729665447
11.640928689030961
.0012999126640027183
24.729385995471
4.859699354379927
3.4931586123451077
.00013972477784885356
42.0387425616653
3.829362109872307
1.3243338820040929
.6692691881598729
1.518954310096528
.0019997932913209775
19.440679093455554
8.647698076473167
4.659967206509954
11.949450584974297
.03999958656340433
7.290978701927153
.6001876690136797
6.514876003174089
5.745747761867367
.0012999126640027183
4.43269851042357
10.670203289864618
3.119371288526928
7.02586606013825
9.329556761319958
.5999937984510649
.3999958656340432
.1847925513113193
6.3039994775234725
.002999534917495136
2.5103369390416854
22.8350815806946
47.671414595483554
11.30977600514939
.17895132783661052
.1799832565104322
29.029550305874494
41.99370633097753
4.1250785088091355
17.294658735183152
51.904000494048745
.21066034084164034
9.99948321494316
9.99948321494316
9.99948321494316
9.99948321494316
9.99948321494316
9.99948321494316
9.99948321494316
9.99948321494316
