.43589354345884224
7.07867097778812
.02987987744021312
.45516429846481077
.01153064417910687
.5750077812517324
.00235000242310483
7.165594762673812
7079558686233605e-25
.4430454182846806
.6744266617705336
.00012186520593173216
7.7858142244189406
7.111120897867642
.06848090597566764
.015532963857956055
1.4853700262514942
.2352378522203854
1.131165734014471
.000764522276149673
4.23703635695489
2.927187248122937
.06682242540017384
4848389842256293e-22
.21750518552798634
17703333716755149e-25
907937461799164e-26
.08052277401578967
.0005267815671490562
6.112105692586036
4.699924965022853
.297610968344546
4.098692145824203
92.35679330888921
113.65674669532271
4.048786635982767
1.24705256633427
2.4481938894900206
4.890977440922761
11.693145441176839
8.094675671306666
.0001837759612589536
.2032679488437458
.01763491488149005
36.80598564750241
39.72807692178421
30728298101146297e-25
4.192137059606954
.1789693032553791
.150253669335718
.29601825196148007
3.812840222043261
2.270912439414093
8.694740520930683
6.47470409497967
.058521785161911234
.10253761682667956
.9884923119387701
.44792506321257136
1.2474945860305269
.0005477786334690487
9.586130242929004
7.778772041819157
.38496046923763994
1.2661540435886052
.22820223856033062
.05498915471106934
.012569281739068542
.2779945647330778
.004295297459501435
1.7437006809824966
.0016633600512694123
.0003756258353890366
.04690260809978411
.005868453795064042
2.5039758048799845
3.3832250667196493
.0033152908929055414
.010097683439714152
.3535515540078916
4.1333103964548386
1.2824254125266952
.26421673689336683
.019374919892017117
22745125248882526e-23
.18531659501303765
.08109094447990235
.0030605155517722297
19952339908020264e-23
1.2575310922655487
.6503256857951659
.10335951939772901
3.3744491177414266
.00371295667255274
7469037645399647e-23
.3104916511159106
.002287513888899789
.6768433193324324
.6957918788571571
1.4502231170067637
.00921513096484413
.5498741460346446
.02233365733745515
.08814812044530403
7710086357290473e-20
5643147897302297e-20
.0011669320659878114
.09806850233848423
.4018593073306971
.005260499855040462
.0036603995758969624
29650137131817646e-21
.0008465277684525162
.2054050355075689
5862441982341795e-23
39093172190520936e-21
.11045872752860422
.0002245179472449322
.019153507813861347
.00020027028999246982
3665086266202259e-21
42.246436367882055
146.96101166761233
6.774764564764379
12.521892538823968
33.50871228239364
.00017550852048827382
2.490373823907321
1.1217241826453068
.002272026539330975
.003742723765118651
.6565641749681177
.03571278040421597
.0012102046883474475
.0013130682262575254
.31446892198964743
.23428042916460742
5.112885493575493
.24958386045679676
2.105811016700173
.0008364069620579627
7.506339722376123
16.607800105352684
2.437290040909914
1.6184684578862691
.3460023740487736
13.3363031638242
2.4988232394300782
14.179661524100844
3.0929763587122356
1.4657032337212026
6.584050905828941
3.0566185310393057
.0008364069620579627
1.833026584052793
3.3456278482318487
2.160219530216708
1.2933731189337345
6.835276331124368
.09784411107219611
5.901131880822317
.9728263098134569
.7153733837857255
11.771589319628657
5.559373921617282
.26232500225560645
6.987475948156882
6.033903619792989
1.8770698642706394
2.7387294526063286
7.223594011417748
10.759340334898049
5.199047901268222
3.634189440465185
15.745660724728396
.0008364069620579627
1.3339167948257549
16.46878548502478
4.619138724311895
15.854170689286725
16.71635341253588
1.7837777497306415
2.94747535884153
7.189632353268125
.03666053168105588
2.42545859877191
3.3667110652158754
6.718095064572246
2.322853425772363
3.5760871348073255
5.747130531914631
8.919984366995019
10.265068401259455
5.116384215935986
.3625192382790207
6.273810113883925
8.159762445364102
1.3994488105898115
.9024625898518495
14.300581015409556
7.555216751733239
5.187246080915637
.39137644428878443
.08041682439356271
.0916513292026397
.973494190786616
2.0484045533619137
1.7813035123814378
4.071686290299253
6.23934420974963
4.678061472261633
1.5299788350268546
11.345621854060838
4.643672873199455
5.685942880488108
10.287727796878077
4.037364642717591
6.605699108824536
.0007376414851027898
14.032805061849299
2.032553259955681
1.9822090959369663
.0001314696817355194
17.58256571183572
2.172989333779319
.5538982872903754
.6134004469470529
.8619376856078872
.0008364069620579627
8.13100004458962
4.907176480770765
2.6443200577459
6.780771293143126
.03666053168105588
4.137299763648664
.2510265171320689
3.6968966787693427
3.260451282195536
.0007376414851027898
1.1989937836245466
2.8861668314399695
1.7701017411206588
2.9385453550074834
5.29410036177356
.5499079752158379
.3666053168105588
.16936658010285183
5.0696071861662535
.0008113395737121256
.6790171670002517
12.957873214159033
12.89456741128814
6.4177849786690295
.07484580387465357
.08213370046493343
12.141513868769199
17.563729456580937
1.725300509196408
7.2334340930649645
21.708677371952614
.20351131371670556
6.466865594668666
6.466865594668666
6.466865594668666
6.466865594668666
6.466865594668666
6.466865594668666
6.466865594668666
6.466865594668666
