.45232185943977804
7.071738100986873
.02918262305916459
.4503348752083294
.011287176187701189
.5718648621577448
.0022800979010889327
6.971354078739119
6981945112017346e-25
.43626280661858147
.6498297140608651
.00011956418341622647
7.580173445807016
6.929843924041025
.06496682762260478
.014610238062330106
1.4411907216762578
.22811273151320366
1.0992008643233317
.0007223278043462858
4.099992816869271
2.8301397008984384
.06498230027383957
4798850996082687e-22
.21263554762245507
14874941688428795e-25
897216971413416e-26
.078838217646411
.000502213524749774
5.910830364352341
4.572225607121173
.28265044630898584
3.945652091948369
89.51730833847026
109.82467261013623
3.927789089397071
1.1887666751165205
2.3584477858092443
4.6981790481708945
11.200548954459789
7.721763762615963
.00017852908812207867
.1998961721078739
.017191348718971915
36.256939547586356
39.13811572081502
3085054151427546e-24
4.149551507592402
.16805588801023305
.14523015097540193
.2880527804536648
3.6569237350390527
2.227435796840527
8.487732466902632
6.407920891314919
.05556307428114302
.09645365341399133
.9820909413349994
.4404438803959322
1.1921366663808663
.0005442125419973006
9.275783771772947
7.553313274820884
.3735780453045405
1.221553133532108
.22069272744197777
.05172762266309023
.011960960895907044
.27500650797192017
.0041769345227650224
1.749453352162594
.0015657629140449808
.00035307956651052774
.04539121698611592
.005495805502642746
2.4092468138169316
3.295316864754867
.0031182642086457595
.00951269131958717
.34483965524770865
3.9887606811261027
1.2540044386143603
.2604792830745357
.018888935732152137
1961357683802293e-22
.18044367646213724
.06909622710151916
.0028897661334108824
1921213885158908e-22
1.2373896239749904
.6342098089051837
.0998492920968805
3.2768359521114516
.0036181031926740617
7289918223167061e-23
.30463528800363926
.0022092214276648037
.6595039096086442
.6781955806435606
1.4326461925039757
.009102091585815448
.5262935398798366
.0217365660942278
.08587329089124807
7541546505302718e-20
5429557167531815e-20
.0011250827722389248
.09582650183705524
.388673041672362
.004968685876000078
.003687481741537169
2889786281302998e-20
.0008447395647366711
.2070935127878668
5455301047602936e-23
3735655674386898e-20
.10589573728830458
.0002146646761921697
.018728421073962838
.0001871835014142497
3582297372442007e-21
40.88091730558442
142.21083437220295
6.555785854342369
12.117151111430907
32.425620090280546
.00017391634554044533
2.4235126753565317
1.095254349794613
.0021387270256025435
.003527224370860361
.6400189006059774
.034896274674631945
.001190511026154632
.0012933287147859594
.31426234207961684
.22932999757465145
5.071059462390836
.24431006173808104
2.095458071243481
.0008093720273102614
7.413211278070089
16.256871184083522
2.4145490921451667
1.566155180815369
.3376947406451478
12.905237782777593
2.439844459074059
13.880040063639578
2.9442349502929686
1.460895329452196
6.371236576573879
2.957820354692304
.0008093720273102614
1.8270137595355849
3.2374881092410437
2.1531334240648157
1.2722987592306545
6.6908444295936516
.09776377337336242
5.776438794918868
.952270132275225
.6809710372077359
11.52285131005751
5.379679923328229
.25384594882780936
6.7616218306292675
5.838871538479781
1.8694568942488308
2.6744459887365517
6.990107919597016
10.411569360865768
5.0310006143169925
3.5167226105119536
15.236718392152525
.0008093720273102614
1.3121818121385371
16.120793993785053
4.54975562992351
15.341721021233766
16.176035667433105
1.7261212293333048
2.8522049849547852
6.95724399407475
.03654027519071172
2.3470612181598325
3.25788985964087
6.500948065636842
2.297581929916404
3.500523099075826
5.470750698852387
8.631666351660858
10.04816373249197
5.033017305206709
.3595536445874841
6.071023605948848
7.896016858258534
1.3948582388042743
.873292558592359
13.838347566689144
7.191885949866544
5.0776376643893135
.3910550934934497
.07975897343854277
.0913506879767793
.9266787999680897
1.949896662274655
1.7754603535723854
3.875878665790707
6.037671733035669
4.5792123136929135
1.456402066121866
10.800010255959892
4.5455503583702015
5.502157831192332
10.070344326751554
3.9068660999986426
6.46611825839382
.0007220548493648588
13.73628673241998
1.9668556423522525
1.9403242890778756
.0001311682445226761
17.014249642888764
2.1270732703636233
.5359947968448701
.6113883270583632
.8437246254618822
.0008093720273102614
7.868184136053694
4.803486037849353
2.5884446028711694
6.637491103101057
.03654027519071172
4.049877098767452
.2429126612957782
3.6187798929642234
3.1915567480577627
.0007220548493648588
1.1413341046037495
2.7473709049104533
1.7326988406397017
2.8435636229923413
5.182234075012973
.5481041278606755
.3654027519071172
.16881101176898375
5.0281351937797645
.0007723222076206258
.6463631929483684
12.684068589817377
12.274466933536434
6.282174822885912
.0724265851023566
.07974048718100268
11.749067308576963
16.996022226339065
1.669534131341858
6.99962994319676
21.006994216702925
.2032466406150303
6.361493796153266
6.361493796153266
6.361493796153266
6.361493796153266
6.361493796153266
6.361493796153266
6.361493796153266
6.361493796153266
