.5778123061111909
7.018521412809913
.024575507773966866
.41480925450062706
.009586795052460021
.548273875600899
.0018039868125520908
5.648481359789761
6369497822594343e-25
.38925379535584936
.4904338273622253
.00010254226851627505
6.147165956869839
5.680617898572387
.048986482984990094
.009057376312452958
1.1548543392324588
.18172906141942125
.8807270094124777
.00046956665310210884
3.2170008580411373
2.188612981087409
.05190072321333732
44920809771661705e-23
.1789388169754034
4790495052761564e-25
830546597989482e-26
.06706329035785416
.0003217829099024002
4.582160225724898
3.6708222515542457
.18843873310555787
2.947431590279748
70.2481958064998
83.95078935008782
3.1130640622419943
.824463340281893
1.7703765798225053
3.4502548438378433
8.060958652459714
5.371208445878875
.00014211558255096437
.17594477821889953
.014225585170378321
32.32126287253234
34.621911522007075
3167389857635405e-24
3.5758905384665245
.1171596234838136
.11270317127054916
.23496073514700616
2.691535483987701
1.935133802515923
7.126208265433802
5.912312680518076
.042263361920182645
.05984436640099199
.9298053793496676
.38683304048324846
.9474340845393449
.0005116965485225146
7.218871072968628
5.945849934131817
.29967107641933155
.9397346133334037
.1709295489861239
.032107726975009125
.0091549109487761
.2501481577964289
.0037342834399638207
1.7619866534720077
.000975540901697813
.00021767196342706806
.035560355879589445
.0033030430264156495
1.8703615718457782
2.6925192630655643
.0019327054173365905
.00596073087422965
.28864494344297426
3.074220457785831
1.0570275690936568
.2208812770642052
.015573418778389024
7142774560209508e-23
.1492946101961182
.02294951831403737
.0020831730549972383
15132965376709845e-23
1.0955669703870248
.5231810139886782
.07756253837813526
2.6404044186048132
.002989401709504704
6029388298503103e-23
.26482822744861184
.0017209633091058508
.5429660967137027
.5588503420304576
1.3014241624127008
.007825172063001293
.3763014782412694
.017842144116373877
.07111902675013597
637831639754592e-19
3732030426444635e-20
.0007825928332981177
.08083200457484169
.30138184396525725
.0036752500875829853
.0035824083205634565
244309194744968e-19
.0007664591369606994
.20723904004036828
3108904033442814e-23
24657332661292374e-21
.08367144719830928
.00014222373897152495
.015949588775305747
.00012592821524216245
27593792264216335e-22
31.80686760590713
110.64529563245284
5.100644174959898
9.42759229889897
25.228333247554357
.00016347722140095286
1.9457142102436793
.8988095069920273
.0013834415066810467
.0022996104433731326
.5689854029480658
.03159207077695644
.001021145056309385
.0011187973703754577
.31268881776177254
.1948099357080131
4.762651443730293
.20753511500179336
2.0180365731148004
.0006297214107048793
6.738927085148454
13.809794024673291
2.247696625260797
1.2185267300666762
.2804786400822579
10.040752914404038
2.032933579253949
11.79073710818
2.02056154540531
1.4246859418978244
4.9570580024464395
2.301293772850444
.0006297214107048793
1.7817298518164741
2.518885642819516
2.099766395615578
1.1222491674564716
5.683700287561207
.09715227283701428
4.906936214888797
.808928989696649
.4673349493320176
9.78836587723149
4.185590205924354
.19750154885979226
5.260792187230545
4.542858287745819
1.812313592214068
2.2306870612367313
5.438562825968047
8.100586534185705
3.914304790879996
2.736140425693776
11.854731170170776
.0006297214107048793
1.1574285799936332
13.694199950746079
4.053028027523955
11.936427104156165
12.585554796056234
1.3429862398329864
2.2191211039428578
5.41299347486265
.035634597036329506
1.826100546397749
2.53475896016818
5.057978344540307
2.113397691961594
2.973604356549093
3.754451894370871
6.715756077913073
8.535656701749845
4.439444304714808
.3376865716509893
4.72348119351945
6.143393528753638
1.3602856301210693
.6794539512100599
10.766746882122499
4.9356279082941725
4.313322624207817
.3886090913480571
.0749082500047098
.08908649259082374
.6359586037695619
1.3381697723934332
1.7314542357254408
2.6599274578865604
4.6975322012737815
3.8899231058225157
.999495644585655
7.4118016332236305
3.861328140394635
4.2808825539644495
8.554498546198342
3.039686508690172
5.49280118397099
.0006133670268610999
11.668622349932615
1.5302865282742506
1.6482555880414749
.00012888835404653275
13.2377163105215
1.8068940453848972
.41702380142950063
.5962346083528783
.7167223729115175
.0006297214107048793
6.1217386401496485
4.0804378672840675
2.1988171281645834
5.638378008689043
.035634597036329506
3.4402664526232387
.18899504626766167
3.07406046197828
2.7111453864434685
.0006133670268610999
.7832716617919586
1.8854582243428206
1.4718831086914002
2.2123978043206987
4.402174585331007
.5345189555449422
.35634597036329496
.16462690410202258
4.7223377121742445
.0005300271818407328
.4435843722006323
10.774790095630635
8.423687747401031
5.3365459656211
.05635056538185694
.06361787571755705
9.141209469038767
13.223534705430296
1.2989593820068146
5.445971312957551
16.344219452175885
.20123621516445928
5.611245837282352
5.611245837282352
5.611245837282352
5.611245837282352
5.611245837282352
5.611245837282352
5.611245837282352
5.611245837282352
