.6280084847797561
6.997118173454763
.02297229220888107
.4012817770894721
.008982879236568942
.5390296414647914
.001640423545362716
5.191784456770649
6154219417237231e-25
.3725983778135866
.43870350224695387
9762917522576078e-20
5.708708046344477
5.244351711572875
.04488265328174875
.007506475078883162
1.0599979197372644
.1663666416150912
.8067439343209152
.000392050114808001
2.89797201355546
1.975268763695637
.04754546391095642
4384711030226305e-22
.16706418890413233
3220884362378907e-25
8072685646083098e-27
.06285479333531258
.0002653613225007707
4.142244196256966
3.350936816939205
.15977361964458536
2.6219855334765314
63.677563273088005
75.4698809670332
2.8368176181444404
.7121542064991278
1.5776778504878655
3.0489864584000568
7.068721537578364
4.640974689203947
.0001294013630264271
.16719929136429945
.013216599425992938
30.867586407108796
32.88591394152952
32019345887448096e-25
3.3072305482170434
.10405011431894229
.10179296913325737
.21683072101387865
2.393337169089462
1.8341148650643453
6.670232749694039
5.721757855332441
.038883119444177175
.04961507107505751
.9098022961113866
.3670463501332443
.8858679896905767
.0004971651912897973
6.531587681026807
5.375313793447301
.2751399196961492
.8476620671381924
.1539062638084453
.02662700249299454
.00841186075785129
.24149818857184652
.0036451362782105355
1.7556586993900303
.0008098029969766281
.00017997066708970352
.032301126780424363
.002706808838736648
1.6998705786971462
2.48266992547241
.0016016160072991794
.004958605027713727
.2693750812853798
2.774761176187686
.9874323765558274
.20348376049910544
.014390367426964883
5041955803136974e-23
.13871985705610507
.015630091772599657
.0018728458473543813
14051574553647156e-23
1.042595558571093
.48433878966983485
.0701982132312206
2.4280888072722813
.0027702987254548074
556344687479161e-22
.2499072512786264
.0015630471774924243
.5034337489520259
.5179953856974036
1.2507770593065468
.007247743119495821
.3289192398622362
.01651599766445227
.0660487368694957
59680891022089435e-21
31648231204912494e-21
.000665878154324762
.07547680540295505
.2722944524556905
.003352088212681837
.003481469874125723
23017867168311798e-21
.0007249693568626692
.20373863949297447
24881901988905052e-24
20601527593044287e-21
.0777439546215854
.00011906112930484833
.014971892893953969
.00011012537900369649
2442714021170599e-21
28.768755878497384
100.0767362128751
4.613443515112089
8.527092473534104
22.818586520776353
.00015942856407410297
1.787293162630355
.8316786882598268
.0011888356838701878
.0019814306550296062
.45785890057934636
.02547917813620056
.0009573717518108514
.0010519392401585846
.3120616162842708
.18250350307580965
4.64460555214317
.19442481391625627
1.9878749256957968
.000569572010689513
6.486710405951195
12.937408849802267
2.1842299363391806
1.1021361318271226
.26040541204471246
9.081685534389257
1.889851249385869
11.045898753922128
1.7380913213099176
1.410454738608899
4.483572331449844
2.081479999103875
.000569572010689513
1.763932133048105
2.2782880427580516
2.078791806369998
1.0673070276809455
5.32465250883115
.09690874492684204
4.596957774931001
.7578277454004694
.4020025133240127
9.170020284078285
3.78579319201191
.17863669931827106
4.758294593392592
4.108935928242619
1.7899483709268724
2.0745341467317657
4.919085029331462
7.326838950697277
3.5404202752095486
2.474791197026055
10.722397164834874
.000569572010689513
1.1007641558476777
12.829117025004685
3.8698686321964795
10.796289709369969
11.38341436224768
1.2147075833006862
2.0071562561632814
4.895957998118048
.03527864266096212
1.651676030466794
2.2926451808907236
4.574853017144705
2.043926703983779
2.785757358110846
3.229587472215596
6.074284004915175
7.996446605560794
4.222101689020896
.32931675645487274
4.272306189868173
5.556592082064395
1.3466977222433032
.6145542244283256
9.73833439039528
4.245637581358743
4.040843635377736
.38763497970736815
.07305159279107351
.08819660665240527
.5470529380497153
1.1510964727232489
1.7141587206301943
2.288075233530779
4.248835779878162
3.644190892666781
.8597682706036629
6.375647464572786
3.617402313624581
3.8719834554424777
8.014098182744283
2.7493433241891716
5.145812784806676
.0005746197218663753
10.931498166106078
1.384117420852189
1.5441328374170515
.0001279875324648781
11.973283054615177
1.692749868075648
.37719074029849337
.5902788143986969
.671445957382852
.000569572010689513
5.537005613772606
3.8226705540250143
2.0599145883123544
5.282193305549309
.03527864266096212
3.222939717299564
.1709427163871332
2.8798675023370537
2.5398783104952294
.0005746197218663753
.673771942599012
1.621875158356191
1.3789020692297467
2.0010751491544303
4.124082686308088
.5291796399144314
.35278642660962106
.16298244417566057
4.605291026689217
.00045593050452265977
.381572216567138
10.094130621276332
7.2460740433647635
4.999428440398941
.05096810158020318
.05812183482113775
8.268064208879986
11.960456040654257
1.1748860598299746
4.925785876339435
14.783060855603113
.20043762418941466
5.336535138404724
5.336535138404724
5.336535138404724
5.336535138404724
5.336535138404724
5.336535138404724
5.336535138404724
5.336535138404724
