.6552497833367034
6.985471722477445
.02218388822829219
.3941008787990127
.008667879639719392
.5340515496544828
.0015575671823375404
4.959666283460178
6056591448387722e-25
.3640114300075324
.4130528482996753
9335811748312121e-20
5.40725901310767
5.021784617579833
.04293909676058872
.006885325015148731
1.0118716929228193
.15885553740571107
.7689964623384157
.0003564892656035356
2.74881293196939
1.8684350668142726
.046019857047819406
4337369088007757e-22
.16096788546303248
26205936067874576e-26
7971295197991718e-27
.06068125695809906
.00024226722768516944
3.9225658458593986
3.187322719808789
.14603174894569496
2.460590924479158
60.361599666732054
71.27259882975116
2.6976238374499824
.6577678574262221
1.4819353636025798
2.851451605447069
6.583227967551829
4.286738004355876
.00012293202578680465
.16263899307198068
.012704451897887272
30.10583320735354
31.95912223136443
32207217537148286e-25
3.163296771016237
.09787645412319697
.09652950203861577
.20753469515398762
2.2478937240631214
1.7817182202227717
6.437610802293145
5.620304851236689
.03728471988380122
.04551337964003321
.8990427192375996
.3566869234641695
.8567716384298301
.0004891141728308672
6.186634959742016
5.084475816626159
.2626839689633326
.8033501200355366
.14565809459656676
.024432238941692507
.008055348509959584
.2406073429825923
.0036064617410267044
1.750268800219873
.0007433924567316888
.0001648640987038892
.030651673235750444
.0024683492073179635
1.6155191333132404
2.375594324642097
.0014690193422107574
.004557049642915157
.260100618231494
2.630609178020999
.9516664488955918
.19473080528801634
.013814756311244956
4227308771955842e-23
.1336574109857953
.01283023921933055
.0017771044701154007
13564717547765077e-23
1.016672552521612
.46447791803080307
.06665974207959911
2.3200779708237023
.002664646949022497
5333034253005636e-23
.24258994043043836
.0014877598906240656
.4832727412439466
.4972963715309299
1.2237894806681333
.006955675574420149
.305720519854245
.015868377433907593
.06360289164290936
57572076806775536e-21
29332344049048145e-21
.0006181226582658625
.07286518321950149
.2577165973151605
.0032082613598456407
.0034728235543613002
22648777794393488e-21
.0007134627967078144
.2018563751447446
22388293739995107e-24
18984667392076726e-21
.07487298280841329
.00010983019816264669
.014501028842506772
.00010268954722298263
23161512657699746e-22
27.243292274551354
94.77016614988
4.368815620847658
8.074943299242536
21.608630713929838
.00015758503105054515
1.73330484900608
.8094685410644402
.0011147132755597263
.001860410037618305
.5093853416366707
.02851324753471507
.0009377552394367814
.0010318722482385188
.31172176293253556
.17615348338334744
4.581771897884145
.18766000460430193
1.9716954399721316
.0005393704484181804
6.353807635749486
12.48726515622312
2.1505402121181127
1.0436953510440798
.2501198454311248
8.600129056809749
1.8164629377945185
10.661568188063272
1.6016969634234868
1.4027911105567454
4.24583085815943
1.971109498746304
.0005393704484181804
1.7543479050634092
2.1574817936727206
2.067496805711135
1.0386246447001892
5.139386759315367
.09677683877693868
4.437011407303726
.7314599166975418
.37045591159986524
8.850958959759557
3.5850514654363335
.16916448632824913
4.505985969073566
3.8910595544448494
1.7779265952459415
1.9944164113708998
4.658250490338777
6.938333232950314
3.3526894503065
2.343565365976094
10.153841934602095
.0005393704484181804
1.071182659361036
12.382741232909115
3.7739577747320547
10.223816326132336
10.779808687689316
1.1502977000374544
1.9007267731108644
4.636349770215506
.03508695810126818
1.5640958903791111
2.1710776443944693
4.332271384468923
2.0071858250877344
2.6888298263961414
2.9761499778157456
5.752195027252593
7.718218557554827
4.108638613741309
.32486165795738225
4.0457671061106995
5.261953724432134
1.3393805144241184
.5819674797676923
9.221959099842401
3.9124669334025075
3.900246681202284
.38710735510775474
.07206332834687602
.08771739525317046
.5041237010755947
1.0607657390399932
1.7048449337374496
2.108521634449414
4.02354121487432
3.517395058386751
.7922991222554994
5.875327181409942
3.4915385601078466
3.6666714891793335
7.735255966457549
2.6035593635091994
4.966769577599454
.000554626425912966
10.551148049790482
1.3107245790478688
1.4904063403354986
.00012750129796738907
11.338399586011278
1.6338523958872482
.357190197052865
.5870715670076324
.648083693207385
.0005393704484181804
5.243405828841755
3.6896647054426395
1.9882420013202016
5.098404879878943
.03508695810126818
3.1108008798112254
.16187847692854945
2.779665505973588
2.451505884671695
.000554626425912966
.6208986036979083
1.494600706154666
1.3309246049837666
1.8949681168695363
3.9805895158755167
.5263043715190227
.35086958101268184
.16209688805180714
4.542989231437808
.00042015197686834843
.3516288546575037
9.742915838309866
6.677448215581779
4.8254785243011575
.048265517420804864
.05534061405621701
7.829650011234328
11.32625272460987
1.1125877132965483
4.664596024858808
13.999188887507437
.20000555896908362
5.193123223500941
5.193123223500941
5.193123223500941
5.193123223500941
5.193123223500941
5.193123223500941
5.193123223500941
5.193123223500941
