.6497753030768472
6.987813598686783
.022337393858685495
.3955348888705342
.008730564977989106
.5350494532034874
.0015738954924055851
5.005453166337271
6074954459520348e-25
.365711972034245
.4180787295785096
9440576788528612e-20
5.47575141752584
5.0657308378743835
.043318873832476866
.006988423328671591
1.0213220167063533
.16031351413507092
.7764390193197555
.00036352046954184805
2.779456233164264
1.8894231195071152
.046207669141702726
43461548438009835e-23
.1621738270647854
2730342941777412e-25
7989992809368936e-27
.061112000190579184
.00024615125398856446
3.965684956723254
3.2196428447209757
.14869790461047555
2.492209579498876
61.01437103595462
72.0945383616925
2.7250133947663757
.6683513401467047
1.5007017598925891
2.8900656130941407
6.677980813102815
4.355696159689274
.00012420828328136533
.1635452075164359
.01280541802596706
30.25741544519008
32.14399447346474
3216886176823613e-24
3.1920627779073807
.09907794756867808
.09754893168683557
.2093654639611124
2.276270705495632
1.7920904849023036
6.4834592397670185
5.640581555357597
.03759715099773524
.04619494096043565
.9011774197207486
.3587476947693345
.8624694081043306
.0004907390329366389
6.254451160754639
5.141866427449575
.2651301781025625
.8119320817190457
.14725724044593255
.024796373387304334
.008125284252800973
.24018820055673623
.0036139581544577825
1.7514534631648477
.0007544035052888058
.0001673762135350809
.03097542190320154
.002508219066258906
1.6321637319049622
2.396740669096974
.0014910272460505925
.004623521469003334
.26189190556074043
2.6585268585829915
.9587435900502209
.19644326161869854
.01392625341143594
43763698689897394e-24
.134633662204384
.013341057405700688
.0017954818752439088
1365407496026518e-22
1.0217260332028302
.4684024446649424
.0673442596132864
2.3413029692758567
.0026850631027084755
53780369178437666e-24
.2440085140888791
.0015022841625525344
.4872565337894024
.5013763216139412
1.2291842716498518
.007012873953359005
.3102492204839453
.015994243784043568
.0640757839820758
57989484701994534e-21
2971272777767151e-20
.0006259486066595582
.07337147120336933
.2605813414982239
.003235697155573227
.0034663663803058925
22666807095744712e-21
.0007140157465508296
.20222524772671083
2281184622196439e-23
192498775379913e-19
.07543570537409507
.00011134134272809953
.014591883120537049
.00010413526203961045
2335533020176848e-21
27.543216929516007
95.8135022157635
4.416912433247637
8.163841313420754
21.84652270751932
.0001579297913236783
1.7396880829998826
.8118779486787027
.0011260412176773648
.0018788145602360161
.48970462757288663
.02736836747105202
.0009394032048177779
.0010333924291393431
.31179003099241537
.17741160839150152
4.594330487885254
.18900031159277733
1.974936302879014
.0005453084420354592
6.380295676002083
12.576451814782155
2.1572686040632014
1.0551855176838334
.25215371353733
8.694808903651335
1.8309787916444265
10.737715337162513
1.6282195307163958
1.4043278621435333
4.292573716634039
1.9928096783850648
.0005453084420354592
1.7562697855961522
2.181233768141836
2.069761739508438
1.0443261670019437
5.1760933340834585
.09680333254743863
4.468701470456468
.7366841563548229
.376590306600192
8.914174359191572
3.6245197247408787
.17102683834073576
4.5555929062025395
3.933896693310181
1.7803360216031905
2.010264728265339
4.709533725748576
7.014718171303241
3.3895996084640774
2.3693659566937617
10.265626791884042
.0005453084420354592
1.0770629086433574
12.47118135975418
3.7930394937229632
10.336371539839073
10.898484887638187
1.162961464655677
1.9216521009259564
4.687391897984559
.035125395711923045
1.5813152086438051
2.1949792972062605
4.379965877010628
2.014515953997152
2.7080340111916117
3.0254321703046996
5.815521628584461
7.773343688203118
4.1311929550094755
.32575210044563696
4.090307438870007
5.3198832007720585
1.3408477999774444
.5883744291852199
9.323484747816382
3.977253637686853
3.928103058455477
.3872133301897545
.0722608531942482
.08781348927980763
.5124715066162565
1.0783310034677702
1.7067125839794788
2.1434367327578405
4.067836860145303
3.5425170293039168
.805418836699622
5.97261697098645
3.5164758585082785
3.7070383130631015
7.790502781842372
2.6322222591648
5.002243284365263
.0005585876838070589
10.626506555175748
1.325154502317159
1.5010511340294548
.00012759886434387486
11.46322537980355
1.6455217113013796
.361122546547493
.587714701366959
.6527124424443594
.0005453084420354592
5.301131109186232
3.7160170621968835
2.0024424413914295
5.134818753495687
.035125395711923045
3.1330188700950794
.16366061639428323
2.799518458184348
2.4690150522561374
.0005585876838070589
.6311800897559531
1.5193498620251296
1.3404303467797078
1.9158300469510197
4.009019718451871
.5268809356788456
.3512539571192305
.1622744644907027
4.555441518546084
.00042710929110082433
.3574514916311348
9.81250178025711
6.788020361054379
4.8599431008234495
.04879687826050219
.05588863972717937
7.915847562339671
11.450944792155768
1.1248363241716768
4.715949119015203
14.153307628170538
.20009231304637096
5.221630835009714
5.221630835009714
5.221630835009714
5.221630835009714
5.221630835009714
5.221630835009714
5.221630835009714
5.221630835009714
