.6617472854474009
6.982691385772998
.021980137087929646
.3924052523083252
.008596401109621564
.5328720357050344
.0015383948316983259
4.905874242963545
6025395041039345e-25
.3620097674120102
.40716964456339116
9199575536707031e-20
5.321074166700591
4.9701025527548
.042447815313111
.006692404795162846
1.0023128786719187
.15701219969293656
.7605555511841136
.0003481530990741759
2.7114173233966543
1.8438328397287105
.0453453488120385
4321350938781076e-22
.15954908160451392
2494058522252189e-25
7936520124996286e-27
.06017393439960259
.00023513924428602212
3.872047786352866
3.149327297499663
.14292738199779775
2.42358325237235
59.59557502243926
70.31058099166715
2.665479279201366
.645425201015865
1.4599644540662635
2.806291829490889
6.472553359141192
4.2062852308841
.00012143266287177596
.16157003561689764
.01258595393476651
29.926885577287763
31.755355578760405
32276814072296415e-25
3.128832775368003
.0963691435006615
.09518111677684846
.20567387022572545
2.2147452586708716
1.7699333448453938
6.38518467983787
5.596301621496591
.036878035889295446
.04424178084425229
.8972213143879516
.3542542632686773
.8491783458980646
.0004871794541488837
6.107108509975663
5.017016120115725
.2602165203618405
.7921831265841295
.14354339188333512
.02374990910656556
.007964481335426012
.23852100550197794
.0035941024683879717
1.7487878284412426
.0007226929158364534
.0001601939035756851
.030319094201626515
.0023959161525586503
1.5940969104938671
2.350736931842575
.001427836017074169
.004431335889592449
.2576085572736003
2.5942072435695245
.9433357526312375
.19237231385287135
.01366149180076186
4052447015539654e-23
.13229513315084834
.012251195460432338
.0017517103225662637
1345935967825616e-22
1.0094091407740107
.4598648371313514
.06575239274520944
2.298606825759494
.002636384377597788
52716854700543113e-24
.24051638776238468
.0014684603835891316
.47869191671653083
.4924983880979294
1.2174066776944394
.006876392639804369
.30043062842810875
.015702871238962683
.06295047332640985
5708075673050556e-20
2857134124970858e-20
.0006022980378160161
.07215942242085784
.2543578197407603
.003167622986402107
.003442417832343454
2235768771888522e-20
.0007044682553428212
.2011205061147282
21660705395774126e-24
1844248995077036e-20
.07418214947162594
.00010673407222399698
.01437106886195605
.0001008910389501785
22682307271280683e-22
26.891555843167595
93.54659450122342
4.312410117417148
7.970688214685263
21.329643043210353
.0001569364194779211
1.7072792276140105
.798002010051125
.0010913495852975465
.00182198474640682
.4550063876697289
.025425955194656992
.0009257663395152535
.0010190198084020345
.31164075694721854
.17467182482032823
4.566911014312534
.18608156262621683
1.9678558547596703
.0005324066705161354
6.322512421032702
12.382232527903499
2.1425817074574374
1.03022026607533
.24772718543210095
8.489093332000975
1.7993837638068055
10.571891824600847
1.570778142329245
1.4009693668510999
4.19101320325716
1.9456606281043625
.0005324066705161354
1.7520696098635675
2.129626682064541
2.0648118376756934
1.0318980554785833
5.09615845491655
.096745403497774
4.399690908046049
.7253074760630203
.3633047086472305
8.776511955466601
3.5387650916724094
.16698041429545935
4.44780946791303
3.8408223295092787
1.7750711482787551
1.975768569216393
4.5981081115304
6.848752849400672
3.309403087890957
2.3133077410812857
10.022746320646215
.0005324066705161354
1.0642452101414392
12.278587774067406
3.7514347745269028
10.091817277212833
10.640631256393709
1.1354462788522814
1.876186609408473
4.576490150225821
.03504139219727136
1.5439019468101884
2.1430469976135837
4.276337701373561
1.9985205132483919
2.666213596161787
2.918699004994375
5.677928799400269
7.653299236077838
4.082029266124063
.3238079758048477
3.9935324617155916
5.194016971176098
1.3376411192973214
.5744537342757017
9.102894966496976
3.8369414951245675
3.8674410063890603
.386981613991096
.07182959241322114
.0876034804931784
.49439220324618777
1.0402889404587086
1.7026309258899763
2.067819176570282
3.9715935275616756
3.4878096172834447
.7770047467440531
5.761911102001345
3.462170602652033
3.6193313244274665
7.670193340276573
2.5699449724808456
4.924993187295671
.0005499613635057564
10.46240044992818
1.293801896527888
1.4778702651235736
.00012738559607218728
11.192010222794991
1.6201097701578007
.35257853690656177
.5863091627380935
.6426325449521776
.0005324066705161354
5.1757085462979555
3.658630273420697
1.971518541017122
5.055521281423087
.03504139219727136
3.0846353753154125
.15978847410440933
2.756285240536019
2.4308858287037345
.0005499613635057564
.6089129077243285
1.4657492486716281
1.319729959270087
1.8705023028153251
3.9471080630607203
.5256208829590702
.3504139219727136
.1618863798847031
4.528254138652711
.0004120414515306354
.344841085249806
9.66096642463184
6.548548160541188
4.784890558404186
.047642364364067186
.05469714775721092
7.728561892875449
11.180020188756398
1.0982231633760562
4.604371719253741
13.818446241136508
.19990264187952744
5.159490277392912
5.159490277392912
5.159490277392912
5.159490277392912
5.159490277392912
5.159490277392912
5.159490277392912
5.159490277392912
