.6737192678179547
6.9775641704195195
.02163198269921262
.38929596999450533
.008464334773018927
.5306956253417598
.0015036510553829824
4.808299147650977
5977804689229272e-25
.35836251957214493
.39655776259577935
9188063124842822e-20
5.270496840900631
4.87612486067919
.04165460615064086
.0062321569317796
.9816292389016699
.15378101485757623
.744878144615058
.00033405800410607093
2.6509480007423134
1.7993530159766857
.04322001372727737
4297645005266555e-22
.15696824677519242
2282954108484881e-25
7885550574669127e-27
.0592501066202719
.0002184216058099324
3.780775598524293
3.0803453518001853
.13737192799966433
2.3568454693056187
58.20864669020161
68.5742178501501
2.607236176015265
.6232894453183782
1.4203267394476748
2.7248904179143048
6.273597714617335
4.061846773253549
.00011871338972064828
.15961903663059554
.012370652357097531
29.5999142066437
31.36506350757312
32379836890823135e-25
3.0667577685475513
.09387168741344447
.09288918167954095
.2016554992967637
2.1551540387218235
1.7477208086602076
6.287484965167649
5.552308466150285
.03622663530370359
.04121115699669261
.8931163573746173
.34981153378320623
.837293064709627
.0004836126854789109
5.963258343916946
4.894748596956151
.2548587037505704
.7730778907978003
.13994612836635278
.022120924220323152
.007817970365554313
.23033208633130234
.0035785657738329
1.7459189963152157
.0006732047880381774
.00014908810797411957
.029613497594812403
.002225616449943237
1.5590159124069507
2.305604506006181
.0013295890574887685
.004129908088575714
.2534533251497497
2.531976974982187
.9281798808992641
.188426633190608
.013404137620948406
3759286549071726e-23
.1300302706575699
.011268924672216714
.0017115703207676778
13242105025760833e-23
.9976805912239933
.45148145574584636
.06421259649568045
2.252107036690836
.002589185786292174
5169175496955224e-23
.23710852823316964
.001435774433879914
.4703007442815783
.4838056754640046
1.205702147279772
.006743941245321358
.29091806649980617
.015419602263010002
.06185884985743533
56186944189579664e-21
26715005966096846e-21
.0005635187858239134
.07097958787923696
.24828471285661052
.00310633035584367
.003324091084878894
21472478534477998e-21
.0006760081111854384
.20005499035275986
19999259351802263e-24
1718611156630124e-20
.07302042106048512
9951259259772166e-20
.014156604841177955
9788826995643027e-20
2141866192867327e-21
26.255312958202726
91.3333214756235
4.210380310355825
7.782105088649613
20.824992672505566
.00015597477699641718
1.629217492387275
.762678479726753
.0010263246396401361
.0017143954837090818
.40809485400709716
.022797846344349032
.000887232897494787
.0009771919893321046
.3114915543691578
.17197435208044315
4.539655183215214
.183207888276643
1.9608007911282295
.0005198101529327249
6.2652524813024675
12.191012594538202
2.127994800703487
1.0058456884919513
.24337836479461195
8.28824495923341
1.768333935844096
10.408629145944984
1.5153633078171036
1.397618903508331
4.091855596054464
1.8996271171239185
.0005198101529327249
1.7478794789865295
2.079240611730899
2.0598737736926123
1.0196178461338525
5.017458020405074
.09668750911401089
4.33174608465749
.714106487313247
.3504878316073485
8.640975490009172
3.455039400073548
.16302972802265434
4.342576169246971
3.749950090884776
1.7698218444261085
1.941864366644767
4.48931881025969
6.686714241566787
3.231104004698031
2.258575854254772
9.785612364116915
.0005198101529327249
1.0515800501430492
12.08896843598067
3.710286405449115
9.853049130942725
10.388878402527675
1.1085820981260799
1.8317968244490508
4.4682123208144455
.034957589579730594
1.5073738770149645
2.092343408266469
4.175161352482717
1.9826520777955887
2.6250390191986437
2.8157314260639223
5.543591395457412
7.535108645919759
4.033450655404545
.3218754539166737
3.899047165682103
5.071128717273258
1.334442107497328
.560862400873277
8.887524305580467
3.701579617940685
3.807715766221798
.38675003645604356
.0714009054446184
.08739397394932649
.4769507445266546
1.0035890157991716
1.6985590292172597
1.9948694363219497
3.8776272974699477
3.4339470588873864
.7495931166126826
5.558639015646994
3.4087039898706535
3.533699469694803
7.551741852944105
2.509141156850832
4.848936073445082
.0005414682605821866
10.300828656443613
1.2631910885842834
1.4550473813679465
.0001271726842563039
10.927211974815727
1.5950902689009867
.3442366772236785
.5849069855001295
.6327083126178868
.0005198101529327249
5.0532534620165235
3.6021297162299644
1.9410722024273581
4.977448410445898
.034957589579730594
3.03699907309004
.1560079461073967
2.7137196790475464
2.3933454396716383
.0005414682605821866
.5874313202839692
1.4140396851994816
1.2993492505163853
1.8262470061557599
3.8861525173541427
.5243638436959588
.34957589579730597
.16149922339553852
4.501229016073782
.00039750521103084437
.33267557876792375
9.511771249060763
6.317524629698651
4.710997062083841
.04651516608939975
.05353105744187282
7.545707373634163
10.915505619932478
1.0722396658842532
4.495434223662427
13.491507623175272
.19971315050545554
5.098089230669258
5.098089230669258
5.098089230669258
5.098089230669258
5.098089230669258
5.098089230669258
5.098089230669258
5.098089230669258
