.6944273156431584
6.968687016501833
.021063654453985795
.3839693652325673
.008238277542566761
.5269468797714553
.0014453020288982279
4.644185001605355
5905307475901868e-25
.35218840387973166
.37887888049174573
8420433256865384e-20
4.852040343667
4.718344617612543
.04031970147279367
.005560203962861964
.9484349542652579
.14851529296713484
.7184620753001534
.000310551895564688
2.545509152874825
1.7249705415017285
.04017159034244885
42623811125060646e-23
.15260802157315162
19626323618668837e-26
7810538312819382e-27
.05768521311735917
.00019392643438476405
3.6283571318468932
2.964147530384433
.1282530389351357
2.2457221034131463
55.883063463989586
65.68237796027499
2.5098221292897134
.5867932369815041
1.3542791201091209
2.5901471106186698
5.944159837360428
3.8239880141636116
.00011414075071953667
.15630055625048098
.012008600650986308
29.042653308614398
30.680958077218158
32534970896867637e-25
2.9605364844326933
.08970147266831835
.08917840007051153
.1951744420830436
2.056425857958347
1.710212798764655
6.1234593913218855
5.476852516809102
.03512564258216071
.03678324121965106
.8853846363632832
.3422451826218899
.8170751655914629
.00047742035704636583
5.722445289800334
4.689162643151671
.2462649276753722
.7420973953660401
.13411581863196673
.01974236910408231
.007569359566172623
.21880983269679916
.0035516501500718733
1.7404423967862734
.0006009384567321047
.00013287688732293313
.02847744886346289
.0019773074285771943
1.4992514256182152
2.229555967732774
.0011861582790753445
.0036896438597042603
.24677709100317408
2.431087534521978
.9025654266949783
.18196388062966018
.012988864867535702
33155952219653114e-24
.12640076793726163
.009782941605883763
.001646568477479462
12927364545406073e-23
.9784781753944259
.43734370189570343
.06172384003990401
2.1774098083817344
.002513317899421629
5001128088174469e-23
.23162225081610313
.0013831609565586906
.45610418038992073
.4691931299446005
1.1856237745169156
.006526764839339873
.2751602156817897
.014958151634774593
.06010134054529965
5467537143115203e-20
2398911172867421e-20
.0005065370644340432
.0690743541735425
.23812436705676762
.0030079496639263178
.0031554401351955707
20192933523145632e-21
.000635250552692432
.1983503851481327
17579443540535833e-24
1536398536259277e-20
.07104823370434533
890342860075448e-19
.013813306969039697
9288893435544533e-20
1956085930130558e-21
25.190130504861465
87.62791329419802
4.039564474504842
7.466383779073773
19.980119224566604
.00015452671885346687
1.516269978641932
.7115923312963065
.000933735511901438
.001561207596518177
.4052897501250468
.022713751846124515
.0008314042239743483
.0009166236373211838
.3112336459193135
.1674064834675919
4.492893985925589
.1783416419302449
1.94865724359092
.00049872136778459
6.1674309931590825
11.867203008307477
2.1029977547868275
.965038360091173
.23603562974143436
7.951989470158716
1.715886340025704
10.132162046035047
1.4240872361108092
1.39184248178788
3.9258483277555825
1.8225589261534703
.00049872136778459
1.7406554145711128
1.9948854711383597
2.051360222839889
.9987206676561077
4.8841876301960365
.09658745044530075
4.2166891198276835
.6951388646987665
.3293766219819422
8.411459633442567
3.3148678717272713
.15641558459426774
4.166397125213345
3.5978139863152054
1.760778696724818
1.8845877203011447
4.307186392651255
6.415433122504795
3.100017572926904
2.166945052773854
9.388608428111645
.00049872136778459
1.0300278028233307
11.767869278970124
3.6401743824135715
9.45330927398891
9.967399862093394
1.0636067363434192
1.757480519836891
4.286936197025266
.03481310829142226
1.446219465830553
2.007456685019341
4.005774355663708
1.9555011779803289
2.555314474821826
2.646129257247191
5.318686962120995
7.334966090580922
3.950784646225943
.31855994183572633
3.7408621677639187
4.865392174087744
1.3289267983131987
.5381081191360858
8.526955952842906
3.4786194572380937
3.7065777469487413
.386349801781203
.07066543288306824
.08703277072855564
.4482221946579786
.9431390481266071
1.6915388084366094
1.8747108942910549
3.7203113072001885
3.342736835974917
.7044422839974707
5.223821133516489
3.3181642566053835
3.3903366891218796
7.351157497398561
2.4073448789893304
4.720141851355201
.0005270861399784609
10.027224881596316
1.2119432141095419
1.416399378435201
.00012680524850685666
10.483893151001142
1.552722539726063
.33027093745287883
.5824895386503441
.6159027343015026
.00049872136778459
4.848242120936914
3.5064523371839944
1.8895147307376343
4.845240728945073
.03481310829142226
2.9563323191502597
.14967867754983064
2.6416396578348498
2.3297749863957162
.0005270861399784609
.5520481068749019
1.3288667190625771
1.2648367980095765
1.7521558586032262
3.782931113150384
.5221966243713337
.34813108291422257
.16083173984940433
4.454863631573954
.0003735619665570536
.3126372685977405
9.259125893427255
5.936996192635391
4.585866684473456
.04462803799416203
.051572444691182766
7.239576759032908
10.472661724900274
1.028738722677268
4.313053702705849
12.944154894521684
.19938580949085816
4.993603338280533
4.993603338280533
4.993603338280533
4.993603338280533
4.993603338280533
4.993603338280533
4.993603338280533
4.993603338280533
