.6918426178542041
6.969795659862812
.02113305143864371
.38463098473657853
.008266209492153863
.5274140924807208
.0014524657833961307
4.664347398904765
5913995057033831e-25
.35295034034968226
.38103979323364523
851902620230153e-19
4.905431007776105
4.737733429845047
.04047203547019433
.00551633009008778
.952902320317615
.14915828882231127
.7217157051604095
.0003133994732106352
2.5584730111870444
1.734082245800931
.0396619389005298
4266578366754076e-22
.1531452975470752
19993260461548623e-26
7819419463582864e-27
.05787827917416636
.00019251496523807555
3.64701416973161
2.9784365967971254
.12935843773119957
2.2593001048065173
56.16833650456153
66.03590190256213
2.521762615465601
.5912275660692933
1.362352630164864
2.6065707959953444
5.984287935490374
3.852883130481941
.0001147025308212984
.15671090816444352
.012053138822815957
29.111640051213346
30.76553914757068
32514865867344463e-25
2.973641118902691
.0901856947961796
.08962906986783865
.19604653980643238
2.068458288173352
1.714872706906205
6.143741770733154
5.486221870925837
.035250859194476646
.03649678110609906
.886325484340428
.3431814305597261
.8193393931559099
.0004781923283178919
5.751961235506247
4.714392755404653
.24742336481897223
.7458614541727544
.13482410461495253
.019586225567081054
.007597778759397814
.21539200006926912
.0035542611302732093
1.7411487029683879
.0005961511695364933
.00013184334247103347
.02862873242825118
.001962737131668147
1.5062008301269334
2.2389102095466242
.0011767936622750083
.0036598934341122344
.24758849158963153
2.443345817452325
.905722836183314
.18275164503158342
.013039418667235472
3367078286749914e-23
.12684130712455066
.009954847724302508
.0016540520549047722
1298043058062931e-22
.9807896592500831
.43908365352140155
.06202605829167649
2.1874694776273254
.002522535614739435
50211118746266814e-24
.23229136105001405
.001389544185932475
.4578508907036492
.4709877083709929
1.1881168020913389
.006553262010561558
.27708028205503027
.015014403331531359
.06031498950280871
548617056581033e-19
23780848868786274e-21
.000502077281492246
.06930652406880808
.23936920856961413
.0030190196091529186
.003106489085258877
19897243681593556e-21
.0006262378544383166
.19855718740080489
1747303489358945e-23
15239309874373093e-21
.07127626238809393
8829682864393144e-20
.01385503743218135
9347205131256032e-20
19350184504705153e-22
25.320685404970295
88.08206947511422
4.060500647755329
7.505080402271616
20.08367178333649
.00015470059130815857
1.4963818739461983
.7020408093665131
.0009251617237856797
.001546683550993833
.3955516028386567
.022156727234346234
.0008197253841023485
.0009036338108887034
.31126582537942665
.1679699332792671
4.4987041260563885
.17894189684557438
1.950168836587514
.000501306130826635
6.179556777521516
11.90714514890824
2.10610167964232
.9700399414318721
.23693988251418424
7.993202880734046
1.7223467220026762
10.166264457593115
1.4351726626806407
1.3925621662255798
3.9461951352551954
1.8320048477814068
.000501306130826635
1.7415554608261
2.005224523306539
2.0524209262225
1.0013053976886626
4.900626626723629
.09659993372040104
4.2308814775025265
.6974785343118521
.33194056628550306
8.43977057605486
3.3320481020473878
.15722625213004043
4.187990644166769
3.6164606640488866
1.7619048985443095
1.8916434578494097
4.329509591379192
6.448682899845243
3.1160842814535217
2.1781758518700163
9.437267518434995
.000501306130826635
1.0326935570052003
11.807477086216952
3.6488526106914
9.502303694550777
10.019058700982267
1.0691191758757033
1.7665891544136845
4.30915444344791
.034831109216521994
1.4537149028970862
2.0178608910211686
4.0265354021680615
1.9588696346447199
2.5639150464949534
2.666727343397873
5.34625254559091
7.359653815791886
3.9610094388611277
.31897189856293223
3.7602502327260696
4.890608430476559
1.3296139507374873
.5408970150383123
8.571149288103353
3.5056978409071404
3.7190531928826016
.3863997348816042
.07075681631404623
.08707777304130498
.4517112605662016
.9504806620376349
1.6924134578111805
1.8893040803202217
3.7395928615768725
3.3539876812330958
.709925826728508
5.264484573312268
3.329332396493189
3.407908057706023
7.3758997189762905
2.4198216174541547
4.736028709391623
.0005288601846878162
10.06097409999056
1.218224448945745
1.4211666368263054
.00012685105235746248
10.538228860886266
1.5579486289698634
.3319826590034951
.5827907283766062
.6179757142271552
.000501306130826635
4.873369492376303
3.5182542092985645
1.8958743811952445
4.861548639604779
.034831109216521994
2.9662826200822843
.15045442917970678
2.6505307792352277
2.3376164465956992
.0005288601846878162
.556345377854234
1.3392109269606072
1.2690939333419502
1.7612368966332155
3.795663546083291
.5224666382478299
.34831109216521994
.16091490163083602
4.460624591446172
.00037646985986902477
.31507090987767916
9.290289876045279
5.983211153116724
4.60130160471198
.044859335288999644
.051812942236481724
7.277097891383665
10.526939224776822
1.0340704489718695
4.335407310409949
13.0112415993294
.19942663759748752
5.006526988443306
5.006526988443306
5.006526988443306
5.006526988443306
5.006526988443306
5.006526988443306
5.006526988443306
5.006526988443306
