.7036016589744685
6.964750340996322
.02081846141048526
.38163001953788195
.008140096683828424
.5252908041395282
.001420144621668239
4.573316591807984
5874300256055476e-25
.3495060963658494
.3713114682421631
7994643377206008e-20
4.628144990199218
4.650149147919629
.03973824153252129
.00470127428651812
.9337179784733948
.14627348115676314
.7071350016148795
.0003006710055418176
2.5002615766952303
1.6930212826229196
.034580905634869596
4247385200410698e-22
.1507174633271406
18366691178909425e-26
7778785908462977e-27
.05700507309075567
.0001635883642546448
3.562975743454135
2.913918751617401
.1244024880865593
2.1981851302258484
54.88180902337527
64.44406640649632
2.4679085569969272
.5713203374373933
1.326006299103503
2.5326930398024268
5.803950615032041
3.7231325780045257
.00011216711358017856
.15485278798287047
.01185225853102832
28.79908378410446
30.383598375784466
3260991839532153e-24
2.9141351682659304
.08790499476741406
.08758946612222107
.19229297425482472
2.014368356807183
1.693934019083315
6.052661349260116
5.443681821994129
.034644968891102176
.031130334757104663
.882152036206772
.33894014834402003
.8081834617195335
.0004746689513673316
5.618910027245669
4.600430489934404
.24245227354529952
.7288576029366982
.13161769608993557
.016696934292105278
.007460474473808735
.19023268392441992
.0035394909293289547
1.7378096420812372
.0005081944448551086
.00011229127980220281
.02797596698192891
.0016688484740711594
1.4731167203239806
2.196664385333814
.0010028368026875798
.0031214280852783507
.24390773562810086
2.3879617117616236
.8914542359225991
.17916484610538352
.012810229867055491
3140457947152087e-23
.1248433278413102
.00920071981074281
.0016187026392103453
12817182249915538e-23
.9701533488077918
.43122353277299647
.0606594292419629
2.144260465618107
.0024807404225810773
4927802161534816e-23
.2292391207911036
.001360714220139214
.44998037194216856
.4628844887304033
1.176796481082271
.006432537909715057
.2684510298190635
.014759784646088821
.05934605287937265
5401936286654746e-20
20337111252077627e-21
.00042960731765294294
.06825191945458914
.23375847470952774
.0029655838487816547
.0027417372137421734
1747026856735172e-20
.0005498229993702188
.1975857628825314
14764776681592106e-24
13004798372568866e-21
.07019486250197529
7536608809844306e-20
.013665404487534807
90742324763634e-18
16705786416106678e-22
24.73213930997541
86.03471739125354
3.9661196402218013
7.330634659878223
19.61685319560105
.00015390003210633113
1.306172013495234
.6136482012676103
.0007978811638352201
.001334573777701175
.35776004914928683
.02007273470623412
.0007181976631721889
.0007921467787539983
.31111945230066756
.16542174471024176
4.472331507801493
.1762272580577891
1.9433013223546354
.0004896539278559723
6.124582510291587
11.726507754073255
2.0920173122762864
.9474926363179776
.23285377248131953
7.80741137206365
1.6931503509307813
10.012037100501434
1.3854265103642032
1.3892909751852887
3.854471009316394
1.7894222998792162
.0004896539278559723
1.7374644688705552
1.9586157114238882
2.047599697334053
.9895999635662829
4.826281650170497
.09654315428418819
4.166696872511654
.6868974333161219
.32043479670123554
8.311735001549135
3.2545990177342836
.15357173428260282
4.090646299016631
3.5324007830667234
1.7567870705704944
1.8597553124951465
4.228875824066204
6.298791730713651
3.0436549926648215
2.127547013379782
9.217910622815308
.0004896539278559723
1.0206211898452573
11.628351706140133
3.609537463014445
9.281435118387135
9.78617883301352
1.0442689040136988
1.7255271084357977
4.208993804829363
.03474928937741111
1.4199252082007487
1.9709583633581418
3.9329438721836674
1.9435915953269236
2.525019162655027
2.574292873274051
5.221985922936756
7.248004157074663
3.9147045501111633
.31710199916987886
3.672848151965644
4.776932657176164
1.32649062788111
.5283245739331951
8.37192417383606
3.3841828599546493
3.662633281005013
.38617261713675277
.07034202075219231
.08687322344352776
.43605398269609164
.9175349705420647
1.688437902626692
1.823816762316178
3.6526709342928743
3.3031059972131334
.6853182800352445
5.082006284628614
3.278824745572565
3.3286957083013426
7.264003601717476
2.36357604033967
4.664180766225611
.0005208371090639572
9.908344050705303
1.1899084207345347
1.399606822471792
.0001266428019718032
10.293281564040202
1.534313762836594
.32426615787259866
.5814217267942945
.608600711093048
.0004896539278559723
4.760094415563325
3.4648805192337226
1.867113011037184
4.787796495817207
.03474928937741111
2.9212826172994935
.146957313467704
2.6103208910627558
2.3021536266035216
.0005208371090639572
.5370612578128245
1.2927910135322225
1.249841138565967
1.720299256861785
3.7380814165249325
.5212393406611666
.347492893774111
.16053690530346856
4.4344752057047865
.00036342060978324624
.30414987864511767
9.149351494973763
5.7758202648256844
4.531497539645937
.04381663892489472
.05072778023750676
7.107951303194205
10.282254340702762
1.01003483875997
4.234636458359744
12.708812367582887
.19924095825865937
4.947999817831409
4.947999817831409
4.947999817831409
4.947999817831409
4.947999817831409
4.947999817831409
4.947999817831409
4.947999817831409
