.7060110705299854
6.963716093550358
.02075217186594822
.3810176730119134
.008114425770422538
.5248562106523559
.0014136070606302743
4.554886842477376
5865180098238718e-25
.3488061321627343
.3693503453841946
8795670893643279e-20
4.97830234328782
4.631626019563293
.03957977003156936
.005687208686566932
.9298440763278749
.14567127367823693
.7041950407906349
.00029812766242216766
2.488517603889554
1.684729373292353
.04201987175475624
42428577880643183e-23
.15022484411338122
18049908800308473e-26
7769098859420803e-27
.05682777296921515
.0001977773044097122
3.546014091419119
2.9008535963776914
.12340988061126265
2.185869273123618
54.62175916198097
64.12308696948331
2.456730661987967
.5673251914866972
1.3186795381202112
2.51730187620773
5.767697249903708
3.6965480465244327
.00011165403272646613
.15447482535489077
.011811533924176321
28.735450601340723
30.306120541274854
32630322692321245e-25
2.9020267803492334
.08743501290330359
.08716138825402861
.1915337637117383
2.00348846564588
1.6896861459054875
6.034209205775868
5.434996881548326
.03451812545665692
.03760896886276301
.8813250009057693
.33807694175887654
.8058250286661269
.0004739457366888948
5.592033094825313
4.577363955629575
.24144840681803018
.7253098211694543
.13094483733491158
.020195244652488994
.007431724375874326
.23179024770949108
.003536131025924065
1.7370979570740799
.0006148674871229479
.0001358417031439625
.02784424383931155
.0020177588573141495
1.466241993270643
2.1881065062085123
.001213267144739165
.003776822618297129
.24312023667077828
2.3763973567827903
.8885598946548755
.17840340314811384
.012761385169492436
3095985805597054e-23
.1244156977153837
.009054828014473697
.0016111725178797095
12789127500079405e-23
.9678705470711824
.4296305223689983
.06037246556369194
2.135531411540895
.0024718211927614777
4907824377458205e-23
.22857433574747651
.0013546492530529877
.44838315565512576
.4612439825278478
1.174485315378141
.006406833032219021
.26671596352605725
.014706339189414486
.05913943566908661
5384844719898441e-20
2462069034860702e-20
.0005201545331645292
.06802605227653656
.23262536619065635
.0029538929312135248
.003340336841210442
21262225131708188e-21
.0006683803115238602
.19735500551319413
17831934281927756e-24
15724779351075412e-21
.06997034526612726
9119504305563883e-20
.013624432070158328
9018192921841145e-20
2026541734569361e-21
24.613246197939727
85.6211286124765
3.947053586095961
7.295394604135935
19.522550446633783
.0001537094265984532
1.5880325195811902
.7462926747392209
.0009682188553411828
.0016197151475780378
.4399440951146267
.02470389195130814
.000873816175734255
.0009639157591046687
.3110894691533848
.16490441554921387
4.4669469082742985
.17567613644000557
1.941897166095739
.00048730004821080116
6.113378870506021
11.689835039559041
2.0891430918595377
.9429378201433293
.23202527259534877
7.76987934042929
1.6872294244770212
9.980726109540388
1.3754484278103145
1.3886216617174834
3.8359416759738436
1.7808201331474094
.00048730004821080116
1.7366274171732368
1.9492001928432032
2.046613232958643
.9872184801176472
4.811188252133011
.09653152437515627
4.153666216831593
.6847492751431314
.3181269695947779
8.285741424328863
3.2389534077529984
.15283347944824602
4.07098161644988
3.5154197157683242
1.7557402710363088
1.8532881293325278
4.208546640212186
6.268511982506544
3.02902343938488
2.1173194029716154
9.173597995157934
.00048730004821080116
1.0181650534664888
11.59198595843984
3.6015342832352357
9.236817113791908
9.739134408679172
1.039248861944382
1.717232100662608
4.188760198438781
.03473254834346474
1.41309929942088
1.961483510795837
3.91403730164543
1.9404758855409892
2.5171225826299297
2.555752368515943
5.196882629218284
7.225337222227169
3.9052837695577858
.3167202145745679
3.655191921691801
4.753968837407954
1.3258515694995208
.525784795551205
8.331678398641326
3.3598093867307206
3.6511790008815974
.3861260975006251
.07025733033713175
.08683137085866183
.43291344611421984
.9109267241907357
1.6876244702730916
1.8106813169631268
3.6351117005696034
3.292776079237007
.6803824986547632
5.045404791970532
3.2685707631970575
3.3126938983964416
7.241286631251696
2.3522137838261137
4.649594311906074
.0005192082771039494
9.877357342616193
1.1841882558347063
1.3952297835008478
.00012660017397138408
10.243799379629467
1.5295154501778065
.32270733547740954
.5811416174441519
.6066974129757282
.00048730004821080116
4.737211541115755
3.454044678182614
1.8612739237440588
4.772823453738053
.03473254834346474
2.9121467888255514
.14625085568353927
2.6021575439831293
2.294954021700948
.0005192082771039494
.5331932492776457
1.2834801079291824
1.2459324670139584
1.7120293805798543
3.726391184829866
.5209882251519711
.3473254834346473
.16045956404471243
4.429136184423752
.00036080319137882385
.3019593383492788
9.120738410635091
5.734221803277763
4.517326030183916
.04360600221064076
.050508253239536234
7.073781737834609
10.232825166704236
1.005179367757662
4.214279581804747
12.647718168099301
.199202934160025
4.9360924005882305
4.9360924005882305
4.9360924005882305
4.9360924005882305
4.9360924005882305
4.9360924005882305
4.9360924005882305
4.9360924005882305
