.7052117757399194
6.964059221727389
.020771015152979556
.3812207094530926
.00812292106613464
.5250001688006606
.0014157726393445064
4.560990484062559
5866873098990204e-25
.34903734527050223
.369999724539469
9342725024661843e-20
5.217419620277655
4.6370675536621695
.03962308348276717
.006602605198863691
.9310661520705648
.1458456215890144
.7051758981838034
.0002989687017763075
2.4924039647332323
1.687474433549711
.04869837171400804
4243562523363881e-22
.1503878605671357
1815248697362381e-25
7770485520785178e-27
.056886529573837975
.00022966265018353472
3.55162725633035
2.905182012458617
.12373831689898773
2.189947299606061
54.70789465022666
64.2293751526005
2.460171897085579
.5686471836167538
1.3211056561408818
2.5219319625959105
5.779698336675582
3.7048634309941346
.00011182400064584962
.15460010644355407
.011824964580767915
28.756544688836364
30.3319316940607
32623756739805486e-25
2.906040454587765
.0875807712085579
.08728320216842103
.19177361503421156
2.007090444486053
1.691091937907618
6.040294458944994
5.437875851563708
.03455617335945781
.0436110917843698
.8816051701914758
.3383630611812727
.8065165388015323
.0004741851082401414
5.600935277841189
4.584998340184274
.24176483838978013
.7263394956935961
.13113663096440573
.02344149367788158
.007440388570403611
.26842556119451105
.0035369012785672624
1.7373319897743091
.0007138799041376348
.0001577296469291139
.027886024003072142
.002342793460581986
1.4683648883205884
2.1909417716416124
.001408679883564681
.004384700189853737
.24332895438541868
2.379745189112837
.889519076752039
.1786149073515276
.012774567172001304
3110083403948161e-23
.12452847565975857
.009102914403955158
.0016132027545747733
12800196626927092e-23
.9684810173994804
.43015821261843346
.06045380491535899
2.1382850490011602
.002474205343226018
49132734722960986e-24
.22874116698769734
.0013563482803328059
.448909908128744
.4617871942213139
1.1752514797169136
.006413914203612324
.26729037986813736
.014721662243395113
.059194944963344855
53905087632302686e-21
28578587550767936e-21
.0006037520281334664
.06808617605479941
.23300064454823888
.0029567336337781185
.0038686906940028055
24634435437492634e-21
.0007736976646736499
.19739532226443765
2071592185051561e-23
1824391973863616e-20
.07003922066624539
.00010585693296746253
.013634895797795487
9035704900179446e-20
2350958255787016e-21
24.65262414302271
85.75811111666674
3.953368350841047
7.307066272544485
19.55378395046277
.00015373899815471602
1.8407912114309517
.865011709542906
.0011234370897858588
.0018793659010231175
.5082668971917484
.028544690975290287
.0010126505597953348
.0011170426359993109
.3110994154000612
.16507585401546176
4.468732468743468
.1758587734378526
1.9423628664145944
.00048807966396660434
6.117093276598199
11.701988063983514
2.0900961437074868
.9444463961921633
.2322997907125848
7.782310121786135
1.6891913256233015
9.991102304565617
1.3787505515571206
1.38884366307338
3.842078676328988
1.7836692103004919
.00048807966396660434
1.736905054813444
1.952318655866416
2.0469404285693975
.9880078741426808
4.816190075353018
.09653538230947194
4.157984464849075
.6854611564175286
.31889071660234164
8.294355473848293
3.2441353056786566
.1530779928420566
4.07749464968561
3.5210439232945436
1.756087465680035
1.8554310468972743
4.215279759327994
6.278540774264203
3.033869477070926
2.1207068345400817
9.188274541078028
.00048807966396660434
1.018979192814456
11.604037256683515
3.604187277948497
9.251594801957188
9.754715738212733
1.0409115229474892
1.7199794453570383
4.195461661859469
.03473810109626888
1.4153600717774353
1.9646216255064335
3.92029924469339
1.941508932682936
2.5197394418176406
2.5618881206215076
5.205196955460759
7.232848850872022
3.9084064903494204
.3168468162796125
3.661039746298219
4.761574560046088
1.3260635356917971
.5266259818229457
8.345007984336455
3.367875488037279
3.6549748515010188
.38614152923788775
.07028541410761198
.08684525274067219
.4339527680850198
.9131136420763735
1.6878942737271019
1.8150283311104771
3.6409273994727207
3.2961993258422724
.6820159348202297
5.057517605972827
3.271968845392728
3.317993771373729
7.248814841273172
2.3559770153989845
4.654428138306983
.0005197480581061347
9.887626073066867
1.186082800736714
1.3966802968382268
.00012661431373340646
10.260188106503122
1.5311055700178826
.32322362461830995
.5812345255634744
.6073281497186512
.00048807966396660434
4.7447904542917065
3.457635583374614
1.8632089474102909
4.7777853920212445
.03473810109626888
2.9151743243666846
.14648483774820198
2.6048628074946616
2.297339909284852
.0005197480581061347
.5344733191475712
1.2865614376666366
1.2472277673883114
1.7147684016088873
3.730265227785231
.5210715164440333
.34738101096268875
.1604852169937961
4.4309066309157
.00036166939382021397
.30268427072883763
9.13022054244436
5.7479883026994845
4.522022347402453
.04367576605838883
.05058097330986801
7.085098854908941
10.249196336285758
1.006787522067085
4.221021872870382
12.667952847728438
.19921554741642872
4.940039370713398
4.940039370713398
4.940039370713398
4.940039370713398
4.940039370713398
4.940039370713398
4.940039370713398
4.940039370713398
