.7063632021614571
6.9635649226242196
.020744125212264698
.3809282540317241
.008110783567967718
.5247927239502117
.001412654009770642
4.552200865634154
5864540644983281e-25
.3487046133401883
.3690646370595486
8659091380609954e-20
4.917088131063906
4.629141509593849
.039559314559536575
.004884205056253755
.9292409008675155
.14559745222620296
.7037667307697856
.0002977577634622306
2.486806354400064
1.6835218628164823
.03611578409422144
4242611471649387e-22
.1501531627211373
1800466568142126e-25
7768640379951575e-27
.056801906671361806
.0001698338745756973
3.5435456561834684
2.8989485260610417
.12326545391404489
2.184075082923356
54.58385378695849
64.07632197840763
2.45518273541597
.5667438107700485
1.3176121048772904
2.5152052125858426
5.762418172742417
3.692829096237879
.00011157922865221928
.1544196650479055
.011805645811550806
28.726162304272865
30.294837149158287
3263336677937031e-24
2.9002596280895916
.08736915871576809
.08710932669452506
.1914156740700044
2.001904048880285
1.6890665780583332
6.031536295527473
5.4337286255049335
.034500683458146844
.03233249374475751
.8812058218479637
.33795096207541653
.8055048323665164
.00047384008922143184
5.58811584769687
4.574001875648265
.24129194179052246
.7248682573786274
.13086282080520725
.017346534086155052
.0074277581188287485
.1992898744412068
.003535744586250886
1.736993523859945
.000528016988579195
.00011664830636481004
.027823864017214157
.0017328130707965055
1.4652803681729494
2.1868585406676577
.0010418763790423986
.00324349951795747
.24303255262937676
2.3749624195516397
.8881376070609335
.17831352720402885
.01275583335725053
3089846213408406e-23
.12436835733116508
.009033741039934227
.0016102772566808606
12785995568653514e-23
.9676151548727243
.4293982122635518
.060337767457523735
2.1341720453717774
.0024708172381794962
49054567990597987e-24
.2285051548795005
.0013539280966250234
.44815593766185774
.46100509670497475
1.1741477612649072
.006403833721385235
.2664633035641809
.01469978994704462
.05911603194907589
5382351506739861e-20
21145480572283938e-21
.0004467404970663242
.0680007528066432
.2324602300696325
.0029526432354558267
.0028717770193118176
1827563766777166e-20
.0005749742211609315
.1973401036805826
15309047187010505e-24
13511190652414046e-21
.06993934814634599
7832219721285992e-20
.01362007308580158
9010306590242296e-20
17408863718388887e-22
24.595918095341315
85.56085002552143
3.9442747998703953
7.290258534509858
19.508806271875137
.0001536990651577615
1.3646890684199253
.6413495919463452
.0008317835859876175
.0013914600596772585
.37612952289461626
.02111306787671777
.0007509903969802893
.0008284265270192895
.31108508740655166
.1648289443456457
4.466160500854807
.17559573538214926
1.9416920359056795
.0004869569815074617
6.111743193940262
11.68448499531062
2.088723360023183
.9422739774644738
.23190443580900247
7.764409226275898
1.6863658264665307
9.976158266954352
1.373996178318102
1.3885238696388447
3.833241114236141
1.7795664084770293
.0004869569815074617
1.736505117190723
1.9478279260298452
2.046469102582646
.986870910462343
4.808986333119671
.09652982479995983
4.151765223534593
.6844358884350472
.3177910793347639
8.281949319213508
3.2366731349068374
.15272588233606282
4.06811558299136
3.512944806403609
1.7555873352146376
1.8523448463208951
4.205583758868323
6.264098853986286
3.0268909604542844
2.1158287776573736
9.167139641555229
.0004869569815074617
1.0178065884622334
11.586680696424176
3.600366118499568
9.230314252960655
9.732277908772735
1.0385172148158304
1.7160231429417827
4.185811247053215
.03473010234381446
1.4121044558539164
1.9601025963383605
3.9112817593901945
1.940020948072901
2.5159705803005377
2.5530539103227077
5.193223944188816
7.222030428442834
3.9039088377053264
.31666445588037273
3.652618610551669
4.750621970476961
1.3257581979322162
.5254146349958387
8.325812769339624
3.3562619752995424
3.649507979079534
.38611929919983934
.07024496151185011
.08682525585953615
.432456360032634
.9099649339513483
1.6875056212665844
1.8087695324352953
3.6325525262129337
3.2912690863954097
.6796641255640654
5.0400776663589895
3.2670748483143384
3.3103617111145645
7.237972537959394
2.350557789267259
4.647466349003113
.0005189706529418246
9.872836808437425
1.1833545691512057
1.394591233764843
.00012659394515941104
10.236587587847906
1.5288154424095695
.32248014456673313
.5811006912161375
.6064197479792728
.0004869569815074617
4.73387647157821
3.4524638781283983
1.8604220812829144
4.7706390930023375
.03473010234381446
2.9108139972057043
.14614789283938578
2.600966624012525
2.293903698448083
.0005189706529418246
.5326302840585518
1.282124962001994
1.2453622456373081
1.7108240856537156
3.7246857409413674
.5209515351572169
.3473010234381446
.1604482638650177
4.428356433594183
.0003604222419801593
.3016405184743056
9.116564155488629
5.7281673991040645
4.515258602023959
.04357530291668595
.05047624938670104
7.068801687063321
10.225621100936792
1.0044717060752395
4.211312664382127
12.638813980643077
.19919737760685227
4.934354552311709
4.934354552311709
4.934354552311709
4.934354552311709
4.934354552311709
4.934354552311709
4.934354552311709
4.934354552311709
