.7075146285829947
6.963070600728712
.020711384027338027
.3806359812316097
.008098584332923256
.5245852775922252
.0014095419223439294
4.543426916430979
5859699512377349e-25
.348370791406451
.3681320145068702
8818200771945824e-20
4.98273541986672
4.6205118154346865
.039486241873361146
.005637630686931083
.9275097660877022
.1453000333627855
.7023633927289251
.00029655156572752964
2.4812210493721354
1.6795763368659766
.04177644356265065
42401565093111897e-23
.14991839765065268
17856066506806377e-26
7763353448880766e-27
.05671740856405857
.00019597675653193445
3.5354758331935425
2.89272697525958
.12279433371097312
2.17821879993573
54.46008654357318
63.92366462043549
2.449934949913705
.5648466608736403
1.314127855058043
2.5080179149220716
5.745191853337956
3.680337241970865
.00011133495196107345
.1542394369904765
.011786232652262285
28.695811396155655
30.25796080228041
3264331451559622e-24
2.894485878193861
.08714803987533129
.08689830897073111
.19107574399750482
1.9967331755424846
1.6870441890105738
6.022749207505307
5.429583542871027
.03444123731776575
.03728242770794967
.880816545601634
.33753927097931563
.8044026789229253
.000473494796959219
5.575326194211647
4.563025160443628
.2408437998800926
.723126606809685
.1305312873166475
.020019694624060665
.00741427295145212
.23081837215030956
.0035341858363861236
1.7366523405092693
.0006095294397763735
.00013464740170307464
.027764625277663334
.001999575064995683
1.4620424107728254
2.1827829759307167
.0012026846015310148
.0037442561471471847
.24263807652690933
2.369281957584711
.8867583442715595
.1779354448144975
.012731457692488648
306871950262237e-22
.12415398082630068
.008965202041966231
.0016066198136947085
12768617054966753e-23
.9664681386504967
.42863953700879376
.060196122706317176
2.130271133166356
.0024663576772847784
489565905918962e-22
.22816802563248206
.0013509285665280904
.4473962887926518
.4602237274006968
1.1730448318534257
.006391045372893578
.26563879127158907
.014673457856051723
.05901281868773484
5374207299453998e-20
24416479127063838e-21
.0005158754947571502
.06788764325207818
.23192108344270493
.002946900969039998
.0033259788023213208
21156703878282732e-21
.000665002348963425
.19721596893736085
17657240436801147e-24
15588481042895476e-21
.06983347196867255
9041086246503676e-20
.01359939163893364
8983919082705796e-20
2012168540112486e-21
24.539342483085484
85.36404267494564
3.9352021659136986
7.273489457686036
19.463932051082345
.00015359553927202018
1.5790208107958135
.7421881791150787
.0009613269891305795
.0016082915964996953
.4364840810171301
.024511343574627573
.0008692654165426486
.0009589627535232676
.31107076007293216
.16458240398716287
4.4635900132558834
.17533309076156378
1.9410214370803391
.00048583688144597
6.106397790528339
11.667008106582932
2.08735147798881
.940106555741034
.2315097537665278
7.746549506460657
1.683545053503359
9.961236581657024
1.3692581996720699
1.3882041498395525
3.8244238803308446
1.7754730439309596
.00048583688144597
1.7361052716571477
1.9433475257838784
2.0459978851228366
.9857352551586211
4.801793365772746
.09652426761039168
4.145555284554457
.6834121539813494
.3166952339666707
8.269561720893314
3.2292281286432147
.15237458175573962
4.058758090055212
3.504864319126296
1.7550873471854724
1.849263779125094
4.195910061178777
6.2496901530578794
3.0199284958430614
2.110961941296134
9.14605335659342
.00048583688144597
1.0166353335006209
11.569350096972343
3.5965490102439626
9.209082653548478
9.709891690897136
1.0361284140791116
1.7120759408255302
4.176183030160827
.034722105433142955
1.4088563285081739
1.9555939618551008
3.902285016134472
1.938534103863591
2.512207355999964
2.5442501631943237
5.181278473274283
7.211228187502259
3.8994163607969643
.3164822004382084
3.644216845127505
4.739694574088101
1.3254529304793325
.5242060745124351
8.30666170723546
3.3446885096521166
3.6440492836482177
.3860970704415667
.07020453219847939
.08680526358285738
.4309651120717528
.9068270835746632
1.6871170582967048
1.8025323160910967
3.624196916862417
3.2863462212782144
.6773204260951641
5.022697865210791
3.262188171356652
3.3027472061439185
7.227146451853696
2.345151028456175
4.640514972688299
.0005181944105693075
9.85806966462262
1.180632613052395
1.3925052953753547
.00012657357986212893
10.213041355178401
1.526528740224331
.32173837467026123
.5809668876853329
.6055127049677956
.00048583688144597
4.722987593241371
3.4472999083805984
1.8576393835675968
4.763503482950048
.034722105433142955
2.906460191936873
.1458117229722868
2.5970762681867834
2.2904726272707143
.0005181944105693075
.5307936043414447
1.2777037847182655
1.2434995142117125
1.706888842426254
3.719114599528959
.5208315814971444
.3472210543314295
.16041131924502133
4.425807704032406
.00035917939071681204
.3006003654099363
9.102928194863214
5.708414844296326
4.5085049734133715
.04347507086061109
.050371742286157636
7.052542006013382
10.202100093416798
1.0021612169304723
4.201625789045146
12.609742138869546
.19917920945448572
4.9286762757931
4.9286762757931
4.9286762757931
4.9286762757931
4.9286762757931
4.9286762757931
4.9286762757931
4.9286762757931
