.7121203342691453
6.961092927539553
.020588094815276764
.37946886441308575
.00805010900754968
.5237559800447222
.0013971587605688513
4.508506119196604
5843442524556823e-25
.3470424322743543
.3644260407191364
8761577469341073e-20
4.941520096242303
4.586739395965245
.039204358855156524
.005522503131649037
.9204466687652142
.14417827359360078
.6967808085457787
.0002917751519943128
2.459015164322007
1.6638906739646822
.041294980422089844
4232195652002141e-22
.14898377598833462
17277307026678406e-26
7746467828133239e-27
.05638066051929565
.00019174305150091396
3.5034063741073016
2.8679598723410837
.12092715877655567
2.154950959268431
53.9677426182371
63.316969869306575
2.4292801836740265
.5573221826951543
1.3002827272955806
2.479867994951832
5.676815835423322
3.6311927701732873
.00011036278389801799
.15352065298498926
.011709120867839236
28.57472359945859
30.11069861251822
32683238579265498e-25
2.8714624824886736
.08628037239915674
.08610436668345132
.1896887270573517
1.9762031242188967
1.6789826786431858
5.98781902065394
5.41302898537144
.03420900577455455
.036523330924346724
.8792635983760435
.33589707755755543
.8001111324926008
.00047211349821896947
5.524461080553105
4.519346089124348
.23901453230464154
.716533409312821
.1292830629289029
.019612240079990257
.007361508483620732
.2292798730975356
.0035284104070815894
1.7352702307162873
.0005971497173009173
.00013186798307355597
.027523620311683657
.0019569628786073805
1.4493178125571067
2.1665560271259223
.0011781106144079791
.003668869439294289
.2411864890325567
2.3477955875505727
.8812635601423967
.1765220105548928
.01264126102566277
2987264560406574e-23
.12336651986939338
.008697263347793313
.0015929633435339437
12705423040460078e-23
.962236841967462
.42561836349207155
.05966410737107142
2.1143520065913535
.0024499074137650386
4858975256808893e-23
.2269453162701108
.0013397120387435369
.4443835100975449
.4571147255822652
1.1686396827772354
.006343355736083465
.2623657803906908
.014574090090636687
.058631420531180097
53417588010589086e-21
2394882610376343e-20
.0005060997649397841
.06747054356419156
.22977711436769435
.002926037655176588
.003302680175389609
20966952483727648e-21
.0006588179213725382
.19680114674788352
17239040259724428e-24
15273234599833288e-21
.0694192435570698
8860259305825043e-20
.013524098667819442
8880273935554553e-20
19809582957969527e-22
24.31433839822749
84.58132984084692
3.899119839637723
7.206797987029114
19.28546499468462
.00015325884678807754
1.561365834848161
.7342817491215018
.0009462355784531478
.0015833628145505974
.4328991617989987
.024321084527736906
.0008607808124633685
.0009498052105979809
.3110134573367465
.1635999246311927
4.453322848725393
.17428643487418766
1.9383413570148127
.0004813821865830021
6.085062887544161
11.597361568842793
2.0818729545123107
.9314866094083516
.2299377313340705
7.675520493205321
1.6723090656768904
9.901772695698861
1.3504691033381433
1.3869260066557703
3.7893572930375607
1.7591935251249822
.0004813821865830021
1.7345068099902858
1.9255287463320068
2.0441141000533247
.9812056876233358
4.773128923285478
.09650204205119028
4.120808274014826
.6793325056311033
.3123495106685227
8.220196336278244
3.199618960411267
.15097744149628883
4.021542865142714
3.4727278106106336
1.753088818619998
1.8369906735916501
4.157437273893922
6.192386017280645
2.9922384202832903
2.0916062857768885
9.06219212979074
.0004813821865830021
1.011963776530583
11.500286531506662
3.581321003321807
9.124643503792466
9.620860564839603
1.0266280321611394
1.6963777174302472
4.137891122317391
.03469013619980572
1.395938360999025
1.9376628934067788
3.8665045110326908
1.932598113563467
2.497210662517598
2.5093377110174333
5.13377072843242
7.168180555107949
3.8814980915030617
.3157542270326714
3.6108025970959137
4.696235763368775
1.3242325634110506
.5193995680563647
8.230496960076904
3.2987923633811778
3.622296027488455
.38600816820476114
.07004304750102122
.08672534049951429
.42505136621343564
.8943835127159465
1.6855637009115148
1.77779778951301
3.590966233881165
3.2667282837541753
.6680261682715585
4.953775908732272
3.2427144460008237
3.2724639329409815
7.184003794926209
2.323648065963383
4.612813286169658
.000515101034251854
9.799221636518942
1.169807255329935
1.3841926952878498
.0001264921514295923
10.119396791338817
1.5174160833592476
.31878831809860375
.5804319815855464
.601898079600828
.0004813821865830021
4.6796819707722515
3.4267211532295554
1.8465501522708256
4.735067613010663
.03469013619980572
2.8891099949027494
.14447475832820308
2.5815729473118942
2.2767995855773644
.000515101034251854
.5235100020465729
1.2601710071142724
1.2360764083858478
1.6912381801393912
3.696913238824509
.5203520429970857
.34690136199805716
.16026362581367823
4.415627446494714
.00035425069562120795
.2964754974887118
9.048588005306682
5.6300834116642715
4.4815913243515135
.043076442880261946
.04995587314601026
6.987876428234378
10.108555851278641
.9929722841931328
4.1631005935868135
12.494121946836803
.19910655341409586
4.906028438116673
4.906028438116673
4.906028438116673
4.906028438116673
4.906028438116673
4.906028438116673
4.906028438116673
4.906028438116673
