.7216125847098943
6.957015124745529
.020335387188272578
.3770733167061569
.00795118494525911
.5220493148040348
.001371963744685301
4.437404707415297
5809712133101676e-25
.34432913714260543
.35691033076485734
8715132790746716e-20
4.887544598174374
4.517855013010459
.03863096719873491
.0054534703554529815
.9060968942116797
.14188836696763127
.6854254201274618
.0002821703626964208
2.413918233182717
1.6320293260867194
.041543978621347025
4215630433645317e-22
.14707683347705802
16148713477562476e-26
7711346313056864e-27
.055692871433210556
.00018886475904203632
3.4383063034988184
2.817513708980684
.11716491285610132
2.107781847323458
52.966666822776126
62.086156590380114
2.3872615951297353
.5421324697823054
1.2722070914423795
2.4228309172855207
5.538532636318389
3.531923828582797
.00010838393484101103
.1520499398455755
.011552041873942594
28.326750923615165
29.80897868169056
32767072119474137e-25
2.8243815218896047
.08452303795447187
.08448339480725021
.18686643416744697
1.9346531859527922
1.6625112084662415
5.916632897609166
5.37903981230748
.03373676521222904
.0360634157626356
.8761122310459175
.33253529806201676
.7913679218427491
.00046926591879869063
5.421096266815245
4.430462565120857
.23529787562659943
.7030924864142475
.12673450620572835
.019369255944281624
.00725405252972475
.23301005903654348
.003516576999163404
1.7323354861817593
.0005898299284655944
.00013016175437359162
.02703429266939386
.0019289007315525793
1.4233991873199818
2.133490750704438
.0011633757691138869
.003625206780122719
.23820760398644972
2.3039842173326393
.8700501425609766
.17362030385997948
.012456284345589439
2827677824362446e-23
.12175141647998157
.008174997816657788
.0015651976230978278
1257783322767633e-22
.9535237776864656
.4194595727448153
.05857804374655251
2.0819966190092183
.0024161810548147295
4783692915531406e-23
.22441895094812092
.0013168261150384112
.4382522291417112
.45078398958034255
1.1595953722843237
.006245340145928703
.2557450542769296
.014370838442265676
.05784926789004839
5275526165002691e-20
23711117703567383e-21
.0005012855793505881
.06661316037988997
.225421455115533
.0028834734953542074
.003353775490841728
21205977682432955e-21
.0006657001561981371
.1959242258404603
16906885084283054e-24
15085156477574024e-21
.06857705139477563
8756283344771812e-20
.013369188104018822
8670585231266297e-20
1976304567196543e-21
23.85709680404107
82.99074154428624
3.82579521355907
7.0712710503468115
18.922793528392983
.00015255309699621698
1.571991176752483
.7400847072555337
.0009439190742026453
.0015801434359695046
.4361857490981231
.024526715966532702
.0008691715211792077
.0009594829124711821
.31089539104736136
.16159351864794128
4.432236898699504
.1721489684510249
1.93282944233066
.00047232958746222146
6.041326992029444
11.455130356364469
2.070627161128475
.9139696029706923
.22673142007156877
7.531179028138782
1.649387940292162
9.780336356249244
1.3125545345136642
1.3842954945941601
3.7180967988701874
1.7261111340380333
.00047232958746222146
1.731217059085963
1.889318349848884
2.040237132738779
.9719359026654217
4.714590788551616
.09645625184079376
4.070270265544138
.6710011032359734
.30358026375257235
8.119383018975132
3.1394487493084147
.14813824575485818
3.945916021400135
3.407421670081847
1.7489770739997708
1.8119524194586594
4.079254877329765
6.075935534113663
2.9359680894575946
2.0522727297139896
8.89177370801903
.00047232958746222146
1.0024034094108618
11.359245857081307
3.550139514459875
8.953050657064589
9.439936142794327
1.007321850336507
1.664476604631855
4.0600762995428505
.03462434118171927
1.3696871395544923
1.901224309067516
3.7937932302403476
1.92042145040629
2.4665846189787053
2.438887778388053
5.037227961213752
7.0802692654957005
3.8448282545090064
.3142591686060003
3.542899900804207
4.607921029406094
1.321720958816636
.509632035720994
8.075718923786747
3.2061784044317116
3.577871823510094
.38582500736317504
.06971140206469491
.08656085295429815
.41311800228944584
.869273597084017
1.6823667779144829
1.727885920755787
3.5234365689337883
3.2266647984624997
.6492712600171758
4.81469810445788
3.202945468838402
3.2109238407900635
7.095898447504231
2.2799508643941735
4.556241278585568
.000508783783193018
9.679042993606721
1.1478085266144995
1.3672168164049023
.00012632449455808137
9.929097181072061
1.4988063394024738
.3127933666264289
.5793311057484952
.5945163408198287
.00047232958746222146
4.591678538001184
3.384695499243019
1.8239038748826049
4.676996266026477
.03462434118171927
2.8536776584080226
.14175784834135755
2.549912276199954
2.248876685726005
.000508783783193018
.50881240107678
1.2247915672872187
1.2209170425907097
1.659433718550905
3.65157392183729
.519365117725789
.3462434118171926
.15995966194053923
4.394719979681168
.00034430506832247896
.28815191524123795
8.937615208988152
5.472018199752751
4.426628636147732
.042266371839386446
.04910957509420685
6.85646640565048
9.918460109553747
.9742990131885431
4.084811695859338
12.259164608357555
.19895689462248584
4.859679513327102
4.859679513327102
4.859679513327102
4.859679513327102
4.859679513327102
4.859679513327102
4.859679513327102
4.859679513327102
