.728850109871562
6.953904242554621
.020145111760145173
.37525567879615396
.007876630682517564
.5207502870271951
.0013530454098386463
4.383970728227327
5784290356780491e-25
.3422824305253873
.351288541879767
8595629616551156e-20
4.81047133138215
4.466103372908217
.03820193735083519
.005160470778715473
.8953210914030756
.14017162961269655
.6769001049875206
.0002750578295189647
2.380124017057476
1.6081522772009753
.03987412509421928
42031566024627194e-23
.1456402000568736
15343064299276395e-26
7684963377880742e-27
.05517405194413237
.00017836067247057412
3.38955710673677
2.77958780147652
.11437238240489646
2.0725163236505733
52.215564418362234
61.16505516143483
2.3557624703987106
.5308327617383917
1.251209129895889
2.3802956713638737
5.435439093611935
3.4581087749261306
.00010689733420381697
.15093816468582852
.01143394275133623
28.139106499382365
29.58049074626637
32832333768022833e-25
2.7888271932111754
.08321180254790794
.08326851955376098
.18474331955003392
1.903646864736386
1.6500791265078132
5.863076353047333
5.353241560866789
.033382895070252105
.034134876874964935
.8737519676985827
.32999255038922465
.7848039025129209
.0004670945990328959
5.343592211315293
4.363715147789079
.23250662733996683
.6930292969936469
.12482430726484704
.018331087441368632
.007173387413455059
.22537619228569702
.003507667468448362
1.730022066054134
.0005582292380747314
.0001231229809505688
.026667192741127055
.0018227249964241213
1.4039354216267788
2.1086181380495304
.0011008365482352465
.0034319596144557246
.23596717105885415
2.2711778165885015
.8615999141134515
.17143385593009167
.012317190194806557
27132507202577327e-24
.12053769551686797
.007802184217250592
.0015444973929111324
1248350723928155e-22
.946943857931859
.41482438545683736
.05776431756297134
2.0576879724175554
.0023908375369224638
47269829317267944e-24
.2225071970624597
.0012996959286846058
.4336471768643879
.44602572221827536
1.1527308315259848
.006171408757360231
.2508078638597912
.01421812939528007
.057261212467326364
5225601374735104e-20
22480009368490245e-21
.0004754046321116493
.06596696978125319
.22215658440151775
.002851706734084692
.0032416551237274297
20434948323049334e-21
.0006411757223434795
.19525013031028854
15914217919738205e-24
14277776237397794e-21
.06794587104673996
8290200532870793e-20
.013252476215655878
8514315405985388e-20
18845306591899303e-22
23.514251465325078
81.79809898895975
3.770815512272511
6.969651295926478
18.650858028026654
.00015201701192002817
1.509611634815286
.7112946957024117
.0009002367419787171
.0015074763456921823
.4173661406679792
.023479253515832393
.0008365050080566083
.0009237206352733069
.3108053995456909
.16008025051270827
4.416226671737977
.17053685213194336
1.9286373245446593
.0004655418379414314
6.008191161274792
11.347856971279064
2.062093451990491
.9008351373364021
.224316788617481
7.422950032547178
1.6321226645701874
9.688746845211877
1.2843627606830608
1.3822931694369867
3.6646648089320153
1.701305552651849
.0004655418379414314
1.7287129264903776
1.8621673517657236
2.037286015615712
.9649268866745931
4.670440255345383
.09642135292823366
4.032153574069317
.6647174069792852
.29705979857561976
8.043347768903402
3.0943323892299395
.14600938206872785
3.8892100891564154
3.3584543273149117
1.7458484865041737
1.7930911369048073
4.020632760329757
5.988619537816204
2.893775907300755
2.0227799483862454
8.763991891406905
.0004655418379414314
.9951746801226915
11.252870397597388
3.5265472084052716
8.824388242258822
9.304276798704082
.9928458391180698
1.640556760151734
4.001729793865187
.034574258529807556
1.3500036527013908
1.8739022129394187
3.7392734227497777
1.9111887254093292
2.443485896096828
2.3865039948281455
4.9648390137765475
7.013964960979088
3.8171016702312364
.31312399448757733
3.491985628774161
4.541701561921026
1.3198091450912166
.5023082205333183
7.95966445946769
3.1373143275026756
3.5443662753435143
.38568541171293463
.06945958895218066
.08643564632451889
.4042448248483194
.8506028569345512
1.679933305194124
1.6907734291966607
3.4728020003673477
3.1964481841858516
.6353258520087404
4.711285349822275
3.1729509779860687
3.164780327150111
7.029447781033803
2.2471861683048053
4.513573634480744
.0005040191967586653
9.588402060329653
1.1313136108114334
1.3544132976775967
.00012619681109774926
9.786408206208526
1.4847705297160452
.3082982787031159
.5784931276925793
.5889488982518009
.0004655418379414314
4.525692487956347
3.3529989814041445
1.8068236377624454
4.633197792689184
.034574258529807556
2.8269539413627647
.13972067600939084
2.5260332182556833
2.227816723315063
.0005040191967586653
.4978838462958711
1.1984848151130045
1.2094835712994467
1.6355863443298737
3.617378178681261
.5186138779471133
.34574258529807556
.15972828702348774
4.378845272188051
.0003369098932195455
.2819628286854201
8.85391749379574
5.354487159763212
4.385174770190481
.0416589706669556
.04847394720578549
6.757933563764962
9.775923997815914
.9602975662425464
4.02610972298472
12.082990722781686
.19884286036156004
4.8246344333729585
4.8246344333729585
4.8246344333729585
4.8246344333729585
4.8246344333729585
4.8246344333729585
4.8246344333729585
4.8246344333729585
