.809954596172203
6.918942085036053
.018140906335467468
.355405649115182
.007086475686724814
.5063222945743717
.0011574463899915064
3.828987148989802
5512982338428019e-25
.3205725711704482
.2942408194476796
7819076161330395e-20
4.215253745206434
3.925026858304089
.033801756822267194
.0038462484762862023
.7838395255722105
.12247234728866645
.5886811055537644
.0002064855037307234
2.033433831367621
1.3635847302992112
.034791666615147675
40703298851566683e-23
.13051633323198775
8807134324531887e-26
7407175786403034e-27
.04967814833035501
.0001296866921083034
2.8922004380218413
2.3853029670110066
.08714864689631754
1.7158113581039434
44.479572990984316
51.78228634122353
2.031101138496794
.41940430606960544
1.0384396271818852
1.9528155872284942
4.407506692791836
2.729262467943781
9149573900326949e-20
.13902824034595324
.010202190646097797
26.11837782157185
27.109197988681352
3364535437712698e-24
2.4122730476101406
.07004314569497852
.07078076193353242
.1625922249682129
1.5923027714779356
1.5176689679818043
5.3017408231068535
5.07111909014587
.02974803658631865
.025456844276769877
.8497979577539668
.30268628337407505
.7167107762796386
.00044286661583008954
4.547570467355772
3.674108987162643
.20361752224197316
.5901196142738679
.10520263766544306
.013678962059701694
.006338244045674991
.2146263408536234
.003414079159670815
1.700073065173962
.0004168056483330384
9140983622148593e-20
.02289091418884485
.0013385091820390731
1.2029005070253918
1.8489956888795525
.0008203473731531044
.002570173616552817
.2124646654996252
1.9354279797871992
.7725384358419052
.14843060095252536
.010861954407076433
17601680582507716e-24
.10785895561911156
.004764510054064871
.0013367906597345598
11585611809389094e-23
.8765607021663134
.366303367950984
.049409556406843205
1.8056065173139266
.0021264845097511923
41290850193263406e-24
.20183219018653195
.0011244163997901559
.38572130743405825
.396513471155918
1.0776958995784425
.005389360421209106
.20151350329070028
.012627443068620174
.051108002302643396
46985563735686805e-21
1706595331567647e-20
.0003619833286579914
.05912352752190293
.18867860175995582
.0025304680037048204
.0030512381697464196
1865021806953033e-20
.0005793913118497579
.18743073036616067
11172075344862847e-24
10629051344722977e-21
.061451868814034506
6203956929805853e-20
.012016919144997303
6955745447893574e-20
1524188842849424e-21
19.99327463297899
69.54981577676443
3.20618116372259
5.926029695694994
15.858115970432522
.00014605385913602414
1.32702117373347
.6305220275528214
.0007391776621634564
.0012417598629371777
.3718137256188424
.021052073234110083
.000751857290645998
.0008330472484151339
.3097987248544143
.14406133129248516
4.2407213641702635
.15347156113181548
1.8822772695556305
.00039583253725215475
5.649068080455828
10.21229900230191
1.9688356961535247
.7659458914251692
.19895458325443138
6.311452389052026
1.4505759130288782
8.719212798622417
1.0069639378531496
1.3600520072053819
3.1159252537056363
1.446555472919889
.00039583253725215475
1.7008978540440562
1.5833301490086191
2.004505987625019
.8897564227519362
4.203078385697905
.0960311344597589
3.62866381078073
.5982004293223067
.23290032513281989
7.238465606628194
2.630993266140138
.12414623017009033
3.306847574226279
2.855566115185091
1.7111696271768397
1.594692095147573
3.418591278321768
5.091895664573635
2.4604677093922565
1.7198929376853194
7.451689330807997
.00039583253725215475
.9176478297239916
10.126817550244787
3.27265282581129
7.503042053270483
7.911073060184837
.8441790953443655
1.3949030827144113
3.4025188041262178
.03401795708088114
1.1478568145699004
1.593307855616526
3.179362123394818
1.8107124162386887
2.1989710164663623
1.8710628600415062
4.221413981956442
6.312091133548514
3.51973892974415
.30068013074501587
2.969102707498515
3.8616362831034
1.2985733537556599
.42709359548761455
6.767800274619528
2.4597119180137645
3.189688438010273
.3841245378390356
.06669919474492818
.08504489270220283
.31693534969009407
.6668882254982531
1.6529030991530158
1.325597348661752
2.952791597116794
2.876585833333038
.49810710909929184
3.6937340395044354
2.855439946842025
2.690892471192106
6.3260246179233866
1.9106970205112828
4.061909102386974
.0004535829763475919
8.628909321134769
.9619129807442235
1.2188797940954599
.00012477477260942985
8.321011078141128
1.336192431543959
.26213431306012774
.5691851460086941
.5300139278496521
.00039583253725215475
3.848024375751489
3.017470896855454
1.6260183116475373
4.169562703821601
.03401795708088114
2.5440661605094568
.11879918233759564
2.2732579886990196
2.004883438203712
.0004535829763475919
.39035005825996066
.939634054978015
1.0884529034639117
1.390676926984425
3.255394182231351
.5102693562132171
.34017957080881134
.15715825135868544
4.204825539187264
.00026414352951000544
.22106402411596307
7.9679231961770265
4.19801604393432
3.9463588626362567
.035421039989296764
.04188958652600407
5.746014151929179
8.312096754076338
.8165045355401074
3.4232481315784726
10.273707936846368
.1975694415124718
4.448782113759675
4.448782113759675
4.448782113759675
4.448782113759675
4.448782113759675
4.448782113759675
4.448782113759675
4.448782113759675
