.8631026852363365
6.895928327034447
.016943914343806182
.34290435652975004
.006611820231836598
.49699250482118335
.0010443826043986528
3.5057933198685953
5346800870727785e-25
.30747204464907724
.2621545547453102
7361732987832627e-20
3.8699334016429967
3.606874340592172
.031266447143302845
.0031970025585102177
.719197241896139
.11223540137202248
.5374929088246254
.00017099582345666536
1.834935628784904
1.2240864898691
.032028478114611354
39891291178374973e-23
.1215108831227115
622256936568807e-25
7240568837487638e-27
.04637526527228615
.00010588946660254993
2.6102789062991922
2.1558078313645646
.07281343486011213
1.5165142603794175
40.0331003322871
46.46203715797468
1.8443062600912306
.35959094418879783
.9192375743875808
1.716502439010884
3.8458615567189245
2.3376571185620945
8257248765247443e-20
.13174383002988238
.0094782884341513
24.872560818392007
25.574304294715258
34263266694923394e-25
2.18828549831185
.06270749230446085
.06360974243065058
.1495956318458261
1.4195292683078635
1.4370295232826062
4.968169222391031
4.893202409452669
.027644713558004925
.021167070935194772
.836575534358691
.2859389619131107
.676647311129692
.0004272254199495241
4.091602886459784
3.2769192247872323
.18685704531183833
.5314409497254096
.0939684121414125
.011378893976874183
.00585037450417169
.2094110112379073
.0033570756068582695
1.6770174940262403
.00034679917121055757
7578923086452665e-20
.020724352072027167
.0011027141696343975
1.0868235244248388
1.6966036233360966
.000681800430425204
.0021424315948157034
.1985003823647728
1.7437664722435335
.7194153000809957
.1348387947111668
.010003455434596416
13623075294769252e-24
.10037377810936927
.0035434426822902815
.0012209601743213708
1112288771860005e-22
.8335250202642063
.3376811331569045
.04461700589154581
1.6589346054185394
.001971052397650925
3773445564617642e-23
.18901137713472227
.0010241782218344403
.3576734854718377
.36752375475203436
1.0304421317491783
.004923540305947654
.17452601463403708
.01169374974582373
.047469750581165995
4383277287728542e-20
14322616545176312e-21
.0003042644067404468
.0550068576939537
.16954973560648437
.0023485461278773497
.002944680367287617
1767959608232931e-20
.0005446300024075229
.18216646203263603
8922116703958381e-24
880754715522906e-20
.05768308306715394
51624819201207526e-21
.011272901041042265
6098779130077453e-20
13315935089759444e-22
17.97704884672968
62.53605066963704
2.8828531818710608
5.328418043683229
14.258901088035136
.00014217341896551993
1.2287103924447462
.58662686562774
.0006595474278679373
.0011100713812148193
.3496922852296827
.019877194539829824
.0007050275049133029
.0007826844631355534
.30914081602515914
.1344437573002733
4.129512370539773
.14322575761436254
1.852503428562283
.000355914725723279
5.425456802746223
9.530523119738248
1.9100230150647446
.6887039245381734
.18391076190811775
5.674972708304729
1.3427046804991902
8.137115760560642
.8585366723248036
1.3456717374973879
2.801699147183595
1.300677296418966
.000355914725723279
1.6829137109691457
1.42365890289312
1.9833116975680039
.8437020664602233
3.9224797197905015
.09577627967137803
3.3864132194531376
.5582644045780991
.19857063655050017
6.75522365726368
2.36567022306594
.11162667871443727
2.9733678680378235
2.5675959781531543
1.6888188974752194
1.4767427200203451
3.073842755904634
4.578402426058815
2.212341350255092
1.5464499897837665
6.700222227209504
.000355914725723279
.8701497965322623
9.450748432867488
3.1162725128697173
6.746396274086128
7.113279312354415
.7590476853332022
1.2542338018529167
3.0593911135896477
.03365827421938291
1.03210096411805
1.4326304056790011
2.8587387130386595
1.7477523950012896
2.052167108243019
1.595266743112381
3.7957046431363493
5.890694198105547
3.3375550122368276
.29279507255011605
2.6696829500663544
3.472208798409813
1.28484311773256
.3840232562774649
6.0853000999175295
2.097148473332062
2.9767439629770425
.3831051186855121
.06495007008273787
.08414568554845728
.27021883330315755
.5685883837633263
1.6354264201428947
1.130203271220455
2.6550167368791975
2.684544174070154
.4246857348428635
3.1492747769001976
2.6648099927614646
2.419528880782936
5.903697479241683
1.7180123966473129
3.790734936555261
.00042330165243164235
8.052840967999751
.8649086734705471
1.1375070447105136
.00012385160738191065
7.481877048754029
1.2469878583048266
.23569932573790162
.5631669673875637
.49463005264689125
.000355914725723279
3.459969586582103
2.8160237121079192
1.5174648831552568
3.891201554029401
.03365827421938291
2.3742236058123485
.10681885499195427
2.121494661832971
1.8710368699421973
.00042330165243164235
.3328121568829844
.8011312664123555
1.0157874890728114
1.2504338336442835
3.0380631736912456
.5048741132907437
.3365827421938291
.15549656634267026
4.094557880350807
.00022520856836754087
.18847901548479234
7.435982458048561
3.579225222712072
3.6828988625050143
.03184899811455627
.03806777768824524
5.166556203496703
7.4738616914856415
.7341639720573243
3.078029987861615
9.23765380149748
.19673939145207472
4.21851033230111
4.21851033230111
4.21851033230111
4.21851033230111
4.21851033230111
4.21851033230111
4.21851033230111
4.21851033230111
