.8950355642836533
6.882060744186826
.016264975671904557
.3355819192924221
.006341962628853156
.49143337918788266
.0009816857413102614
3.3256843767378736
5250804003130825e-25
.29999024143993896
.2446420583125323
7093454795640549e-20
3.6732376975230467
3.4284456711883045
.02985530526916012
.0028381671398585184
.6832620539508037
.10654223789627278
.509002083678645
.00015264061609596404
1.7253743207182086
1.147309130002963
.030222083370575917
39422435321863663e-23
.11641706721699507
50784180824621555e-27
7145599063400746e-27
.04449680360570933
9296794817085507e-20
2.4557003518973284
2.0281183852718407
.06532196158124398
1.4083072571061597
37.57553454932598
43.54102265520551
1.7409561058134722
.32791840572493813
.8544102493097965
1.5890104033846006
3.545076848478277
2.130252905583656
7761969054248332e-20
.12755403680497496
.00907179766836104
24.152448009173415
24.682058166003735
3466748541606669e-24
2.062401080975577
.05871359291638405
.059644909159044565
.1423234961263314
1.3258282590817965
1.3906322604246624
4.779114158391413
4.7889441853132
.02647014016259659
.018796201903105575
.8295396151800929
.27629651131350286
.654025256164325
.0004179625045351549
3.8399911880743556
3.0574949153515387
.17753721569150197
.4991193978693947
.08777583462025264
.010106583898234675
.005576789379621862
.2046792157108634
.0033239347822184595
1.6620720008147827
.00030804358229596186
6718217644371791e-20
.019529193950886727
.0009740246065521072
1.0224808287735703
1.61125075946479
.000605233693342415
.0019050382315394091
.19060054461745354
1.638125666419231
.689337081859319
.12721888933326855
.009520757118738609
1178984469499621e-23
.09615601985532361
.002993800403575574
.0011577517889709925
10881750698893792e-23
.8087368088514918
.32159366727107075
.04196782639538995
1.5772365242660475
.0018837760994953432
3572954456064593e-23
.18158407617675254
.0009687816794761707
.3419657802115139
.35128345814101986
1.0027912168717255
.004661085183231995
.16005880262673639
.011169848929189987
.04541902714750849
4204406187852422e-20
12779790466393927e-21
.0002717073955299944
.05266354494167543
.15900987778508938
.0022481467216203415
.0028562968975591884
16977068012939146e-21
.0005200985520141459
.1789909024794608
7730502481441892e-24
779891849878614e-20
.055574378355704515
4584185839503786e-20
.010848710917042838
5636682663667218e-20
12165861956556678e-22
16.864791830490717
58.66688606324295
2.7044883286817853
4.998743779288081
13.376689390540097
.0001398504363024779
1.163767121033745
.5571028493823696
.0006124416656032804
.0010318731571530497
.3344257020757034
.019050921714762997
.0006724543764879328
.0007473330816911163
.30874619785316204
.128976845102488
4.064102309247172
.13740174125940305
1.8348414316660842
.00033389394499093076
5.295384325831266
9.142981636661396
1.8755349740431237
.6460931612972233
.1754247349911342
5.323856779011093
1.2817897039805424
7.806234667235902
.7800974117636934
1.3371048882749565
2.628355370882236
1.2202031618077174
.00033389394499093076
1.672199903422702
1.3355757799637389
1.9706854888124061
.8171857680120983
3.7629791772863665
.09562348106855195
3.248710851504431
.535563592400105
.18042844833390675
6.480534706640393
2.219303968729836
.10472023051717452
2.7894027855996115
2.408736386352705
1.6755305868747952
1.4101134104131392
2.8836611971171053
4.295132337349221
2.075461698310184
1.4507696661630982
6.28567314042045
.00033389394499093076
.8428022853471485
9.066450843129267
3.025931689665915
6.328990355341768
6.673173993005861
.7120846870752657
1.1766331701803296
2.8701036915816496
.033443998068454044
.9682439012266454
1.3439922073863084
2.6818658448454107
1.7109819698889392
1.9687194449135066
1.4495169484198578
3.5608608065926575
5.651159774107555
3.232660632680772
.2881572989044177
2.5045071407518575
3.2573799557668908
1.276663517197467
.3602633741724934
5.708796826785209
1.905544805326072
2.8557000542997737
.3824939242742078
.06392128322272532
.0836099951711351
.2455305862459991
.5166399302799978
1.6250149273803278
1.0269434900882466
2.4907483400470283
2.5753820412539827
.3858847889010484
2.8615447441983726
2.5564503147314115
2.2698303403501723
5.663634300337683
1.6117173446369155
3.636591557350677
.00040608885643805283
7.725386756671384
.8113959557449845
1.0912523783528498
.00012330023149036078
7.018966238806019
1.1962813527001748
.22111638551173202
.5595817196913939
.47451681628317466
.00033389394499093076
3.2458979955517364
2.701515201708351
1.455759918595959
3.7329728815574397
.033443998068454044
2.2776800975712317
.10020987139601592
2.0352279189420557
1.794954540110047
.00040608885643805283
.3024051395321886
.7279367877424333
.9744823282688995
1.1730683095990795
2.9145258302294748
.5016599710268106
.3344399806845404
.15450664019549495
4.029701486208358
.00020463263475373322
.17125883714823534
7.133611682203386
3.252213239530173
3.5331404421890027
.029878470475947775
.03594132497385133
4.846896484255436
7.011446799273377
.6887405526767126
2.887589361072309
8.666111423106972
.19624235185779682
4.085928840060486
4.085928840060486
4.085928840060486
4.085928840060486
4.085928840060486
4.085928840060486
4.085928840060486
4.085928840060486
