1.2008325634411394
6.747609796318518
.011029069466019973
.27227466423086194
.004253389761265441
.4398721558537671
.0005404064723134877
2.0309555592414075
44511204480347195e-26
.2403148511534464
.12714982240849765
50734415906806864e-21
2.2508784528750962
2.1149633910035925
.01953681589988761
.0009632790939377936
.42406871587617556
.06543715627759997
.30378662640182524
510813051341014e-19
.9615574412960264
.6183719326494536
.01815214711665728
3550868353046626e-22
.0775964828709732
8595318819309456e-27
6392029938405024e-27
.02993756949026571
2831586974671036e-20
1.4009878865015395
1.1227464886991743
.022619150174804818
.6994749264156404
20.449472838968827
23.489743418326796
1.0148493870072526
.1372458651769319
.42745963541423987
.7693730837565252
1.6595898941468703
.8833541824485672
4272094493737304e-20
.09365195011287496
.00603635650685083
18.219558926596836
17.08072184861336
3948031212504892e-24
1.149951301568761
.03180643475208521
.03192874698301175
.08895200917823076
.7034620281624466
1.007145682383421
3.296149964141762
3.8874064467352585
.01775790739391992
.006392763307741869
.7868990175291529
.1983117141196081
.4789995895530695
.00033640143326922427
2.091787216123359
1.5461675315900059
.11026311619888296
.27505168852522704
.04518335718304344
.0034455975332656165
.003536536030337637
.1739197233213621
.003033325324685468
1.4899935924327439
.00010495051749005118
22505154120615923e-21
.011207270526220907
.0003182836635026454
.569839205532589
.9874200714303804
.00020530751461821317
.0006546837310193483
.13006850140546627
.9043903667390023
.45948544963650384
.0721032201638754
.005929914181187413
3915457135003754e-24
.06429301838396297
.0007879103332768131
.0007238142850903845
9446907126492805e-23
.6052956263396744
.2021404472834462
.02340764431956152
.9844376390373011
.001234786372628473
2090434900713927e-23
.12088862282010887
.0005764390442831947
.22567948567157053
.23098142023762352
.766179124890042
.0027277812815363366
.0695238884080345
.00727829582652085
.029964422243302733
2826547103282582e-20
4474854189404224e-21
9558118652739321e-20
.034482401143618384
.08612421283495768
.0015271900388062374
.002190647201138359
12045069598924084e-21
.0003457976882691703
.14986093816981363
20623574323490257e-25
25298543738793978e-22
.03970850038379311
15478661947627205e-21
.007521278046986136
26550665485327226e-21
5258729409293645e-22
9.149198208242897
31.826954892059668
1.4671927183976678
2.711832917275721
7.256892574439202
.00011811907610802894
.7324122198765625
.3573135627586864
.00034030819572079775
.0005779007247648994
.22092517094251674
.012777693062185326
.0004451083478561072
.0004985940252034411
.30499265466723535
.08666952728906549
3.487881397659897
.09233086725128177
1.6740050350991178
.00018113842815011986
4.197353617106948
6.143877188439324
1.575231321373231
.3505074034184731
.11159069108910583
2.888207657292667
.8217315643405604
5.245613412075924
.31174912385219977
1.2577788509340833
1.4258903692142952
.6619637345015877
.00018113842815011986
1.5729937804449838
.7245537126005094
1.8537711973133058
.6018879920813628
2.5286370296532823
.09417253304714952
2.1830603281931027
.3598866397272072
.07210434214740316
4.354772976177163
1.2039788037904313
.056811027082011335
1.5132590561797297
1.3067464366979813
1.553456013503484
.9062510580556223
1.56439451628115
2.330121680719111
1.125943957228408
.7870467280974652
3.4099958073577934
.00018113842815011986
.6207555186419609
6.092450223442478
2.283026679072575
3.433495521384883
3.620216137486972
.3863079964810127
.6383268883823202
1.5570395304266222
.03145987560889967
.5252751089538292
.7291196487512924
1.4549199556703623
1.3957708405123788
1.3229350083719231
.5792682194102833
1.9317772575513448
3.797451750875822
2.3809758973383053
.24730147175719513
1.358702347174584
1.7671380207010368
1.2009232677039572
.19544391953390025
3.097038743426075
.7615099275594106
1.9189659476384975
.3766901321885981
.054858327301408966
.07864968902224917
.09812100897508676
.20646401742026801
1.528608133912424
.4103958408950026
1.3512381581100714
1.7305985731536986
.15421054221395053
1.1435547066499079
1.7178768804562659
1.2313895061189382
3.805834350796454
.8743613078630486
2.443707403205113
.0002728825410241345
5.191285441924635
.44018464616063374
.7332969550445682
.00011814285903947207
3.8078094281423365
.8038740539889989
.11995627686785351
.5263835758653118
.3188645847655454
.00018113842815011986
1.7609090241688419
1.8153572085767413
.9782377905958461
2.508473476540651
.03145987560889967
1.5305495898534927
.054364144250335165
1.367627200991392
1.2061689163902414
.0002728825410241345
.12084969886567828
.2909042542332894
.654830118347996
.6363929412354968
1.9584955406300835
.471898134133495
.3145987560889967
.14534026916728554
3.4583580290015195
817770237845239e-19
.06843990459115554
4.793625955643682
1.2996769540764324
2.3741905900014437
.01620915640650556
.020727763374140323
2.6294553217736523
3.803730110508862
.3736437362423378
1.5665255565561902
4.701390441201575
.19154571279141425
3.0094399604068114
3.0094399604068114
3.0094399604068114
3.0094399604068114
3.0094399604068114
3.0094399604068114
3.0094399604068114
3.0094399604068114
