1.3469651673620417
6.682188254666812
.009172072084388973
.24610506777206467
.0035137843560604947
.41626204829616276
.0004055499658575127
1.6188024190938781
41307054737099215e-26
.21772466817916733
.09337114328102664
4163177585691567e-20
1.7274180267383286
1.6827542076392372
.01609749763039636
.0005776042652510292
.3404787623375071
.052084561039144175
.23787771149967712
3016535253918511e-20
.728956931083256
.46073724124687704
.014206954865846824
3392732737014641e-22
.06407194904478604
4007022317737561e-27
6107942483637064e-27
.024768747599299243
1617662893484819e-20
1.0875882709757436
.8442469054515646
.01347308172595394
.504293825235496
15.280103761235972
17.52296851862439
.7907753526655198
.09131902681455935
.30900444166687696
.5491497028861467
1.171516407073137
.5847327282155883
320572986897654e-19
.08082144373863197
.0050003237401065655
15.917459991704382
13.951516654269643
4163866449557248e-24
.8638629747348021
.023913133314429198
.023527094581615032
.07144017252567982
.5241284523216744
.8539438868803646
2.7424240340045447
3.514606416776528
.014783685054169113
.003836637907414041
.7664091831959919
.1689147202610675
.41536888156426927
.00030261218209079736
1.5648320046297777
1.1049386831721588
.08854850574699924
.20734012896404383
.032664387764213175
.002070235244305143
.0028437150551140055
.16143567618177615
.00290694340609919
1.3961160137972703
6300408149872004e-20
13422704951194995e-21
.008685738474371747
.00018846319825251997
.43116785163775734
.7848204554650249
.00012308404221371064
.00039429448299759277
.10869623120728046
.6821694646844698
.37922024861845854
.054727535298043986
.004725544908483543
26295708970959607e-25
.05326723799250586
.00047290119404381033
.0005899356189348671
9081593248443186e-23
.5252899205317211
.1622504303148676
.017725032748959663
.791892745345539
.0010155486465690615
16085786508864113e-24
.09821408214875316
.00045210197665611357
.1864045736023935
.1903318035189467
.6706089942681931
.0021008583641934178
.046532242903144505
.005965537057907851
.02465909471130843
23398668677990395e-21
2703508848355012e-21
5780835688392221e-20
.02804261409389837
.06428910199373838
.0012884317119017782
.0019078916090239225
1019790713769242e-20
.0002826738958776642
.13730216874451484
10981535616625746e-25
14689068087826025e-22
.03409427775150452
9241529266299204e-21
.0063153250194656965
1851260110254006e-20
34845091362690587e-23
6.830680783416597
23.761619786528012
1.0953883475928863
2.0246216744088734
5.417908272102023
.00010822048469327537
.589270314750363
.2892166743215087
.00026496707030861116
.00045119156811677393
.16743242077289483
.009712953812604076
.00036420126134858744
.0004090413881360512
.3032150801296951
.07167446329728616
3.2421228258702386
.07635631072425986
1.6022024483559378
.00013523576078923265
3.7561908584216885
5.080898832840223
1.449207745837473
.26168459033039815
.08989689010701066
2.1563009232231427
.6644463559582595
4.338047497612477
.20111938621894482
1.2215503500247245
1.0645525129705045
.49421412211891297
.00013523576078923265
1.527685969327834
.5409430431569899
1.8003759987394603
.5200580360438943
2.0911467691471937
.09348695685052655
1.8053597644183872
.29762111963850274
.04651683012679747
3.601335159103828
.8988760207733133
.04241442606693267
1.1297809185143255
.9756010932093031
1.4983013070158262
.7336605718015512
1.1679580348817933
1.7396406794608619
.8406161476439287
.5875995730885744
2.54586164849558
.00013523576078923265
.536360419439482
5.038369466055209
1.9954652128781276
2.5634062509149276
2.702809605749564
.2884128803402308
.4765671385370829
1.162466891352609
.03055371938655668
.3921640466270745
.5443519158924451
1.0862256512984056
1.2663539681005802
1.0940483889567763
.3737045586670521
1.4422415484570796
3.140438452301357
2.057269235021095
.2298764364502879
1.0143907479091425
1.3193238844439923
1.166332409649878
.1459160677263452
2.312211687703653
.4912745458202094
1.586957477269055
.3739478274021062
.05099297104892595
.07638429846639168
.06330101864090248
.1331965778982389
1.4845787871569327
.2647595560421709
1.0088180745834032
1.4311803443918156
.09948618047521404
.7377439200705115
1.4206596859222989
.9193405197811738
3.1473707429130533
.652787582850935
2.0209111790370686
.0002256699705522912
4.293119040928533
.32863653571034557
.6064261261637677
.00011575502095860333
2.842864488856517
.6647923806726995
.08955790623414478
.5112218581732502
.26369646509501243
.00013523576078923265
1.314673390931374
1.5012745273622072
.8089887046946718
2.0744717982234917
.03055371938655668
1.265742687585536
.0405876129236204
1.1310081950128996
.9974844957882557
.0002256699705522912
.07796402748549303
.18767169041853876
.5415351710290487
.47512327697555273
1.6196478870434516
.4583057907983501
.3055371938655667
.14115395289254207
3.2146796944930864
5275698814202331e-20
.044152783604249415
3.9642603157712926
.8384634030618916
1.9634217657177637
.012101560230880232
.015933934477757285
1.9631195574176106
2.839818919623657
.278957896736231
1.1695490437903764
3.510001271272201
.18934116737489126
2.6002901802194702
2.6002901802194702
2.6002901802194702
2.6002901802194702
2.6002901802194702
2.6002901802194702
2.6002901802194702
2.6002901802194702
