1.351629487731189
6.680086306804347
.009124135450951589
.24531036603273734
.003491757046466929
.4155190207300538
.00040184596925543434
1.6072722180670562
4125027766004421e-25
.21705327809863867
.09245871703871933
4456615368498568e-20
1.8055986372189379
1.6702347273426106
.016003438402371308
.0005798342020328569
.33792036233556444
.05174454535802597
.23601475765454302
29662136248661697e-21
.7225698765877583
.45643492744888164
.014375658026338169
3390645549260298e-22
.06368277527053182
3915156414237547e-27
6105540006618148e-27
.02461933561921195
1621506717375492e-20
1.078999415787737
.8365867958726668
.013250928945271141
.4990980825065799
15.13859507041064
17.360232236822938
.7844607031655892
.09014751822133549
.30584433425497737
.5431962036363757
1.158746005929662
.5770363675307726
3176447511325257e-20
.08044245964372579
.004970638342184419
15.848912793077092
13.856789232291158
4169354331631974e-24
.8559711043987203
.02370723530882112
.023319808250386004
.07090373918650464
.5192595016379634
.8493193443896511
2.726045387468887
3.50328051497556
.01470423855349107
.003851148652912666
.7655178043278785
.16804741762767772
.41366560635421307
.0003015899287007168
1.5504038335550523
1.093044689750271
.08788338277570448
.20565733290562105
.03235813143891226
.0020783262094731312
.002825069208252337
.16432924192926665
.002904182104371772
1.3930475646235203
6324985639989936e-20
13472508834068856e-21
.008611046110974414
.00018912321038905755
.4275108654309778
.7791330389893599
.0001235595968944223
.00039586857213079745
.10817682454252485
.6766524931614561
.37691083021706284
.05429965438822272
.004696004431685863
26010494353797217e-25
.053002988708827345
.00046573196078386104
.0005868694164482292
9079155646926978e-23
.5232308996327715
.16111932904103402
.017585691203541285
.7859884537831352
.0010102910042668854
15965466183245772e-24
.09765109115460505
.00044905126835773334
.1852563369055478
.18917111712646406
.6677358262286547
.002085313991761915
.04593845611132087
.005932134777345357
.02453005871006748
232580911356745e-19
2714468885886296e-21
5804433689551513e-20
.027882644752152675
.0636922658348694
.001283402278511851
.0019379019717725209
10353743451629477e-21
.00028667805712104006
.1370253237812237
10982006199069027e-25
14742727028560334e-22
.03393846939963942
9283895123977232e-21
.006286355245888237
1830782229392309e-20
35086738952383675e-23
6.767271506594077
23.541040436596454
1.0852198468002034
2.0058270915138303
5.367613776382239
.00010801224425489838
.5971054109625427
.29310529025230725
.0002682087913212979
.00045674822309695
.18643911631457233
.01084329741248492
.00036919349532340184
.0004146794996085727
.30315851371577174
.07124119099226076
3.2345704951551664
.07589473664014686
1.5999620609765568
.000133980365893161
3.742900603676281
5.050184787033213
1.4453557777580464
.2592553697073609
.08927876608403762
2.1362839605676394
.6599559007220597
4.311823989934374
.198328231627953
1.220411340994969
1.0546702615335777
.48962632756772895
.000133980365893161
1.5262615105540638
.5359214635727063
1.7986972758612116
.5176380059131686
2.0785057818396675
.09346515673684991
1.7944463602498046
.29582199924613706
.045871264990550026
3.5795650793045244
.8905317458411932
.04202069253303988
1.1192931511478896
.9665445786759496
1.4965734818983836
.7287300206499214
1.1571158689690269
1.7234915779418003
.8328126996864629
.5821448804785457
2.522228389800017
.000133980365893161
.5338645280465785
5.007912510373893
1.9869090975115657
2.5396101255027204
2.6777193976248164
.2857355407384339
.4721431611078636
1.1516756997791777
.030525230211081278
.3885235839292996
.5392986917090656
1.0761422079054537
1.2624270026568374
1.0874348637835696
.36851825010575345
1.4288532059930172
3.121454494216098
2.04769596974932
.22934095307568475
1.0049741486301171
1.307076587862603
1.1652448874316899
.14456152743604436
2.290747403889679
.4844565894322831
1.5773643154576886
.37386062694739963
.05087418598056499
.07631307552770317
.062422520888320523
.13134806271085583
1.4831945227719892
.2610851969252
.9994532064856088
1.4225288557277191
.09810550149346611
.7275054375045654
1.4120717946642476
.9108062727037043
3.1283448791141795
.6467277493058214
2.008694766042649
.00022430579503121805
4.267167125880403
.3255857995205561
.6027602787555935
.00011567960500007505
2.81647414987588
.6607737091140068
.08872653931068455
.5107451800628017
.26210241932190503
.000133980365893161
1.302469264926945
1.4921993191915064
.804098366006418
2.06193161115577
.030525230211081278
1.2580912699593638
.04021083771408521
1.124171247722156
.9914546995842062
.00022430579503121805
.07688203505631458
.1850671642703536
.5382615896025524
.4707127029273975
1.6098571116254599
.45787845316621917
.30525230211081267
.14102233684664842
3.2071912909069815
52024821480083e-18
.04354002693778092
3.940296352516892
.82682712562072
1.9515528763667394
.011989221328361593
.015800737978988882
1.9448958992788485
2.813456852692131
.27636832784012133
1.1586921085262833
3.4774178949859236
.1892712212026444
2.588190029565841
2.588190029565841
2.588190029565841
2.588190029565841
2.588190029565841
2.588190029565841
2.588190029565841
2.588190029565841
