1.351629487731189
6.6800863106457165
.009122203785257783
.24531044963276782
.0034919797104042208
.4155192894760531
.0004018459131637384
1.6072746846662014
41236954608349435e-26
.21705325756762345
.09245870377181893
43139554551226616e-21
1.7646944320003706
1.6703807219438085
.016002433484165038
.000570997359350769
.33807005709710963
.05173217836185804
.23601897273196062
2966192975712524e-20
.722564704263344
.45643485094145386
.014161532484545684
33897435729249673e-23
.06368277050055565
39145927110964875e-28
6103530858239333e-27
.024619335375869578
1596789145872229e-20
1.0789993096266404
.8365866895174947
.013250922250911328
.49909795449378136
15.138592958783127
17.36022513551135
.78451037355263
.09014764291721393
.3058442583863854
.543253530813821
1.1587456260730995
.577081302235383
31764470869853236e-21
.08044245940801995
.004970637274090618
15.848912478657649
13.856820570939437
4169381338065306e-24
.8559693883109621
.02370412051967859
.02331222993351723
.07093419515336546
.5192594120612554
.849319568565147
2.7260455300516697
3.503280473394447
.01470226784545997
.003792760888404944
.7655236844066756
.16804739735964921
.41361184550653773
.00030158991598111854
1.5504036333977047
1.093044557852922
.08792253758771738
.20559890185410426
.03234724210151336
.002046676075741404
.002824691909978462
.16182591353406248
.002903794413474815
1.3930478578654775
6228554481965565e-20
13267083019199466e-21
.008614891267013246
.00018624150322890675
.42745730726979775
.7791330867842303
.000121675757183935
.0003898342009122615
.10814387052564257
.6764576950075071
.3769104631766875
.054281822920489387
.0046944527947675955
26003816778733535e-25
.05298541998289856
.00046573247359114574
.0005866458845067963
9076709330002337e-23
.5231128152744925
.16111938213620014
.017579975019532068
.7863340948241428
.0010099581171072816
15960696464858728e-24
.0976182850975555
.00044890854747708535
.1852649342513357
.18917053051911384
.6677359708042423
.0020846499796968914
.04593845471747358
.005930790481227506
.024522412084635774
2325809086148959e-20
26730843247115193e-22
5715938210277783e-20
.027874057802763686
.0636922574668122
.0012828061576066337
.0019083710061779447
10194631299195534e-21
.00028227846105987237
.13698931431827008
10814572649263315e-25
14513828688018125e-22
.03393565021919756
913974191365452e-20
.00628430764481686
18305367308109948e-21
3455169824017806e-22
6.767270560246315
23.541037144573828
1.0852196950410535
2.0058268110152606
5.367613025765202
.00010797862495931576
.5880051041288906
.28864003490521756
.0002641363520384573
.00044981238917328703
.17792646648289945
.010339435473935964
.00036357618197720875
.00040836984641435273
.3031585137157747
.07124119001022364
3.23457049526104
.07589473559396209
1.5999620610018475
.00013398034715709893
3.7429006020694846
5.050184717418024
1.445355777762067
.25925533345261065
.08927876355512311
2.1362836618257397
.6599558837259017
4.311823930497254
.19832803584977599
1.220411341000191
1.0546701140465382
.48962625909747776
.00013398034715709893
1.5262615105605946
.5359213886284577
1.7986972758689082
.5176380044102421
2.0785057531881272
.0934651567368521
1.794446335513933
.2958219951683251
.04587121970908617
3.57956502996136
.8905316213075872
.04202068665678854
1.1192929946238652
.9665444435125686
1.4965734819114491
.7287300024542629
1.1571157071558043
1.7234913369255511
.8328125832243949
.582144799070329
2.522228037086934
.00013398034715709893
.5338645264965395
5.007912441341414
1.9869090941050371
2.5396097703589446
2.6777190231675845
.2857355007806474
.47214309508249097
1.1516755387267181
.030525230211211896
.38852352959744324
.5392986162925393
1.0761420574157372
1.2624270024983575
1.0874348487936265
.36851788632581695
1.4288530061795426
3.1214544511878426
2.0476959638039753
.22934095308319152
1.0049740080926737
1.307076405078596
1.1652448874366759
.1445615072202931
2.290747083547326
.48445611120471554
1.577364293714224
.3738606269474084
.0508741859822302
.07631307552802971
.06242245926841273
.13134793305163311
1.4831945227783356
.2610849391969704
.9994530667202242
1.4225288361186121
.09810540464938067
.7275047193532093
1.412071775199288
.910806145334871
3.1283448359909425
.6467276588662171
2.0086947383534315
.00022430579193923414
4.267167067058864
.3255857539900359
.6027602704467351
.00011567960500021228
2.816473756014927
.6607737000054517
.08872652690300123
.5107451800649871
.26210241570890674
.00013398034715709893
1.302469082787235
1.4921992986220143
.8040983549221783
2.0619315827327
.030525230211211896
1.2580912526169765
.0402108320909273
1.1241712322258135
.991454685917319
.00022430579193923414
.0768819591628097
.1850669815827371
.538261582182788
.47071263710206257
1.6098570894340922
.4578784531681784
.30525230211211885
.14102233684725185
3.207191291011959
5202477012418358e-20
.04353998395758064
3.9402962982011625
.826826309424731
1.9515528494652046
.011989219651766709
.015800736698536974
1.9448956273010092
2.813456459253122
.27636828919226336
1.1586919464926362
3.477417408697374
.1892712212026709
2.588190022051209
2.588190022051209
2.588190022051209
2.588190022051209
2.588190022051209
2.588190022051209
2.588190022051209
2.588190022051209
