1.3941180317278465
6.660898159790466
.008648399006637114
.23818483952983294
.003303120538545971
.4087831288887874
.00036960469391610946
1.506492506383101
40380081328598003e-26
.21106449053911175
.08455283362642878
4173256911842595e-20
1.6614669128631177
1.5633112509121732
.015142441184762845
.000504857696968075
.3173540417163392
.048434469596123804
.21982654555197906
2544069147320421e-20
.666812123466957
.41904782605771324
.013517741402439746
3347422840493767e-22
.06024745527302251
31637517636705813e-28
6029822719770418e-27
.023299011057202983
13931013074248924e-21
1.0042318874723493
.7698851739428162
.011383985659742095
.45426348222716073
13.907974929152791
15.943939404107903
.7303344853564779
.08017143653958993
.2785594612262999
.4930446906424038
1.049057157320607
.512406909895765
29215783713629536e-21
.07707150352587196
.004708806058306653
15.23772140334146
13.011177886584258
4215376683169969e-24
.7871733432818991
.021837240011449092
.02131632832587529
.06657676879857913
.4769891113955523
.8079068709076375
2.5802089462089013
3.4016857442433746
.013951711343016628
.003353812332393989
.7568120367514659
.1603331261226748
.3971298155108235
.00029243512426236094
1.4249163883619755
.9901212845258077
.08253929874365613
.18945902625913957
.0294159970394433
.0018105970677233208
.0026510009141802043
.16244310741316811
.0028689199897989196
1.3649391634564174
5508690026153005e-20
11713768426143992e-21
.008008220245803827
.00016415943872259925
.39427270227042016
.7293077993088513
.00010757801111867103
.00034506673449933103
.10269863624238366
.6234536619132549
.3565158151890516
.05009310207357277
.004394784679789742
234393182891507e-23
.050199697873207404
.0004061725064243344
.0005541085886054758
8995720419888335e-23
.5016862765298273
.15118080966848316
.016219917822472323
.7385035629301251
.0009550743323631534
14785652163779363e-24
.09178293394112544
.0004185291238058604
.1753667718637588
.1789337450291385
.642059370263088
.0019316688267566082
.04086286532297202
.005602055943781961
.023187701135223244
2201600211737095e-20
23670883156914337e-22
50628132491812074e-21
.026239510989818676
.058503734342806896
.0012232068631822628
.0018775712157473418
9959125660799812e-21
.00027285014463627083
.13355995193741127
9234566639435529e-25
12700936954270632e-22
.03248532817631458
8072582038444051e-21
.005974657757351332
1648304056378447e-20
3140291988008597e-22
6.215963802906856
21.62322807560846
.9968104987856846
1.8424188513185644
4.930331657221849
.00010520730106598133
.5662548866177108
.27837304157021375
.0002524872020462244
.0004302770281860383
.17074670524119503
.00993272966868031
.0003516134378883626
.0003951960869723424
.3026437207418464
.06741287741799977
3.166579170153719
.07181635380505359
1.579697469795269
.00012306541918417237
3.6239800427125433
4.778801185728374
1.4107351509803416
.23813467395831725
.08383982079823818
1.9622478215451724
.6204205847589265
4.080117949081082
.17459292536707238
1.2100845798554474
.9687496893403817
.4497380556027065
.00012306541918417237
1.5133467354069499
.49226167673674637
1.7834772295488073
.49610501184597605
1.9668123670052469
.09326680757941505
1.6980175490024765
.279925305781228
.04038153458662462
3.387208699628884
.8179830071978736
.03859740273519988
1.0281079613249462
.8878033205984599
1.4809257161972331
.6853117757920218
1.0628493847589944
1.583084298104794
.7649661448942822
.534719421494497
2.316750607447051
.00012306541918417237
.5116565340743587
4.738800509645851
1.9106380453827936
2.3327163094074983
2.4595742661955846
.26245759117296485
.4336791861205492
1.0578524085429755
.03026693470813901
.3568718252144799
.4953637730290723
.9884723857469738
1.2272111307517168
1.0289989843132286
.3244151314665842
1.312449160561331
2.9537157682739164
1.9625147723404452
.2245201599286297
.9231021578866662
1.2005932893137419
1.1553849285658984
.13278456774784153
2.104127628144714
.42647833073511787
1.4926009203443535
.3730672303176602
.049804800317655606
.07566733677034748
.05495198762788235
.11562873485911579
1.4706441677846076
.22983933213663557
.918030989027139
1.3460859095569853
.08636454003421788
.6404398481838299
1.336190783355334
.8366058339864296
2.9602358820736376
.5940409330559968
1.9007528109422145
.00021225219362530246
4.037860827036762
.29906137836914526
.5703695322640581
.0001149948791882796
2.5870251179359793
.6252654739921271
.08149827536474659
.5064234048543129
.24801772708471745
.00012306541918417237
1.196361310063546
1.412012466198209
.7608882421055156
1.9511288485090452
.03026693470813901
1.1904847656412665
.03693499092976592
1.063761251938731
.9381765408137359
.00021225219362530246
.06768103208743563
.16291890132900105
.5093368324321872
.43236526273758946
1.5233476394055772
.45400402062208506
.30266934708138993
.13982904738838656
3.1397754823078223
45798652563729e-18
.03832929185739216
3.7285552263109842
.7278750254062338
1.8466815756006627
.011012498276375826
.014637360646192983
1.7864515260780216
2.5842536301866668
.2538534947873986
1.0642972131818775
3.19412391563583
.18863525134059766
2.4805250592298784
2.4805250592298784
2.4805250592298784
2.4805250592298784
2.4805250592298784
2.4805250592298784
2.4805250592298784
2.4805250592298784
