1.4366065757245041
6.6416344592455445
.008201606105478713
.23125896931858358
.003124243736485575
.40210193891255525
.00033993038397318377
1.412753201940027
3956421013983048e-25
.20529767663961326
.07733501262095059
3931806270065778e-20
1.5351969979153954
1.4633922149529905
.01433764204037547
.000423312811892663
.29822932954936004
.04536209792397554
.2047313895455898
21817287719111324e-21
.6154150306981561
.3847378829060054
.012240710600299312
33073307352045095e-23
.05700242547519924
25662776902552176e-28
59612852464219915e-28
.022049390868085737
11529663250412322e-21
.9353430444725817
.708452951447591
.009775653617469486
.413634909909984
12.777169404535922
14.643962684307528
.6802247759268548
.07133545045478194
.2538084840408826
.4477292905238255
.9504691973010201
.4552404941528963
26870257841331973e-21
.07384276193197277
.004461852041742754
14.649763418328757
12.195608589488474
4251198246799485e-24
.7237420790781731
.020126928464756937
.01949051462595095
.06254745218254833
.43825363637991305
.767776443468676
2.440354269547066
3.3028857877950495
.013245757289862872
.0028131666619227134
.746452395592479
.15294512471067395
.3814660055915041
.00028356128236030917
1.3095799209599377
.8964374600983874
.07756937159504056
.1746591010565808
.026750676447206245
.0015190271459027292
.002488140076945961
.15463024784158988
.002835147229917123
1.3365869653275582
46200799481088026e-21
980818525139062e-20
.007454112305526344
.00013724987297357525
.3637477721036169
.6828796457335281
9019719521377516e-20
.00028963570081961165
.09757426292289115
.5748407342770675
.33725027189598245
.04623919162340922
.004115434268553842
21224755563077312e-25
.04758766321311416
.00035572865853633623
.0005240500612066085
8925430891489322e-23
.4810798309362718
.1418692564683937
.014971467857991229
.6943088833435044
.0009037856958301183
13699462954522989e-24
.08627929028898432
.00039039025759201175
.16603401776677093
.1692923159466179
.6172581376304633
.001790210964431213
.0363434642894926
.0052943238715935275
.02193797040381725
2084064692330578e-20
198728521037326e-20
4251368663185675e-20
.024703989914233095
.0537388348094826
.0011677051914032966
.0017506248260546688
9225072065373614e-21
.0002501131473145853
.13025484445552757
7476986619723628e-25
10540245319987619e-22
.031104146368223003
6763801887907894e-21
.005682577397677155
14843816975724688e-21
2704955665399344e-22
5.70957083210278
19.8616588241175
.9156038113251297
1.6923233898314276
4.528674669807862
.00010251240505047615
.5170990230062597
.254553529088567
.00022902066438646278
.0003905442867305124
.16012733749265323
.009330890354116172
.0003223649781588045
.0003625480303134354
.3021298019370232
.06379028912559592
3.100017037068885
.06795713443240813
1.5596895432474247
.00011303970713051162
3.5088378674376606
4.522001151518249
1.376943793045481
.21873466957913798
.07873222547279696
1.802390310254421
.5832537008802358
3.860863289139487
.15369848622614043
1.1998452007258622
.8898290185151762
.41309945903401346
.00011303970713051162
1.5005412412817354
.45215882852209877
1.768385970783644
.4754677627038407
1.8611211144291346
.09306887935304763
1.606770613269835
.2648828662012808
.03554886731179811
3.2051891352788866
.7513447740587944
.03545300645875132
.9443515783487144
.8154770691493544
1.4654415592856374
.6444804521146709
.9762627387406091
1.4541159214910688
.7026470112956591
.4911576883533537
2.128012986071484
.00011303970713051162
.4903723641571795
4.484150005116328
1.837294802373671
2.142678017773372
2.259201297648118
.24107608324944602
.3983488498446559
.9716728488126221
.03001082482563472
.3277987177291816
.45500820780914597
.907944975381083
1.1929776197167958
.9737033224717233
.28559069338254056
1.2055284881572919
2.7949909582514807
1.8808770034511342
.21980070086496376
.8479002328256997
1.1027851260456882
1.1456084017667485
.12196707043434041
1.9327116620367937
.3754394612749933
1.4123925265423272
.3722755174121905
.04875789336574558
.07502706206408677
.04837559881516256
.10179084561831625
1.4582000102031116
.2023332695202686
.8432421944710546
1.2737508417880354
.07602884847119658
.5637950963809122
1.264387453285514
.7684504638624444
2.8011606985199027
.5456464825077526
1.7986114227771923
.00020084632665872266
3.820876952165492
.27469788709940957
.539719394351803
.00011431420637645189
2.3762691713836945
.5916653745380807
.07485889407393806
.5021381992342081
.23468991571012368
.00011303970713051162
1.0988979114390516
1.3361346810524863
.7200001366981768
1.8462803864006316
.03001082482563472
1.1265112884737472
.03392602556629337
1.006597558520162
.8877614349299404
.00020084632665872266
.05958129263365614
.14342155307408488
.48196642908004894
.39714196723387624
1.4414869988998478
.45016237238452067
.3001082482563471
.13864585519391248
3.0737767681497523
4031769073943042e-20
.033742227093195507
3.528192609734572
.6407664533459383
1.7474458314550991
.010115348309778395
.013559642558949222
1.6409155280940768
2.373723467110513
.23317293269753037
.9775926176130241
2.9339097396783105
.18800141839964002
2.377338813519202
2.377338813519202
2.377338813519202
2.377338813519202
2.377338813519202
2.377338813519202
2.377338813519202
2.377338813519202
