1.4790951197211617
6.622292925811005
.0077761739543158
.2245289102263261
.0029552543844888557
.3954767942023265
.0003126214294757716
1.3255296715797784
38757175225349696e-26
.19973980470749592
.0707437452690782
3794956323846539e-20
1.442352152592744
1.3699332337463501
.013579089551729437
.0003706517215824121
.2801896506870921
.04247520441487897
.19067248130884695
18707118104148642e-21
.568009874770743
.3532490345208442
.01156670279693904
3267283792896204e-22
.0539364726501605
208836354065846e-26
58929674217918444e-28
.020866700819433228
996798334045491e-20
.8718116848405156
.651880751759859
.008390940884042868
.37680057192389704
11.738114758291951
13.4505887424279
.6337837358827672
.0635057040509305
.23134668268148964
.4067342390805956
.8617796000058852
.40463544287597397
2471188746559835e-20
.0707501582985925
.0042287945156349325
14.0841650360396
11.411613722885217
4275670883090457e-24
.6652766109478155
.01855460071431884
.017806222863147942
.0587439059118423
.4027366057722541
.7289087642045757
2.3062557344972014
3.2068145605660594
.012578225667740249
.0024635783034285827
.7342918873318339
.1458679112918481
.36648335326691545
.0002749636255498238
1.203572164021032
.8112123586490869
.07288064603259858
.16097127527345345
.02430729595835925
.0013307708422706367
.002334819366448882
.15369869187119375
.0028017647161886466
1.308044380663704
4046329343423538e-20
8576812730372678e-21
.006938380520971894
.00011985470503265106
.33558536475393064
.639607884861187
7897389031748116e-20
.0002538580833676054
.09268100897119792
.5298670193343195
.31904782335994225
.04265892980290333
.0038518259195176887
19288876807977205e-25
.04510087261208699
.00031275890334420966
.0004958163198999693
8859515125244722e-23
.4609968760311358
.13314389688381773
.013814149106751189
.6525872774163307
.0008551398178711801
1268625790522073e-23
.0810253169024565
.00036402592162381267
.15724533075293629
.16020510636273377
.593314636339527
.001658114571269886
.03232008229473763
.00500333368097796
.02075153855410774
1972836084377704e-20
17418816655789058e-22
37270822566726654e-21
.0232439841261889
.04936277627808355
.0011147856490603938
.0017033780339118555
892049108253405e-20
.00023924882763017596
.1269894941145545
6321453163650687e-25
9125858098017024e-22
.029784362695226194
5916221959283052e-21
.005402720666527832
13365854683120904e-21
24318135028614103e-23
5.244429955992491
18.24359160713699
.8410124328321791
1.5544550968623365
4.159737710187536
9981753966881847e-20
.4931099437617425
.243054753124683
.00021709837670760303
.0003704480357443507
.15063116429504927
.008783155779192428
.00030857168203381966
.00034724073812789324
.3016167558168746
.06036236646525006
3.0348540520059055
.06430529644505607
1.5399350304150519
.0001038307157796552
3.397354012585066
4.279000681856171
1.3439618387907242
.20091504025224097
.07393578327590279
1.6555552095686354
.548313293277652
3.6533906324271004
.13530415724380593
1.1896924641949966
.8173374317687039
.3794455382847721
.0001038307157796552
1.4878441034616108
.4153228631186689
1.7534224097881226
.4556889877132184
1.7611093519923995
.0928713711644576
1.5204269789846687
.25064875640439643
.031294449611675317
3.0329506861650355
.6901350655284103
.03256476091983155
.8674182091995869
.7490427031442507
1.450119300480718
.6060818411437231
.8967296671727071
1.3356536458528885
.645404557170614
.4511446078282026
1.954650424537097
.0001038307157796552
.4699735791856616
4.243183556686163
1.7667669559512025
1.9681207419785633
2.0751512347276226
.22143636883494142
.3658966150860534
.8925137012199426
.029756882069232223
.3010939815526753
.41794011238808054
.8339775382955965
1.1596990631553077
.9213790623169659
.2514117675039716
1.107317853129426
2.6447954822223934
1.8026352256600542
.21518044568054753
.7788244530957875
1.0129446713470345
1.1359146010467496
.1120307947199816
1.7752596884674812
.3305076136478037
1.3364942603108467
.3714854846578304
.047732992586458724
.07439220517308053
.04258610341301337
.08960871977136114
1.4458611514037087
.17811842645310116
.7745458905555159
1.2053028157005061
.06692986717824101
.49632122115875205
1.1964425911131416
.7058472082904852
2.6506336768470424
.5011943703642064
1.7019587670546943
.00019005337237307723
3.6155530562205547
.2523191094945074
.5107162910975755
.00011363756257405135
2.1826819549791634
.5598708306894418
.06876037413292614
.49788925375705495
.2220782958030023
.0001038307157796552
1.0093741359551638
1.2643343112276064
.6813092196656427
1.7470661257247795
.029756882069232223
1.0659755294134372
.03116217838427427
.9525056484818432
.840055466176831
.00019005337237307723
.05245072209385462
.12625714700101215
.4560668185528637
.364788053426436
1.3640252721095232
.44635323103848323
.2975688206923221
.13747267482195388
3.0091653588462535
3549254974111281e-20
.02970402449934772
3.3385968019281287
.5640807992898071
1.6535426802783109
.00929128252386744
.012561271823443243
1.507235272816544
2.180343641270136
.21417706323737512
.8979512049732576
2.69489329047877
.18736971519948076
2.278444938566091
2.278444938566091
2.278444938566091
2.278444938566091
2.278444938566091
2.278444938566091
2.278444938566091
2.278444938566091
