1.6278050237094632
6.55394928305513
.006459533683586493
.20245387423451075
.002432013144477569
.37273162477921057
.0002331078714350439
1.064744291168102
36152552547555375e-26
.1817720298334122
.051848804973098905
3207186549228614e-20
1.1225126160137853
1.0885567515212016
.011265241635141298
.00022705765533737155
.22587481126635703
.03376612197010524
.14853426905296171
10908855824522544e-21
.42922164232875126
.26205035864234855
.009239280575409058
3138119632522245e-22
.04447129164934792
10405190891584117e-28
5678611856285192e-27
.017204457021584813
5856213300813592e-21
.6852487367570324
.48693811870178383
.004901558095927348
.2727406033408372
8.72221179111606
9.992524850961738
.49640115689311287
.042442129812861405
.16776588339559395
.2916923907757899
.6149981615194322
.2689937007547608
1842828839895634e-20
.0609165173510547
.0035102952863772575
12.268838564260717
8.9334252983447
4262937453445175e-24
.49465380209799376
.0139936171049602
.01294515303939889
.04727328130551421
.2999136140919506
.6026805930559279
1.879772171634161
2.8911225828358678
.010523173267096784
.0015101001523198246
.6769284305615046
.1233465403507615
.3192498728406144
.00024696800280556613
.89565434552955
.5696418848391577
.05876076581023036
.12114956549728852
.017348412433961263
.0008167033492655094
.0018675934827363037
.14669596805248047
.0026907377170314424
1.2073374118680735
2480538517747359e-20
5232326048908982e-21
.0054254256294887565
7284232649631003e-20
.2533623282274585
.5099148640911124
48373875146773353e-21
.00015598836333556785
.07754206351035
.3989715577696109
.26286474450004127
.03217746441548561
.0030552184297195674
1418505717801075e-24
.03746292216963284
.0002046068705542632
.00041127954087116027
8681591623423684e-23
.3958879337393427
.10669200789644968
.010437822441150922
.5267666573374565
.0007067405604859323
9692851880738231e-24
.06482271512484604
.00028535680330818333
.1301918431671387
.13227103939331156
.51599457164674
.0012671974793911959
.02141835454007295
.004115481768957554
.01712309498104526
16283976993596284e-21
10691620088725088e-22
228887056356968e-19
.01876353734642819
.03667184928423758
.0009528665529784421
.0015020601002477421
7723510298693686e-21
.00019937458254263692
.1162944400061203
34238072739044323e-26
5361761082455053e-22
.02560200149362387
36150360513376525e-22
.004532794722218096
9260037079139361e-21
16274096196675982e-23
3.8952059784420205
13.550099380234034
.6246468508114558
1.1545435514110067
3.0895703314635723
9081284242619794e-20
.40712872683381673
.2014389307288035
.0001762890754116284
.0003014087790903986
.1267138824511317
.007414595318100119
.00025773401585880615
.00029056211877318515
.2998279454158982
.0497516158686065
2.817382839417803
.05300144103682705
1.4727438952659992
7711839575408875e-20
3.0343247860142437
3.5268199491113457
1.2346233147942192
.1492260307634031
.0593351793020128
1.229633840868446
.4417008914583862
3.011182264815892
.08660816947909802
1.1548296679650802
.6070626697935175
.2818263455937957
7711839575408875e-20
1.4442442595002862
.30847358301639066
1.702040048365185
.3927214660403801
1.451534144761821
.0921833874494926
1.2531599313333477
.20658866404375317
.020031572206900022
2.499805861212838
.5125854012230777
.024186890183655354
.6442592660472057
.556337989043405
1.397742062488559
.4888286490938852
.666029824009047
.9920327109163322
.47936262104752186
.3350795393017566
1.4517814296902458
7711839575408875e-20
.4050321995803714
3.497298908812139
1.54056756054972
1.4617862655770442
1.54128123809648
.16446787829529194
.27176312669527725
.6628984911622131
.02888488519000575
.22363213673523816
.31041749781491634
.6194218094844581
1.0503664521835436
.7594151764106226
.16092863229463128
.8224404096801514
2.179882211183771
1.5535454392037584
.19976107076317148
.5784578479095034
.7523464271180751
1.1026277134999949
.08320885682995052
1.3185421885374398
.21155787080039354
1.1015596793717781
.3687335497979704
.04431254745125526
.07221221297501432
.027259358004814743
.057358527238587864
1.4034915775725019
.11401357637373402
.5752800225736993
.9934296185455723
.04284179730960868
.31769513453111525
.9861268814927777
.5242553125260283
2.1846941434081137
.37225309980037347
1.4027812983683943
.00015664499141666315
2.979995936859202
.18740547819790146
.42094043392340585
.00011130069467796405
1.6211477455919947
.4614543818545327
.05107053057243031
.48329908686838535
.18304043914359097
7711839575408875e-20
.749694476206087
1.0420843095657528
.5615458201768613
1.4399594958582738
.02888488519000575
.8785938685031985
.023145147244269082
.7850702003743961
.6923869839598363
.00015664499141666315
.03357369884962325
.08081717966512546
.37589747545967994
.2709397624707097
1.1242511741505716
.43327327785008596
.28884885190005727
.1334441699824765
2.7935349435932113
2271877543041513e-20
.019013541346073748
2.751724217527301
.3610680296893309
1.362875994911704
.006900932901774869
.009611309522397308
1.1194718768024094
1.619411005161613
.1590761596909337
.6669370992293325
2.0015834980009064
.18517542260803566
1.9636073302018988
1.9636073302018988
1.9636073302018988
1.9636073302018988
1.9636073302018988
1.9636073302018988
1.9636073302018988
1.9636073302018988
