1.649049295707792
6.544099286840766
.006290880978918896
.1994812559647671
.0023652256737889516
.36953959744034487
.00022352683043054468
1.0324713209307048
3580300570946983e-25
.17937707619980342
.04960365625648708
27539416130724668e-21
.9912203102280619
1.0539158746116324
.010975485309076095
.00020780656135830185
.2190762089688058
.03267627566868349
.14331141911398693
10098566887259954e-21
.4123927526642989
.2511116182376607
.00878056584321232
31207195037158175e-23
.04326467131204085
9446400302640576e-28
5650277000548073e-27
.01673656162768785
53295127375717814e-22
.6625066533485355
.46703764838169837
.004537651930395592
.26053695067770605
8.359825760505428
9.577523943594375
.4796871138585842
.04008828818225392
.16029645376431437
.2784086527053816
.5864426873837728
.2539730615945222
17671183633256375e-21
.05962867061340477
.00341872898245905
12.029079803488052
8.614410297317157
4248526313460302e-24
.47406497160502997
.013443822032975014
.012363456229188517
.04583629746404287
.28757089075752335
.585888419193564
1.8240518509189447
2.848528975644619
.010260690938416823
.001382301525727589
.6669625230332006
.12039440494608467
.3130772652534876
.00024322481746236906
.8586260054486273
.5413243263022373
.05699303819737593
.1163393880366924
.016526269032629368
.0007476557029256397
.0018086118035038471
.14303277997703162
.0026753490231282893
1.1929232569352877
22704141258199333e-21
4786088808338906e-21
.0052406750822276615
6660202142943793e-20
.24340150311896513
.49382950394767416
44271703547513376e-21
.00014281773320920952
.07560001065984516
.3831541118234003
.2557047086912213
.030904527029720474
.0029553910273076326
13615843857936527e-25
.036489383287965686
.00019312893992630184
.00040070629674366856
8661169193580013e-23
.38717653858836554
.10337720355699787
.010028818723507247
.5109958832370474
.0006879378935876888
9326307090987512e-24
.06275889774756856
.00027560842252092406
.12675067009586352
.12872049358408022
.5057395888961755
.0012192392177894492
.020193978174774342
.004003142265743606
.016662669580630087
1584380991043682e-20
9785921150095856e-22
20951057877596006e-21
.018194327365508817
.035147875795523774
.0009321576109347532
.001447288651575223
74249577276845565e-22
.00019063524642446127
.1148464170257357
3078725321624391e-25
4876183011069019e-22
.025052810642075048
3307498384117169e-21
.004420737691715038
8786436314122439e-21
15076560730275154e-23
3.7331703558252483
12.986432451772004
.5986623349868719
1.106516005698036
2.961048128774501
8957237649885351e-20
.38882874548858104
.192474772485662
.0001680446921282063
.0002873860246927303
.12104479641558359
.007085461894048379
.0002465129282360773
.00027797632623162004
.2995732685826971
.04839639699839783
2.787614596330219
.0515576979183913
1.463387530722126
7391036841474418e-20
2.985731951494275
3.4307504473792423
1.2197472180087823
.14301841736909193
.05749940192492134
1.1784826344628057
.42826630389525744
2.9291585766266777
.08126048623465601
1.1499333740335407
.5818096335710952
.27010272747684944
7391036841474418e-20
1.4381208937783851
.29564147365901094
1.694823669542209
.38446637940863054
1.4119947965539434
.09208552098840209
1.2190242363075308
.20096125172768492
.018794708482669897
2.4317119105777283
.491262499407069
.023180746264241974
.6174588986524273
.5331950351305885
1.390415655807967
.4740426380594562
.6383238290470525
.9507654098135992
.45942174470092356
.32114065594683383
1.3913891656699957
7391036841474418e-20
.39651833877745757
3.402033551230596
1.5107094955302127
1.4009778130879256
1.4771658956923275
.15762622339757168
.26045812570635324
.6353227556705177
.028762417875567728
.21432932381249073
.2975045240702779
.5936546487443818
1.035612651157973
.7387289381965203
.15099197902451827
.7882279329625481
2.1205028833800172
1.5208895920042376
.1976504111713274
.5543947359553919
.7210497710705455
1.0979527475443054
.07974747404344544
1.2636925077635361
.19849507906015093
1.0715535290572185
.36834208395360835
.04384434459791793
.07190604468891924
.02557620948737869
.053816884032357806
1.397540996733733
.10697372671890579
.5513491041183923
.9663688981695195
.04019649995472495
.2980788216822122
.9592650854508462
.502446957218132
2.1251837400354816
.356767843531255
1.36456996285428
.0001523780295384362
2.898821754749369
.1796096482701253
.409474144651648
.00011097080260678021
1.5537100578895742
.4488845049749287
.048946061349372044
.4812499756861952
.17805447330493762
7391036841474418e-20
.7185081379490801
1.0136982502184222
.5462494829885312
1.4007354375628192
.028762417875567728
.8546612389984654
.02218233850834132
.763685127117766
.6735265733024747
.0001523780295384362
.031500666849617706
.07582706522029176
.3656581426638942
.25966901238802953
1.093626914426286
.43143626813351554
.287624178755677
.13287838794742032
2.764018675476903
21315988425053077e-21
.01783953666400453
2.6767680875585396
.33877362646979
1.325751667715244
.006613862855783897
.009250713501995569
1.0729032682195592
1.552045563655804
.1524587934408143
.6391933627702217
1.9183201660710874
.18486405704465284
1.922331897043151
1.922331897043151
1.922331897043151
1.922331897043151
1.922331897043151
1.922331897043151
1.922331897043151
1.922331897043151
