1.63224304247982
6.551893430654969
.006423946984708838
.20182925937754176
.0024179117297363378
.37206363010851207
.00023107314876758678
1.057912847491653
3607928207583705e-25
.1812684174425534
.0513714070868432
3253432011399493e-20
1.1287361923483556
1.0810676539306119
.011202078832683782
.0002204246787758998
.22442529757488427
.03353574773715844
.14742845079566955
10734390440304273e-21
.42564944732692356
.2597263861561438
.009039996605247083
3134476699830712e-22
.04421643035739506
10195815876793107e-28
5672679558009886e-27
.01710564366315169
56783919497535875e-22
.6804255109717273
.48271236996544914
.004823229708660061
.27014275669268634
8.645232663616362
9.90435968887688
.4928060675193697
.04193895894167982
.16617607073175378
.28881304927047646
.6089124416759493
.2657482090743539
18267502167914642e-21
.060645189018091586
.0034909564062069573
12.218365849662376
8.866048811910325
42601786836086374e-25
.49028177828446784
.0138761070622768
.012821593740188916
.046966991607647605
.2972917171927937
.599146955123731
1.868027814971284
2.882174401554243
.010467153582827819
.001466115096022715
.674879727357267
.1227246240306657
.3179318629866282
.0002461809091933728
.8877893002061715
.5636119369945425
.05838386621008082
.12012884092485938
.01717356965405063
.0007928950321324815
.0018550188176255174
.14430731370586705
.002687360641719823
1.2043259927370003
24081084019703577e-21
5078865420778863e-21
.005385979135994
7070006146726271e-20
.25123509815113276
.5065085085842761
4696037443350356e-20
.00015144350953063998
.07713247449158724
.39561522143450867
.2613523198250807
.03190749128729464
.003034113654819823
14063487467408995e-25
.037257481312485616
.00020214303174694297
.00040902517413088087
8677212867961901e-23
.39405727797508544
.10599070316095545
.010351061272040179
.5234046120174635
.0007027705154677698
9615183688469242e-24
.06438697244189039
.00028329372530504736
.12946510528699356
.13152088761514502
.5138364688940292
.0012570361476215441
.021156619217739276
.004091751930817165
.01702588372887028
16191022721638544e-21
10379478513714721e-22
22220755518506725e-21
.01864334569457556
.03634810712516237
.0009484475468443317
.0014739595386165712
757493453490432e-20
.00019533744383926457
.11599080333881376
3311550577686967e-25
5198412790438081e-22
.025485322611623458
3509197876198709e-21
.004509171376409463
9158529140861101e-21
15838950894602812e-23
3.860784380519492
13.430358325394295
.6191269006827066
1.1443409500259545
3.0622680659886288
9055317350208981e-20
.39876794785471414
.19732166226029652
.0001725973672214634
.00029511234497399435
.12401377226860416
.00725690196568758
.00025252015198623767
.00028469790296708597
.29977472445796466
.04946540326802534
2.8111379713403672
.05269653274372234
1.4707843804790535
7643690716894867e-20
3.0241086092617366
3.506530752634139
1.2315007160239553
.14790733325191302
.05894689427999532
1.218767673097971
.4388599475841634
2.993859444405136
.08546260128515773
1.1538050915910698
.6016981095497055
.2793358705827964
7643690716894867e-20
1.4429629116204803
.30574762867583005
1.700529981495976
.39098242083713547
1.4431837152300084
.09216293413869003
1.2459507149766718
.2054001945286583
.019766614153487044
2.4854249024440755
.5080557284202762
.023973152729588516
.6385660027033737
.5514216784108312
1.3962083617749856
.4857021394275012
.6601441761297474
.9832662037559546
.4751265350761744
.33211847042946957
1.4389521629144288
7643690716894867e-20
.4032386401120243
3.4771795418684746
1.5342817017083359
1.4488685869328735
1.527661069264096
.16301448989704448
.2693615794782504
.6570405146001206
.028859258232409632
.22165591890854056
.30767436526761616
.6139480325934483
1.047267050595866
.7550463898141171
.15880002567749762
.8151725749997958
2.167341718865467
1.546666045084283
.1993182904933161
.5733460659996195
.7456980068917674
1.1016494512194877
.08247354736769216
1.3068903453977145
.20875959011366052
1.095222593529964
.36865173655476013
.04421432650338246
.07214814558102402
.026898797867066032
.056599844716477284
1.4022463858776635
.11250551625011423
.5701963228311211
.9877145865882349
.04227512789880941
.313492973884177
.9804538609420398
.5196225137276096
2.172125968860565
.368963531393039
1.3947113356859164
.0001557438393720787
2.962852526099193
.1857493922156173
.4185188350631566
.00011123169788156377
1.6068218033489867
.45879971312922013
.050619224716261575
.4828702991088376
.18198743856895314
7643690716894867e-20
.7430694910403401
1.0360893754302805
.5583153423977524
1.4316756533167658
.028859258232409632
.8735394671220842
.022940615582346908
.7805538247800569
.6884037991762295
.0001557438393720787
.0331296187843548
.07974820902291983
.37373500109327257
.26854549125203536
1.1177835479912557
.43288887348614424
.28859258232409607
.1333257769868632
2.7873429355535615
22418273679888727e-21
.01876204880961635
2.7358940152186846
.3562921747884764
1.3550356006659476
.006839949955314551
.00953483521864229
1.109579200768809
1.6051004103433937
.15767041744309207
.6610434338374779
1.9838956779580466
.18511033371239707
1.9549121041856754
1.9549121041856754
1.9549121041856754
1.9549121041856754
1.9549121041856754
1.9549121041856754
1.9549121041856754
1.9549121041856754
