1.648964783940304
6.544138515806185
.006291546592506439
.19949299228382197
.002365486918106064
.36955226237702404
.0002235641643366454
1.0325903611588587
3580438504544866e-25
.17938652195634167
.04961239082738331
3200597064316538e-20
1.0990412950194848
1.0535668909687126
.01097248987066865
.00020838442150425255
.21909957793433024
.032680553817075075
.14333179770835236
10101665353252898e-21
.4124582215760609
.2511542198756497
.00880354064624663
31207904848337276e-23
.043269404555486855
9449828843501713e-28
5650393817310559e-27
.016738397609593857
5344451268586527e-21
.6625954091368929
.4671152055697041
.004539045721319774
.26058447787070277
8.361237406800123
9.579140531404514
.47959136964107824
.040097104076218214
.16032554451002695
.2783064224467298
.586553868778527
.25392676695544775
1767413379653978e-20
.05963373921777476
.003419088109126644
12.030024386343506
8.615662018768472
4248589537463511e-24
.4741450544746392
.013445876559611597
.012365731640787943
.04584125887782666
.28761897055479824
.5859546216850788
1.824271024471627
2.848697203073791
.01026165215616505
.0013861288958596858
.6670029546622379
.12040602447650282
.31309951920951357
.00024323958579482884
.8587702603173218
.5414342813631632
.056999110818229316
.11635822864562
.016529479791769008
.0007497327333525918
.0018088308036675125
.14339425749348378
.0026753932294899326
1.192980583042323
22767286639138664e-21
47994130227712025e-22
.005241318233800831
6678744737445196e-20
.2434387676552477
.49389240442787946
44394853561379375e-21
.00014321472039776156
.07560769804265241
.3832160731046933
.25573279690628165
.030909509844314065
.0029557844204350144
13618055698132735e-25
.036493235832302906
.00019317308088377395
.00040074574352042604
8661254039693857e-23
.38721119548156546
.1033901800153158
.01003042255934762
.5110500986372899
.0006880122327604588
9327746611898458e-24
.06276705126129752
.00027564676277401154
.12676413350020704
.12873441628718496
.5057800021057871
.0012194270994370182
.020198708584782593
.004003585044061827
.016664489154190783
15845537185575412e-21
9813133040489886e-22
2100931262631651e-20
.018196574426977627
.03515381196774563
.0009322336601772829
.0014510153198061687
7444102888822269e-21
.00019113050536450748
.11485218607138258
30875057890732615e-26
488984948951076e-21
.025054836995148887
33167041765221957e-22
.0044211817759937915
8788212926656885e-21
15117766053510797e-23
3.7338015139292615
12.988628036570685
.5987635493832908
1.1067030816891237
2.961548746036698
8957736316258894e-20
.3898441183839195
.192977063244163
.00016848471423582025
.00028813833354010755
.12138033195465789
.007105143490075911
.00024715525175571733
.0002787004225453745
.2995742812830656
.048401714538053815
2.787732392014093
.05156336280504107
1.4634246332356005
7392286426238818e-20
2.985923709126232
3.431127400059301
1.2198060400769866
.14304259714781656
.05750659148103592
1.178681877678165
.42831893255841935
2.9294804170498483
.08128111029725134
1.1499528107785113
.5819079987219508
.2701483930932329
7392286426238818e-20
1.4381452016119345
.295691457049587
1.6948523162935587
.38449887305993985
1.4121499390602128
.09208591010473119
1.219158176231166
.20098333228515733
.018799478614651255
2.431979094197138
.49134555597243973
.023184665377078306
.6175632909385096
.533285181128592
1.3904447247494298
.47410056574443954
.6384317489165698
.9509261534272632
.45949941802672684
.3211949504226303
1.3916244044788486
7392286426238818e-20
.39655185101501095
3.4024073486502737
1.510827120711032
1.4012146730262602
1.477415636565948
.15765287288281338
.2605021607331875
.635430168155801
.028762904032238714
.21436555995409642
.2975548224422913
.5937550165033713
1.0356709308139105
.7388101058178212
.15103030106972254
.7883611967572
2.1207358730005756
1.5210181318681357
.19765876324603038
.5544884661356594
.7211716772154653
1.0979713056869123
.0797609567564533
1.263906157206565
.19854545748052593
1.0716712656809688
.36834364041892476
.04384619731979803
.07190726008059672
.025582700776932338
.05383054285765412
1.3975646186657098
.10700087684977679
.551442319381034
.9664750776633881
.04020670190120099
.298154474641745
.9593704844154151
.5025319047127971
2.1254172439637657
.356828161409689
1.36471989457112
.00015239477202889058
2.8991402619233035
.1796400144399648
.4095191355009124
.00011097211301027159
1.553972739899998
.4489338260257551
.048954336541858774
.48125811001228364
.17807403698697696
7392286426238818e-20
.7186296143862209
1.0138096300107013
.5463095019872173
1.400889342950384
.028762904032238714
.8547551446466681
.022186088822787504
.7637690367928659
.6736005768334199
.00015239477202889058
.03150866177747263
.07584631027052453
.3656983192430355
.2597129140013791
1.0937470763566575
.43144356048358035
.2876290403223869
.13288063392392377
2.7641354740725705
21321398462574765e-21
.017844064371601173
2.6770621966521566
.3388596078464926
1.3258973342835079
.0066149810456178374
.009252120999934211
1.0730846613862284
1.5523079642542037
.15248456928114207
.6393014296497075
1.9186444918327064
.18486529464915422
1.9224943652996973
1.9224943652996973
1.9224943652996973
1.9224943652996973
1.9224943652996973
1.9224943652996973
1.9224943652996973
1.9224943652996973
