1.7036230271013464
6.518691183146585
.005877751506346331
.1920437934317275
.002201910883158797
.36140651768880444
.00020067624799313997
.9544826115734718
3492836780415414e-25
.17340378473779292
.044278379900773476
3053530411392909e-20
1.0114028112572555
.9685652247188559
.010258356560636804
.0001737156854285228
.20261107320357283
.030032173123188403
.1306992409383213
8281364923142898e-21
.3721343825798338
.2250681867347597
.008083945889970053
3077098629477357e-22
.04031541557512645
7392960331037126e-28
55797325796618025e-28
.015592133217466041
4392657412949649e-21
.6079118456234073
.419549912166777
.00372074752364881
.23173644005080388
7.496497645027451
8.58922091403516
.4389795788838958
.03464149196368978
.14265698995841822
.2466605389207101
.5193922545476274
.21895364446018817
15865497858532654e-21
.05644457606136729
.0031948488498322485
11.434158351465896
7.835606326224864
4198086819883121e-24
.4249458563748674
.012134330537912697
.01098060665986087
.04235549118493266
.25816321828546546
.5441853337214321
1.686667597780394
2.741860152508613
.009620658124076474
.0011557704372754099
.6396639953854358
.113093731270522
.2978907766085657
.00023388978305778169
.7703793764982783
.4746143771020166
.05271160123716547
.10484947693868937
.014582214262802455
.0006253962597316222
.0016654914855385732
.14066512064630718
.0026369771730225936
1.1559461439111365
18983585527496407e-21
3995646171639e-18
.004797726106590628
5554660278459088e-20
.21963377287835173
.4549642686321168
37007943935667924e-21
.00011950092837202282
.07083831965488697
.34536573011102784
.23820727756839688
.027858037771879486
.0027131708157006103
12291859897882489e-25
.034108724340227894
.00016698918241879669
.00037510211076625325
8613580674127065e-23
.3654437845947458
.09533459055096503
.009050704292217975
.4727812127110556
.0006420654907574812
8446059912180523e-24
.05772321340998423
.0002520585098546488
.11834242697886174
.12004979046906901
.48026245296743947
.0011039663405753785
.017359022944541003
.003729282615269256
.015538967749478803
1476700966011843e-20
8180610901621982e-22
17516740562833922e-21
.016805534567701473
.03151793611330792
.0008815921294233482
.001379820470730257
7041944107975063e-21
.00017823839383307948
.11121241563330769
2459613614899296e-25
4008267099653464e-22
.023695798233734997
27628477143283956e-22
.004145561186525609
7679343566048875e-21
12996628847924817e-23
3.347217671264015
11.643834072940042
.5367698111235182
.9921191841753485
2.6549210663884337
8643820743688883e-20
.36260850820748547
.17969928457816908
.00015602347075160703
.0002669960306186324
.11325018483086716
.006635956731648904
.00023072067782294655
.00026031734526944594
.29892002863751316
.04508207419287499
2.7125785368179858
.04802688024167792
1.4396239273700744
662691674012227e-19
2.8644436920225185
3.1958029067971787
1.1823494810396613
.12823250168239725
.05304010716422843
1.056645564860562
.39560097566508867
2.7285614728416996
.06899293927881593
1.1374504123299995
.5216594211303579
.24217823894812918
662691674012227e-19
1.4225095475495775
.26507666960492154
1.6764257175922266
.36404772115002093
1.315297380098474
.09183459100093881
1.1355419922261614
.1871988540919781
.01595735198240633
2.2651813681913584
.4404734749591062
.020784211844949656
.5536230977575481
.4780708281995392
1.37177068414224
.43808036569481335
.5723309136539227
.8524708163903635
.41192456701749847
.2879396266685874
1.2475408189365567
662691674012227e-19
.3754596119644083
3.1690526253081424
1.4366365809284125
1.2561381469504616
1.3244495477509217
.14133008411675582
.23353074140542115
.5696401053378699
.028450190950991567
.19217095169948328
.2667471091146849
.5322798430038332
.9986557779190482
.6881386810944173
.12819736778764215
.7067372272683001
1.9752848196097748
1.440116534875088
.19233012477492467
.49707880438674035
.6465042592610741
1.0860340552014447
.07150280563552838
1.1330460412634995
.16852912862463526
.9981704981094724
.36733836400375525
.04266415747490056
.07112547737747886
.02171507887670545
.045692379953247514
1.382370160635495
.09082436217073112
.4943480442731383
.9001892096721048
.03412820682107264
.25307914089063316
.8935718862369293
.4505016309928325
1.9796451178988157
.31988350827418616
1.271120333788523
.00014194274902826537
2.7003022027416113
.16104075927881928
.38143219152989316
.00011012782932765817
1.393080214963558
.4181436183768316
.043885787647420155
.4760258251815017
.165860796955034
662691674012227e-19
.6442253921087183
.9442773131860902
.5088407659918117
1.3048090940093482
.028450190950991567
.7961316084662009
.01988902417196736
.7113857992746456
.6274015594487381
.00014194274902826537
.02674514633006221
.06437977852270411
.34061683388018077
.23282321032808861
1.0187322353174963
.42675286426487324
.28450190950991544
.13143594278891707
2.6896177629192453
18098005109529182e-21
.015146378355006228
2.49345540174053
.2876304256019375
1.2349604258194056
.005930090651141139
.008385313928535563
.9619814893626921
1.3915878039611242
.1366968873382354
.5731105508969462
1.7199952177365454
.18406659804005182
1.8202386057501028
1.8202386057501028
1.8202386057501028
1.8202386057501028
1.8202386057501028
1.8202386057501028
1.8202386057501028
1.8202386057501028
