1.7244407386438332
6.508958311611571
.005727483636512804
.18928070342557748
.0021426161875458443
.35832967021733303
.00019258570976756539
.9265085908993688
3460350237242006e-25
.17119047033296392
.04240312579613206
29880399660817684e-21
.9773387803368915
.9380815414594945
.010000451184497683
.00016211382464925036
.19667885064917978
.029079584059659328
.12617691658509939
7677310303513732e-21
.35783321289043485
.21586275556442927
.007826236203841956
30608660784797504e-23
.039244881480216105
6740884719062455e-28
5553653108865953e-27
.015176476683046539
40777950182083215e-22
.5884427479861462
.40272711881889495
.00344899482878398
.22164404446281533
7.191159897712172
8.239790494144572
.42449843445009333
.03277149535988217
.13647170217917798
.23561988678467338
.49601161931646187
.20698593479397437
15226163032877605e-21
.055275503204713555
.003113544189985137
11.214944813913576
7.553796524667801
4173990831642675e-24
.40755180378786215
.01167051975876081
.010492789314380739
.041101325426646414
.2477593365601561
.5288171361040671
1.6363938260659168
2.7021923264782486
.00938832833350938
.001078666433918333
.6286727195944233
.11041272760078995
.292325417288792
.00023043315275113191
.7391567111669625
.45129775646056347
.05116893422255993
.10077486891263414
.013900124175950247
.0005837663475595196
.0016138353166962706
.13966211135269502
.0026226245684033956
1.141873626571744
17717097879057523e-21
3726996930223581e-21
.004639763543069979
51793971285893535e-21
.21120230843252136
.4410184421893362
34536005903912554e-21
.00011155781784419177
.06910468424545964
.33196305468331266
.23185728584443588
.026775781827045573
.0026259219722527803
1183364127510761e-24
.03324427081985446
.00015813737830636609
.0003658737036390896
8597107580067576e-23
.3573921479920835
.09243692791029705
.008703445024283761
.45900574231563895
.0006254458329662007
8132284173631215e-24
.055899646663997604
.00024361181551427346
.1152910372232368
.1169046813051389
.4708655812365098
.0010628441679380264
.01638524002530656
.0036301378906120813
.015131734556634848
14375833676323976e-21
7633708497864221e-22
16346528804892872e-21
.01630253764519889
.030234328748636834
.0008632054289613483
.0013535537589069702
6895360486853522e-21
.00017357551139848435
.10985868264720809
22559877846500137e-26
3716030665360683e-22
.02319668760268461
25776529554437085e-22
.004045230352024608
7294872674891956e-21
1226950936845359e-22
3.210739834105213
11.169074004554352
.5148838180184914
.9516669955942169
2.5466705967285597
8526313626009721e-20
.3528034620948798
.17491125645989306
.00015157411016125628
.0002594418815428993
.11029856883935117
.006465355863867643
.0002247762504119416
.0002536631927124785
.2986712190210157
.043878459113186274
2.6844903876505923
.04674464382456061
1.4306610699841797
6356714036698404e-20
2.8194861620932974
3.1104803780715202
1.1683877542643535
.12300401157453
.05143168367890778
1.0135624087892665
.38380752720385153
2.655713499598069
.06481772270543001
1.1327244411543027
.5003895317710157
.23230378036650418
6356714036698404e-20
1.4165991895717722
.25426856146796545
1.6694603681285007
.35654770844930234
1.2801811661862952
.09173905143924278
1.1052249429347778
.1822009615211625
.014991667650637818
2.204704859472597
.4225138221691602
.019936766426624123
.5310499368807362
.45857819908205844
1.3647244250105701
.4250925750947166
.5489949693246269
.8177125829295405
.39512895361542755
.2761993153594615
1.196674191947369
6356714036698404e-20
.3677244945752808
3.0844442838234665
1.4093474337250327
1.2049209766599531
1.2704470813876088
.13556755950674002
.22400887171325246
.5464138747276295
.028331983791435464
.18433546610263427
.2558708912837133
.5105769216909776
.9849082541021693
.6697665429816337
.12043930181386037
.6779210648043951
1.922548058089199
1.4104476434782183
.19033858898684072
.4768111532260042
.6201440067518268
1.0815217128741927
.06858738476293101
1.0868477690565383
.15833032251076562
.9715210352102117
.36695620575697113
.04222237958607972
.0708299594785886
.020400956617732106
.042927233489678036
1.3766265770361679
.08532798259674322
.4741917358067523
.8761556813411141
.03206288453985692
.2377636573865301
.8697150292418553
.43213309501075386
1.9267919437937062
.30684073256024647
1.2371835722433209
.00013815311786684255
2.628208704180944
.15447456111684388
.37124859758876305
.00010980795833248764
1.3362794349129372
.4069798914728577
.04209640973168122
.47404799449604207
.1614325943951832
6356714036698404e-20
.6179580570284188
.9190667071102477
.49525557875113985
1.2699728995843584
.028331983791435464
.7748762419702613
.019078078703588124
.6923930024521202
.6106509996865119
.00013815311786684255
.025126621603012683
.060483734650849164
.33152294090844153
.2233301891664343
.9915338088354478
.4249797568715316
.2833198379143544
.13088984207952567
2.661767367473454
17002775776377773e-21
.014229771371804839
2.4268843626790506
.27022401659058554
1.2019890726164528
.005688299998214131
.008076956908127052
.922758120598197
1.3348478747561336
.13112327445657726
.5497428180151456
1.6498649632103728
.18376330629065077
1.7827385422465098
1.7827385422465098
1.7827385422465098
1.7827385422465098
1.7827385422465098
1.7827385422465098
1.7827385422465098
1.7827385422465098
