1.74525845018632
6.499202434542101
.005581061024069805
.18655767843945012
.002084900346606703
.35526710467727385
.00018481598520722717
.8994557824964527
3428310693413001e-25
.16901167640420547
.04060745416155503
29318572086020567e-21
.946034710017043
.9085648046093687
.00974975767638505
.00015128391079196365
.19092969536934223
.028155745239641275
.12180311965866189
71168366349007856e-22
.3440760351358888
.2070301980116492
.007576771715582554
3044842217403911e-22
.0382029242372633
6150138487269811e-28
552797242531476e-26
.01477180819270976
37857032720737114e-22
.5696708476647223
.38656657689752977
.0031967537965694303
.2120044524171833
6.898101810292555
7.9044807630904055
.4105207294035724
.031005292089004
.13056192884395185
.22508599975822677
.47373719288242544
.19568976664095303
14612171749076986e-21
.05413062858891272
.0030343798632655196
10.999855896645776
7.280167560041329
4147280563004327e-24
.3908473274982764
.011224930629603277
.010025339611735351
.039885877498573176
.23777109434886032
.5137358052696067
1.5872429250173559
2.663076556390332
.0091621744017246
.0010066854818924927
.6173886170368685
.10778682825671469
.2868802787966474
.0002270329280051535
.7091831617679424
.42906918676881683
.04967382077197316
.0968580231436264
.013248443962248651
.000544895741497511
.001563720534457037
.13867231906224464
.0026084272219017855
1.1278269313328517
16534744304079485e-21
34763867877987867e-22
.004487513001721908
4829541690339598e-20
.2030959935182517
.427529197981514
3222858112519931e-20
.00010413961935827312
.067414412389817
.31907830236501794
.22567757203193933
.02573452346433866
.0025413623557835226
11398371959149032e-25
.03240264869411195
.0001498280819259005
.00035692273523936404
8581479372914131e-23
.3494621736674957
.0896281783500506
.008369425012128855
.44565176815175966
.00060928406644062
7829829352826761e-24
.054126799921303065
.00023544393726058704
.11232110129791013
.1138444153391659
.46164165276433283
.0010232032078345906
.01546552108597461
.0035337684081315377
.014735686320773806
13994948282699975e-21
7122947217051618e-22
15253561851926801e-21
.01581361531852902
.029002436439634915
.0008452858324308037
.001327685611816342
6751967094624465e-21
.00016903521287190345
.1085224606498282
2069173446406179e-25
34447126086988344e-23
.02270722498245267
24048530373878173e-22
.003947336824986
6929546952276167e-21
11582433207681614e-23
3.0797624143051245
10.713448021055518
.49387988824985335
.9128451370718066
2.442782906951493
8409926895188309e-20
.3432792984791844
.17025628850106644
.0001472705294433561
.00025213250422952035
.10742019203171267
.0062988532116297295
.00021898741981146876
.00024718060721059425
.2984226164569257
.04270673840047407
2.656692253597279
.045496385146280495
1.4217539182645815
6097401215992658e-20
2.775231170889501
3.0274187947996554
1.1545903558646302
.11798624342964113
.049871619864280396
.9722156177165364
.37236271767224743
2.584795910936134
.06089077084166928
1.128018083419027
.47997687513960535
.22282728855018638
6097401215992658e-20
1.410713360405031
.2438960486397343
1.6625239258378486
.3492013226127907
1.24599549014477
.09164361124322501
1.0757112593639317
.1773355071545974
.014083404373802087
2.1458309062510894
.40527799082904564
.019123475297277304
.5093865340167448
.43987117440993395
1.3577143087016137
.4124866312338544
.526599525196263
.7843551980948833
.37901024780091946
.26493216960941646
1.1478576243956329
6097401215992658e-20
.3601478198283439
3.0020779626807785
1.3825739103233698
1.155767993627937
1.2186210570721858
.1300372798608498
.21487075852274404
.5241237225656229
.028214267208100642
.17681577127363457
.24543301376205484
.4897486854376811
.9713492578091807
.6518812446609074
.11314254220883535
.6502662698088468
1.8712087579775682
1.3813864762188504
.18836761615843536
.45736034194627334
.5948461420522065
1.0770280973978046
.06578946305290388
1.0425114092573329
.14873795287603125
.9455777513575413
.36657444497290004
.041785163132192195
.07053566802025155
.019164974061287334
.040326506828479075
1.3709068301109424
.08015842608808567
.4548477798166649
.8527590129043409
.03012036945376924
.2233588557591843
.8464903505608841
.4145048595512589
1.8753393158924685
.2943236151615047
1.204146094484923
.00013446390742048693
2.558025597520908
.1481729980861305
.36133485676577587
.00010948901567591205
1.2817678763438602
.3961119900439126
.04037914847278506
.47207837208415626
.15712173393238119
6097401215992658e-20
.5927493649399088
.8945241520878131
.48203038280221094
1.2360598228469124
.028214267208100642
.7541841173866919
.018299816479786152
.6739034921387044
.5943443098201797
.00013446390742048693
.023604336810903407
.056819355456391135
.3226700252762026
.21421976183445296
.9650561082815141
.4232140081215093
.2821426720810062
.13034600776434815
2.634204532292465
15972670440410425e-21
.013367667229959208
2.362077376914729
.2538526190577689
1.1698914210283375
.005456254147316665
.007779821537903812
.8851155572077524
1.280394714582865
.12577429289736095
.527316866496916
1.5825611431983808
.18346051405796615
1.7460066130639516
1.7460066130639516
1.7460066130639516
1.7460066130639516
1.7460066130639516
1.7460066130639516
1.7460066130639516
1.7460066130639516
