1.786229712201944
6.479933359905003
.005304115344459662
.1813141213877829
.0019759025061159285
.3492816631190151
.0001704593498779856
.8488132849886736
33667931164013325e-26
.16482303536148107
.03730291692137793
28382987870569615e-21
.8901343047062524
.853273193069073
.009277290577126252
.00013216740103464956
.180135847585005
.026425458288248167
.1136418204120089
6131887065546294e-21
.3185626594206587
.19072971888953372
.0071099138364804715
30140030462084866e-23
.03623533789751206
5143370979327799e-28
5478975156665256e-27
.01400736857259382
3274500881688786e-21
.5347048111927631
.35669304929502915
.0027534447099228972
.19432942339846657
6.3570384045579456
7.285319994659226
.3844542381945065
.027818099068870505
.11972068006963485
.2058020564967677
.43304253627234834
.17532559101008097
1347763122704039e-20
.051947820541771515
.0028848053183329943
10.588553748472123
6.767162191843299
408886508759468e-23
.35998079008623274
.010401107986780947
.009164218280243776
.037604011705359895
.21932392660325725
.48503325857836677
1.4941774796897902
2.587700673784694
.008735020891884014
.0008796102030042994
.5946405232291435
.10278410984167027
.27651132630250075
.00022050271053718426
.6538270712706551
.3884173311191428
.04686665038647513
.08961074419236241
.012052917118994493
.0004762575935514501
.001469508578014201
.136775562785444
.002580934868230103
1.1002630754245935
14447385195444352e-21
3034413266290255e-21
.004203969626918496
4213042433574696e-20
.18809293727549356
.4022880233135608
28155707621565392e-21
9103676018664729e-20
.06421473504517565
.2952352578499702
.21401015879236265
.02380555071235011
.0023827011096068545
10605365280809062e-25
.030812743186604565
.0001349665413081116
.00034010417188059546
8553167312919173e-23
.33429997849258947
.08435554320427684
.007750863992808791
.42057044265477384
.0005788045247126373
7268069695451414e-24
.05079545367676062
.0002201665977337642
.106712695345704
.1080679005790952
.44399632750385176
.0009494074341462133
.013806143551149758
.003352138366582947
.013988676369054024
13275299383486764e-21
6220785330179304e-22
1332284006547279e-20
.01489229167747003
.026728271119015243
.0008113844198311913
.0012780756351670347
6479585885241915e-21
.0001604658572345971
.10594340360972222
17472434727539097e-26
2969393870108593e-22
.02177304047964822
21000095906029194e-22
.003761831036057213
62646641328758704e-22
10342231695019562e-23
2.8379732417044545
9.872345564359906
.45510585523051234
.8411785470193278
2.2510023802552723
8184357159940566e-20
.3253647892716301
.16148966756810731
.000139224340117222
.0002384593576170412
.10197518247434918
.005983522226721795
.00020806005086366426
.00023493678089300715
.29793394732698747
.040493500791162894
2.6028285899826265
.04313857664896069
1.404386331473596
56187001356168564e-21
2.6901803479449975
2.8705255880893974
1.1279148641355927
.10872325741338354
.04694195143582403
.8958879085708037
.3508525389028928
2.4508412298543756
.05388297716356633
1.118812766703608
.4422943542515172
.20533333334080775
56187001356168564e-21
1.3992010775187138
.22474800542470028
1.6489567148957047
.3351903356764113
1.1814229148766553
.09145606591639632
1.0199635084198502
.1681452568896297
.01246257430755679
2.034625184559075
.3734600072012813
.017622109721836216
.4693950892151334
.4053373133505898
1.34402320429373
.38878785948300776
.48525670508207974
.722776229051216
.3492545193079391
.24413260085449812
1.057740430946938
56187001356168564e-21
.34569762713999613
2.8464980213894733
1.3313829841153708
1.0650297647309575
1.122948294870001
.11982817861370994
.19800146280110648
.48297527532474127
.027984021550374296
.1629341358460441
.22616430489972209
.45129898916106914
.9452133735202625
.6180980961104616
.10012119954790655
.5992144930169473
1.7742350776371756
1.3259611767738804
.18454851746572315
.42145342323532875
.5481453459637176
1.0682388901202924
.06062439585047744
.9606648454119433
.13162000755438602
.8965740502973472
.3658242636655853
.040937981089188065
.06996005387593568
.016959316582962826
.035685412033544237
1.3597193928313447
.07093315756506272
.4191381199317968
.8085655579666019
.02665387803441471
.19765294407991849
.8026217633086343
.3819624833717667
1.7781515731706672
.27121655240361575
1.141742325823681
.00012749543855247695
2.425458263417212
.1365400791172534
.3426090087028828
.00010886401600333977
1.1811375183501225
.37558384889571017
.037209020525835544
.4682259241549862
.1489790439540835
56187001356168564e-21
.5462131847973541
.8481662570579188
.4570495996282677
1.1720021544380177
.027984021550374296
.7150992161401261
.016863115562586347
.6389790607793877
.5635429602289579
.00012749543855247695
.020887762197159987
.050280132607707195
.3059479466982995
.19740157523407217
.9150429592108669
.4197603232556142
.2798402155037427
.12928230470701377
2.580796800694094
14134408625235872e-21
.011829209880671519
2.2396648799062384
.2246372428289174
1.1092628694505917
.0050278889040595055
.007227656901884158
.8156259896881326
1.1798721621927126
.11589987463937473
.4859177286100485
1.4583157963409636
.18286604835314624
1.675951678382055
1.675951678382055
1.675951678382055
1.675951678382055
1.675951678382055
1.675951678382055
1.675951678382055
1.675951678382055
