2.1549710703425604
6.301944780257275
.003353355832797307
.1404131248272611
.0012173806820535394
.29806803621174865
8207399951174229e-20
.5138349732947252
2880403174246605e-25
.1321238178419066
.017406217615532796
2050083719079501e-20
.49688101315948674
.48660716801543347
.006010138176372401
3956567825197847e-20
.10734319485600392
.014764927509401813
.060162185016104076
15906821389858336e-22
.1588177814908744
.09101462096662602
.004045780633865994
27668543626487666e-23
.022522570864081652
11325658800942723e-29
5090027500515322e-27
.008677547765755534
9062355197375908e-22
.30828976863111823
.17231556758183592
.0007096062939563749
.08969054402104767
3.041086808900519
3.494267198633449
.2153437324421255
.010665748634391537
.05538831747869091
.09295802387733201
.19632158718633932
.06645162021250178
6491014690728248e-21
.03586983387998249
.0018347653124251293
7.506945450985584
3.400415950263544
3299884153803611e-24
.17043216069368947
.005276793543098899
.003995292537105222
.022241843610184074
.10576767895667527
.2764257404964081
.8359820578775989
1.9963512778334906
.005738693630102097
.00026360839095669825
.37954456462680664
.06616450356528697
.20027254631704242
.00017044660179464413
.31388621786811194
.1553055189420113
.027930702401121218
.04447233492842952
.005049616100238822
.00014309189713286065
.0008333841466409813
.12268792297209684
.0023568082491204415
.8621952265558824
43289566553869615e-22
9028956977332666e-22
.002376205966637465
12496147930497394e-21
.09449014360269838
.23532202679043143
8428253630440715e-21
27365728729039453e-21
.04150550527549714
.1466450498086831
.13281186326802463
.011737670054497586
.0013216635891440689
5914837965089605e-25
.01966283608485276
56137405372469026e-21
.00022460347162350135
8393993869851768e-23
.2178359566937198
.0489530256381617
.00387873874885614
.25108758442105095
.0003668705441960073
36971020968827784e-25
.028137597834770742
.00011971569009672666
.06747275099781248
.06778905964811743
.31199533278177005
.0004800747673572528
.00495673867288589
.0020958561219858074
.008800862937550462
8249538874328616e-21
1845823130683736e-22
39556529058676834e-22
.008580134221637406
.012793929850844645
.0005687011149027725
.0009044573510371448
45300510945390855e-22
.0001015267377897638
.0854340291794386
3856409049863084e-26
775773641159698e-22
.014752884765171994
6267660352439069e-22
.0024387609521652415
2526719227113802e-21
37421870145643485e-24
1.356985236598643
4.720491012589866
.21761020067493253
.4022119915983263
1.0763233961008838
6351436471710222e-20
.20404752987668742
.10176122396584161
8616741118455539e-20
.00014804724441396644
.06407155271954504
.003776027740351038
.00013269489325484752
.00015024959853073724
.29357177309749855
.025070245717341736
2.1645716682491996
.02670785917136218
1.257312880859548
26865979639496478e-21
2.032718299912828
1.7771933872169414
.9138886387879246
.05198634469726898
.027201504093707484
.42837143342749046
.20522523264483705
1.5173593452322671
.017804919871184523
1.0392709528444
.2114843438727291
.09818073610789795
26865979639496478e-21
1.2997251017595985
.10746391855799833
1.5317244022321936
.23180884216452632
.7314399148843004
.08978533274215662
.6314775279787104
.10410171568442363
.0041180934798951884
1.2596725974040526
.1785709987624077
.008426063494485518
.2244426398517675
.19381322627585867
1.2268476047237533
.22809919372399762
.23202691804147943
.34559757568322763
.16699707366923175
.11673271976765223
.505761692131539
26865979639496478e-21
.23907540927346244
1.7623174938170392
.9478843522365674
.5092471084787352
.5369410236887873
.05729619536851144
.09467498068609993
.23093604570570636
.02599450203519198
.07790743535983659
.10814112630963094
.2157899364884929
.7394183031909617
.38267551197480904
.033083731248635846
.2865161688739464
1.0984604563110045
.916999962194009
.15347475967534369
.20151919152726305
.262097306293233
.992292617889717
.028987732843245448
.4593447159355125
.043492097343381
.5550849224093923
.3591413309686265
.034044959534415414
.06498625508797994
.0056039827181957385
.01179177423508947
1.2630503611004993
.02343892734102313
.2004121224559364
.5005973013137549
.008807422819608748
.06531181120455098
.4969173924479421
.1826364827029633
1.1008852282733286
.12968299070778042
.7068729572656732
7893469099733621e-20
1.5016442997760753
.06528703965328597
.21211532382575593
.00010339708229018888
.5647643717145264
.23253063319571818
.017791602394224674
.43493747731957555
.09223557276328676
26865979639496478e-21
.26117343775953783
.5251147976378758
.2829675267344141
.7256073547344866
.02599450203519198
.4427306286352005
.008063148209157486
.39560328815708823
.34889945816443213
7893469099733621e-20
.006902085812360506
.016614407356792496
.18941780904545671
.09438814268490578
.5665193520226885
.38991753052787975
.25994502035191974
.12009100002911598
2.1462495293736974
4670529103002572e-21
.003908806549893804
1.3866163153767932
.07422841719585041
.6867643488191312
.0024040998392109896
.0037207660646121675
.3899939612990241
.5641593379533193
.05541786529136031
.2323429883818613
.6972979790129187
.1776017732573087
1.1590442108226304
1.1590442108226304
1.1590442108226304
1.1590442108226304
1.1590442108226304
1.1590442108226304
1.1590442108226304
1.1590442108226304
