2.1959423323581846
6.281599517648641
.0031865530063159594
.13650242363120632
.0011535415778300198
.29268926116736077
75668220963203e-18
.48702816722484876
28330629932998426e-26
.12896737950346238
.015999126426490824
19726389677833194e-21
.4645187175966279
.45737407390487794
.005734795510066044
34665236436974025e-21
.10139556957119358
.013822633606111637
.05599143366030202
13684443298652654e-22
.1469601784309308
.08383553350919043
.003803091815986874
274231501117854e-21
.02136458910485315
9663164299035549e-29
50513763595854894e-28
.008227964267576
7879782918925058e-22
.29054672902345685
.15891366930505887
.0006099545259041182
.08240529159390968
2.801959043703569
3.2207860069846355
.2021397933420853
.009609407377933617
.050898734600621394
.08521479055775129
.18012878036362007
.059802230354785234
5984441019560281e-21
.03442508197104275
.0017450691250184675
7.224955625735651
3.143549045782111
32002717695553106e-25
.156773059551757
.004898120364122768
.0036351856326338515
.020990761070292453
.09752754856244844
.25859524988453675
.7810607390004933
1.9394807766931537
.005482461354115508
.00023098146293287346
.35764054102464915
.06292813870099671
.19339522928020708
.0001657475361255782
.28930987764094096
.13999291236261216
.02638318443183676
.04114481958627194
.004575746871761521
.0001254136810437714
.0007817637057269218
.12139310113167304
.002334177881827282
.8373039998499013
3793073486787899e-21
7906818416052626e-22
.0022339265101244186
1094100778112402e-20
.08757210074302216
.22198681518853186
7384369675445082e-21
239841816420271e-19
.039543284167871465
.13568420512682047
.12596722017197395
.01084604366191965
.0012365880148450486
5573537415478707e-25
.018711247497817295
5120477267174649e-20
.00021486174226015154
8383108006689873e-23
.20706096003161412
.046089537357598784
.0035916178139533453
.23721309282683106
.0003489249307890656
3428180648926389e-24
.02630488822874265
.00011179697103297814
.06413377218716243
.06437718536465975
.2999915843054316
.00044468423863582766
.0044240643446428135
.0019902326351837626
.00836290596285388
7824694212039162e-21
16147238057775072e-23
3460600755209517e-21
.008060371029410244
.011788986705126556
.000547292835317689
.0008701071086569716
43592708750568014e-22
9660285794745491e-20
.08342452152377976
3267374576024511e-26
6683856681691507e-23
.014106953063163568
5489721211612389e-22
.0023239724538158054
2285029137957557e-21
33444690927900235e-24
1.2502395096460903
4.349158863115006
.2004921374588929
.3705724348262879
.9916556191390792
6169648398951905e-20
.19403952287471493
.09680607588797449
8188759665630547e-20
.00014073326716827859
.06086268488744227
.0035881526364881944
.00012636575013689352
.00014311782098353623
.29309104688317417
.02376992599309169
2.1206802512595377
.025322601265852642
1.2419533671961827
24752597378906812e-21
1.9704052305911819
1.6850156063822492
.8927709283049546
.04789689699611052
.025601855743273404
.39467407340202226
.19335773317956295
1.438658390019218
.01574661555561925
1.030789701633619
.1948481643352465
.09045745823728467
24752597378906812e-21
1.289118344144742
.09901038951563877
1.5192243516867032
.2225034339072326
.6935022831932842
.08960159009124771
.5987246505514512
.09870226664196378
.003642029018897407
1.1943370939961753
.16452391073121658
.007763236627392079
.20678711044441164
.17856712545335918
1.2144757828050166
.21498066017149456
.21377477986717747
.3184115286619594
.15386043551946688
.10755007083775028
.4659765139031804
24752597378906812e-21
.22947830216229265
1.6709112817105514
.9127735845432666
.4691877538690364
.4947031581922246
.05278905419905085
.08722747914740296
.21276971978444065
.025782366882894855
.07177893403336943
.09963432547639457
.19881506232019855
.7195186249034362
.3628272615101496
.02925914864467334
.263977694684818
1.0414865513180485
.88018920493186
.15036272380556479
.185666909561119
.2414797146363798
.9841947460653453
.02670744523833909
.4232108772599727
.03846427512891795
.5262943041848759
.35840636036499085
.03335462364152726
.0644559172072371
.004956144823013594
.010428608325224072
1.2527428976088633
.020729314175254712
.1846469268409336
.4746327953354834
.007789257249092551
.05776156195701748
.47114375249211304
.16826958792152913
1.0437855575082748
.11948162318871933
.6702095412291986
7484058131892894e-20
1.4237584376340875
.060151307649422475
.20111352741354493
.00010280685178417545
.5203378136432979
.2204699548822386
.016392045877322157
.4313880526040721
.08745158556611951
24752597378906812e-21
.24062852118828879
.49787864141656457
.2682908354692583
.6879722407407919
.025782366882894855
.4197674963454453
.007428869667358628
.3750845120601698
.3308030720202192
7484058131892894e-20
.006104183147433093
.014693730004098451
.17959326579992874
.0869632049369835
.5371356636492285
.3867355032434228
.2578236688289484
.11911096499916225
2.10272963375675
4130601359533886e-21
.0034569363112984335
1.3146966156187616
.06564738046233484
.6511439070113534
.002214984012390174
.003456267362325074
.3593155222245369
.5197803741866699
.05105848085803327
.21406598688749917
.6424458128546265
.17702628982721338
1.112517169536162
1.112517169536162
1.112517169536162
1.112517169536162
1.112517169536162
1.112517169536162
1.112517169536162
1.112517169536162
