2.277884856389433
6.2405224937443675
.0028771057209469363
.12902021414088408
.001035687586323443
.2821291128218729
6431422159996128e-20
.4381000874126244
27418100095109e-23
.12289822602794247
.013519416035973023
1906308655006679e-20
.41569228774334877
.4040671128197189
.005223945251343927
26634815254720746e-21
.09049056350975052
.012103296683823282
.048459219444336954
1012380488901621e-21
.12580563523670257
.07112997084783186
.0033621482644398803
26946685048311657e-23
.019224005795982983
7074252847278731e-29
49759113701700265e-28
.007397439602558623
5966432400122273e-22
.2583064602692208
.13514259845437707
.0004505144670323762
.06959986321341276
2.3786163075736044
2.736486489656797
.17817742141853724
.007810193108842628
.04300359144425761
.07163537473966025
.15176528304698592
.048488781996736514
50864574831697805e-22
.03170833134196906
.001578601308939232
6.692107194273047
2.684388381846031
30016231431276313e-25
.13261776820971022
.004222149411332873
.003005330141696657
.018699605685228705
.08291519524485635
.22581883168240263
.6805831358994683
1.8305120912666968
.005006358190973498
.0001775055494105396
.3161905795893249
.056887674720177146
.1804258964260643
.0001568012774214009
.24577217554817524
.11362182439916055
.023545697199698942
.03521609429195182
.003752883147537121
9642658886656098e-20
.0006875001079175121
.11894694296511168
.0022900735556935455
.7887030631243059
2914785285625149e-21
6069808507615536e-22
.001976045926459216
8396349897118722e-21
.07523417854946018
.19766931929651377
5673756684677683e-21
18439032671999672e-21
.03589057458251973
.1161519372832504
.11332091631991459
.009257868599429472
.0010817627570933815
4959950049379531e-25
.016945223185009448
42700059457729695e-21
.00019677734082748034
8363375517757497e-23
.18671418254425637
.040858598873103884
.0030792787839744864
.21176332514698695
.00031567606616712547
2946703419253466e-24
.022966946837830134
9744204045172713e-20
.05794378778573369
.05806098361521658
.2773751802103102
.0003813557051162355
.003524788392700732
.0017949813913429686
.007552471980824421
7039369184784973e-21
12365196592823011e-23
2650347433897567e-21
.007107897633802808
.010009703808599087
.0005070783824999373
.0008052444628955475
4040301756576352e-21
8752832476721043e-20
.07954871410412599
2348344088002548e-26
4961504401198154e-23
.012884537591195412
42153029920580763e-23
.002110125036877285
18692103751003445e-22
26726680216266906e-24
1.0612787900177412
3.6918286618124116
.17018983275507607
.3145642592575895
.8417771694738526
5818866828627851e-20
.17563144176088466
.08768110463725995
7404661541120385e-20
.00012732451727550924
.054930065257365095
.003240407912393222
.00011467764571731404
.00012993923263285653
.29213195474510567
.021368120330192236
2.035549355823052
.022763907261616142
1.2117949499887428
21011499311455896e-21
1.8514511721353277
1.5147550836250825
.8519881672530603
.04065777836762502
.02267924133080886
.3350231854295344
.1716418333762497
1.2932907574430705
.01231635160140631
1.014034275055416
.16539888756310253
.07678575271815352
21011499311455896e-21
1.2681638005247389
.0840459972458335
1.4945294483129479
.20499825442823036
.6234281184065971
.08923523208937138
.5382271859556468
.08872900618542766
.0028486445090888037
1.0736566343008243
.13965783000990825
.006589904023168334
.17553338593966672
.15157855864893144
1.1901051621368033
.19096364513973854
.1814649416878418
.27028693243083696
.13060602834886226
.09129499441056868
.3955490024402201
21011499311455896e-21
.2114243836436124
1.5020759147101992
.8464055168851613
.39827489683016815
.41993391273713954
.04481053680859368
.07404395142820057
.18061178600024788
.02536327601049479
.060930293493337534
.08457563176495489
.16876623010916542
.68131151409968
.326165785508807
.022885296271600977
.22408020722852118
.936250704243207
.8109414196853795
.14432668262951567
.15760528411164415
.2049825632495673
.9681967177767272
.022670892215712814
.35924694770521165
.030085165596848817
.4731154831607617
.35694092835748553
.03201566225125462
.06340819002623697
.0038764915554135044
.008156826233110332
1.2323796347541953
.01621361243858781
.15673946118830648
.42667405385829343
.006092434952433529
.04517870545553869
.4235375574579302
.14283738698732532
.938317409916882
.10142321651870921
.6024889655773679
6727839824445364e-20
1.2798963541297248
.05106006209820945
.18079223532505048
.00010163647933250954
.4416941562022652
.19819281416714976
.013914558354922309
.424375864928287
.0786151376317303
21011499311455896e-21
.20426001885251563
.44757104934670916
.24118168720681177
.6184568529264165
.02536327601049479
.37735255781695964
.006306073157139387
.33718451584672526
.2973774445313688
6727839824445364e-20
.00477443966403749
.011492828057387921
.16144646454601488
.07381961952052055
.4828613895487161
.38044914015742193
.2536327601049479
.11717482319881306
2.018319333582441
32307855925970167e-22
.0027038726463615966
1.1818545622903032
.05134666663000524
.5853497971063886
.0018802121788997462
.002982341053207704
.3050087121058867
.4412209679311466
.04334152165811779
.18171213579087891
.5453467992795689
.17588091114608667
1.024991272141151
1.024991272141151
1.024991272141151
1.024991272141151
1.024991272141151
1.024991272141151
1.024991272141151
1.024991272141151
