2.318856118405057
6.219782226225893
.0027336637135785603
.1254422373451572
.000981334570413495
.27694929133866564
59291612312365774e-21
.4157760309650082
26978168779500434e-26
.11997985815986696
.012428707274106972
19034376074171246e-21
.39627296921212163
.3797920307532965
.00498703345348745
2335484522690075e-20
.08549494910283305
.011320112088839743
.045064299366863986
8705974139989358e-22
.1163851780006655
.06551780012083223
.003161658728021241
26715178200718926e-23
.01823538404189981
6066422104644995e-29
4938986624661175e-27
.007014151294450388
5194969632700745e-22
.2436602600561246
.12461984088338067
.00038712119578649263
.06397997955100108
2.191564467994078
2.5224265740590526
.16731336435094749
.007045617487060374
.03953713629777908
.06569170095697564
.13935809565705498
.043687300769528176
4689178249548017e-21
.030431684437459975
.001501393910806521
6.440495460819765
2.4797334681580665
29034393813234466e-25
.12195951231329794
.00392076853988051
.0027307468186328495
.017651349427732197
.07644809506269501
.2108073838935248
.6347627810198679
1.7783315692335144
.004785197368604715
.00015565981362817077
.2967261076568983
.05407307347455893
.1743103116125604
.00015254386718728711
.2265224278342057
.1023071058578722
.02224579586577087
.03257896905540853
.003396767689124185
845797266962391e-19
.0006445223127166888
.11777909877002299
.002268566571784691
.765024616619061
2556003463893379e-21
5320225185987192e-22
.0018592259671118352
7358455859476394e-21
.0697401042775051
.18658658468829797
4975072363387833e-21
16172675176674732e-21
.03419128310498159
.10746254645392149
.10748318090815251
.008551835288345631
.0010114239700270947
4683600646670968e-25
.016126067150672763
3903342372332904e-20
.0001883779630241949
8354261730051957e-23
.17712793497350263
.038471643076056744
.0028510416168823684
.2000999979942718
.0003002780547059471
27315234466381965e-25
.02144987391172566
9094505938127913e-20
.055076137890955945
.05513914965400544
.26673018787285185
.00035307624772182593
.0031464853188645035
.0017047736616872587
.00717764881150302
6676704402410657e-21
10822980868978719e-23
23199156270672083e-22
.006672141716017207
.00922344750749068
.00048817934443123363
.0007745651944070232
3890958611930087e-21
8333996040734927e-20
.07767971815099665
19918738666923486e-27
42742521546788114e-24
.012306656784910195
3694929018645032e-22
.0020105699578993022
16908028367279644e-22
23895773710092593e-24
.977794722209686
3.401415928384208
.15680207859320858
.28981948512580524
.7755599012530915
56497989647615686e-21
.1671487423452521
.08347147293086223
7044597940743122e-20
.00012116307360210041
.05218385679565451
.0030792614518479955
.00010927066970430986
.000123839030735176
.29165358624546345
.020259819845420572
1.9942741511410549
.02158321148381775
1.1969914902368326
1935865799420251e-20
1.7946948663850266
1.4361892684036104
.832300825931624
.03745948894726449
.021345536838578705
.3086690374028936
.16171636245468232
1.2262116343720726
.010892559407609824
1.0057589746542939
.15238800665738048
.07074550481448437
1935865799420251e-20
1.2578146075385377
.07743463197681924
1.482332937359275
.19676909609174875
.5910927667156946
.08905261520097846
.5103109517762151
.08412689804259424
.0025193361273367744
1.0179692762231678
.12867183475575517
.006071518091504428
.16172528835758537
.1396548353186294
1.1781038599119804
.17998087848917826
.16719024625518092
.24902517462796464
.12033208089097139
.08411339653487782
.36443367247063446
1935865799420251e-20
.20293726391642725
1.4241677300541595
.8150536568210927
.3669451380467566
.3869003766148871
.04128557623402151
.06821938363324316
.16640420291162053
.025156292150770768
.05613729395221274
.07792260350924543
.1554904617336379
.6629756440782139
.3092485418481847
.020239715239260655
.20645323928130105
.8876901807462292
.7783881408156879
.1414001442237701
.1452074765332436
.18885788576543
.9602954871338624
.020887516988763212
.3309872700181127
.0266072668397959
.4485763982418509
.35621046080391383
.031366474842130905
.06289073037692691
.003428362223404679
.007213882584478
1.2223224681113232
.014339289946792653
.14440976240499623
.40454374696075607
.005388138614749364
.039955966592990964
.40156993124673
.1316012761624129
.8896496925785856
.09344489568086674
.5712396651100962
6378886897202478e-20
1.213511958692974
.047043491026984095
.17141508286814586
.00010105629903147573
.40694887981152106
.18791314573466963
.01281998834735439
.4209126311386049
.07453760559796845
1935865799420251e-20
.18819217935101093
.4243568778007038
.22867231451895412
.5863793459058214
.025156292150770768
.3577804093876266
.005810014398588108
.3196957636029251
.2819533660049785
6378886897202478e-20
.004222505930458818
.010164236652859
.15307271935195602
.0680126984931917
.4578168136176176
.37734438226156153
.25156292150770765
.11621858642726451
1.9773935051966378
28573010205873047e-22
.0023913001499355395
1.1205553013316716
.045410900463912426
.5549894540406786
.0017323078181293598
.002770335333945809
.2810156122314703
.4065129142589545
.03993211918344011
.1674179951667612
.5024478272109869
.1753110038302828
.983845480458743
.983845480458743
.983845480458743
.983845480458743
.983845480458743
.983845480458743
.983845480458743
.983845480458743
