2.4007986424363055
6.177875635843061
.002467506808369586
.11859684913946096
.000880995924022444
.2667936815796798
503901991936902e-19
.3749599522181598
26129224542068287e-26
.11436263646242233
.010505872644647677
182799599152546e-19
.35212549738582777
.3356647017498356
.004548384129428984
17967461717365566e-21
.07633012507073307
.009892684736124506
.038940683670691825
643571307321825e-21
.09958237057798833
.05558523885269626
.002796369491340165
2626462984505643e-22
.016407632156225326
44837332004279875e-30
4866512949633914e-27
.0063061019926928365
3942726586649442e-22
.2169864663894584
.10595887924369857
.0002857616234214091
.054089388336550956
1.8604215422045773
2.1433192297833066
.14762348674001294
.0057409450245274295
.033434081150342805
.05528682873875481
.11758396206316724
.03551754920586143
3985026854755116e-21
.028030933298939673
.0013580367119660334
5.965112628564801
2.1147841197381805
2711034112270591e-24
.10312160975431754
.0033821744466776085
.0022515373285747135
.01573075435588892
.06498166174800936
.18336528842146047
.5513010696537555
1.678378303708958
.004373681230237752
.00011977231930137315
.2604232604556045
.04882949287124142
.16276159250629996
.0001444359114911929
.19242244552126903
.08286021854759537
.019860974766560943
.02787950716911733
.002779532542183558
6511013652279913e-20
.0005661025007604256
.11553859347354174
.0022265446780614442
.7189791380458661
19666279232601786e-22
40900599540154567e-23
.0016471070602233873
56557075550504166e-22
.0599366425903558
.1663478379537079
3827478649571513e-21
12448070985835135e-21
.03102664173020365
.09197544667859976
.09669556376675331
.007294722775078009
.0008835467809402338
418330978382505e-24
.014604705806426133
3267657616834394e-20
.00017273810616037004
8336940286778373e-23
.15909224493994364
.034110395592112534
.002443721470410757
.1786949630900362
.0002717201964308015
2346397202180655e-24
.018691911907036486
7917453908422252e-20
.04975750892051418
.049727989633720465
.24668838363513187
.000302517855704885
.0025078410838799297
.0015378776558246019
.00648345556969718
6006325624011726e-21
8294554308143861e-23
17781326108054293e-22
.005874547891124103
.007831341828735135
.0004525868297533648
.0007164930368071775
36107441650724815e-22
7559451523695643e-20
.07407324141440377
14343960569620399e-27
3171255409253651e-23
.011214276185609745
2840432964389968e-22
.0018250536003919435
13837863689523622e-22
19107105841227725e-24
.8300115362924375
2.8873283892428043
.13310312603537874
.24601637811375
.6583423396591761
5324104179721504e-20
.15147894891897193
.07568743766118638
6381337150379217e-20
.00010980637179881659
.04709197604674886
.0027801799195441897
9924720765520528e-20
.00011252413615305824
.2906991979606768
.018212690270686248
1.9142176062580536
.019402361363560862
1.1679248851710122
1643280445001517e-20
1.6863485224259642
1.2910712195415062
.794280409063604
.031797888926610986
.018908810514973014
.26201702271589394
.14355410347776915
1.1023105276120446
.008519730496574233
.9894104212232309
.1293561937340043
.06005308047087681
1643280445001517e-20
1.2373689045063738
.0657312178000686
1.4582377019800705
.1812885385048512
.5313664960288058
.08868850181730024
.4587471841976977
.07562639496173444
.0019705253863649477
.9151097726625622
.10922446687158102
.005153873245878142
.1372822454427618
.11854750468640166
1.1544631070004694
.1598739548882783
.14192123356299427
.2113876901496834
.10214517736388856
.07140055872148432
.3093534312401253
1643280445001517e-20
.18697143359558813
1.2802643833402931
.7557908529412662
.31148531572860105
.32842453399682753
.035045704152791485
.05790875541482821
.14125399224089855
.024747378090127493
.04765274401490102
.06614543766861096
.13198974599772206
.6277710225840001
.27800088807874546
.015830707248225946
.17525004626858484
.7979945745625636
.717149446944589
.13572389004074503
.12326092373064575
.1603140417355387
.9446859400389305
.017730592803774068
.2809620938228633
.02081115505020807
.4032505257328544
.354754007269201
.03010732418845381
.061868445225318716
.002681529757609235
.0056424145284650435
1.202453687734021
.011215627226550761
.122583775537812
.3636671017094194
.0042143895808142125
.03125198168435306
.3609937716929225
.11171115462637628
.7997560898354957
.07932170184707792
.5135194276336227
5734339802471033e-20
1.0908940756669374
.03993337187546538
.15409464821609659
999058552047178e-19
.3454429209451486
.16892568380016684
.010882384596423517
.41407072088635577
.06700604124973104
1643280445001517e-20
.1597489497062967
.3814782381377658
.20556639050055653
.5271293372593506
.024747378090127493
.32162891036610225
.004931893031653562
.28739248264671363
.25346372105015935
5734339802471033e-20
.003302677653750535
.00795006515412889
.1376056671638672
.05773330851711085
.411557254247494
.3712106713519123
.24747378090127486
.11432946008808187
1.8980146034495764
22348682005791713e-22
.0018703806930472763
1.0073301139912307
.03551861588093963
.4989111999544685
.001470488069528255
.002390465226985823
.23854311619037705
.34507284691033696
.03389680762027476
.14211456066907693
.42650822662220766
.1741767232310463
.9064426925242552
.9064426925242552
.9064426925242552
.9064426925242552
.9064426925242552
.9064426925242552
.9064426925242552
.9064426925242552
