2.8841765969988615
5.91695478919275
.0013409447244712024
.0854953180316725
.000465585739162246
.212599895086738
19281741484853125e-21
.21102486747591587
21846552415332656e-26
.08635442100008871
.003912595702344603
12670118504673895e-21
.15985683303694004
.16287311905626928
.0026777265952955378
3888911793799937e-21
.03935993687638091
.0043457983996373715
.016124680760549355
10721013704409522e-23
.03940900327027395
.021052524697805764
.0013693476585777643
2388149482141684e-22
.008789736991676986
850090327119783e-29
4462870409684046e-27
.003365947393721501
7968204103279282e-23
.1113860100736004
.040606554104765054
4742019648703171e-20
.020268048905474043
.7077533272475109
.820832159276626
.07129112083643693
.0017755209873364852
.012540421414739362
.020252775493555714
.04374926608350171
.010867132230256203
15236888626064976e-22
.017268470309683714
.000748918854245536
3.79259221553085
.8181979297508821
17479933890857957e-25
.038157900983392716
.0014233783196539306
.0006970626132924627
.008028406704247018
.02486020620099862
.0773685497258825
.23195263539451663
1.193609704966859
.0025975721055076445
25942563105844695e-21
.11289111945676718
.026476644954325754
.10963413640341865
.0001058984152066875
.07344297258640158
.023329993855442193
.010240471403251083
.011073152792342798
.0008272406742331588
14135301303814807e-21
.0002589965820844505
.1047505903283973
.0019999164365754017
.48603724797483366
4258803977479834e-22
8829810155398582e-23
.0008215081032655921
1220147291747749e-21
.024608457654413825
.0856233261459927
8284961922126037e-22
2699217194081783e-21
.017405828518626362
.03655954258507054
.051809634689702636
.002827834313578842
.0003907604707129835
22120942880046468e-26
.00812081863749623
11842035233901037e-21
.00010451066446718157
8223047079741775e-23
.08018270284616359
.01680661102257529
.0009787764997799251
.09224304944453983
.00015056012331153098
948197748971451e-24
.008100598738444095
3438562826140522e-20
.027265824288787113
.026990017068598805
.15668308751407992
.00012033533833065415
.000663091467743851
.0008376618174428201
.0035574109816823934
32154434314742083e-22
17469366125074672e-24
37470868467967103e-23
.00271517663923531
.0029826776119569994
.0002900198969428964
.0004522628702056552
2368155878729294e-21
43303244814810245e-21
.05593510254337704
2126755024635395e-27
54295129571450454e-25
.006271651717391999
6100986226071049e-23
.0010251049238604187
42761502977247693e-23
5176412160250376e-24
.315705292140897
1.0982315459187266
.050627442454078846
.09357541326569427
.25040876130380696
3719293854081464e-20
.08615217499983921
.04313407522167569
3634511382739024e-20
6267171768292508e-20
.025734515318360334
.00152181640281058
569564916858495e-19
6469166333056324e-20
.28513248457222107
.009715756776585354
1.5032365134325143
.010350399699224267
1.0102675978992666
6250423160092987e-21
1.1679362958045179
.6887359178618544
.6028179102064726
.012094725644275519
.00924957696857201
.09966145901045897
.07109011287842733
.588039483424704
.0019995366444051387
.898236729601166
.0492022497849298
.022841941930966895
6250423160092987e-21
1.1233459586163155
.02500169264037958
1.3238618032629064
.11180088075637389
.283463209328925
.0865706941195528
.2447236513312933
.04034371904522249
.00046247210758040266
.48817521425575827
.04154489511876883
.0019603402936009206
.052217022906540914
.045091029417226494
1.024349591552866
.07948411223421935
.05398152018843477
.08040395772304343
.038852198614609236
.02715809752582915
.11766645536124325
6250423160092987e-21
.11530552965271575
.6829708941067566
.484178468355635
.1184773443499342
.124920388353717
.013330072877377103
.02202632101647809
.05372772658761113
.022466919172326322
.018125318519962307
.02515924635967979
.05020395440039071
.4550057908899814
.14830258309477887
.003715385042097505
.06665855188239063
.4256988440616845
.4422670096168616
.1065840720445464
.04688383743407972
.06097745533332137
.8576335877195312
.006744053228406983
.10686745428514798
.004884270359494666
.2151183581239895
.3462827764782112
.023643304133173084
.05616729793081576
.0006293411529334492
.0013242454813764447
1.0916481621769567
.002632249651382647
.04662627563079284
.19400215208960356
.0009890954184556937
.007334678322670056
.19257603525360875
.04249073797728298
.42663854345237034
.03017100360630404
.27394249749967153
30590456416411356e-21
.5819492535519067
.0151891585633015
.08220345815965441
9338100316579851e-20
.13139354515740095
.09011523463738016
.004139251393481008
.3759143042911631
.035745098042548794
6250423160092987e-21
.0607625154965011
.20350369562218554
.10966161626097803
.2812028511162748
.022466919172326322
.17157642385566987
.0018759073365665888
.1533126308807179
.13521296572946717
30590456416411356e-21
.0007751213487334637
.0018658391374576384
.07340723272474403
.021959587589683367
.2195496723701486
.33700378758489474
.22466919172326305
.10379405565551013
1.4905122832460802
5245119976828903e-22
.0004389686664663724
.5373711536192534
.008336035281991281
.26614958031070773
.000559318570021208
.001001490371918605
.09073286441472932
.13125278285934752
.012893075679652338
.05405505457662129
.16222775033676476
.16763338388792098
.559004403781869
.559004403781869
.559004403781869
.559004403781869
.559004403781869
.559004403781869
.559004403781869
.559004403781869
