.00016422552001813342
7.165829393213495
.11242601068791885
.5006771477716926
.019007010102274395
.5979961228647445
.004474616734221975
37.75032813603806
15247965581821016e-24
.6811433667094288
1.8593471415070166
.019662475807990763
88.97342040464783
1.7194465987861658
.4075022333151805
2.2818717360849634
12.6549603898352
67.96068178194686
21.61933405630676
.007227527788497307
63.468224609714156
7.032188860286703
46.816765790888624
4354130116003933e-21
.2877631403100087
.0005184228592742911
9732754329813727e-28
.13284984226215485
6.390160836178754
14.547323998899314
5.792707823299654
.5250950671446173
10.63247653923956
211.56330281865408
80.30573590151708
1.5288840757289108
11.020285178428885
6.263146802227066
1.424078700418419
33.058915092903995
7.404944028826525
.0002701534026705991
.31736339638480554
.03478598270150454
46.578148076183005
266.1341912632409
17884995729073286e-23
19.871092359153554
1.8432026780765203
.00011140517232014228
.9685503345903447
.04532322294610356
36.26536300267024
108.22840650435327
.06008423760774125
.04620456490597797
2.490649523121551
.00013852045549042258
1714078541913257e-20
.15364993108118497
4489687801524479e-21
23.681975980109833
.11156248537105302
3.6804574266290397
10.434795341882408
.02148208056288687
6.2769154507287785
.004352459066184347
.15618328264106737
1288247609978321e-26
7547284221330337e-20
7.5451376492741415
2.1421244746791253
.4749746626273009
1.2568041132415226
153.05323302911518
.5635024340620934
1.5946088824455193
1.8780431505373465
2.61243611779365
34.721642384690725
2.2497350836580052
10.884383228728405
.1952082084361817
3280913488096501e-20
2.0358220683292783
16.07204701271437
.00038725832750654735
12177881704440714e-21
24.16616227457538
.030162681205574866
.026806714505728434
24.7016976892668
.040195742414712264
2959097775018351e-24
7.962226532497632
.02151541767470617
1.2811759265898397
3.5356911940173323
.02812026867619064
.22213997786527986
1.9359133840895137
.10645025505904629
.7059642933321661
.0001239835270992994
.7396914501714608
11.652652230367115
.5653700054491758
.8318846988894317
.9114356151810491
.04667325819747341
.009525367464013135
.0021249785556986802
.9642004805634877
.0003302678374892982
.536047689658118
10.18465215651658
15.520908169047571
.10666485900387321
.011081489654659056
.0003193047690248644
100.9856796424372
351.2949001179376
16.1943648461284
29.932272095832026
80.09906573689167
.000743250786207451
147.67320499562635
29.707508793997143
44.899060713900894
99.29974474048402
.678165351508289
.14137022558055518
.008047678191274577
.010200606749215397
.31999789792024835
.41280154187304385
6.357457803422517
.4397661502950535
2.3998817605384297
.0019993432057929562
10.452784353374224
29.262903073273794
3.125267792478634
3.868779268770452
.6592107856828564
31.879035362619533
4.708361912690579
24.984528845446338
11.430921147908858
1.5991640340492363
15.738483827029413
7.3065263322267455
.0019993432057929562
1.99993431087083
7.99737282317182
2.356920076926294
1.9996715759296977
12.043740139446157
.09999917887577131
10.397779907975474
1.7141175731051004
2.6438536196157782
20.74151152431412
13.289100859824993
.6270604320161345
16.702829120665566
14.423414383065145
2.090706946254011
5.142124408611554
17.267244610924067
25.719075728953314
12.427779262402145
8.687149074513613
37.63835216441576
.0019993432057929562
2.0623557581491476
29.017959653036442
6.9007355756582225
37.89773386524077
39.95869132742989
4.263933810155751
7.045631014885777
17.18606282555034
.03999868621741659
5.797804645785185
8.047770044315893
16.058902343633168
3.1047567183174567
6.301056765111262
21.240057574965686
21.322288011628252
18.087025359232673
7.910391779734151
.4507632262024404
14.996885720278938
19.505057162463782
1.5268767605202014
2.1572422628609966
34.184040531778095
27.922323654740126
9.139914878559429
.39999671550308524
.09999178906113
.09999671554354145
3.597808079419746
7.570426738808458
1.9435015528305883
15.048005392065352
14.914498587712677
8.242732846326106
5.654445877640997
41.93077920639449
8.182140219078747
13.591650694369667
18.12695115876545
9.650897151626925
11.639225636539418
.001299722488496936
24.725768118963124
4.858605601160816
3.492647567853981
.00013972258061946063
42.02928106895736
3.8288018792535605
1.324035819440754
.6692541236584605
1.5187320890872378
.0019993432057929562
19.436303657077772
8.646432929666696
4.659285459462653
11.947702396136876
.03999868621741659
7.289912041373188
.600052587160424
6.513922885419853
5.744907166558949
.001299722488496936
4.431202119873758
10.666601242188696
3.118914928627568
7.024284776387969
9.328191859488513
.5999802932612486
.3999868621741658
.18478839183752394
6.3036447435557195
.0029985223343713735
2.50948949939209
22.831740838420547
47.655321677336914
11.308121399858104
.17891105197248544
.17994679879554398
29.02301674036332
41.98425497439503
4.1241500937840305
17.290766295078186
51.892318666946814
.21065846273420685
9.998357879648486
9.998357879648486
9.998357879648486
9.998357879648486
9.998357879648486
9.998357879648486
9.998357879648486
9.998357879648486
