.00048151915000242527
7.16564407311767
.11211702719362185
.5019696668924455
.019011340963265736
.6079338921500134
.004476757973449834
37.60157639263624
15124541745766033e-24
.6811720347670617
1.8579323412231932
.03045322130203536
88.91479410825467
2.637255318229757
.6130800977715688
3.3142665319390394
13.627015577565258
67.5748141707071
21.601087540938725
.007222702886734359
63.45511908551147
7.028310497465794
46.97736843957071
4337460973899506e-21
.289496578052759
.0038575523218654225
28028544523101265e-28
.13289291097583644
6.327714952054326
14.540105359375163
5.803978937653652
.5311196092411922
10.621784342342343
211.32338882564412
81.66420822799017
2.2816700891999258
10.972641223144388
6.256625403437062
2.2142202579431878
33.009807410058336
11.211121326557825
.00027042497874542077
.317259982363721
.03481330693521617
46.863446283897765
265.905712229667
1787623590502683e-22
20.02216409696252
3.4328491785543367
.0008364999043793419
1.0062293640159823
.13219705267649448
36.23513164655792
108.21063099450542
.1751955909188986
.13226297452092273
3.618245674219797
.0001428512752376039
17550169196634337e-21
.4488815711059907
12996531700223845e-21
23.663863553456533
.2924166898441461
4.023994680137051
10.375856275492236
.05569408828115428
9.032707659957758
.011368997615408157
.6401531815182203
3570182023577434e-24
.0005723916733623568
7.446919617027799
2.110246925794326
.5204096633873568
1.7987870882986088
152.80895654396585
.8120736101800159
2.2625142006245125
2.685769100163156
2.594691021621173
34.517771683278404
2.2485695598984323
10.771599237433152
.1931038565425353
32639184454654544e-21
2.01445951736775
16.025257700785236
.0009215252711758194
5677535454565419e-22
22.989981541377265
.07084292289687125
.00424759414567339
26.24199236655129
.03973287604106166
5408547856633e-21
7.813009929922546
.021412569881250197
1.2821677952959958
3.5195729397037616
.08043569904685703
.22204245122552776
1.934572662461246
.10599254604827413
.700100081507148
.0001239936785410539
.7306000003549242
11.516158416755092
.561612158258145
.8319525470702505
.9014650338530924
.13449402843075273
.027172938733766236
.006133940143383101
.9601036211806967
.0003269945505348632
.5299150310755607
10.177640882042953
15.175639706694568
.10617124169849293
.011120144177487388
.0009065390130377615
100.92161574591302
351.0720435682732
16.184091368567508
29.913283482901246
80.04825201481519
.00074429269712487
23.519163819999367
4.65279502950183
2.0912912730006132
4.672634645077888
2.883296515251967
.5942943347654033
.01464289438618035
.018498859842563033
.3199938366142362
.41263130389589514
6.356449292991157
.43958479220345087
2.3996533312518764
.0019980748505498587
10.450264297478347
29.250835149781814
3.1247020072673846
3.8663249695507305
.6589014317196336
31.858811750420326
4.706190338642973
24.974225309196527
11.42004544951952
1.5990625563568326
15.728499553982852
7.30189117456324
.0019980748505498587
1.9998074016141771
7.9922994021994285
2.3567705145265054
1.9990371935246645
12.038773341237647
.09999759243323249
10.393491898269065
1.7134106767429487
2.64133818326726
20.732957794236256
13.280670440924037
.6266626336869721
16.692233080511787
14.414264371599817
2.0905428493837244
5.139766055131749
17.256290513512152
25.702759908610947
12.4198952538228
8.681638069177309
37.61447492254405
.0019980748505498587
2.0617014896074344
29.005992743392888
6.898718718187577
37.873692075261815
39.933342094989136
4.2612288304460835
7.0411613655465475
17.17516022872262
.03999614803228354
5.79412659996512
8.042664652054388
16.048714801580896
3.1041008262428766
6.298458230346288
21.219849189572386
21.308761451647943
18.079566330383546
7.907882260959976
.4506917197245752
14.987371906653376
19.492683428205826
1.5267798699405328
2.1558737386742512
34.162354656680165
27.895757574328144
9.136145608189997
.39999036973292995
.09997592694054083
.09999037008070882
3.594385024092166
7.563224022874676
1.94337822461124
15.03368829846567
14.905037039326642
8.239333570830262
5.64906607953651
41.890885089203245
8.178765931780003
13.583028342103876
18.119475664649947
9.644774758049177
11.634425658760868
.0012991864872836355
24.715571294772676
4.8555233700208476
3.491207211662125
.00013971638628161722
42.0026182834721
3.827222894146407
1.323195869716879
.6692116549919231
1.5181057690461257
.0019980748505498587
19.42397353907779
8.642867169604804
4.65736398570076
11.942775203572952
.03999614803228354
7.28690570599497
.5996719222286333
6.511236565377817
5.742537986030929
.0012991864872836355
4.426986150125181
10.65645273915484
3.1176286985278945
7.019828668802573
9.324344944320973
.5999422204842528
.3999614803228353
.18477666577366342
6.302644769717741
.002995669456278667
2.507101900829083
22.822325104754718
47.60998107017995
11.3034579683609
.17879755331444616
.17984405538679396
29.00460494625689
41.95762075283166
4.1215337909003535
17.279797275840266
51.85939890896477
.21065316798288036
9.995185967623321
9.995185967623321
9.995185967623321
9.995185967623321
9.995185967623321
9.995185967623321
9.995185967623321
9.995185967623321
