.0009683000242316541
7.165360275800904
.11153296041123228
.503889501903817
.019017246539249095
.612943112949829
.004479952446559758
37.34033801970985
14885160343139018e-24
.6807446382866691
1.855765890033821
.04564011244971727
88.82488038453481
3.9016139552060607
.8840164275647061
4.692790268765182
14.874141808686021
66.87996969399298
21.57317721646275
.0072153057472043956
63.43497468298107
7.02096144607686
47.22293093779843
4304469147244352e-21
.291929763569641
.014697681449595861
54660050149485164e-28
.1329558994957416
6.274660516018496
14.524105313711628
5.821073621639322
.539946927957862
10.606250749360031
210.9576090674295
83.68605665037532
3.2543760013185596
10.890583755432797
6.247091161458456
3.3389252430545704
32.94063175645907
16.279954029951934
.00027083728381155624
.317101395153887
.034786059416743224
47.26664757442628
265.55438796229333
17861929732896185e-23
20.245218188897045
4.6600075564811325
.0032100335401884835
1.0523274562413794
.26363142072121176
36.188796350641596
108.05031780977762
.3481897946613963
.2558323085446881
5.104379883817144
.00014964964407675617
1818920998473902e-20
.8947528850740158
25564542861487738e-21
23.636266607668908
.5804727759731788
4.4805692379375754
10.264451754873408
.10825654227550505
12.605855378119172
.022450205174952744
1.7265868376141436
14969349143841597e-23
.002243826967983882
7.380435466910919
2.093589427324425
.5820582108795569
2.495809131873279
152.43713273889537
1.1333553496519169
3.1203436419233146
3.7334055014772103
2.5603636185590877
34.13471744787251
2.2472745457176333
10.562672690805753
.18896448251869957
3232771009407598e-20
1.974396929900943
15.95358324619399
.0017184014932022302
5400232489346594e-24
21.276671088752128
.12835603679734361
.0044058596572234526
28.157889272408415
.03888570900036952
6151294928657989e-24
7.559668011718819
.021144856679717543
1.2817482812962588
3.4941536614099435
.1561683534999225
.22090028588557678
1.9324469193934826
.10513082853126912
.6891750945774969
.00012400651266306553
.7230322845452207
11.409968612487344
.5543339761591589
.8320522848898636
.8819370517699342
.26518612497559996
.05297197769540122
.012090030405338691
.9537944141442432
.0003258175952059314
.5198886071073318
10.162369325730667
14.811112649658684
.10502044401957873
.011178568092068089
.0017709883868660366
100.82341013360076
350.73041957870953
16.1683428236119
29.88417522597338
79.97035802208097
.0007372997189936764
24.64240322314501
4.872573010328718
.020086509982105278
.04477611443538009
2.9010403838040166
.593941578556662
.016801713971185663
.021191585925476417
.3199876059997139
.41237026716370556
6.354902382278513
.4393067042915705
2.399302925234211
.001996130547907718
10.446399296182694
29.232330634130147
3.1238341983375983
3.86256269515365
.6584271137876377
31.82781032329923
4.70286073190987
24.958426240870587
11.403380441668844
1.5989068853208979
15.713194339950798
7.294785791949859
.001996130547907718
1.9996127174921317
7.984522191630863
2.3565410795328594
1.9980643372551066
12.03115743322753
.09999515861707771
10.386916819898747
1.712326747531246
2.6374837396264694
20.719841815152435
13.267747180005868
.6260528358037378
16.67599006895857
14.40023802404106
2.090291122697722
5.13615005348599
17.239498624444657
25.67774886160894
12.407809602902127
8.673190071430193
37.57787272871005
.001996130547907718
2.0606981369801702
28.987643118708185
6.895625671260751
37.83683764032946
39.89448343935696
4.257082279844377
7.03430969597921
17.15844728656096
.03999225434984264
5.7884884049525
8.034838431666024
16.033097989936877
3.103094848725503
6.294473731500082
21.18888355507491
21.28802615177677
18.068128926411216
7.904033791876249
.4505820390180666
14.972787875034722
19.473715332049945
1.5266312357279102
2.153775883829087
34.12911167962029
27.855049941330392
9.130365945881655
.39998063446831084
.09995159671697383
.09998063587460655
3.5891398212679175
7.552187185212794
1.9431890339506024
15.011749985292926
14.890533126778625
8.234121245225195
5.640822528231867
41.829754690732486
8.173591922168962
13.569810860343091
18.10801301343607
9.635389543556451
11.62706554714018
.0012983646024873454
24.69993585484345
4.850798518539577
3.4889986217821902
.00013970688367731865
41.96174604003091
3.824801735721886
1.3219082837063485
.6691465062763973
1.5171453926390808
.001996130547907718
19.405072303689877
8.63739956261183
4.654417667610093
11.93522002542001
.03999225434984264
7.282295900497165
.5990883886825871
6.507117459775571
5.738905170642967
.0012983646024873454
4.420525951759703
10.640902024462555
3.1156564400008255
7.012997757826253
9.318446224298784
.5998838152476392
.3999225434984262
.1847586774999319
6.3011109529180045
.0029912979452170344
2.5034433450865117
22.80788736067166
47.54050492739117
11.296307231849529
.1786235675625
.1796865440393205
28.97638091350068
41.916792295947154
4.117523175864028
17.26298251262465
51.80893515066723
.21064504521786448
9.990321686275532
9.990321686275532
9.990321686275532
9.990321686275532
9.990321686275532
9.990321686275532
9.990321686275532
9.990321686275532
