.0010567263159597508
7.165308822683022
.11143218935052306
.5042301689047831
.019018295349315796
.6137509158789108
.004480520801328603
37.28902427325718
14844713615566358e-24
.6806664488861423
1.855372859850266
.048237617098784415
88.80855038132553
4.114940774872936
.9283762485002298
4.918149431591472
15.07429737312663
66.75966452687955
21.56811664230721
.007213962674327145
63.43131033744489
7.019625446596516
47.25309680717949
4298838562987824e-21
.29235889929718234
.01737797249346792
5931953542436477e-27
.13296695661946883
6.264759490756327
14.521194652087207
5.824153847480073
.5414990127856527
10.603532568972016
210.8914541311253
84.0455246737745
3.411629698809972
10.874631791301159
6.245415323569108
3.5329785797112656
32.928797295694004
17.11450368848581
.0002709116133045866
.3170725956605582
.03478101361197972
47.335780891410074
265.49046096742836
17859213422295683e-23
20.28458524508627
4.807527661913368
.0038013099706850407
1.05949132713648
.2872669151659643
36.18038467035761
108.02102748750609
.379126445881133
.27723590507921475
5.346833119215072
.00015090595400657844
18306861099935616e-21
.9747704020818976
27786594324489804e-21
23.63121002403352
.6342899228561392
4.555570768392797
10.245380005420534
.11786929834113637
13.180703034723658
.024508246015042673
1.9560416839203272
23915411866219763e-23
.002666493888075404
7.367808833362171
2.0903197196637926
.5922540628061974
2.6070758935419502
152.36992919704755
1.1851814398672187
3.2557415895366146
3.9010066609556384
2.5545182206448827
34.06921408105778
2.2470335097697207
10.527194595781586
.18826101783641144
3227382646622937e-20
1.9676190882300169
15.940577326037568
.0018605307499607747
5077695649040359e-24
20.98091552890407
.13825272925869242
.004446990767817866
28.45925147076465
.03874166280244217
6169270898844962e-24
7.516396345236924
.021099657126562105
1.2816682205341003
3.489552418608955
.16933138964859942
.22071294861829477
1.9320527248880959
.10498083880159668
.6873128634896781
.00012400852508567394
.7216218888630791
11.390066091303067
.5531002144295319
.8320698368756009
.8786345445545057
.28830056220630135
.057470972696043815
.013145396639197223
.9528429594880443
.00032556884275270175
.5181641253524898
10.159606985342457
14.74611194676964
.10483022274873832
.011189071301686043
.0019219535430847943
100.80558082967147
350.668397482456
16.16548366324574
29.87889059969389
79.95621630820104
.0007360820555210771
24.91075929033979
4.925199834310613
.01891457011640955
.04213925289089571
2.897851979336953
.5925313172435294
.016873138132670003
.021275129023862152
.3199864741890196
.4123228662026196
6.354621418263731
.43925620705243107
2.3992392776403095
.0019957775582778886
10.445697351917932
29.22897044869202
3.1236765821758485
3.86187965136306
.6583409881078109
31.822181990525063
4.702256144309307
24.955557330366567
11.400355766940873
1.5988786084896027
15.710415666652446
7.293495804308979
.0019957775582778886
1.9995773541373376
7.983110233111546
2.356499403863589
1.9978876636465401
12.029774480889005
.0999947165080017
10.385722869026951
1.7121299197286877
2.636784163702164
20.717460119638005
13.265400952114787
.6259421265322448
16.673041137803917
14.397691529927794
2.090245398481935
5.135493460964993
17.23645004415803
25.67320808692113
12.405615443745898
8.671656330986231
37.571227572461034
.0019957775582778886
2.0605159251418232
28.98431105950592
6.895063951965491
37.83014668951637
39.8874286207449
4.2563294704153085
7.033065770135637
17.15541303914539
.039991547082746756
5.787464786341244
8.033417575376488
16.03026274585406
3.1029121426416197
6.293750197025941
21.18326333737448
21.284261642246573
18.0660520388557
7.903334898379075
.45056211780904465
14.970140132954395
19.47027165970413
1.5266042370988473
2.153395016679508
34.123076391742536
27.84766156504716
9.129316432482257
.3999788660320068
.0999471776401402
.09997886770686686
3.588187824571142
7.550184015202212
1.9431546684544045
15.007768213305628
14.88789993037677
8.233174752978297
5.639326335639382
41.81865961216894
8.172652387620797
13.567411216433294
18.10593154130158
9.633685650696435
11.625729044182936
.0012982153586283706
24.69709665718176
4.849940718144091
3.48859756986097
.0001397051575489153
41.954325653014045
3.8243620840479577
1.3216745214826187
.669134672352206
1.5169710004594192
.0019957775582778886
19.40164076996756
8.6364067145014
4.65388265359888
11.933848100853604
.039991547082746756
7.281458818262865
.5989824477215724
6.506369482421108
5.738245497426125
.0012982153586283706
4.419353435136319
10.638079592324925
3.1152983028570262
7.011757600720735
9.31737509152799
.599873206241201
.3999154708274674
.1847554100238819
6.30083236713896
.0029905045223066074
2.5027793225313117
22.805265649390993
47.52789510835159
11.295008748757633
.17859198031633577
.17965794608873742
28.971256818794966
41.909379858413104
4.116795045640688
17.25992977951896
51.799773416801756
.21064356970873283
9.9894383182327
9.9894383182327
9.9894383182327
9.9894383182327
9.9894383182327
9.9894383182327
9.9894383182327
9.9894383182327
