.0017880228144265388
7.164884935802403
.11065745765859103
.5069595190245632
.01902668202642898
.6199581223441758
.0044850765449758944
36.825455657917075
14542287226128742e-24
.680036088105149
1.8521283071606929
.06804994780956462
88.67353103706766
5.717819092957033
1.2498766562475543
6.5359237404194195
16.484894940031374
65.82878177730467
21.52635634017851
.007202863015864451
63.40094649014246
7.00863317073007
47.37829065316856
4256210156396152e-21
.2957672247089797
.04724158186033827
958187439160363e-26
.133054013292273
6.177518419182634
14.497314115032
5.849338873355302
.5537686143372765
10.582135529347479
210.3476725508181
86.93084435055054
4.5349010629216
10.732101963708118
6.232143506691877
5.032562060849079
32.83854268483806
23.182179989090926
.0002715197086991902
.3168345227660426
.03474120149980688
47.864584271759185
264.9604594756868
1783527629039108e-22
20.596796116790777
5.608596575534576
.010496406020747253
1.108557939870009
.47991207903672284
36.11087376116301
107.78323046172585
.6290719917686566
.44294207992558476
7.09045278197651
.0001615711135025705
1930029970203095e-20
1.6244743750917656
4548311015225273e-20
23.588946015235496
1.0944608953649724
5.098355771304062
10.10024321029099
.19792259467713208
17.24001350097434
.041957396412285256
4.077999342393489
3924461306873866e-21
.0075494627859273335
7.252659203007081
2.0588249838144814
.6666402398604568
3.384608566735014
151.81743587218205
1.5537260838752474
4.1833365644185205
5.073829535020694
2.510373480516026
33.57135982920579
2.2449819064831344
10.259785434612146
.1829623177467258
3185759593515483e-20
1.9168078504546366
15.83318449972215
.003007929103475233
0
18.703543749185044
.21436272391098513
.004752955283630973
30.536548549456672
.037653849508056406
6071737055408824e-24
7.187027768156667
.020764272638895135
1.2810526363875219
3.4517326157867068
.27133515181915174
.2193833898863571
1.9287068842436152
.10381439006935898
.6732159286887108
.00012402194921332243
.7092112455267131
11.21293867253151
.5438417168352325
.8322084059380075
.8539208796387352
.4711859572259947
.09234021529274267
.02154417672120014
.9465900333759564
.0003229029420311614
.5048707284753553
10.137094159733763
14.211835392820594
.10345742351169421
.01127472341718682
.0030902402299632565
100.65825106110496
350.1558872283663
16.141857422046893
29.835221886108336
79.8393583847886
.0007269719058536581
26.864604900509413
5.306262469628769
0
0
2.871607014532892
.5802741154037855
.01672576692398268
.02102907755801543
.3199771141263947
.41193106312409183
6.352298286817956
.4388388110060496
2.3987129687907767
.0019928606816193625
10.439893992743876
29.20119609625441
3.1223733816029373
3.856235421841399
.6576291496632289
31.775673110070652
4.697259107632333
24.931843719044295
11.375372061944336
1.5986447747246286
15.687454518219976
7.2828361856644
.0019928606816193625
1.9992849187400585
7.971442726477439
2.3561547691146854
1.996427149493317
12.01834338389694
.0999910602855443
10.375854005264195
1.7105029961976996
2.6310056916060116
20.69777369106588
13.246013251194542
.6250272971361042
16.64867308921062
14.376648959233417
2.0898672918334245
5.13006657517656
17.21125855996625
25.635686078966064
12.387484339920006
8.658982497753813
37.5163163243193
.0019928606816193625
2.0590096279028094
28.956769190662435
6.890420216765115
37.77485702488936
39.82913218934656
4.250108743044286
7.02278677621785
17.130339992475577
.03998569837480117
5.779006268067347
8.021676543357852
16.00683413326169
3.101401552766816
6.287769663553738
21.13684054032287
21.25315418454381
18.04888506756726
7.897557330056902
.45039740067559775
14.948260914928532
19.441815391767957
1.5263809733598175
2.1502477783338882
34.07320469906247
27.78663384138594
9.120641448443552
.3999642411421772
.09991063881020694
.09996424593700287
3.5803243659288073
7.533637902610499
1.9428704847961589
14.974878919202638
14.866140908374907
8.225351312954261
5.626967838375869
41.72701466033939
8.164886457987308
13.547582120284927
18.08872667516638
9.619605788592791
11.61468188477703
.0012969817506580264
24.67362864389862
4.842852413729945
3.4852825869200412
.00013969088306849898
41.89300840214412
3.82072804635382
1.319742862543028
.66903681234027
1.5155295235083799
.0019928606816193625
19.373284807719006
8.62820010988273
4.6494603775132
11.922508156339589
.03998569837480117
7.274539730783086
.5981070205411336
6.5001869109408235
5.7327928232343055
.0012969817506580264
4.409668489792853
10.614766403886101
3.1123380414559714
7.001509749202433
9.308521407815807
.5997854756220172
.3998569837480115
.1847283898030247
6.2985288999702345
.002983950877463981
2.497294519991476
22.78359531766681
47.423738454404294
11.284275850918325
.17833096386356323
.17942161186180167
28.928914633699026
41.84812829689749
4.110778251170402
17.234703979132103
51.72406680843263
.21063136745974556
9.982135747466586
9.982135747466586
9.982135747466586
9.982135747466586
9.982135747466586
9.982135747466586
9.982135747466586
9.982135747466586
