.0024381366316028738
7.16451102792356
.11004981980932325
.5092658269122046
.01903371163584025
.6248266504660912
.004488904790213635
36.363349934530056
14315960617928494e-24
.6794965658286388
1.8492523611745568
.08347406340590306
88.55353699235722
6.94134538765646
1.4820247625256346
7.671503598771546
17.45056542514292
65.08830692044182
21.489340556381745
.0071930071020635455
63.373864264188114
6.998936302008396
47.35360998678779
42236845303218195e-22
.29859638537477984
.08397739903904039
12541114172773112e-27
.133125056547633
6.092033960149607
14.476336865377535
5.871306009262731
.5638885114922599
10.564542055377496
209.86909621212263
89.37180261768272
5.328354557875765
10.591894380600257
6.221121854108539
6.228953085770303
32.76831803280163
27.554020096633018
.0002720505091940091
.31662303232383954
.03470801458035712
48.27813058000832
264.4872282611849
17811712183807139e-23
20.855032657111217
5.98841624296839
.01897686513226509
1.1412188878383407
.6469777277033586
36.04914975240189
107.57749857523483
.8423576901380689
.5748851484490012
8.328452846851407
.00017150263831203
2021720605063272e-20
2.183532583815992
6026265923133862e-20
23.550844414347957
1.5204129055175792
5.484980595324006
9.988293091433256
.2692867531252091
20.030513151261545
.05788455355069886
6.129189874636588
195831662090806e-19
.013886345670072275
7.134755016202287
2.024460964931872
.7203497123668818
3.9088216977675554
151.33005855035395
1.8118620877291287
4.7807629901356234
5.864200013632325
2.476769359396564
33.18819399975604
2.2430863266397734
10.056365185658166
.1789349735168287
31527717978750555e-21
1.8785450174043228
15.737967126684039
.003990239371406117
0
16.910193733881528
.2744139901363188
.004954572858369462
31.91275273679677
.03682336402461904
5948792303008254e-24
6.931313191655163
.020517435830580803
1.280561595265158
3.4184565673872056
.3523283707172012
.21849241996886717
1.9256159145761904
.10287938510528512
.6624297137879734
.00012402977660755087
.6970886742650452
11.037131663075673
.5368800795363894
.8323218425625406
.8353565398528109
.6206791630484664
.11979779869280112
.028512688566740007
.9428623915532949
.00031964809834320295
.4943201895242225
10.117495796532213
13.740435635464298
.10250484374858275
.011349146613285972
.004001839718414095
100.52745747058937
349.7009007245478
16.120882971690715
29.796454514798207
79.73561650334788
.0007201759982915948
28.078922037521206
5.539107491520584
0
0
2.8497017033572294
.5687873108852166
.01640341188630788
.02056202531575748
.3199687933728609
.41158306750007695
6.350233763936303
.4384680839608014
2.3982451834759786
.0019902711929167607
10.434737583266166
29.176527190781666
3.121215308440439
3.8512246962289507
.6569969801081859
31.73438435000076
4.692821260885971
24.910781523717127
11.353207823223697
1.5984369280259614
15.667070511138004
7.273372994283479
.0019902711929167607
1.9990249830891713
7.961084771667031
2.3558484352761417
1.9951296664199711
12.008190396467967
.09998781005987571
10.367088577957345
1.7090579787886537
2.6258793328454746
20.680288399675828
13.228801610669521
.6242151474762311
16.627040091342057
14.357968190224037
2.0895312169860345
5.1252469541795485
17.18889454826706
25.602375511851562
12.371388257013793
8.647731165655806
37.467568271742884
.0019902711929167607
2.0576714723178497
28.93230677482146
6.886294617908444
37.72577302899815
39.77737890383593
4.244586225250418
7.013661488541935
17.108081124963473
.03998049966178343
5.771497127272184
8.0112533155946
15.986035129831697
3.100059273968885
6.282457812801005
21.095656658425668
21.22553820357578
18.03363753324871
7.892424687496353
.4502510196812636
14.928837403230112
19.416553033099643
1.5261825219894836
2.147453783559871
34.02893056618231
27.732493231096463
9.112936413314142
.39995124023950285
.09987816744462698
.09995124915445852
3.5733483159577255
7.518959055360574
1.9426178838290227
14.9457012545627
14.846824101992715
8.218402610806907
5.616004024817597
41.64571204368693
8.157988836000735
13.52997862638713
18.073445483019285
9.607106239204922
11.604869906919443
.00129588607224467
24.652784586323733
4.836559695062059
3.48233825181818
.00013967819445122345
41.838573351577914
3.817500329971865
1.3180280114927694
.6689498279801857
1.5142492179197549
.0019902711929167607
19.348111496506345
8.620911084727425
4.645532555578302
11.91243612964119
.03998049966178343
7.268394265632108
.5973298506230742
6.494695612025102
5.727949811880078
.00129588607224467
4.401076511916928
10.594084160240934
3.1097087665217935
6.99241210852743
9.300657653401657
.599707494926751
.3998049966178341
.18470437246873148
6.2964818523588635
.0029781368259130837
2.4924286895293664
22.76434794309461
47.331336108845406
11.274742997079837
.17809924369340382
.17921177461787263
28.891324902357837
41.79375156276383
4.105436777007914
17.212309502860744
51.65685745060425
.21062052040023888
9.975648332099857
9.975648332099857
9.975648332099857
9.975648332099857
9.975648332099857
9.975648332099857
9.975648332099857
9.975648332099857
