.003088250448779209
7.164140236004544
.10951103745870847
.511472461274866
.019040345743406534
.629150754586012
.004492519683367331
35.86329949563774
14123843542492148e-24
.678972782148929
1.8463839501469264
.09715912796863498
88.43356367300157
8.01512043341574
1.6769466099909471
8.586347841990495
18.216207989752483
64.42010253190028
21.452397870757853
.0071831620328608485
63.34669764930497
6.989299256777386
47.237542860539385
4195643148922552e-21
.3012505237339399
.1284958428568783
1526308185343089e-26
.13319038486651918
5.99899965304433
14.455560023516032
5.8928881803939435
.5733380493898668
10.548088406203242
209.3949139675117
91.7044453649107
5.983328436104022
10.441470807541338
6.210722161703168
7.318132984038679
32.70604394740477
31.182709861180815
.00027257225417068326
.31641168625966043
.03467632017080344
48.64687321350676
264.01193130695066
17785928790786827e-23
21.096139427659203
6.224918386030119
.029580264906198996
1.167094161813158
.8101644994219537
35.98748008346772
107.3760163886578
1.0473467376981944
.6942273899405688
9.348670427297455
.00018190466013311547
21169637143176113e-21
2.7250004801914955
7423107554085757e-20
23.512380180853135
1.9553321254545117
5.800757869800964
9.890482978967691
.34013221547663886
22.257204549938564
.07393772175664183
8.192601048611946
6394246319936248e-20
.02194535257467949
7.00254908533649
1.9843796187685
.7647622550072434
4.318549565280849
150.8449600264189
2.0233746213219677
5.220041197055112
6.478700818749796
2.447779459126544
32.854154505580915
2.2411388582549963
9.88033438639686
.17545125478126766
31231375446325945e-21
1.845790800214687
15.642991252144727
.004941903057072184
14652193914802543e-26
15.309702878289675
.32837602695661305
.005141263718756411
32.977962140785884
.03610196883327291
5838499776444943e-24
6.7046309803335316
.02031229355979594
1.2801085845864795
3.385501652325385
.42518144152965337
.2178378073501923
1.9224272642554392
.10203059374211752
.6530650749236486
.00012403444320557884
.68394758409845
10.844130416784974
.5309564944010065
.8324262381626286
.8194880404455619
.7576093293909567
.14399938984452346
.0350286989331086
.9404422924913711
.00031557741356403186
.48475981551600195
10.09819889786091
13.270309699020531
.10177048697871931
.011422051701091597
.004790856443776899
100.39683383101733
349.24650542237254
16.09993577517485
29.75773751714407
79.63200942232494
.0007144617763794548
29.076293012739924
5.726763710257926
.0005502960940752033
.0012055354580777255
2.828800021610824
.556711089225211
.016038115749561918
.020035590843245438
.31996047283570184
.41123536585961784
6.348169912033019
.4380976701024078
2.3977774893863932
.001987685068951274
10.429583720611157
29.151879125377143
3.1200576648016694
3.846220481467244
.656365418248779
31.693149239836085
4.68838760690057
24.889737121542066
11.33108677021756
1.5982291083503395
15.646712990684497
7.263922099210794
.001987685068951274
1.9987650812336388
7.950740275805083
2.355542141265381
1.9938330265841868
11.998045986190938
.09998455993985624
10.3583305556042
1.7076141821172455
2.620762962493232
20.66281787970179
13.211612334654385
.6234040531096676
16.605435203019116
14.339311694684843
2.0891951961833692
5.120431861144743
17.166559595980303
25.569108227915468
12.355313089081065
8.63649445334535
37.41888356154815
.001987685068951274
2.0563341864036206
28.907865024608125
6.882171489230033
37.67675281200761
39.72569286565502
4.239070883321257
7.004548058107991
17.085851180241253
.03997530162467278
5.763997743725512
8.000843631594359
15.965263152269287
3.09871757610585
6.277150449451743
21.05455302089816
21.19795810633879
18.018402879909246
7.887295380653306
.4501046862613505
14.909439130108964
19.391323499905997
1.525984096420668
2.1446634192546425
33.98471396234948
27.678458110599294
9.105237887328716
.39993823975942494
.09984570663237348
.09993825406168189
3.5663858584093857
7.504308808980484
1.9423653157036271
14.916580440884848
14.82753239553674
8.211459778860277
5.6050615736046865
41.56456784039734
8.151097041062828
13.512398006166752
18.058177200285094
9.5946229315167
11.595066218132
.001294791319450527
24.631958137620156
4.830275153044658
3.4793964040639827
.00013966550698649995
41.78420903298085
3.814275340335515
1.3163153886904924
.6688628549293129
1.512969993921711
.001987685068951274
19.322970895061626
8.613628217274643
4.641608051831848
11.902372611699843
.03997530162467278
7.262253992114505
.596553690546249
6.489208952109037
5.723110891858039
.001294791319450527
4.392501275004148
10.573442214730102
3.107081712775298
6.983326289170359
9.292800542216108
.5996295243700913
.39975301624672754
.18468035825703544
6.294435470046328
.0029723341026994046
2.4875723398514973
22.745116828530367
47.23911380381782
11.265218196510046
.17786782461645104
.17900218278290775
28.8537840144675
41.73944548482393
4.10010224346515
17.189944125586962
51.58973542346032
.21060967389933224
9.969165132920933
9.969165132920933
9.969165132920933
9.969165132920933
9.969165132920933
9.969165132920933
9.969165132920933
9.969165132920933
