.005092446790636314
7.163019298755232
.1082155577153349
.5177553105651723
.019058364427800973
.6396794054558155
.004502296904336375
34.15304095029561
13701004226081787e-24
.6774315209325396
1.8375852469792209
.13071936028568787
88.06369599397964
10.64695829389633
2.122711848530631
10.416895065902063
19.74544976100023
62.73179199503794
21.338738496672697
.007152879241529502
63.26241084210836
6.959895367576117
46.44011724522746
4132452036397519e-21
.30846399971637367
.2981205375496244
2245957732301344e-26
.1333580924994932
5.66015256438518
14.392540840705678
5.957105662206236
.5988495813206564
10.502937780492392
207.95939660342782
98.28846890991677
7.442597937215514
9.932568272686861
6.181720596224513
10.155697923184738
32.552697280934
39.08207592686561
.00027412524608047437
.3157610478671208
.03458466215623741
49.56436317872799
262.5323886381022
17691976475865455e-23
21.741964950480693
6.5774729381432175
.07297163024108076
1.2216646590744125
1.2897138018964382
35.797613812151475
106.77455452639848
1.6295811519780508
.9982035895727428
11.587721070284726
.0002174303985924096
24368082193312192e-21
4.285999922314421
.00011295134996997806
23.392474186525757
3.301918336878068
6.457881431103682
9.661637588962462
.5512527768740982
26.7741859358949
.12239987527904081
13.982810785631699
.0006392761755863631
.05563432198698957
6.5026911410378405
1.825859765135232
.8594474735572349
5.104118073883733
149.35338287775738
2.4908295039306125
5.897738887877546
7.6164229815113
2.381774973187395
32.07635717404612
2.2349151195110704
9.471920843133503
.16737024700221662
30491980681658408e-21
1.7718294432610697
15.351743950093
.007721118966208081
0
11.375670305030908
.46452935764707687
.005703022542208808
35.0363027908686
.034414053239624744
5796609557718237e-24
6.144318843923868
.01988951304258909
1.2788558291566154
3.285911515532919
.608148256381246
.21700010519631405
1.9120668530826614
.09987145921776767
.6313600004795975
.00012403396250751446
.6366257771192522
10.133981477776949
.5179553686988632
.8326923724413998
.7836614045513735
1.1020984306358728
.19947380558175712
.05252123501669198
.9387899388441818
.0002977939769740904
.4597649493012516
10.03994613599235
11.801049426245278
.10061021571073032
.01163802284514563
.006465969400339116
99.99520936885575
347.849390249018
16.035530078303733
29.638695562637988
79.31345193664848
.0007024583806975515
31.133106746659653
6.089569632459322
0
0
2.770175014243154
.5156500203170927
.01528167241843636
.01884093482129876
.31993482331948103
.41016530512196975
6.3418116089294685
.4369577119301535
2.396336237650687
.001979733593627781
10.413711205614765
29.076024070412398
3.1164915370974953
3.830834177205657
.654422232835566
31.56636492272227
4.67474570909016
24.824972432813343
11.263162008727765
1.5975886037421339
15.584120352553532
7.234863724609168
.001979733593627781
1.997964058252289
7.918934374511113
2.35459813668655
1.9898409954693885
11.966826302758603
.09997454100739862
10.331377516650551
1.703170860742112
2.6050526689654716
20.609051905328393
13.158760999649903
.6209102063618616
16.539007321502492
14.281949145216023
2.088159638120998
5.105616154515852
17.097887009387545
25.466822339525088
12.305887267719088
8.601945281748721
37.2691941897659
.001979733593627781
2.0522170161365545
28.83264490994848
6.869476076604839
37.526031867863246
39.56677540359622
4.22211303217583
6.9765272755875225
17.01750145715749
.03995928116504578
5.740939621219173
7.968837298348967
15.901396195691849
3.094584990733586
6.260816902296266
20.928340458835915
21.113158434889876
17.971517842586128
7.871503522382649
.44965386310078037
14.84979586006482
19.313751034977887
1.525372544647083
2.136083972479204
33.84876253892296
27.512538221034127
9.081545475685546
.3998981640295945
.09974570154820686
.0998982029126144
3.545006981543862
7.459323857728011
1.941586895432699
14.8271622598015
14.768216782720069
8.19009303504979
5.5714617540778075
41.31540697752176
8.129887364958806
13.458343417245413
18.011188667635125
9.556240891690631
11.564895113843543
.001291422189581321
24.56786420630332
4.810952266192478
3.4703427919678536
.0001396264008255748
41.617056745011666
3.804350351817709
1.3110496403611416
.6685948021585295
1.5090331491798896
.001979733593627781
19.245671865829742
8.59121500545193
4.629530290656239
11.87140187651024
.03995928116504578
7.243357142502493
.5941672551779843
6.472323615159644
5.708218991085395
.001291422189581321
4.366170208311367
10.510059191095568
3.0989968873309808
6.955390401573472
9.268620080542453
.5993892174756862
.3995928116504576
.1846063459518592
6.288130987157736
.0029545162985392167
2.4726604641153465
22.68593257904211
46.95593659379527
11.23590537788141
.1771562875423072
.17835758625435771
28.73835820825491
41.572472267600965
4.083700318269872
17.12117799222816
51.38335740383692
.21057623939662745
9.949204977346941
9.949204977346941
9.949204977346941
9.949204977346941
9.949204977346941
9.949204977346941
9.949204977346941
9.949204977346941
