.006729331158513995
7.162132216259175
.10748333720927727
.5224201908477413
.01907043514941649
.6458488738447012
.0045087445273086805
32.639861982447755
13495940672375704e-24
.6762289787121262
1.8304448084444875
.15071454158808717
87.76139382790865
12.27392996617965
2.3774105344399254
11.125074724018123
20.412541159786446
61.6720738084683
21.245916767995844
.007128222163401424
63.19296195363171
6.936151780299708
45.31735587998485
41009721979647545e-22
.31343640443637494
.45456297378918376
27352847900016063e-27
.13346007082755104
5.312839921933306
14.342016370798781
6.007084615524707
.6163260021076284
10.470631053913753
206.81494059018306
103.07653990960945
8.251659411400817
9.486111132551052
6.160565556513428
12.040195789319428
32.45891845551244
43.05863237236415
.00027533356497602305
.31523066809320294
.034513544819219685
50.13178210319459
261.30605326214413
17598236961522757e-23
22.17371985084545
6.695484604965386
.11702991632430386
1.250292307230255
1.6564394168347099
35.64272989153087
106.29819445333936
2.054292482667759
1.1918220932093193
12.784880309194367
.0002510910294707507
27332132284490696e-21
5.446925422841487
.00014062606160125717
23.293950230119176
4.361742409263473
6.7568181070696065
9.537444261911757
.713089366379629
28.75921016945201
.15932209002189254
17.726460439660908
.0019232380437708956
.09022948607937142
5.980869089810858
1.6569260575117237
.9044115155640993
5.392731793843895
148.12814373930033
2.7524094816546674
5.935829577333263
7.957781681506694
2.3477328558436823
31.658035529267845
2.229681846319915
9.248416304636244
.16295083543011488
300397841618387e-19
1.7336655353979564
15.115648069850467
.009858246091028686
0
9.034205040134614
.550318602795728
.006251461288870265
35.901961598407375
.03347775666136777
6034396018316605e-24
5.796845030669984
.01972118606244979
1.2778981741431414
3.206810996789613
.7224932569124372
.21729100260994513
1.9030831563218291
.09852007182386147
.6197143860336184
.0001240216809142763
.5891135585016385
9.404267084477148
.5118214759065944
.832848835413457
.7650601512428437
1.2993811833140316
.225136076740462
.06428123166007703
.9420844050959832
.0002769151338511598
.4421558924182867
9.99305032287985
10.533646271670156
.10060581090580843
.011805288201720958
.0070378796640337095
99.66838344658358
346.71247380574533
15.983119298426942
29.541823981755833
79.05422259714916
.0006975596846258694
32.048757224385696
6.218309558988132
0
0
2.7288605806609274
.4773660690106862
.014859170252238357
.01806678209339614
.3199138761528091
.40929342198344726
6.336623326230389
.43602887651545175
2.3951597689375355
.001973263001069653
10.400765592159903
29.0142175382516
3.1135820029179717
3.818313418251909
.6528394465691946
31.46319291684554
4.663633435483325
24.77220230670037
11.207988107924372
1.5970656757817112
15.533184967356867
7.21121718169743
.001973263001069653
1.9973100780802149
7.8930520042786005
2.3538274218740205
1.9865865201755588
11.941388573275612
.09996635900406
10.309416239716613
1.6995504522459275
2.5922915173959806
20.565243507512186
13.115752697284078
.6188808136327173
16.484950968648857
14.235269796968334
2.087314249109452
5.093547553152535
17.042004005331467
25.3835861750029
12.265666511334508
8.573830547875101
37.1473829666054
.001973263001069653
2.0488605220288343
28.77135572575355
6.859124746890053
37.4033811923775
39.437454729693584
4.20831341123011
6.953725083607604
16.96188118651045
.03994620156160429
5.722175843451653
7.942791824611693
15.849423821116362
3.091213879450582
6.247508363952524
20.82582056437283
21.044151854263518
17.933316017163698
7.8586293209780065
.4492859979697482
14.801260552642075
19.250625665928883
1.524873254684831
2.1291023618724285
33.73813070861449
27.377764872885486
9.062240950721836
.39986543601624
.09966409885648995
.09986550390401068
3.5276413551420163
7.422783497723623
1.9409513688191304
14.754529691870385
14.719948109642706
8.172683459127548
5.544169304771726
41.113018681547395
8.112605767458778
13.414355954972375
17.97290251444772
9.52500712296716
11.540311764343654
.0012886770299645786
24.51564061185616
4.795228073790363
3.4629659287192425
.0001395944698311111
41.48103489917734
3.7962634929747963
1.3067645850013887
.6683759555071307
1.5058254167319924
.001973263001069653
19.182769007812862
8.572952769692018
4.619689357380565
11.846166989508584
.03994620156160429
7.22796003094776
.5922252695330406
6.458565479703891
5.696085103047642
.0012886770299645786
4.344782018939908
10.458574451481779
3.0924093893182127
6.932657293686553
9.248917893485963
.599193023424064
.3994620156160427
.18454591999504932
6.282986620969962
.002940043258992126
2.4605478510621155
22.637709382564186
46.72591751160957
11.212021357651823
.17657726713295185
.17783284833474197
28.644429304207566
41.43659614237707
4.070353087625267
17.065218863555753
51.21541522661718
.21054893642158334
9.93293260087779
9.93293260087779
9.93293260087779
9.93293260087779
9.93293260087779
9.93293260087779
9.93293260087779
9.93293260087779
