.014095310813963561
7.158783528419571
.10588878834061013
.5399480132669807
.01909746839540454
.6586579480412064
.004521075656504524
25.69355210613152
13178109021498292e-24
.670967778162649
1.798750852111999
.1888194509562548
86.39065042131077
16.683513880170985
2.988625585442142
6.673069005771359
21.013090865670023
58.443092981064126
20.824011658856065
.007018095688982437
62.87339614425961
6.8313424934701645
26.668680402080724
4045527276535391e-21
.32878321427326535
1.0867878707864442
42946362542775643e-27
.13358003222897546
2.1133270602118177
14.123029390235777
6.206870033724571
.670214830339566
10.349654457409992
201.9496714727478
119.86831345179041
10.127229316233048
7.450536250567627
6.079394500515878
17.72725299523822
32.20275967284093
47.84536760673018
.0002801561113796349
.3128552094915671
.03417697374004289
51.590785666321054
255.52137800183735
16919404838539707e-23
23.335002035872616
6.776931180125371
.34373561196226937
1.3175061034827578
3.069721165885959
34.94574076576126
104.19052441556995
3.533277924814299
1.719412562317274
14.201799564503219
.00048264028273527335
4660346055691006e-20
9.63014539221513
.00023644888064502134
22.859709504323956
8.110810683189062
7.038080504295973
9.293704659219106
1.2878558095528003
21.92563131506487
.28165025177607794
17.31998785694609
.014057755644518192
.26439107504957793
1.8871346666977311
.45734803669616825
.9556278627294689
3.376974563130376
142.33033208492645
3.580750619986683
2.31296816252077
4.052670664559065
2.2927237793032473
30.8607384596818
2.20568778743422
8.75537252802773
.15351912012948107
28779987542453093e-21
1.6693771461909959
14.074026329572797
.018476135663529587
4271349591576438e-24
3.8676681165126983
.7820130646736734
.018438669144327374
36.614029467849406
.031458584369835535
14714728825163116e-24
4.759365953753547
.019789173275343
1.2726090169680617
2.8757166296148005
1.0253115248174145
.221514260941219
1.8571474646538657
.0949528614376685
.5990074038594785
.00012392201430473667
.20493875263679395
3.2870090306825923
.5068221119005086
.832909295376497
.7310234320747393
.9672006386639431
.11960108256292809
.08383063554845159
.9778670770012745
895618243490628e-19
.29468554704440364
9.775751797532351
2.9575915123625824
.10524272446502343
.012435830890547006
.0026523546203475724
98.21083550873655
341.64215929129114
15.749382562982941
29.109805089346235
77.89813563014897
.0006998657424484363
31.018526346186565
5.634747104225465
.004842617703445978
.008429650008825883
2.620949775811328
.23007906845236598
.011477128569467782
.012550780669007965
.3198196308735376
.4053928262759695
6.313328530557758
.4318734900061097
2.389872803202444
.001944406052470899
10.342709195137077
28.737709961273957
3.1005226769829592
3.762474498663036
.6457641479959049
31.00307597335554
4.6139541826590555
24.536121439546363
10.963031161898314
1.594714617336547
15.30602806027709
7.105760522633793
.001944406052470899
1.9943698153234046
7.777624209883586
2.35036232590297
1.9720071259677985
11.82758628252654
.09992954827482048
10.211166762516696
1.6833536143721437
2.535635513910251
20.36925525986359
12.923948259044304
.609830316148057
16.243875459455502
14.027093568762654
2.0835142319602213
5.039590904379983
16.792782166511696
25.012377247907516
12.08629371214091
8.44844706514607
36.604140570500846
.001944406052470899
2.033824104070688
28.49716263929167
6.812736449305105
36.856395084644795
38.860722381606415
4.14677114153292
6.852033982523385
16.71383106178203
.039887396306468065
5.638494887543596
7.826636636332598
15.617642244976798
3.076089266260055
6.187969160540044
20.370660427262354
20.736402705754852
17.762410227526512
7.800955490193593
.4476343256227497
14.58480728983179
18.96910499938093
1.5226284715193064
2.0979664223728616
33.244745131958574
26.779408271530784
8.975877143599757
.3997181930992819
.09929771210770712
.09971849076617012
3.4505427496911527
7.26055434837884
1.9380940723556765
14.432061065157978
14.504683957957903
8.094797198789514
5.422998335631592
40.21447030683743
8.035292051837205
13.218184750187111
17.80161946264826
9.385713657878508
11.430331764389553
.0012763958453145888
24.28200479608061
4.725102778799448
3.429963614703921
.00013945087069739686
40.874417285985494
3.760084829234263
1.2876544925101114
.6673920317032643
1.4914747923602352
.001944406052470899
18.902240675329995
8.491251914076456
4.575663386012749
11.73327216729175
.039887396306468065
7.159077052731523
.5835645820562403
6.397014886819903
5.641801002915503
.0012763958453145888
4.249824340161149
10.229996366570196
3.0629385057372254
6.831274287433335
9.160775041691965
.5983109445970207
.3988739630646805
.18427424785889088
6.259889005408134
.0028757869436773355
2.406771180232048
22.4219703862792
45.70469604494716
11.105169988851731
.1739950056104879
.17549056687132164
28.225533889037834
40.830628400449264
4.010828346237672
16.815657531232002
50.46644227984975
.21042611683549653
9.860035629838993
9.860035629838993
9.860035629838993
9.860035629838993
9.860035629838993
9.860035629838993
9.860035629838993
9.860035629838993
