.014095310813963561
7.158783398253086
.10588802836416875
.5399479873929973
.019097466896246175
.6586578377501712
.0045210759475426115
25.693542684340294
13177818597734973e-24
.6709672092257577
1.7987508526589286
.18881940987109608
86.3906504503554
16.683510567441832
2.988626750471255
6.674517343580389
21.012934464653004
58.442425235866764
20.824011667153123
.007018095688976599
62.87339614403543
6.831340664356632
26.673060269874465
40454824794132065e-22
.3287830380280393
1.0867928647248335
42945476307096363e-27
.13358003900295368
2.113819218004818
14.123022837013242
6.206870293042334
.670214829712396
10.34965465036078
201.9496717769263
119.8683132730682
10.127227977498816
7.450533635337956
6.079394603923331
17.72724826459947
32.2027610598674
47.84534792917009
.00028015611093817243
.31285520949156703
.03417689332601502
51.59078566590915
255.5213780052434
1691942903524639e-22
23.334999090679826
6.776932953974073
.3437280497829441
1.3175031851006702
3.0697215796966266
34.945740773808886
104.19036797461716
3.533277434030203
1.719412926235088
14.202607879976712
.0004826402577016077
4660345819338238e-20
9.630145367752993
.00023644897423460182
22.859709303302118
8.110829087737157
7.038008581781895
9.293567874079464
1.2878222867975893
21.92907674726711
.2816509247951862
17.323235469961833
.01405822404265626
.2643928636434807
1.8876496852292315
.45748183491958705
.9556188459915946
3.377642787170304
142.33032131926862
3.580733172665821
2.3135986561347432
4.05365376525453
2.2926806908668045
30.860266637817148
2.2056898183202156
8.755156449985483
.15351492324570368
28779661201146227e-21
1.6693331172809014
14.074026328106465
.018475894132271437
45221439840614186e-25
3.8676205259937526
.7820127213851503
.018556537022938357
36.613828126105886
.03145777441322723
14740000337829866e-24
4.759234525546527
.019788693547813253
1.272606637187558
2.87571578862252
1.0253152856773757
.2215092125184339
1.857147748061345
.09495198383455286
.5989950644031704
.00012392201102819135
.20499063808312154
3.287848622513276
.5068122496048149
.8329092949653634
.7310026259612673
.9674064025128285
.1196321772541019
.08383719234043352
.977856390620198
8958665276712213e-20
.2947133871314471
9.77574669331927
2.958372880181983
.10524014360676778
.01243583446219903
.002653172307996303
98.21083550873655
341.64215929129114
15.749382562982941
29.109805089346235
77.89813563014897
.0006998515093900769
31.224482631063164
5.672742815839234
.005128469318935142
.008927436438061334
2.6306461903272225
.23095912218784379
.01150031991763372
.012576310421889687
.3198196308735376
.4053928262759695
6.313328530557758
.4318734900061097
2.389872803202444
.001944406052470899
10.342709195137077
28.737709961273957
3.1005226769829592
3.762474498663036
.6457641479959049
31.00307597335554
4.6139541826590555
24.536121439546363
10.963031161898314
1.594714617336547
15.30602806027709
7.105760522633793
.001944406052470899
1.9943698153234046
7.777624209883586
2.35036232590297
1.9720071259677985
11.82758628252654
.09992954827482048
10.211166762516696
1.6833536143721437
2.535635513910251
20.36925525986359
12.923948259044304
.609830316148057
16.243875459455502
14.027093568762654
2.0835142319602213
5.039590904379983
16.792782166511696
25.012377247907516
12.08629371214091
8.44844706514607
36.604140570500846
.001944406052470899
2.033824104070688
28.49716263929167
6.812736449305105
36.856395084644795
38.860722381606415
4.14677114153292
6.852033982523385
16.71383106178203
.039887396306468065
5.638494887543596
7.826636636332598
15.617642244976798
3.076089266260055
6.187969160540044
20.370660427262354
20.736402705754852
17.762410227526512
7.800955490193593
.4476343256227497
14.58480728983179
18.96910499938093
1.5226284715193064
2.0979664223728616
33.244745131958574
26.779408271530784
8.975877143599757
.3997181930992819
.09929771210770712
.09971849076617012
3.4505427496911527
7.26055434837884
1.9380940723556765
14.432061065157978
14.504683957957903
8.094797198789514
5.422998335631592
40.21447030683743
8.035292051837205
13.218184750187111
17.80161946264826
9.385713657878508
11.430331764389553
.0012763958453145888
24.28200479608061
4.725102778799448
3.429963614703921
.00013945087069739686
40.874417285985494
3.760084829234263
1.2876544925101114
.6673920317032643
1.4914747923602352
.001944406052470899
18.902240675329995
8.491251914076456
4.575663386012749
11.73327216729175
.039887396306468065
7.159077052731523
.5835645820562403
6.397014886819903
5.641801002915503
.0012763958453145888
4.249824340161149
10.229996366570196
3.0629385057372254
6.831274287433335
9.160775041691965
.5983109445970207
.3988739630646805
.18427424785889088
6.259889005408134
.0028757869436773355
2.406771180232048
22.4219703862792
45.70469604494716
11.105169988851731
.1739950056104879
.17549056687132164
28.225533889037834
40.830628400449264
4.010828346237672
16.815657531232002
50.46644227984975
.21042611683549653
9.860035629838993
9.860035629838993
9.860035629838993
9.860035629838993
9.860035629838993
9.860035629838993
9.860035629838993
9.860035629838993
