.014095310813963561
7.158781151273837
.10589279002052077
.5399492768852691
.019097472082789575
.6586611640744223
.004521075992239509
25.693852412292813
1318007978327989e-23
.6709684691984875
1.7987508463028092
.18882557436409006
86.39065005720904
16.683917810471694
2.988718170753385
6.661441189496379
21.00995223970958
58.446524884571105
20.824006320458242
.007018095688966836
62.8733961456015
6.831341712148489
26.641091914309555
40458590843134936e-22
.32878342596351995
1.0870590743637183
4295612905674407e-26
.13358002908293073
2.110264090936356
14.123034757846936
6.206869959969741
.6702150766158653
10.349650443584029
201.94965588702217
119.86838363357978
10.127388426298895
7.4506201359679025
6.079392308298101
17.727823035025768
32.202730775573606
47.84670651082683
.00028015611249917896
.31285520949141754
.03417694640750086
51.59078684561394
255.52137443553644
16919837787813054e-23
23.335010739658053
6.777064290384833
.3438548442349189
1.3174287013873704
3.0697192638628126
34.94574127732136
104.19071477134113
3.533396227800475
1.719478531488498
14.19165922754265
.00048265640311349867
466046162360764e-19
9.630574112318149
.0002364645032329458
22.859656054189003
8.112865143538565
7.036638606121965
9.294424177854056
1.2883701129230591
21.897082068729095
.28172012668333035
17.29565070301236
.014066522558020855
.2644751874730087
1.8839330944754844
.4565164284687337
.9554230491909897
3.3717837241504993
142.33095771859587
3.5797661979860322
2.3083409879854564
4.045311832231343
2.2929488154199635
30.863232770646142
2.2056848409978715
8.756500514262079
.1535402441243089
28781689634600336e-21
1.669608698181911
14.07402640858154
.018477419281284747
3853796569711418e-24
3.8667681393335234
.7820175279183451
.018250052922802
36.609987948257874
.03146281966753085
14652541792121047e-24
4.760004648514748
.019791552126739123
1.2726120061112542
2.8757178065580553
1.025357591602856
.2215390390384628
1.8571396150451318
.09495723950793362
.5990724599007132
.0001239217241420587
.20461582828652636
3.2817862909756275
.5068741030577765
.8329093065946978
.7311359412344708
.9660066922240617
.11941797742314092
.08379737486135456
.9779276380895172
8940770110362234e-20
.29450582245760154
9.775767217055984
2.952688190466197
.105256536175568
.012436087386155297
.0026475299732736535
98.21083550802918
341.64215928883044
15.749382562869506
29.10980508913657
77.8981356295879
.0006999432860538183
30.647701800685
5.566203076590258
.004361315389018179
.00759078017011816
2.5956681234690984
.22768496665213772
.011407418495035456
.012473537700286662
.3198196308735376
.4053928262754489
6.313328530557581
.431873490005555
2.3898728032024352
.0019444060524568942
10.342709195135527
28.73770996123705
3.100522676982812
3.762474498635936
.6457641479945138
31.003075973132237
4.613954182649782
24.53612143951485
10.963031161497913
1.594714617336546
15.306028060166847
7.105760522582614
.0019444060524568942
1.9943698153234033
7.777624209827567
2.3503623259029682
1.9720071259669123
11.82758628251135
.09992954827482048
10.211166762503582
1.6833536143699819
2.5356355138176423
20.369255259837427
12.923948451533054
.6098303161436647
16.243875459338504
14.027093568661622
2.083514231960218
5.03959090437008
16.792782166390744
25.01237724772736
12.086293712053857
8.448447065085219
36.6041405702372
.0019444060524568942
2.033824104069774
28.497162639255073
6.812736449302901
36.856395084379336
38.86072238132652
4.146771141503052
6.852033982474032
16.713831061661647
.03988739630646804
5.638494887502984
7.826636636276226
15.61764224486431
3.076089266259783
6.187969160532097
20.370660426518363
20.736402705605496
17.7624102275037
7.800955490190088
.44763432562273714
14.584807289726742
18.969104999244305
1.5226284715193052
2.097966422357751
33.24474513171913
26.77940827055272
8.97587714358823
.3997181930992819
.09929771210770433
.09971849076617006
3.4505427495651286
7.260554348113665
1.9380940723556752
14.432061064630876
14.504683957853432
8.09479719877912
5.422998335433528
40.21447030536868
8.035292051826886
13.218184750091906
17.8016194626254
9.385713657810907
11.430331764374873
.0012763958453129497
24.282004796049428
4.7251027787654145
3.429963614699516
.0001394508706973968
40.874417285691095
3.760084829229434
1.287654492500837
.6673920317032639
1.4914747923583196
.0019444060524568942
18.902240675193852
8.491251914065552
4.575663386006872
11.733272167276683
.03988739630646804
7.159077052722329
.5835645820520371
6.3970148868116885
5.641801002908257
.0012763958453129497
4.249824340005933
10.229996366196568
3.062938505733292
6.831274287384133
9.1607750416802
.5983109445970203
.39887396306468026
.18427424785889074
6.259889005407958
.0028757869435723036
2.406771180144146
22.4219703862504
45.7046960432779
11.105169988837469
.17399500560923467
.17549056687049258
28.225533888834537
40.83062840015518
4.010828346208784
16.815657531110887
50.46644227948626
.21042611683549653
9.860035629834561
9.860035629834561
9.860035629834561
9.860035629834561
9.860035629834561
9.860035629834561
9.860035629834561
9.860035629834561
