.03135692329184577
7.126366720385971
8.33485791374855
10.594005527747434
2.066102651811517
41.11461610760767
.004835436412000767
22.278503034587924
7190324967757339e-22
.062140933891691334
1.7304794182269436
.003968414859403609
76.87901236184531
6.324519101901482
131.68629099256083
38.004287354545625
33.14966803393517
15.269021277035641
15.814681113780175
.006759277503878978
61.846279046181614
1.7400182291305015
53.74082046580132
28330413087007234e-22
4.912401496081274
1.848199915231325
13106906161718876e-26
13.646183503547157
1.9309607209584463
58.30244690647565
18.35995744126379
.7304361984268677
9.76782330946578
189.5597044234405
145.7308402286577
4.911143596460655
6.312762361428342
5.7261630934192125
5.567019380697734
29.55235468203278
18.325630499776377
.0006078673060270725
.3073601978309522
.10045464833685323
52.454500284760016
237.1760950483668
14000088159946325e-23
25.592445910265884
6.154311870618152
.5344674573232278
1.7475201873891981
5.997354628222332
34.054115043904176
5.596329006248579
.8281731249962578
48.76225978385838
30.3528925116631
18.886602588299414
24.858164264508012
1.954760360745101
8714577680606383e-20
21.821940892807458
15.944145549631443
13.726698681349625
5.679476034327991
1.185388644798455
66.64336562192256
46.941196260569775
67.73884657646732
4.287397244167301
.5916572694445615
10.127396594577887
3.7826159906886643
6.213703411596462
12.843231125634402
133.54112546655432
14.412433648777291
21.08194568166972
24.50654423869702
40.69099245673652
18.67947678835702
35.36515510161802
4.2921173676887205
.026591487415577115
.0011435055249837882
13.889741049483026
11.82255380644378
.06316020226482215
13806157976056443e-25
51.92441387470428
7.1519459885440195
.002777478049340155
49.61173924773326
.2447397789181934
10359559879812712e-24
7.381501744481827
.0008109135093405587
6.267079997698058
8.333701205976531
.01967984624854332
.01065000213763866
.03393215051635378
.1621570611132909
6.691358875897022
.017216165781571032
.6721970526456749
13.010111756862864
3.440975802383946
1.0022935301435705
1.8088725084466553
.16897177799680094
.015378305435270204
.0008350370259294904
.5913900243207021
50702848058428116e-22
.016682776038674043
16.80611338894223
.9436600638108633
5.683483244446552
.0002757931253479035
.0006763623759347557
94.8781394533197
330.04884099055306
15.21494148149726
28.121990128882008
75.2547327103577
3632005641435732e-21
51.88422041436347
13.294756524540203
.015193411106340834
.047709071522490924
6.139206450565271
2.1944571597105123
.09404908268807154
.15439095843911393
.3195988829903575
.4112100039285499
6.348019329259202
.43807065150470853
2.3977433631072516
.0018784243881501432
10.207924819444719
29.150081254838184
3.070133320202624
3.6347983226550906
.6294826648628405
29.95101457435642
4.499597940325377
24.888202108142035
10.409761502168637
1.5892186405898383
14.786631813657753
6.864632953136508
.0018784243881501432
1.9874964788591918
7.513697552600559
2.3422621075008347
1.9382592128254392
11.997306036175674
.09984333822641282
10.357691731010474
1.7075088692069975
2.4076699743380097
20.66154355116336
12.485385740354628
.5891362748177648
15.692654207869708
13.551096809714378
2.074636260652208
4.915376137237862
16.22293426127898
24.16360480280103
11.67615624441229
8.161756639771292
35.36201210005946
.0018784243881501432
1.9990182870393105
28.906082203039425
6.705254310201672
35.60570658495725
37.5420188442527
4.006054205825009
6.619516394144781
16.146662291025066
.03974992957718379
5.447157652982209
7.561046786597868
15.087671652270494
3.0409351543019874
6.2767633216164045
19.34261734350002
20.032731597134052
18.01729163917043
7.667453960283398
.44378750495375524
14.08988501906549
18.325405543218547
1.5173809303088808
2.0267738255069383
32.116614713449316
25.42793586546437
9.104676344147318
.3993733529056513
.09984333822641282
.09937482394295954
3.276404723007508
6.894137034184078
1.9423468858984145
13.703720390320813
14.012480600137406
8.210953357248318
5.149316686864855
38.18497262738174
8.150594342174449
12.76963758175577
18.057063506562823
9.067217936679786
11.594351120904076
.0012947114663763091
24.630439022105772
4.5647606809975825
3.4791818208372454
.00013911493548691745
39.4873808296634
3.8140401042729493
1.2439590995761363
.6650919517721581
1.5128766852136586
.0018784243881501432
18.260810199650834
8.613096992912096
4.641321792056484
11.90163856210494
.03974992957718379
7.261806110437897
.5637618447042412
6.488808746086434
5.722757933051523
.0012947114663763091
4.035349088575283
9.713720664605653
3.106890091142622
6.599461160569389
9.292227431568687
.5962489436577562
.3974992957718382
.18363917060416482
6.206093599128438
.002730655032594833
2.285309017781752
22.743714079319037
43.398123961423416
11.26452344184867
.16809064214736702
.1701217554126816
27.26772587359067
39.44507788043289
3.8747245065827225
16.245033371145364
48.75390911336404
.21013857908268718
9.691296064127187
9.691296064127187
9.691296064127187
9.691296064127187
9.691296064127187
9.691296064127187
9.691296064127187
9.691296064127187
