.03228381011766097
7.1253130059651015
8.39935765405638
10.371383922649576
2.0657582797875653
41.298591441640454
.004835958407912226
21.998776465145188
7324741879219161e-22
.06204609840545356
1.7268068740034581
.00046053065826331187
47.2993100341926
6.152791188859568
128.19497369322613
38.08870678094781
33.11326003966911
15.18848389436519
15.704171390919425
.006745635612631058
61.79114953217487
1.7356644579797569
53.7198173905661
28688391156956953e-22
4.919018711682239
1.8686089603072622
13410167423022567e-26
13.657005446840316
1.836990508564172
55.52280097396083
18.364924512064057
.7316714376153608
9.742538858437534
188.9968871935197
146.5915746321345
4.799606224132051
6.2270132498061
5.71078445468968
5.398481383311442
29.450307557179265
17.704086437552945
.0006072544175071244
.3070679358952013
.10045192894253843
52.46013978720695
235.78387104172566
13757823397639318e-23
25.583117775985897
6.125892450040884
.5583869449779452
1.7525292344930223
6.115645593411638
33.9886104064263
5.581329898082579
.8521485965561231
49.78704124441734
30.4023928197705
19.02267667077263
26.22862178403943
2.006680095091273
9059083543962927e-20
21.766328157628674
16.178487987470017
13.689892604711703
5.744386898529681
1.225459335982755
66.63201693638146
47.377328709672874
68.1209850798397
4.352355744220547
.6041167504890257
10.102210147066712
3.777010178445581
6.182308625506334
12.830475400264916
132.842525433327
14.418335959311232
21.072543417134895
24.562984755232595
41.28356487943071
18.899060996105952
35.19703563759344
4.350586555650533
.02700037697665328
.0011473900656416682
12.867624201739059
11.705393535298493
.06684508221090622
14909205169018437e-25
51.98326403210478
6.7296018771778945
.0027853496971240632
49.5572940262494
.22456322490612918
9688324609457091e-24
7.522829885209455
.000807683122853365
6.261262942640029
8.327046953303492
.01975520275730644
.009877531456750925
.03393140378030545
.14698125867651363
6.155280305826137
.01720705912555381
.6648851881482217
12.948006866589141
3.5000069403349188
1.0011650264013439
1.8264724850250287
.1694348586629838
.015380533404389848
.0007740775968830368
.5822892513243452
50475190346195146e-22
.016898019549865542
16.66214631604482
.8564752480521007
5.743967064205218
.0002735869878920608
.0006766085135890635
94.7024197808643
329.43757189772185
15.186762550618537
28.06990661499025
75.11535669541077
33599692493819095e-22
51.07455105746832
13.099620832874729
.016056951957848876
.05051590470662883
6.132762582877638
2.194268481623671
.08630956286617401
.14186214688205784
.319587033930246
.41116045804604545
6.347725141301913
.43801786923574443
2.3976766909321707
.001874945440100362
10.200737277074438
29.146569019029116
3.0685099729966967
3.6280664708884083
.6286201139949551
29.89554360389855
4.493538235909053
24.88520337774731
10.380855697024503
1.588924062730455
14.75924613647241
6.851919265231138
.001874945440100362
1.9871280761464867
7.499781760401434
2.3418279453659845
1.9364634982367255
11.995860504428979
.09983871115989046
10.356443753158237
1.7073031348303997
2.400984361116699
20.65905408252358
12.46226210085858
.5880451611656731
15.663590526043196
13.525999413132462
2.0741606169932894
4.908793543075877
16.192888470846295
24.118852442080687
11.654531343643491
8.146640605543967
35.29651965660104
.001874945440100362
1.9971662817567408
28.902599366194963
6.699531115837418
35.53976280555029
37.47248890518942
3.9986347671962355
6.607256675949479
16.11675776058871
.039742561522929695
5.43706920938382
7.5470433009433595
15.059728432302988
3.0390589108613337
6.276007046780992
19.2889068019288
19.995629846879275
18.015120771229295
7.660350390831145
.4435818822087875
14.063789756292103
18.291465857235867
1.5170996683006819
2.0230201259212244
32.057132929232836
25.357327623460794
9.10357933964821
.39935484463956183
.09983871115989046
.0993564038073243
3.267306808854831
6.874993408107192
1.9423108795173598
13.665667926652961
13.986528694719242
8.20996403566956
5.135018074476383
38.07894067093671
8.149612293134396
12.745987491796487
18.054887846587814
9.050424936995183
11.59295414040053
.0012945554691447794
24.627471349077
4.556306486424163
3.4787626210802847
.00013909691987949792
39.41424797033995
3.813580558101728
1.2416552170718531
.6649686702057065
1.5126944016851132
.001874945440100362
18.226990147892423
8.612059217839668
4.640762568346025
11.900204557143548
.039742561522929695
7.260931149739275
.562717725929726
6.488026922315963
5.72206840923293
.0012945554691447794
4.024143739209823
9.686747624282189
3.106515748082046
6.587238585799275
9.29110782940889
.5961384228439448
.3974256152292972
.18360513121374122
6.203218092298852
.0027230725551027606
2.2789631762225224
22.74097373405817
43.277616136667916
11.263166201631783
.16777932878528867
.16983816154697248
27.21722450534379
39.372023368560455
3.867548297973714
16.214946651913174
48.663614120337364
.21012315045429644
9.682317491183616
9.682317491183616
9.682317491183616
9.682317491183616
9.682317491183616
9.682317491183616
9.682317491183616
9.682317491183616
