.032323334434129165
7.125267978153919
8.402101114116544
10.362480517132969
2.065743572292874
41.306747991498284
.004835976308409905
21.987112436823473
7330525517594212e-22
.06204069172676042
1.7266504330153287
.00034506523991013725
41.33714923133723
6.136893294994308
127.88851757141221
38.09213201588477
33.11157481301404
15.184999432053147
15.699449724535128
.006745054225092855
61.78878934610551
1.7354479925930553
53.71891215732028
2870371483844941e-21
4.919188767994968
1.869461987839153
13422829419761792e-26
13.657460026577674
1.8330770730561066
55.40609559835737
18.36508363632583
.7317217797348172
9.741458873187542
188.97297920728525
146.62761859384483
4.789278503961819
6.223433399929329
5.710128094525271
5.383022572810186
29.44594342204337
17.65493522851325
.0006072273966301063
.3070554795756242
.10044946255501369
52.46032719142356
235.7228643849209
13747192096036831e-23
25.582617471614302
6.12467721043304
.5594152384653572
1.7527395968743105
6.120594351470346
33.985816831692524
5.580562779869786
.8531851140268479
49.8310111267457
30.40440567792768
19.0263776096099
26.28668746952744
2.0089211633095814
9074082953481442e-20
21.76395335357447
16.18841352360098
13.688236669676343
5.7471594530286705
1.2271864830567818
66.63130814476082
47.395574450290724
68.13674047865719
4.355034874226366
.6046440150057282
10.101131974569332
3.7767642416542673
6.181063185847867
12.829890919933764
132.81262202836797
14.418853421374358
21.07207953046026
24.56530044654288
41.30825752636371
18.90844421073843
35.189176989067505
4.353088144484299
.027017945037294745
.001147543525685106
12.824467851231233
11.700411933063828
.06700606109292644
14957954633776011e-25
51.985152332234954
6.711423638789403
.002785672289732273
49.55485416985814
.22371691680741201
965963931233007e-23
7.528868291026035
.0008075803458139742
6.260869936703541
8.326618194080185
.019758776061531858
.00984468589687356
.03393219326701219
.14634770541141431
6.132728833253253
.017206663164251092
.6645741687200066
12.945361058119015
3.5026182922187417
1.0011166771751803
1.8271823481525151
.16945689745656514
.015380853685059677
.0007714984248092276
.5818535297030493
50466689666592896e-22
.0169075976504804
16.6559711183173
.8528420918876969
5.746550625251646
.0002734993347302998
.0006766284069612296
94.69493397991836
329.41153133726897
15.18556210524734
28.06768781494294
75.1094191638302
33485473481920563e-22
51.04008661172952
13.091306785022537
.01609464110512872
.050638555179751445
6.132379945877211
2.19422155463888
.08598478370037746
.14133582951377155
.31958652867228277
.41115834544278473
6.347712596839441
.4380156186351317
2.397673847937887
.0018747972340842798
10.200430898356066
29.146419259645533
3.068440769294899
3.6277796885286486
.6285833593786256
29.89318049544676
4.493280019430659
24.885075513890822
10.37962488131847
1.5889115025525986
14.75807948435364
6.851377651787302
.0018747972340842798
1.9871123682327827
7.499188936337104
2.3418094336093858
1.9363869623531142
11.995798867923032
.09983851385724463
10.356390540218095
1.707294362454314
2.4006996861970347
20.65894793324739
12.461277015011364
.5879986788367749
15.662352389562122
13.524930243628285
2.074140337016408
4.908513044085246
16.191608495739924
24.116945955120336
11.653610105284868
8.145996650193172
35.29372962524974
.0018747972340842798
1.9970873466845165
28.90245086036355
6.699287175954495
35.53695354692054
37.46952687324196
3.99831869307699
6.606734401984471
16.115483803273055
.03974224736465561
5.43663943348237
7.546446741066517
15.058538028408297
3.0389789298109195
6.27597479972831
19.28661979494817
19.99404928214641
18.015028206873605
7.660047626701345
.4435731161600598
14.06267807687668
18.29001999901246
1.5170876758826004
2.022860215266277
32.05459895685325
25.354321108582564
9.103532564110777
.3993540554289785
.09983851385724463
.09935561841163909
3.26691941761714
6.874178268188814
1.942309344147769
13.664047644162922
13.985423122443736
8.20992185165976
5.134409236334202
38.0744258063037
8.149570419220776
12.744979978731417
18.054795077903005
9.049709541552163
11.592894574087088
.0012945488175272618
24.627344809485805
4.555946330860189
3.4787447466832875
.00013909615170966852
39.41113245105944
3.8135609633606373
1.2415570698035996
.6649634137400497
1.5126866292374888
.0018747972340842798
18.225549386184262
8.612014967805335
4.640738723421393
11.90014341213201
.03974224736465561
7.260893842000841
.56267324562083
6.487993585873793
5.722039008398918
.0012945488175272618
4.023666612905201
9.685599106138376
3.1064997863445534
6.5867178941743845
9.29106009032233
.5961337104698335
.39742247364655636
.18360367984601542
6.203095504532653
.0027227496915000573
2.278692968856904
22.74085688757081
43.27248488629557
11.263108329817559
.16776606658289683
.1698260790497313
27.215073105987578
39.368911186945056
3.86724258565111
16.213664933206665
48.65976748020443
.21012249257176674
9.68193481176556
9.68193481176556
9.68193481176556
9.68193481176556
9.68193481176556
9.68193481176556
9.68193481176556
9.68193481176556
