.03265928882520772
7.124884919777376
8.425394458035855
10.288687150087814
2.065618480829197
41.377046932379066
.004836114625110235
21.89220468258154
7379876668974133e-22
.06199071947613572
1.7253213217012047
434863239184916e-19
9.601342738512049
5.843766060955632
122.36426693869734
38.11766525524543
33.096495689195876
15.15520968446279
15.659284879691603
.00674011354725606
61.76869675236415
1.7335173438481846
53.71109666799859
28834145493078587e-22
4.920299764958815
1.876703835882333
1352964798357404e-25
13.661301585033186
1.8001182459733909
54.420818885205804
18.36626589267068
.7321421737733483
9.732175003910683
188.7697533023527
146.93185453145273
4.59765020416085
6.194175322037055
5.704493817730452
5.100263847928034
29.408159623249556
16.81703116735115
.0006069948681926837
.30694962243409274
.10042155597749132
52.46174974175714
235.19861294958426
1365580663457895e-22
25.578031939824825
6.114606290355967
.5681817737673851
1.7545248413711758
6.162339389526112
33.96207057961086
5.5736670642545185
.8620331555051644
50.20868608224824
30.41953298142539
19.050898295908954
26.778616949035516
2.0281131876425476
9202516787345244e-20
21.74376198876275
16.272538577688923
13.673875237298393
5.77073785176503
1.2419260857035819
66.62141834190743
47.55251376090169
68.26598510037073
4.377593130608706
.6091124901123655
10.091876815006408
3.7746056113183752
6.1699748976234865
12.824222072211306
132.5607550909534
14.421371703365903
21.066874487225288
24.58354178107302
41.51641069583435
18.988266880234004
35.12036292453866
4.374359119756426
.027167613031968824
.0011488100653419021
12.459211110577648
11.658116213258634
.06838808775809814
15378510759784895e-25
51.999200564571034
6.55643769705851
.002788388318873574
49.53372249587657
.21657221150839648
9415935135283097e-24
7.580230978014285
.0008068220076555044
6.257101529503109
8.322549581720274
.019790251649377026
.009566034640941964
.03394140274223861
.1410114814825122
5.942163102100474
.017203272986064878
.6619296067753193
12.922806390839742
3.5251093271453366
1.0007049628676337
1.8331653265193253
.16965069625360651
.015384511461673392
.0007496514369635512
.5779873998255286
5039765393068743e-21
.016990222541691174
16.603516894092554
.8222493616615971
5.768518565156648
.0002727936037307817
.0006768143471139941
94.63132899291922
329.1902711780663
15.175362219786901
28.04883522332549
75.05896943617697
3252057112776471e-21
50.74732774268352
13.020780730286527
.016418190423623722
.05169204338720273
6.128816892031682
2.193727762695339
.08324355597009038
.13689241923253234
.3195822340412333
.41114038887620036
6.347605970638972
.4379964891277091
2.397649682787935
.0018735379644624728
10.197827068571138
29.145146344662937
3.067852604865395
3.6253429702140916
.6282710340295447
29.873101751242984
4.491085793379521
24.883988705072817
10.369168909628158
1.5888047457799157
14.748166731746053
6.846775697193189
.0018735379644624728
1.9869788568930702
7.494151857849876
2.3416520906629925
1.9357365339135473
11.995274973993864
.09983683681197349
10.355938244360866
1.707219799587627
2.3982813282849866
20.65804569259427
12.452906985811062
.587603730060203
15.651832252124512
13.515845776527938
2.0739679663979937
4.9061294660224215
16.18073286591917
24.10074701005048
11.645782572299872
8.140525121894305
35.270023423453964
.0018735379644624728
1.9964165291093947
28.901188600241436
6.697214059720344
35.51308397572658
37.44435922520134
3.9956330899744468
6.6022967701272695
16.10465930512187
.03973957713786136
5.432987734643243
7.541377920310413
15.048423462873819
3.0382991805137944
6.275700708345702
19.267191313390924
19.98061961710307
18.014241434436414
7.6574746322938685
.44349861224964476
14.053232413643599
18.277734901643917
1.5169857448537836
2.0215014942419787
32.033068424392596
25.32878029503972
9.103134984466699
.39934734724789395
.09983683681197349
.09934894284465347
3.263628468537986
6.8672535272479625
1.9422962936445527
13.65028309130325
13.976029350058095
8.209563298781006
5.129237061208855
38.03607132597251
8.149214502077202
12.736419391044398
18.054006568722595
9.04363100457511
11.59238827624434
.0012944922805451084
24.626269256571046
4.55288617869614
3.478592819056459
.00013908962248207512
39.384660659361444
3.813394413265957
1.240723136899646
.6649187357652921
1.512620565497131
.0018735379644624728
18.21330759263693
8.611638854266818
4.640536047895501
11.899623695774768
.03973957713786136
7.260576736133524
.5622953075097998
6.487710234969902
5.721789109119013
.0012944922805451084
4.019613350414809
9.675842265094941
3.106364115815483
6.58229370706724
9.290654320766635
.5960936570679197
.39739577137861387
.1835913437679635
6.2020536134555595
.0027200069147600833
2.2763975150764724
22.739863723464047
43.22889411282216
11.262616434768091
.16765338095088436
.16972341322423393
27.196793201262643
39.34246775455671
3.864645024155
16.202774488449574
48.627083536640825
.210116900691692
9.678682669567724
9.678682669567724
9.678682669567724
9.678682669567724
9.678682669567724
9.678682669567724
9.678682669567724
9.678682669567724
