.03276363213080283
7.124765826704402
8.432617965566743
10.26644566407362
2.065579600751606
41.39922626245363
.004836152596798286
21.864004775602634
7395270004894573e-22
.0619736676246498
1.7249087379376853
30477073494539034e-21
7.095980256864771
5.738441043457703
120.37410470442451
38.124536233106824
33.091562952449145
15.145891576352593
15.646799223213174
.006738579426618639
61.7624448599725
1.7328831303339374
53.70863186842672
2887471292225316e-21
4.920517788365331
1.8789466692119807
13562506931972846e-26
13.662486674604601
1.7899937441945646
54.11723006960083
18.366571595276124
.7322700329751649
9.72926120313043
188.7066545641607
147.02557460065518
4.528056499757004
6.185441825149937
5.702727863710683
4.999379593656898
29.39622359354373
16.51898352379034
.0006069216183125014
.3069167520991973
.10041024025648791
52.46213016911686
235.03367109208236
13627047613648848e-23
25.576486977058742
6.111552681252246
.5709137490818528
1.7550777255388017
6.1751880632961065
33.95469491393899
5.571382357629189
.8647946544807743
50.32715357047398
30.423647183892676
19.055987470117138
26.93074058874236
2.0341201138253036
9242747843604893e-20
21.737488336251477
16.298579192885956
13.669311651956056
5.7780633891878885
1.246524975486698
66.61719915767624
47.60171445972238
68.30467314504351
4.384517375454897
.6104955311096327
10.088975050926749
3.7739138320983208
6.16655657981443
12.822253423469295
132.4831703367672
14.422025500757705
21.06488484875461
24.588776139747576
41.58037191378765
19.013075361372913
35.09822284375941
4.3809675871678895
.02721420686091821
.0011491888793508033
12.346359881116069
11.644997051201731
.06882217412571787
15511309340437558e-25
52.0028323220762
6.508145046883083
.0027892224808698123
49.527017324045545
.21437143961332839
9340271696283989e-24
7.59619379935708
.0008066274578805595
6.255767978700102
8.321123174818606
.019800446099384725
.009479707905033245
.03394519846370678
.13937220237004908
5.883398029554864
.017202211057610304
.6611081816741059
12.915782499254052
3.5322038103664526
1.0005768164231756
1.83499674463779
.16971341703927825
.015385982029409639
.0007428961800008691
.57672671191109
5037745116921853e-21
.017016334483220076
16.587221703884225
.8128548296477579
5.775342148499287
.0002725874081632475
.0006768796501556469
94.6115827620179
329.12158074357353
15.172195655292962
28.04298241767722
75.04330726850506
32223118655713307e-22
50.656522465030605
12.998932089919684
.016519760094564743
.05202296853204184
6.127586637490192
2.193534652039856
.0823991463769522
.13552319117146744
.3195809001933485
.4111348119468839
6.347572854215879
.4379905479078075
2.397642177438875
.0018731470229672788
10.197018486322206
29.144751004225753
3.06766995116772
3.62458648861177
.6281740612019934
29.866868285315828
4.490404511837494
24.8836511652692
10.365923557519872
1.5887715898980526
14.745089307929273
6.845347015853878
.0018731470229672788
1.9869373917373179
7.4925880918691
2.341603224028946
1.9355345633021612
11.995112263633919
.09983631594805355
10.35579777084584
1.7071966419402453
2.3975307119691713
20.657765475754083
12.450308501996542
.5874811178232647
15.648566265088627
13.513025494763216
2.0739144331175647
4.905389391567265
16.177356515922572
24.095718031588277
11.643352506970064
8.138826480541322
35.262663809742236
.0018731470229672788
1.9962082272770425
28.90079656897828
6.696570305870863
35.505673643824174
37.436545904062534
3.9947993418444003
6.6009191029435845
16.101298829002488
.039738747834746305
5.431854061139615
7.539804299910981
15.045283386034983
3.038088089681572
6.275615581366672
19.261161049973033
19.97645036435443
18.013997079578832
7.656675667762249
.4434754747975951
14.050299998183487
18.273920981057973
1.516954087722674
2.0210796779608646
32.026384249370246
25.320852869876987
9.103011504648759
.3993452637922142
.09983631594805355
.09934686958686584
3.2626070150711417
6.8651042078659525
1.9422922403364675
13.646010813033394
13.973113044162712
8.209451939849908
5.127631707833326
38.024166761070106
8.149103961749633
12.733761748159868
18.05376167446935
9.041743916779733
11.592231030856208
.00129447472135573
24.62593521261261
4.5519361514408025
3.4785456335529235
.00013908759464659534
39.37644246553888
3.813342686333566
1.2404642416077107
.6649048599463092
1.5126000474984016
.0018731470229672788
18.20950711576496
8.611522041366678
4.6404731011692
11.899462282880194
.039738747834746305
7.260478249766458
.5621779762507444
6.48762223217965
5.72171149569477
.00129447472135573
4.018355288098054
9.672813911003292
3.106321979422237
6.580920213819462
9.29052829733558
.5960812175211939
.39738747834746335
.18358751250240285
6.201730050508287
.0027191556044716403
2.2756850460696274
22.739555267724636
43.215364293424805
11.262463662582544
.167618397585366
.1696915391140417
27.191118186824582
39.33425836490978
3.8638386086284426
16.19939353914139
48.616936774149046
.2101151639527426
9.677672816510794
9.677672816510794
9.677672816510794
9.677672816510794
9.677672816510794
9.677672816510794
9.677672816510794
9.677672816510794
