.03301488099321298
7.124478825056846
8.449987300439389
10.214185647163635
2.065485925900913
41.45328185291725
.004836234533926871
21.798576553180123
7432459252455078e-22
.06192968454235485
1.7239157105206657
30142518798615745e-21
7.339256487704088
5.491416898902212
115.6809711734201
38.139033401605936
33.07919970280068
15.123321118402924
15.616713753454043
.006734886170176878
61.74736866331574
1.7312900023668059
53.70262326455359
28972494168428597e-22
4.920799566686709
1.8843358782780388
13641011601758396e-26
13.665324804013647
1.7658338657270811
53.39107304581745
18.36718956438368
.7325727031133948
9.722185507159043
188.55475770490634
147.24975796555483
4.363233773467706
6.165097162485575
5.698444180459067
4.764161273574393
29.36708920535595
15.819609883745118
.000606743265006523
.306837618186645
.1003779319710053
52.46292856478243
234.63227604123003
13557056291017718e-23
25.572533749965075
6.104347725763019
.5775092053041478
1.7564060757601911
6.205897927329403
33.93693429585699
5.565608225941181
.8714667248880079
50.6145746339185
30.432430422987437
19.063337357786413
27.295584796938996
2.048667508646728
93402524752722e-18
21.7223775261326
16.3611049971842
13.658123742177901
5.795704219096849
1.2576380704568344
66.60483418390733
47.721112375809916
68.39505772504833
4.401037523878042
.6138164487394071
10.081934355913017
3.7722063632042144
6.158357828538044
12.817113400474227
132.29763376191107
14.423312303478182
21.059374755366168
24.60054891471314
41.73302975464262
19.07283405337893
35.04345219649772
4.396880595272552
.02732658194394354
.0011500725216374338
12.075837342832907
11.613441205326316
.06987681211068189
1583536573270109e-24
52.010163790223984
6.391596412906257
.002791214629667169
49.51059686019671
.2091089287240116
915819017572421e-23
7.63464624622498
.0008062373558593303
6.252245255326402
8.317377606509966
.01982579728619968
.00927234190835424
.03395611593374508
.13546132144947862
5.742756838919314
.017199636824716858
.6591301581708624
12.898832026598289
3.5494948293053916
1.0002677213852549
1.8393554083643768
.16986930272695575
.015390170240987475
.0007266934080564834
.5735727469910725
5033113917378908e-21
.017080060047892757
16.547974331681438
.7904473921333909
5.791770157785427
.00027211598496724434
.0006770512218293474
94.56405259996218
328.9562394437865
15.16457357671458
28.028894422741228
75.00560765021793
31511299756382933e-22
50.438176707731614
12.946448455540919
.0167664420448841
.05282710019905433
6.124388873712623
2.1929940801625083
.08037990488471382
.13224801895867005
.31957768843598267
.4111213835361931
6.3474931136938135
.43797624233993765
2.3976241053608973
.0018722060073013663
10.195071759385424
29.143799083652276
3.0672301828670765
3.6227655996871864
.627940621164694
29.851864022114047
4.488764473989228
24.88283841996614
10.35811322193765
1.5886917564929584
14.737681795404146
6.841908108655701
.0018722060073013663
1.986837551093955
7.48882402920545
2.34148556195597
1.9350483235314468
11.994720481451827
.0998350617678909
10.35545953165651
1.7071408817930338
2.3957242622760724
20.657090755563285
12.444053821930229
.5871859840571904
15.64070487149594
13.506236935974966
2.073785535684547
4.903607819927293
16.169229473182266
24.083613029753867
11.63750321859149
8.134737766133737
35.24494885268873
.0018722060073013663
1.9957067452321686
28.89985261640034
6.69502046104855
35.48783660555759
37.41773885061643
3.992792468536133
6.597602989360865
16.09320999547589
.03973675102187906
5.429125252506972
7.5360165171704185
15.037725064562746
3.0375798629904076
6.275410608348297
19.246648485736106
19.966414765166704
18.01340870967208
7.65475217835952
.44341976694253643
14.043241528000985
18.26474068409784
1.5168778630400548
2.0200643451462494
32.01029510691017
25.30177455456388
9.102714183737332
.3993402470715636
.0998350617678909
.09934187755469773
3.260148762748594
6.859931608688191
1.942282480386672
13.63572905442143
13.966093350505515
8.209183804218988
5.1237682291806035
37.9955169740067
8.148837797193433
12.727364669263181
18.053172005778606
9.037201602391953
11.5918524075079
.0012944324414570641
24.625130884781278
4.549649388481879
3.4784320179260866
.00013908271193085637
39.35666086336156
3.8132181356260886
1.2398410677350544
.664871449467817
1.5125506432298783
.0018722060073013663
18.200359178494487
8.611240773394995
4.640321534878069
11.899073624800433
.03973675102187906
7.260241109342159
.561895554061671
6.487410334638481
5.721524614191219
.0012944324414570641
4.01532760772645
9.665525807608535
3.1062205212969083
6.577614147108523
9.29022485178467
.5960512653281852
.3973675102187909
.1835782875034483
6.200951010632577
.0027171068224549327
2.2739704025271945
22.738812552493073
43.182803133238075
11.262095810036234
.16753419088077262
.1696148138138488
27.17745814419379
39.31449795482206
3.861897526259203
16.19125542562884
48.59251301105293
.2101109821076573
9.675241617657221
9.675241617657221
9.675241617657221
9.675241617657221
9.675241617657221
9.675241617657221
9.675241617657221
9.675241617657221
