.06467040465197575
7.084940106704629
9.559632261351844
9.905657036984012
2.0533499294313247
46.75963990884351
.004778808122272928
18.013349847671215
1077431946128166e-21
.06508534360187933
1.603597036127971
11688512090058999e-21
4.841764035890887
3.238144894324289
68.00446451727224
36.72792152245607
30.56174760299825
10.518306180570114
11.953665917419308
.006276760950241433
59.549748063604376
1.7252372934521927
52.79321005904951
3692951590346293e-21
5.496714217750803
2.2166668802717937
2250518271600342e-25
13.901580249542912
.4618356142056938
17.926896764219386
17.741202086270814
.7343524339302361
8.743173909790237
171.7047218316205
164.1978918657809
2.7442651673101883
4.87568306947984
5.121763005395453
2.67567312476313
25.17457564617971
8.33539683316933
.0005737521006167058
.29703227663398485
.11205272019370237
51.64972938607011
74.69757916519522
14484620236031337e-24
22.834205262827577
5.333634770994434
1.1701492865740881
1.893837722531899
7.7652368203467335
31.72684882779307
5.640552188264166
1.1828812333954244
59.4049075190672
29.86035279994554
1.7628016399586175
22.997721455466237
2.6012561897592765
.00018199632064407504
19.914171129934978
20.766739588761766
11.883590513229544
6.848236652093749
2.25990444442443
61.82452567098091
54.61705870235325
72.03568253936743
5.274176825677618
.8662135064718834
9.085872105301592
3.419750098444408
5.089580617480281
11.53627744219052
106.46202638585582
13.947834289687345
19.284339787972563
24.451941625683386
57.65260749519078
22.697872570084844
32.4243103459344
4.992615720186333
.03872491426571312
.001079759723913235
.06251281635299465
8.056605734029226
.2725609775590481
9356156557198335e-24
47.127433204144864
.04530642639901044
.0030928035188253237
46.786172878018526
.0008021816006510918
50659089068189397e-27
10.170013373225496
.0011675110343493066
6.742434203064216
8.798770997882981
.020517953853224857
4567835623815332e-20
.03351281700071812
.0004733357134277393
.02611805978587454
.016841475797467344
.428782990851149
10.427972933302323
4.8959437480842185
.9565084107520848
2.1827655232530176
.15537188275822036
.013208047379480498
3324792331397946e-21
.007471916670272746
4173021958219813e-21
.018900605435419413
13.086954049880529
.0026319450883600308
6.258126832398881
.00021305789832645367
.0005582033082712693
88.76268544505137
308.7752523726704
14.234249033218696
26.309362496794353
70.40412265996619
15761279869538382e-24
39.00887239698502
10.416393297108682
.06221764418109109
.20978306534492638
6.419188047408694
2.3790528347443716
.0003053345135295319
.000526355806053504
.319173288556703
.4094330057902694
6.337454399385779
.43617757807575
2.3953482447874705
.001757348890465098
9.952748099142877
29.02411243203306
3.012323937147299
3.4005141967267494
.599212262892985
28.020495561380116
4.2868515471105395
24.780650520416078
9.419702381219444
1.5786653551689973
13.833546442099518
6.422166992585036
.001757348890465098
1.9742984096454217
7.029395561860375
2.326708199486201
1.874752732342497
11.94546101711731
.09967717019635831
10.312932122180314
1.7001300601977558
2.178679558195213
20.57225699666895
11.680629210446131
.5511629775544559
14.681170365239096
12.677648934588486
2.057609324059155
4.684241711341275
15.1772707509524
22.6061183818304
10.92355931410264
7.635683430022511
33.08272247777359
.001757348890465098
1.933521053753445
28.78116779490476
6.502593419677556
33.310709420101006
35.122214968012784
3.7478404550968283
6.192849637201392
15.105914957690315
.039485968192908366
5.0960563108338475
7.0736928592945745
14.115182492881875
2.974222446842011
6.249638989449434
17.502965712675163
18.74150424541587
17.93943192419804
7.41623213605031
.4364566748569366
13.181709075561889
17.144225395418996
1.5073046867759285
1.8961363342316386
30.04651003693417
23.00951736228641
9.065331501466888
.39870868078543326
.09967717019635831
.09871492048227111
2.964790054481355
6.238444466170333
1.941053190185767
12.400377046619019
13.109293826601924
8.175470638710484
4.6595717535708125
34.553248651279226
8.115372458383794
11.946559349157166
17.97903192190432
8.482782421879316
11.544247426539679
.0012891165152725394
24.524001328788092
4.270535012532327
3.4641469248976984
.0001384688946539181
36.942186933975805
3.797558155633885
1.163778620643287
.6606753755888136
1.5063389574653323
.001757348890465098
17.083793601590052
8.57587645553458
4.621264837933657
11.850206959358683
.039485968192908366
7.230425025796177
.5274240786733039
6.460768083283258
5.698027673340652
.0012891165152725394
3.6515521907764588
8.789861098722024
3.093464012362785
6.174087081362535
9.252072107795875
.5922895228936252
.39485968192908444
.18241970555867992
6.1035764772349195
.0024709459200831655
2.0679561959355524
22.645429657270892
39.27058382026456
11.215845060988428
.1572562118223682
.160220359594923
25.51016059616387
36.90261065858105
3.6249757272406136
15.197945443236517
45.61143297898785
.20958476542820148
9.373763661712472
9.373763661712472
9.373763661712472
9.373763661712472
9.373763661712472
9.373763661712472
9.373763661712472
9.373763661712472
