.07547778396416632
7.070083668974824
9.534595551899443
9.980288593578408
2.049038309178172
46.78246320076319
.004736833630463407
17.069448626014925
11006328692464345e-22
.07192813899405373
1.5645860577125583
11271471763533003e-21
4.710501384785853
3.1455335202893746
65.40766094875393
35.731814769833974
30.264218277164915
9.332823684091672
11.152604538267314
.0061228272933856725
58.63859030938329
1.8394155997278279
52.474630903319614
3745683117221207e-21
6.130182092879963
2.2122994461954066
25316885076012016e-26
13.943998592042195
.33477596687762656
16.118537436267534
17.413916593667885
.7260716520965395
8.408485453502328
167.12111152862843
166.86893560779555
2.671877562855892
4.550390247743122
4.929501245094413
2.5840601178616716
23.77594977375393
7.785920846918691
.0005613988762979936
.29375847485621304
.12728700214457986
51.168638719156746
70.57869912455814
13903027538281098e-24
20.83052923860862
5.105004363546762
1.2011692123456426
1.9374527417652223
7.775079223946218
30.99926488498637
6.181050959096061
1.0216458490098925
50.94852718519341
29.30640397510094
1.647418377402787
13.051551874703298
2.188683859401208
.00016961476355412892
19.413019650539397
20.78693015925762
11.676729872566566
6.700733604718459
2.2625558566920394
59.9133545346625
53.94134571621105
71.24570794194487
5.25047989153439
.872207162684979
8.713905060231497
3.2625455085024906
4.8350017378219
10.997391219354823
94.90944076551818
13.398584614976585
18.484135605606646
24.030202430142854
62.38998909763011
22.212123118524207
33.358892542410466
4.475089102645184
.037321635486994985
.0009999819959653797
.01707972686020807
7.044306906132323
.34218327721277675
12152305941646451e-24
46.273724571463646
.01318008057361822
.003106933762911357
46.42656839195463
.0002010157606139611
12557712387146787e-27
9.937828404955502
.0011582429682583946
7.555425229530626
9.6034989315803
.01752158703656366
11227772190341325e-21
.028651730238123813
.00013408717650269494
.0071548937135845385
.016780877542248683
.3515964709500453
9.27746423442195
4.349740661061429
.9403020873284045
2.2338605172902763
.12156922263856802
.010119162588822648
7537362578274861e-22
.002000203160815544
3353546788856921e-21
.014680922650012472
11.983345259137563
.0006659403890827663
5.719526200079206
.00017034471494471178
.00041557657158387693
86.86468771269865
302.17276253280664
13.92988045478584
25.74679377652423
68.89868302069772
37081835875554724e-25
38.60350286518875
10.47694099683229
.0762638810659718
.26542236320624774
6.9829292242513965
2.6201866901184747
7376022659098272e-20
.0001298532382153503
.3190353413039869
.40885817297963345
6.33403076080471
.4355651966126148
2.394571747560788
.0017197717915712148
9.871343220346148
28.98336336713215
2.993804577777147
3.327801567519332
.589708273895774
27.421337967530366
4.220017947114249
24.745859160690333
9.119193394169455
1.5752567931982042
13.537746020493811
6.284842864460693
.0017197717915712148
1.9700356199059237
6.879087166284843
2.3216845071248438
1.854600660151721
11.92868991455913
.09962332229718147
10.298453045814083
1.6977431238073588
2.109174943225095
20.54337410705506
11.430864259749548
.5393775513214615
14.367245342333412
12.406564877039232
2.0521156141560235
4.6116184545939705
14.852737696052392
22.12273551423372
10.689982663019656
7.472410881851156
32.37532012814843
.0017197717915712148
1.912737269745333
28.740759817670483
6.43817223238463
32.598432063626134
34.371202489849765
3.66770100630337
6.060428963927756
14.782907691843697
.039400712398118425
4.987088186746479
6.922437261979282
13.813359894467819
2.952895855275742
6.2408646661902925
16.944583050057982
18.34075777880858
17.914245449418615
7.336513652214578
.4341045592127751
12.899846783896123
16.777633276666652
1.504050202589701
1.8555915665225642
29.40403051269177
22.275463729250635
9.05260402245899
.3984932891887259
.09962332229718147
.09850178099529622
2.870206805453827
6.039424523562147
1.9406336815634588
12.004778056915589
12.828979978154436
8.163992500165078
4.510921283409033
33.45092489079773
8.103978696049937
11.691108058556516
17.953789849804547
8.301396496926253
11.5280396169566
.001287306630726761
24.48957029755098
4.179218872996003
3.4592833567799994
.00013825995478521587
36.15225829811631
3.7922264872112486
1.1388937360561828
.6592488839305924
1.5042240985154067
.0017197717915712148
16.71849368582902
8.563836158106463
4.61477670771964
11.833569590908331
.039400712398118425
7.2202737056024135
.5161462573648232
6.451697340515433
5.690027797375043
.001287306630726761
3.535059736386583
8.509445418036247
3.089120872978123
6.042067604698226
9.239082450052804
.5910106859717761
.39400712398118487
.18202583559184077
6.0706835956627785
.0023921173726993393
2.001983896965328
22.613636089595943
38.0177668110756
11.200098319399725
.15389362841312684
.15713366813188268
24.964681077144068
36.11352827563262
3.5474634744776488
14.872970304831757
44.63613129755023
.20940541394283477
9.273003300758592
9.273003300758592
9.273003300758592
9.273003300758592
9.273003300758592
9.273003300758592
9.273003300758592
9.273003300758592
