.16376681282910754
6.929970101509279
9.068736414687724
8.227301943145358
2.0102462310705174
44.261510895911876
.004212812739140556
11.261686946970553
12139744372338366e-22
.09515793456481685
1.281239919487952
36227108790951585e-22
2.785941612339194
1.5026986153088713
37.87440593347411
18.21133861265839
28.682317260218866
10.823719626306602
11.049252581184087
.004841219897110942
46.23033973131889
1.9989361296912864
41.47954493757768
3908984498387149e-21
8.632263103392045
2.017366565370325
39247123598940155e-26
13.944367741485975
.036592904562458145
14.551677477452179
14.609981025140323
.618904286464456
5.5887321919408155
143.30085305709605
168.44787809324308
1.3466112083146367
2.657980435950988
3.351938929338341
1.154412422044883
13.096948208579436
2.7535314256650736
.00046909818430448697
.2683560690234539
.19785210269076065
47.27121912478948
52.035999011700596
12050282022192911e-24
6.009123212700292
4.3739977825613625
.9636608841108514
2.1400137087510442
6.052353682738559
25.597698143500512
7.452130857529659
.4951493108347943
28.910583677075156
21.47138470274598
1.1144485342240698
1.1001360031613345
1.0409652105200593
782144164359569e-19
16.408325554420237
14.960589996818777
10.633483463652745
5.343743311420757
1.5232632984346341
37.21553662331705
49.4034043121382
51.90549339055189
5.4262720186531395
.7100739083506159
3.3270115865815693
.9665938152516708
2.022917555573969
5.080271510546155
26.489400327472673
5.601745147867532
6.450356862644483
12.16834203668258
73.99212489795697
17.676239421713003
3.4933621754060566
1.1090464887584754
.007057963976430574
.00026594960263854
.0015139172716065004
2.135005257708787
.36768076837228164
39908382868740805e-24
42.95159192702825
.0013894921919189761
.01104597254935461
44.44072878554751
7224159755451161e-21
1050122623653787e-27
7.777537871470018
.0001784886697419229
10.888399442062259
12.885844445150964
.002128790648017141
6439099685286487e-23
.003139598572448657
7478488975040324e-21
.0006582714481803056
.0168150815034304
.020799763855729028
1.432073537778169
.6247040694253012
.8015198843098174
1.3060565229045298
.003548246767282099
.00023113651372245317
35780501411378038e-25
8134597846957536e-20
11172522923496265e-23
.0004054301182206089
3.1156898556830264
8172345661931912e-21
1.779830151525465
14145792759694373e-21
4400928442927523e-21
72.80419270161939
253.2610731921513
11.675097529792788
21.579246813787815
57.74628479776795
28328761428464506e-27
24.880897442518425
20.085236899957927
.017204030496736463
.34486000865668925
6.928458342619461
5.820610297022067
7005186005361144e-22
517474921105341e-20
.317910635638051
.4041923008123224
6.3061311156930095
.430594545021836
2.3882377072336523
.001441398112550357
9.23077614221986
28.6526064509521
2.846716056643325
2.789141513934326
.51750401665713
22.982738165447447
3.7116379634053835
24.463460463184532
6.997229717521879
1.547685356628403
11.34643657824983
5.267536476006962
.001441398112550357
1.9355544404759915
5.765592450201414
2.2810484804149884
1.697879920240781
11.792560210072091
.09918450925033943
10.180927535482123
1.6783685511263557
1.6183867316185268
20.308933991133657
9.580588685996046
.45207032016526366
12.041667633161513
10.398355924107722
2.0077815706806885
4.058979817907552
12.448574971529256
18.54180268042079
8.959631102912248
6.262876850341101
27.134835886156786
.001441398112550357
1.7511037673906007
28.41277148293
5.935240715832438
27.32183344261234
28.807651478974744
3.0740225731082447
5.079447699203206
12.39004811537362
.038711088809519796
4.179844985671684
5.801925611623811
11.577437760898537
2.7843023380521252
6.169644182730903
13.001713522677388
15.372000968201279
17.709808838474352
6.7165506204707395
.41535804634060325
10.811791946830924
14.061894174898118
1.4777250821791392
1.5552331970780717
24.644498932992263
17.092140723493134
8.949296088457679
.39673803700135774
.09918450925033943
.09677772202379968
2.2023325404411156
4.634098535515081
1.9372099719504592
9.21136181033419
10.752396112721328
8.070825363250458
3.461265826191675
25.667161075247712
8.011496434128114
9.798707695879667
17.7489019598366
6.95767735047546
11.396482116710438
.0012726159419352658
24.210096357705257
3.502742762147359
3.419806161508068
.00013656482215248063
30.300413770439494
3.7489497590248697
.9545448353045791
.6477101691854861
1.4870579567613798
.001441398112550357
14.01232731083618
8.466106022288661
4.562113071226853
11.698525395529346
.038711088809519796
7.137876247633504
.4325993976711761
6.37807084349901
5.6250934409513595
.0012726159419352658
2.7124794893015953
6.529365239340505
3.053867956306196
5.064058431471858
9.133646432127492
.5806663321427966
.3871108880951987
.1788398701024324
5.808525215259328
.0018354907111361504
1.536138188143107
22.355570231542533
29.17133525146643
11.07228327136292
.1289833840835047
.13404513699679915
20.923732068044544
30.267952846507228
2.973247486389925
12.465532595935866
37.41103076534244
.20794596941294952
8.489399601203889
8.489399601203889
8.489399601203889
8.489399601203889
8.489399601203889
8.489399601203889
8.489399601203889
8.489399601203889
