.18637481739815615
6.89165133683133
7.841983289786713
6.566099147863174
1.9956602318113956
41.900567949991
.004059830336663642
9.927595978972585
8844322147905598e-22
.10827729816146618
1.2177708142852774
15987863701284042e-22
2.0853733117888735
.8663116502043877
20.448779585334076
3.1931230171345213
29.69420101923385
10.017307406667745
11.274402711141729
.004468766415727682
40.95499989684474
2.117761404129836
11.354787269896992
3145733023293844e-21
9.874787967406153
1.630238017266945
39902200489974723e-26
13.914285159170186
.004729917782851777
14.225117273206113
13.967867575508972
.588781738266445
4.817254256712371
138.7198503999163
166.05576843433883
.7959996125663157
2.27305685025786
2.916171260339373
.6507363069840182
10.614598172062001
1.4478275158949432
.0004484183664333897
.2622194942072366
.2370419528223227
46.3080608946888
50.654501324874886
1193968018226308e-23
5.456397667530639
3.8096739408803764
.6015442021869809
2.1917222778905514
5.650647819598348
24.341281851278648
8.326261522336974
.4213472655762758
21.994649827681776
11.916748815636272
.9586271460523725
.8412092336721663
.8123442503702188
5887527957903382e-20
15.822337455184453
12.162622808985192
11.24652049185158
4.025403068355372
.8731936555910521
10.005542144125881
37.79201169093934
13.88946281177176
6.269442035273407
.7011394586829459
.3862387971841476
.094235043755037
.3397616063862194
.9839904250683504
22.90346653888229
.8930058989124947
.733249380159103
1.8320252688949177
61.34908672247133
13.213152828847619
1.0489411520913454
.7164250843056617
.0020339077999878548
.00014324453249150583
.00045654974313187244
1.5613060792345381
.26946128531532576
17899104243999887e-23
38.31821690141715
.000570243163090486
.08039656405809381
45.414765562684934
1678226652158494e-21
17673061139978367e-28
5.3002928003032554
4139805844964896e-20
12.742867882539379
14.734052720734864
.000796881849834162
7475397727952175e-24
.0010019925368537678
2375607367386048e-21
.00020938912746308762
.016914043086722737
.0020157244720244855
.1833900750148556
.16053281606565395
.7669070732972428
.7574970537227758
.00026828154744320306
11474825058687368e-21
27429798416511507e-26
27792529662049996e-21
4017695465205332e-24
3382229485515589e-20
1.3045128681511944
30094047182227656e-23
.956142326036643
37876592092086584e-22
15271087819638412e-23
69.58559219135678
242.06465456353314
11.1589531502958
20.62524990470052
55.19337932874361
241664689327253e-26
9.767789189468811
26.163924689538945
.0038219149474473793
.22697011239346415
6.786367127049787
7.594817589624819
6023348337760697e-23
13424763798946407e-22
.3176232725876157
.4030061072218822
6.2990066911233935
.42933086808302023
2.3866184577458087
.0013776753442812306
9.07354291866799
28.568518906352125
2.810228026691972
2.6658363584642895
.5004822118657178
21.96669430805988
3.5916180576971857
24.391666913571886
6.538385738039499
1.5407031384037202
10.844821970556985
5.0346639591865685
.0013776753442812306
1.9268223920455547
5.51070137712491
2.2707577722919665
1.6599249035383503
11.757952278877074
.099072454403768
10.151049304345475
1.6734429995665128
1.5122608734924459
20.249332837720942
9.157040446683215
.4320847436597756
11.509317556190682
9.938655013469354
1.9965839013274935
3.928451339762863
11.898235928287379
17.72208813715297
8.563534777007147
5.986001331525393
25.93523194319413
.0013776753442812306
1.7119589657195995
28.329387788208557
5.812900947800314
26.113962524791617
27.534094032500466
2.9381231110688164
4.854890399000573
11.842296485879448
.03853644784091106
3.995058221276971
5.5454282858363815
11.065610822064386
2.742701399893835
6.1515379685102385
12.149124967824573
14.692420186874799
17.657835404814424
6.566406438927832
.4106892756489902
10.333813443318867
13.440231903989108
1.4710584823074835
1.486477893627238
23.55499029485678
15.971322030374978
8.92303235795677
.396289817615072
.099072454403768
.09634111960227783
2.057914382427943
4.3302170996913265
1.9363342409127517
8.60732591611138
10.277043439602817
8.047139703488485
3.2342930026813717
23.984034637324676
7.987984888507634
9.365516633393357
17.69681379858317
6.650085396777651
11.36303656613156
.0012688811630431852
24.139046362280475
3.347890009535004
3.40976996799034
.0001361341052954691
28.960862796742138
3.7379476192856904
.9123453632690693
.6447880935011551
1.4826938493467208
.0013776753442812306
13.392856341389928
8.441260322161659
4.548724520101371
11.664193430734644
.03853644784091106
7.116928537750655
.4134746111662257
6.359352954170769
5.608585333865019
.0012688811630431852
2.534608398401316
6.101201515858531
3.0449056910959458
4.840181475396877
9.106841683908977
.5780467176136656
.3853644784091113
.1780330530094224
5.743235346613661
.0017151282396723837
1.4354057857871558
22.289962761865358
27.25842227105082
11.039789155513523
.12328115773607444
.12869975085344396
19.9987148099477
28.92983693777597
2.8418031900971
11.914443873087048
35.757126529301054
.20757389083334618
8.299624517691738
8.299624517691738
8.299624517691738
8.299624517691738
8.299624517691738
8.299624517691738
8.299624517691738
8.299624517691738
