.18637481739815615
6.8916503016593555
7.842614646221891
6.566151412600627
1.9956554104670194
41.90040460327635
.00405983032118448
9.9275890970908
8845927225133774e-22
.10830147610927422
1.2177708081423133
15992537924667911e-22
2.085513104750343
.8665013419084159
20.453768110548268
3.1800510664994004
29.69360084190904
10.018414817261823
11.27439570608976
.004468766567397735
40.955004366492936
2.118085929785023
11.313637279696895
31461267603938817e-22
9.876790102817578
1.6303313189404738
39918783569280493e-26
13.914285111730655
.004710093522942439
14.22712051119383
13.967869764881241
.5887817382575428
4.817255182014973
138.71984622406137
166.05576842967457
.7961678014442906
2.2730553044046986
2.9161717692624882
.6508811745555617
10.614601327276505
1.448139494047727
.00044841840934784497
.26221949420723745
.23710180894320979
46.30806090060214
50.65450313583839
11939812955291961e-24
5.456416502794886
3.8097693233367846
.6016592704970958
2.1917080196618652
5.6506377707586495
24.34128205946441
8.32828362149042
.42149120715859506
22.002448780024405
11.891318266186449
.9586294559038313
.841228817880742
.8126420096562349
5889568381759969e-20
15.82231779403222
12.16292908472829
11.24615091261551
4.025933712358274
.8733774751882631
9.969458472558165
37.794126041585095
13.835977292654883
6.269430368636838
.7011480950353324
.3845501470543175
.09381415835132546
.3408277222858525
.9801053909843243
22.903827032830076
.8958372452103445
.7300236042880297
1.82425721030067
61.36692483028866
13.214938478302875
1.0508785546287742
.7165521986396578
.002033917490954684
.00014326595619384245
.0004565731454122541
1.5613060842175748
.26954756659016027
17913276315729477e-23
38.321578578687294
.0005701680332744046
.08038615309268793
45.41415713274887
16782933403409294e-22
17683195111929207e-28
5.3012652467934736
4139845834694397e-20
12.746001741319922
14.736661566301535
.0007965409809656904
7474255578628942e-24
.001001574086087125
23759698118544577e-22
.00020939528262704785
.016914022831831285
.0020071093646164004
.18260557690461512
.16049094894686686
.7669070896452587
.7578257120853524
.00026709931825695787
1142096605351036e-20
27349139361085817e-26
27792196712033636e-21
3998376210460838e-24
3371003110710481e-20
1.304244142075582
29964073840819394e-23
.9562997602611124
37862203904910232e-22
1519561080591322e-22
69.58559219135678
242.06465456353314
11.1589531502958
20.62524990470052
55.19337932874361
24156908305674395e-28
9.737237498615759
26.039561738023252
.003813838848808613
.22609576659185873
6.780608259452045
7.57018833646316
6008836528294311e-23
13370250693696042e-22
.3176232725876157
.4030061072218822
6.2990066911233935
.42933086808302023
2.3866184577458087
.0013776753442812306
9.07354291866799
28.568518906352125
2.810228026691972
2.6658363584642895
.5004822118657178
21.96669430805988
3.5916180576971857
24.391666913571886
6.538385738039499
1.5407031384037202
10.844821970556985
5.0346639591865685
.0013776753442812306
1.9268223920455547
5.51070137712491
2.2707577722919665
1.6599249035383503
11.757952278877074
.099072454403768
10.151049304345475
1.6734429995665128
1.5122608734924459
20.249332837720942
9.157040446683215
.4320847436597756
11.509317556190682
9.938655013469354
1.9965839013274935
3.928451339762863
11.898235928287379
17.72208813715297
8.563534777007147
5.986001331525393
25.93523194319413
.0013776753442812306
1.7119589657195995
28.329387788208557
5.812900947800314
26.113962524791617
27.534094032500466
2.9381231110688164
4.854890399000573
11.842296485879448
.03853644784091106
3.995058221276971
5.5454282858363815
11.065610822064386
2.742701399893835
6.1515379685102385
12.149124967824573
14.692420186874799
17.657835404814424
6.566406438927832
.4106892756489902
10.333813443318867
13.440231903989108
1.4710584823074835
1.486477893627238
23.55499029485678
15.971322030374978
8.92303235795677
.396289817615072
.099072454403768
.09634111960227783
2.057914382427943
4.3302170996913265
1.9363342409127517
8.60732591611138
10.277043439602817
8.047139703488485
3.2342930026813717
23.984034637324676
7.987984888507634
9.365516633393357
17.69681379858317
6.650085396777651
11.36303656613156
.0012688811630431852
24.139046362280475
3.347890009535004
3.40976996799034
.0001361341052954691
28.960862796742138
3.7379476192856904
.9123453632690693
.6447880935011551
1.4826938493467208
.0013776753442812306
13.392856341389928
8.441260322161659
4.548724520101371
11.664193430734644
.03853644784091106
7.116928537750655
.4134746111662257
6.359352954170769
5.608585333865019
.0012688811630431852
2.534608398401316
6.101201515858531
3.0449056910959458
4.840181475396877
9.106841683908977
.5780467176136656
.3853644784091113
.1780330530094224
5.743235346613661
.0017151282396723837
1.4354057857871558
22.289962761865358
27.25842227105082
11.039789155513523
.12328115773607444
.12869975085344396
19.9987148099477
28.92983693777597
2.8418031900971
11.914443873087048
35.757126529301054
.20757389083334618
8.299624517691738
8.299624517691738
8.299624517691738
8.299624517691738
8.299624517691738
8.299624517691738
8.299624517691738
8.299624517691738
