7837105077822663e-21
7.1659099568669165
11.04227757462344
49.98122993897907
1.7739656478709087
57.0984523645825
.00447379003764797
37.8166286678962
14295875646915588e-22
.6774390423034872
1.8600452220410355
.014013370718804962
89.00232242374491
1.2319426616368496
29.56035314354103
2.024161001326595
12.411012394781466
66.01974228100606
21.627037472655815
.007229906866069247
63.4746772534409
7.023059681743929
47.733918426263905
4218251100254164e-21
28.588266296000086
7173099690280238e-21
5114059950603303e-27
13.282962545428994
6.697888947745741
1450.6189917389493
5.833315461586213
.5220428995498582
10.637927942157248
211.67981536377164
79.62392814373165
1.1117825576662717
11.041857574592077
6.266449723299438
1.013028780418303
33.08440306471004
5.341308835329501
.0002718140206239298
.31741438000923916
3.4219837061321736
46.430475619910574
266.24665818844056
17889661657802084e-23
19.79536948406533
.5468112131740122
1203331913928632e-21
.961287193810713
.0021677789892428157
36.280496852523896
107.20168095700116
.0028545803050048424
.2215202369862552
2.135336276914502
.0001377420366058552
.0017055595939630445
.007292180868787294
2141079171444532e-22
23.693786278344557
.02679081357630568
3.5957874215879304
10.042407187799823
.004765796137177941
5.477396768373374
.10467644710769337
.007887919530528892
6022430866694794e-31
10345395136565235e-22
8.166234239590514
2.386638899612421
46.79182166789577
1.1110007987803856
153.16646916838948
48.18252508062059
1.4856096787583266
1.6962235888576966
248.28730685155287
33.36990561112797
225.92217415596073
10.180769961644112
18.003059147483285
.0031875097316415653
189.20692949696982
16.095245666004427
.011502126832593971
5063309495084578e-20
24.334461084783115
.9101043736117302
.3506840604261136
24.30930922726839
3.7456235091860295
16482552972741705e-24
7.411351643277248
1.9933385889574262
120.20839022513766
349.87751433119615
.0016129893554973351
20.736625207599854
1.9349255459701176
10.388139524174123
66.86156146176293
.012418361887550007
.7859752798434977
12.404571906611647
53.658251700720164
.8327791089807787
83.77784930161162
.002754502943082596
.0005791833212850803
.00012067685367477194
.9365060607685795
.0003581617594047862
.5117129719570522
1014.961760868421
16.31495009794244
9.969886343685612
.011054123482802596
20812380487396215e-21
101.01727056337621
351.4047942084184
16.19943086045165
29.941635681289384
80.12412278717785
.00068806448042062
1993.55389452797
509.8423097727701
215.22320745997314
466.5190673836771
5346.44568827643
1774.7006136618136
.05242619485981998
.06800552380760815
.319999899685071
.41288926093159267
6.357977361854327
.4398595992499931
2.3999994357285024
.001999968651830135
10.454026667897148
29.26912135021226
3.125546695685795
3.869989522545472
.6593633142078034
31.88900794575527
4.709432611732345
24.98983798101462
11.43628539708914
1.5992140529771732
15.743407230031103
7.308812001804032
.001999968651830135
1.999996865160474
7.999874607320535
2.35699379707818
1.9999843258524561
12.046299397199034
.09999996081448244
10.399989404239436
1.7144818178195764
2.6450943148693185
20.745919031746226
13.293258032763772
.6272565926658613
16.708054195706673
14.427926398482168
2.0907878314361517
5.143287197393432
17.27264624966402
25.72712131809878
12.431666991766505
8.689866638435246
37.65012641014753
.001999968651830135
2.06267831191839
29.024125880251137
6.901729865932197
37.90958925224756
39.9711914349998
4.26526767844641
7.0478350696898335
17.19143906853743
.03999993730320947
5.799618348369882
8.050287594013092
16.063925981797524
3.1050800468995736
6.302395720302148
21.250025009782295
21.328958172359936
18.090868796515533
7.91162897010475
.4507984746537646
15.001577132296942
19.511158846592785
1.526924518434353
2.1579171037890728
34.19473417988383
27.935426912110067
9.141857082371759
.39999984325792975
.09999996081448244
.09999984325802368
3.599496441957738
7.573979353239315
1.9435650837510132
15.055067049612003
14.91916422691417
8.244484401714848
5.657099369539999
41.950456286226995
8.183878898720481
13.595902512687237
18.13080308015798
9.653916200763273
11.641698936204047
.0012999986755299296
24.731022268672568
4.860125498100299
3.493389744724506
.0001397256337999962
42.04242891031541
3.8296154878817967
1.3244500119385472
.669275056704146
1.5190548149870446
.001999968651830135
19.442383833339917
8.648270270082033
4.66027554329848
11.950241246164557
.03999993730320947
7.291461125270186
.6002402990608374
6.515307074006882
5.746127941669949
.0012999986755299296
4.433281573666816
10.671606814900588
3.1195776884612454
7.0264821535389625
9.330174071580466
.5999990595481423
.3999993730320947
.18479417168065318
6.304137671332417
.0029999294668995513
2.510667140880109
22.836592513155793
47.677685143669684
11.310524340890368
.1789670199564411
.17999746079621226
29.032095887332503
41.997388730431275
4.125440234128827
17.296175292006613
51.90855192043538
.2106610724723943
9.999921629262278
9.999921629262278
9.999921629262278
9.999921629262278
9.999921629262278
9.999921629262278
9.999921629262278
9.999921629262278
