1126005518134773e-20
7.165903402123764
11.049011130823564
49.97229344899059
1.8124299113199858
57.20181918357288
.004473922964573931
37.81523095284036
14326382261348602e-22
.6777478590291112
1.8600299398142928
.0141203825181202
89.00168978368761
1.2412348784439389
29.772318620513357
2.1306421227354617
12.54395161737422
66.07329533628457
21.626276047007448
.007229854786515502
63.47453604449105
7.02394262224394
47.69932140360614
4222760522456773e-21
28.598518571092534
11652982290971847e-21
7369900098747182e-27
13.28308502560791
6.670163490049429
1450.6776751897914
5.8535593014716625
.5221103306609272
10.637807252128095
211.6762626662734
79.6389449972515
1.119849589267925
11.041400125052455
6.266372396356919
1.0208086785018382
33.08383571654588
5.3808935013246835
.0002725972768908693
.31741326401613534
3.4257719580219654
46.43381647161414
266.24419758817936
17889764090531573e-23
19.79715099892464
.6125859298133812
19598739604498847e-22
.9665756642264506
.0031146447862779904
36.280271150704614
107.28795839353151
.004103132883283051
.3183168799451892
2.2532855256407256
.000138365175923565
.0017110583328686332
.010481420051785281
30773602557449036e-23
23.693426337275685
.030307581754273887
3.641766079636828
10.055248975121346
.0054053323153834855
5.768261229771754
.11840047605131074
.01191897728013796
3759093100582876e-30
16811791815471838e-22
8.109992129513325
2.3636678120457044
47.38558494695327
1.1683687519196713
153.16042431659676
50.811925759044115
1.555057504888393
1.7802769828790774
248.72289000541895
33.41387093148396
225.78054449213224
10.203187494213989
18.05734845866263
.0031901615164680592
189.6041871824295
16.094791162132605
.0120496592084239
49088131960985225e-21
24.3673994728383
.9531363307679981
.3366617015160594
24.52429648524687
3.7527857614134823
2359754464295314e-23
7.433687251577334
1.9992595154677208
122.29173890365905
348.2730378520509
.0023158135059087514
20.782442559804075
1.9342006961581333
10.394332259739341
66.96983110648958
.012427331958074782
.7817152109401476
12.337800773866556
53.74615474777743
.833183974547352
84.02096394559918
.00394480419911905
.0008272862320735261
.0001732513725714896
.9374089953846696
.00035533091147042556
.5121316222618113
1015.1760763792362
16.20743139258724
9.998990196228604
.011050684943911603
29529659734799375e-21
101.0165790115877
351.40238853449176
16.199319961143818
29.94143070454044
80.12357426730487
.0006903160159084824
1905.9983854510826
481.92081501066866
206.81031858667504
448.01461179683696
4620.726075506453
1432.3568172303399
.07431936032803158
.09622431430433966
.3199998558713264
.4128890772027195
6.357976273702456
.43985940351976677
2.399999189276165
.001999954960291149
10.453999475168144
29.2691083259387
3.1255405909277956
3.8699630290739995
.6593599753632566
31.88878963753573
4.709409174210039
24.989826860951187
11.436167960188698
1.599212958171566
15.743299452604859
7.308761966577544
.001999954960291149
1.9999954959830468
7.999819841164592
2.3569921835042993
1.9999774800176062
12.046294036795594
.09999994369974008
10.39998477641664
1.714481054903603
2.6450671529310723
20.745909800156337
13.293167028757063
.6272522985445085
16.70793981442615
14.427827626675624
2.0907860610289175
5.143261744049423
17.272528003255854
25.726945193395924
12.431581886105912
8.689807148678867
37.64986866202077
.001999954960291149
2.0626712514855208
29.024112964996494
6.901708101878808
37.90932972787016
39.970917797147855
4.265238478949382
7.047786821079269
17.191321378063623
.03999990991966093
5.799578644897205
8.050232482736051
16.063816010139394
3.1050729696875585
6.302392915840581
21.249806797575722
21.328812156940103
18.090860746378965
7.9116018890398525
.45079770312408146
15.00147443334815
19.511025275603174
1.5269234731174226
2.1579023309544443
34.19450008694657
27.93514004886425
9.141853014396979
.3999997747989603
.09999994369974008
.09999977479915233
3.599459479457187
7.573901577578042
1.9435649506964918
15.054912452175081
14.919062092153974
8.244480733056028
5.65704127793137
41.95002550548068
8.183875257030104
13.595809436813706
18.130795012251316
9.653850111242365
11.641693755841104
.0012999980970520803
24.731011263777834
4.860092226279926
3.493388190224009
.000139725566972819
42.04214109302689
3.829613783766421
1.324440944916943
.6692745985252778
1.5190541390328463
.001999954960291149
19.442250733175577
8.648266421745197
4.6602734695531565
11.950235928505402
.03999990991966093
7.291457880690917
.6002361898897022
6.515304174803293
5.746125384738317
.0012999980970520803
4.433236049195476
10.671497230329763
3.1195763003009134
7.026434051107831
9.33016991980775
.599998648794914
.3999990991966093
.18479404517245063
6.304126881967294
.002999898661230935
2.51064135934731
22.83658235125088
47.67719555116922
11.310519307894625
.17896579477027194
.17999635177943685
29.031897137180934
41.997101221482275
4.125411991873255
17.296056884521523
51.90819656088428
.2106610153514258
9.99988740008803
9.99988740008803
9.99988740008803
9.99988740008803
9.99988740008803
9.99988740008803
9.99988740008803
9.99988740008803
