3217840943620783e-20
7.165863244699682
11.077357699825434
49.9179724702529
1.9063299204631396
57.75057453447381
.004474736767204716
37.8066451537026
14456434746161944e-22
.6784192385742732
1.8599365484000703
.014770716863428712
88.99782362637414
1.2976710144563648
31.075331171847118
2.775201746050303
13.337194840684946
66.27684198668508
21.621605382651875
.007229536524132187
63.47367303480277
7.025686600108779
47.69923717681607
42419195553922846e-22
28.627932999959167
5713898254506984e-20
21305264841808544e-27
13.283810675454903
6.575807630977556
1449.7498535472726
5.976476098597138
.5225220259450766
10.637070828481578
211.65450500229437
79.73067199827774
1.1687460563953411
11.038592446743168
6.265900237257182
1.068105268677891
33.08037642969394
5.621078875566408
.0002773336910445665
.317406444040827
3.431410355160909
46.45417972287804
266.2291593795704
17890359907440782e-23
19.808075779630258
.9937591788814902
9714825510008638e-21
.9976935957225783
.008901726762951296
36.27889589694441
107.47543138319712
.011742801492036225
.9093698892278252
2.954788560324209
.00014224463319311153
.001745108734998222
.029992464535829856
8803723647274944e-22
23.69207859419087
.052127776735907363
3.9200914528124287
10.109410830921314
.009398885439067967
7.499328456806491
.20346928591461588
.04403341023017597
8649939619034819e-28
8259386388428797e-21
7.926731809464901
2.2898937298695565
51.10307247109632
1.5105285288281582
153.12390927057174
66.30551634659585
1.9799183376704037
2.2868253004058077
250.51290789266443
33.60184316857594
225.2356567057693
10.298127526617556
18.25413225819023
.0032002192117933344
191.18471647358174
16.09201544454302
.015341143146696087
405116966216982e-19
24.54057488547378
1.2137296712049197
.25756305252335976
25.790773498458904
3.7802095021089532
6567289196668696e-23
7.535677865020756
2.018545417540517
127.2789554602518
338.56116297709366
.006593435232176137
20.945800694744282
1.9297533146158365
10.406537063894563
67.40483469001819
.012481800525879966
.7672242244844857
12.117612081105747
54.110099991490365
.8356383968097
84.89992356948453
.01115159892621616
.0023170242257067515
.0004935728361482951
.941171655043024
.00034559957581863034
.5142555998799867
1015.2759801607303
15.863740944668534
10.135972357882691
.011029647628747778
8094338798375801e-20
101.01235289882996
351.38768732275196
16.198642249094732
29.94017807983742
80.12022223081027
.0007012461906629594
1452.4086021650182
346.2929304085493
165.4796384297747
359.7396637666644
548.9796119799553
124.31536776713918
.19976073124283944
.25724283003108644
.31999958811662454
.41288795439944825
6.357969623785934
.43985820737386605
2.3999976831556404
.0019998712905088686
10.453833296328481
29.269028732041967
3.125503283751363
3.869801125945927
.6593395713628624
31.88745554344906
4.709265945210997
24.989758904056963
11.435450305271356
1.5992062676049255
15.742640818553733
7.3084561984304495
.0019998712905088686
1.9999871286776933
7.999485162035471
2.356982322645435
1.9999356442177922
12.046261278316146
.09999983910808241
10.399956494881545
1.7144763925740738
2.6449011667846984
20.74585338409528
13.29261089803753
.6272260569219242
16.70724082384168
14.427224026484486
2.0907752417376497
5.143106196150695
17.27180539265404
25.725868885206086
12.431061800518762
8.689443603355786
37.64829354839256
.0019998712905088686
2.062628104248903
29.024034037335817
6.90157509875012
37.907743759472034
39.96924558049498
4.265060039143489
7.047491971044851
17.19060216480864
.03999974257355386
5.799336014691942
8.049895694552069
16.063143967011005
3.10502971973545
6.302375777224491
21.248473306462795
21.327919848310714
18.090811550411466
7.91143639307995
.4507929881757156
15.00084683416485
19.510209015602694
1.526917084985561
2.1578120533122993
34.19306953154194
27.933387032408703
9.141828154203198
.39999935643232964
.09999983910808241
.09999935643388463
3.599233602239907
7.573426291824151
1.9435641375730595
15.053967709846265
14.918437940759638
8.244458313160594
5.656686281091096
41.94739301160764
8.183853001944133
13.595240644796846
18.13074570768728
9.653446234378633
11.641662097624518
.0012999945618601936
24.73094401070217
4.859888900271839
3.493378690365804
.00013972515857884696
42.040382225021524
3.82960336958227
1.324385535826387
.6692717985065064
1.5190500081438238
.0019998712905088686
19.441437350415374
8.648242903802087
4.660260796487713
11.95020343124468
.03999974257355386
7.2914380524290126
.6002110785085353
6.515286457200082
5.746109758826336
.0012999945618601936
4.432957849919154
10.670827560866236
3.1195678169801666
7.026140094384337
9.330144547508299
.5999961386033078
.39999742573553854
.18479327205660778
6.304060946332454
.002999710408309743
2.51048380883533
22.836520249851787
47.67420365965876
11.310488550267992
.1789583075871197
.17998957449763142
29.03068256357259
41.995344237757465
4.125239401824967
17.295333289569356
51.90602493822725
.21066066627373964
9.99967822108896
9.99967822108896
9.99967822108896
9.99967822108896
9.99967822108896
9.99967822108896
9.99967822108896
9.99967822108896
