.24373424507348446
6.8039038662265074
4.960501691682003
2.6452147308973797
1.9285925350521849
31.43488736805956
.0036677395206377323
6.319843985872722
3647147548647673e-22
.07935989525017471
1.0713486105272307
29588090271571743e-22
2.326623373373492
1.2583924777309843
6.620678865556674
.29354690354807744
17.546152710757593
6.503117639003059
10.971813341804591
.0033385887548960835
24.961167670265457
1.5627647210186728
1.2512484874805019
15608362117399025e-22
7.719747799897175
.005751526099928213
20110846372121577e-26
13.82126042343058
.0006537192459847496
13.018487466469505
12.4600874229394
.5135585511930615
2.9872690047912065
127.4139121885642
157.22738678272188
1.1366279130043948
1.3440010247715144
1.8546586287038083
.9272048911773193
5.644908534054571
1.4300279400070979
.00040003083951133946
.24728410962189437
.18089351837845685
43.95258566527499
49.963011175237824
11241181867391256e-24
6.8481558080308895
.827367784089343
.19436367603076662
1.8029052674043864
4.888197958977507
21.38215123479542
5.532832144684281
.45790866548698317
4.438730532793888
1.9249290171637854
.380383780334081
.3173941026618377
.23691400739987759
5448083076765139e-20
14.25676668315816
7.74830087304188
5.309652452756773
1.8841710872900008
.24598777053539092
1.0207455954780587
5.28715272068254
2.0878214522463123
3.3556125002276302
.7309028826110756
.03166994214348983
.007358288900808849
.016108973302734857
.0861554334868816
11.2388216255736
.09551955791750834
.061631801186954036
.17497257974386946
25.038317389467668
6.095592937891547
.6075345841797514
.4011797449555894
.00033122033835416393
3091693021279554e-20
9770246710019908e-20
.7209556696961984
.04666346193999579
22064714980533382e-23
27.379423095148407
.00021890978294869585
.12806753848961366
31.05487831121242
25427592140414716e-23
10793286367195586e-28
2.1462480414025085
26063906062163544e-22
9.307272687169236
11.248901190119591
.0004672340747465943
8128031419290207e-25
.0004008398487206006
3827457626604694e-22
4850894577800284e-20
.01694862166115526
.00016085536352111778
.022160890064961584
.03602262862410026
.6840301651042558
.0458987565535341
27138600148360248e-21
3819712740716707e-22
14941081435524098e-27
1050964334395015e-20
14383900823332613e-26
10981195654319411e-22
.32904111031302935
779678997926421e-23
.29997336724216905
26317670849412946e-23
13290578017996792e-24
62.043652778551106
215.82880744047515
9.949505247079983
18.389810350956985
49.21132025909203
1574286330466463e-28
2.067579070119317
12.94552280717027
.0007189339433973999
.056864404551724514
4.223603658595537
6.38580207896339
618889112859386e-23
18455516611385885e-23
.31689536039300764
.40001217754311924
6.280967200876994
.4261413719316503
2.382515137151913
.0012283578828660522
8.686534549343477
28.356283570213833
2.7197379480893997
2.376903324098458
.459765694955844
19.585864133971224
3.3042384300847027
24.210461382989614
5.5047449892106926
1.523129362544068
9.669420746411577
4.488988779192378
.0012283578828660522
1.9048444106972142
4.9134315314642025
2.244856748839019
1.5673916626441406
11.670602529931887
.09878872449800016
10.07563722686515
1.6610110027001197
1.27319047839368
20.09890067932038
8.16456711887738
.3852538285916352
10.261895885152407
8.861467457886933
1.968453388023879
3.615808730272554
10.608661870432964
15.80130380824686
7.63538775096712
5.337216749176952
23.124277235289423
.0012283578828660522
1.6165250632350625
28.118928955549734
5.513704884679809
23.28363634679987
24.54984883978074
2.619678648742355
4.328699730903877
10.558785348123013
.03809688821394427
3.5620592899372094
4.944394611583461
9.866279699664858
2.639922123397893
6.105838234029996
10.228493311558548
13.100002282717684
17.52665546353359
6.200359235510742
.39907811996293674
9.213797180779572
11.983530717410233
1.4542790967139057
1.3253680164362518
21.002014828548965
13.44644663686342
8.856743210168906
.39515489799200065
.09878872449800016
.09524222053486077
1.7325826800013133
3.6456614578490143
1.9341141740960044
7.246610418158726
9.163180116415013
7.987357556380325
2.722989880601311
20.192445013263473
7.928642202124859
8.350447898698455
17.56534428707538
5.929324969611088
11.27862064337861
.0012594546533581433
23.959717548086417
2.985033521323836
3.3844388096729294
.00013504740661630536
25.82197921930618
3.7101784313887984
.8134620565867394
.6374334246167255
1.471678926643243
.0012283578828660522
11.941289890487193
8.378550255609822
4.5149320760237215
11.577540215646074
.03809688821394427
7.064056923179628
.36866072990221926
6.3121093635501
5.566919190881019
.0012594546533581433
2.1339170614449756
5.136674374714605
3.022285107054556
4.315585013904643
9.039187017866322
.571453323209163
.3809688821394431
.17600234839721607
5.580860520424696
.0014439869352249704
1.2084852627806448
22.124370777388247
22.94919104227522
10.957774635614998
.10991949775581357
.11607480664576557
17.831181407115793
25.79431605570817
2.533798230911135
10.623113139262284
31.88163918533462
.20663286399856765
7.8369583132206895
7.8369583132206895
7.8369583132206895
7.8369583132206895
7.8369583132206895
7.8369583132206895
7.8369583132206895
7.8369583132206895
