.24373424507348446
6.803903890970707
4.96055959387689
2.6452192960036705
1.928552856982483
31.435420262374073
.0036677395657639484
6.319845381690642
36472074084065133e-23
.07936949395612809
1.0713486068562306
29589793935146467e-22
2.326666940381426
1.2584389739307082
6.6205780160235665
.2919226751821932
17.54732847174497
6.503196756936606
10.971806094552075
.0033385894377367747
24.96117974892078
1.5629048931298668
1.2444210630677626
15608576410640168e-22
7.720614594688494
.005751384535972011
20113747072478805e-26
13.821260179272349
.0006500980585420073
13.019740563633864
12.460087650107509
.5135585509575141
2.987269231109943
127.41391262725386
157.22738665120653
1.1366676323668652
1.3440013185514723
1.8546587634016944
.9272400615546129
5.644909095938301
1.4300799524896937
.0004000308483635028
.2472841096218945
.18091765460609147
43.95258567428492
49.9629471433063
1124114889786513e-23
6.848235373798045
.8273275321562596
.19436593813559844
1.8029577633644447
4.888200510561696
21.382150771206827
5.533545326800514
.45789803729008266
4.438401982159896
1.9151997745438663
.3803884429064064
.31740271371774287
.23689738215541917
5447947247349947e-20
14.25676910934112
7.748242425651183
5.310115772216582
1.8842004408760682
.2459904641778481
1.0151751365221444
5.28684217744293
2.0763444831106175
3.3554913139123825
.7308961439183987
.0314935166472607
.007317213234720078
.016058803878790964
.08568052954127524
11.238514853418087
.09521345656668982
.06128830258478033
.17400093839114
25.040813468260176
6.095689107834631
.6079740934384851
.40119157025908875
.00033142008865827996
30918354592841185e-21
9771719416901898e-20
.7209556578712323
.04666804356016145
22069175101621247e-23
27.379482045231516
.0002189419898190002
.12806784310135308
31.056477394688677
25431454784695156e-23
1079397085007387e-27
2.1462872286049244
26079751199630887e-22
9.308350201525935
11.250054147532873
.0004674469825286058
8134056587263928e-25
.00040102290613986866
3828442269505408e-22
48516206710072e-18
.016948624413121265
.00015996339938407732
.022037946989175893
.03603965104038204
.6840301609963566
.0459032751476396
27001432126320178e-21
38000984583927804e-23
14872810964134567e-27
10511307534855874e-21
1431027379665853e-25
10927731212076094e-22
.3292198452184957
7754959190343197e-24
.2999791474236535
2632830528200984e-22
13222477734930379e-24
62.043652778551106
215.82880744047515
9.949505247079983
18.389810350956985
49.21132025909203
15752594190951493e-29
2.0572338457027426
12.873033372858757
.0007154997839984739
.0565573986031546
4.205385503802557
6.354552173617141
6158376087215554e-24
18353353261030003e-23
.31689536039300764
.40001217754311924
6.280967200876994
.4261413719316503
2.382515137151913
.0012283578828660522
8.686534549343477
28.356283570213833
2.7197379480893997
2.376903324098458
.459765694955844
19.585864133971224
3.3042384300847027
24.210461382989614
5.5047449892106926
1.523129362544068
9.669420746411577
4.488988779192378
.0012283578828660522
1.9048444106972142
4.9134315314642025
2.244856748839019
1.5673916626441406
11.670602529931887
.09878872449800016
10.07563722686515
1.6610110027001197
1.27319047839368
20.09890067932038
8.16456711887738
.3852538285916352
10.261895885152407
8.861467457886933
1.968453388023879
3.615808730272554
10.608661870432964
15.80130380824686
7.63538775096712
5.337216749176952
23.124277235289423
.0012283578828660522
1.6165250632350625
28.118928955549734
5.513704884679809
23.28363634679987
24.549848839780744
2.619678648742355
4.328699730903877
10.558785348123013
.03809688821394427
3.5620592899372094
4.944394611583461
9.866279699664858
2.639922123397893
6.105838234029996
10.228493311558548
13.100002282717684
17.52665546353359
6.200359235510742
.39907811996293674
9.213797180779572
11.983530717410233
1.4542790967139057
1.3253680164362518
21.002014828548965
13.44644663686342
8.856743210168906
.39515489799200065
.09878872449800016
.09524222053486077
1.7325826800013133
3.6456614578490143
1.9341141740960044
7.246610418158726
9.163180116415013
7.987357556380325
2.722989880601311
20.192445013263473
7.928642202124859
8.350447898698455
17.56534428707538
5.929324969611088
11.27862064337861
.0012594546533581433
23.959717548086417
2.985033521323836
3.3844388096729294
.00013504740661630536
25.82197921930618
3.7101784313887984
.8134620565867394
.6374334246167255
1.471678926643243
.0012283578828660522
11.941289890487193
8.378550255609822
4.5149320760237215
11.577540215646074
.03809688821394427
7.064056923179628
.36866072990221926
6.3121093635501
5.566919190881019
.0012594546533581433
2.1339170614449756
5.136674374714605
3.022285107054556
4.315585013904643
9.039187017866322
.571453323209163
.3809688821394431
.17600234839721607
5.580860520424696
.0014439869352249704
1.2084852627806448
22.124370777388247
22.94919104227522
10.957774635614998
.10991949775581357
.11607480664576557
17.831181407115793
25.79431605570817
2.533798230911135
10.623113139262284
31.88163918533462
.20663286399856765
7.8369583132206895
7.8369583132206895
7.8369583132206895
7.8369583132206895
7.8369583132206895
7.8369583132206895
7.8369583132206895
7.8369583132206895
