.28041936371795423
6.749964960115045
2.486076944926725
1.1524706965753102
1.858249338700208
20.762919888259862
.0034236445420575148
4.533860452486772
14005596074038772e-23
.05527033231502331
.9878510953488633
9052497662413819e-21
3.3453526099962496
2.3609577868761233
1.1456165946830783
.1244356842622777
6.473648838458181
2.471886715499996
9.841001005970499
.002581408902393443
16.77066327625837
1.1225226247469633
.5249408087756446
6678887376055056e-22
5.6290931244211935
.00012037395888291954
6216696263756258e-26
13.746019746834426
.0005469449135903371
12.720386153291415
11.579233192692081
.46726585850565705
2.233941536196077
120.22267995456018
149.97577573663253
2.0254367536438793
.9217294605246571
1.4032364429811726
1.7505482330940116
3.9710835119612184
1.9658423758464019
.0003719835313335038
.2381892461519318
.1272636632625588
42.516115428604735
50.91402383993199
11573180846678709e-24
9.607958587619953
.07313664656856422
.0812308234657351
1.022632365785615
4.408762243125131
19.681000780587972
3.597294475032561
.7566674545530399
.6265789825298782
.8575407368008703
.714548440703443
.6238383434321365
.03828133816921345
9117475855379514e-20
13.215954760738994
8.153389322219635
1.6553456568210994
.7611628572008973
.10159066861499093
.43486863491700645
.5182239952516902
1.0538265862202643
.42291639215577737
.9070409534363489
.013362042491359945
.0030363583749612602
.002452453142374205
.035209931959045
1.8158932705506263
.04766607665031813
.025962243055123336
.07696819543695808
8.182298420213316
2.443227792914934
.297734611603861
.2247946197410063
.0001927808429564735
845377784099592e-20
8790702337380347e-20
.45077155564524934
.002149355325100293
5457978679204134e-23
14.923474603122154
.0003467076286175004
.05268900748490623
13.420586497473762
21586107722541454e-23
479298854001642e-27
.7975404319971252
6422219037312245e-22
6.346171920344171
8.20992215243064
.00098154316029092
15974876530289113e-25
.0007413342483381753
29175068412175643e-23
4543361139050511e-20
.016814302368979156
9569992192156422e-20
.014323051083396822
.030175667668802333
.6352797181194852
.0011676788465266087
4240873436308271e-20
6528911780802518e-23
30232568472553884e-27
1564889774397536e-20
12183232297886888e-26
5749142144842786e-22
.07931319176830778
4186180271589591e-24
.1146184664577514
4313847860157477e-23
1983748086904369e-23
57.654482001763526
200.56037220201767
9.245644727618831
17.08885506273143
45.72995062504926
20857638458135086e-29
.6801118479782374
6.9055725427853965
.00013506332344865666
.01610743024803493
1.9711108850913142
5.052790196890394
2239090491340872e-24
10006318935745895e-23
.3164306876521331
.39810903501120987
6.2694568592124496
.42411391423146083
2.379894493981177
.0011414598315511854
8.447717060044218
28.221372554152218
2.663397320464018
2.208753414443415
.4354790754092994
18.200296092034833
3.1326159140471264
24.095274992769905
4.931065762816854
1.511995022681238
8.985374319936748
4.171423041448292
.0011414598315511854
1.8909196676149265
4.565839326204734
2.2284464565817728
1.5109336313516684
11.615077170218735
.09860768677957081
10.027700251895256
1.6531083915730687
1.1405044175264691
20.003275908688703
7.586978956375028
.3579997136197891
9.535935830957813
8.234578287701622
1.950670236000203
3.429027350572409
9.858170457093385
14.68346793295043
7.0952354664844055
4.959644592545854
21.48839028585832
.0011414598315511854
1.5582972285589307
27.985147204264727
5.3304746122165785
21.63647581298209
22.81311229580716
2.4343540191517308
4.022473364313486
9.811822362984651
.03781839335229851
3.3100675737760032
4.594611976838742
9.168306827436544
2.5762166419956083
6.076788417328129
9.162526742416746
12.173265306086416
17.44326869351163
5.9770199872002765
.39182473211913055
8.561983054466463
11.13577658830814
1.443648064237993
1.2316071512113402
19.516263658028034
12.045119759868909
8.814605381263291
.39443074711828324
.09860768677957081
.09454598338074637
1.5520208749631776
3.2657273739029122
1.9326956303951133
6.491401981289264
8.514946806668402
7.949356013586102
2.439212388411687
18.088081185890232
7.890920010046021
7.759709922311524
17.481773446793238
5.509865142260454
11.224960220389683
.001253462531486907
23.84572412469024
2.7738624939459116
3.368336626272176
.00013435694403098468
23.99524801454101
3.692526472848141
.7559150920400234
.6327736757049485
1.4646771029092454
.0011414598315511854
11.096524015538664
8.338687530816966
4.493451331824036
11.522457619574574
.03781839335229851
7.030448178413642
.3425804649634116
6.282078168325946
5.540433395501133
.001253462531486907
1.9115300314557995
4.601353776340099
3.007905946484696
4.010286425258022
8.996181173961157
.5672759002844767
.37818393352298546
.1747157406986831
5.479426380510971
.0012935012525010102
1.0825424821397267
22.019109404405064
20.557531812047262
10.905640705362663
.10214343323119596
.10865760095636677
16.569745356162212
23.969541833548305
2.354549062763576
9.871599395934176
29.62622782959426
.20603325353830093
7.554668156758331
7.554668156758331
7.554668156758331
7.554668156758331
7.554668156758331
7.554668156758331
7.554668156758331
7.554668156758331
