.28542791443453214
6.7433795583313865
2.2250184302590283
1.0038249550852558
1.8470222949250528
19.12166750430813
.0033909057468514596
4.359114710657169
122214374912343e-21
.05278831468356292
.9770114862437238
9864143854432251e-21
3.438298354713926
2.4642978144562098
.941647652069244
.11400227661494687
5.586579570654924
2.107422179602457
9.64612469700173
.0024889402070086583
15.931738311499304
1.0742917615667913
.4748088428651596
5881121010553676e-22
5.406134258882216
8040500288683217e-20
5266216480100892e-26
13.735144874780106
.0005394780865181034
12.6776208262578
11.464332390136553
.46109301950647197
2.161105954954676
119.2449085573362
148.91252288614018
2.1029048244532644
.8808218462655637
1.3590649215291672
1.8270485984020646
3.820386172525058
1.977423700772225
.00036832446668598446
.23697425103516875
.12186280747193635
42.324139715961685
50.945444126540174
11609554751757794e-24
9.891862418339555
.0569113791259297
.07155150082708722
.9225098832263436
4.344949614727915
19.45963811868326
3.405662318054559
.7964095480843663
.5152674316615059
.7882587524118021
.7984610987196857
.7231708371622125
.03166873240996382
96228531683804e-18
13.079028381532371
8.207357308935677
1.411376970210924
.6652808214874218
.08946710331529761
.39849419065727687
.4118430197981301
.9860804699595694
.33496669049755695
.930303285772465
.012242535101770945
.002773503438966624
.001928723567806765
.032096150346415754
1.4758223557774721
.0439958083768051
.023775414175945603
.07083700936264758
6.967360224027703
2.133995057201441
.2629945917702719
.20284295673621644
.00017751931394316685
7020721972201834e-21
895942905883479e-19
.4234995773199942
.0014514178576106095
4462284546532074e-23
13.492181600361844
.0003747751599696984
.04593826139839518
11.743797561609743
2191627184488987e-22
4287666968325665e-28
.6922129972125605
5128591443887065e-22
6.04331506501636
7.894823364378901
.001077517817425482
17748389154649424e-25
.0008018034386826579
29018932559256717e-23
4646884505788609e-20
.016794973236081014
9078416907221873e-20
.013670301215379953
.0290309873784314
.6288838884320652
.0007666444750733013
45221505174740066e-21
54797404599371115e-24
3402359375484973e-26
1669583319122306e-20
12208158907751803e-26
5255564035448368e-22
.06554331859491415
40097732216995776e-25
.10027033756967231
3664883079373905e-23
2101983965968279e-23
57.079834148915204
198.56136738485836
9.153492483656915
16.918528775364308
45.27415574102377
21844073680889292e-29
.5816710300235953
6.441207800549364
.00010719797008581379
.013917143640377189
1.7421172725017098
4.9300318091076525
1963978029423902e-24
9545035192164861e-23
.3163672996360915
.39784990597328723
6.267887011155004
.42383785862633927
2.3795369261771007
.0011300827899311874
8.415625236252625
28.203003272182503
2.6557963349820466
2.1867385534471357
.43226435371359406
18.01889196338146
3.1098867989271612
24.0795913863248
4.857527143160894
1.5104812002625512
8.895816216547107
4.129846060598529
.0011300827899311874
1.8890264625832758
4.5203311597247415
2.2262153168265413
1.5033849633260508
11.607516920368012
.0985829957913375
10.021173225150493
1.6520323838731228
1.1234956967730652
19.99025578308072
7.511358796146151
.35443149551064657
9.44089022721808
8.152503441690614
1.948254832228023
3.4042864145384697
9.759913109364405
14.537116374024292
7.024516561644643
4.910211330515851
21.27421340124842
.0011300827899311874
1.5505119306348198
27.966931681296355
5.305935529330545
21.4208229454608
22.585731777547153
2.410090574895386
3.9823809794426683
9.71402697123617
.037780529251665494
3.2770758069954944
4.548817030539843
9.07692541787883
2.5676391603931585
6.0728330377769035
9.025882941338487
12.051933181897326
17.431914875744976
5.947158622855971
.39084472271614346
8.476644933169625
11.024785215493896
1.4422026713818301
1.2193316024521892
19.321743152122448
11.865486892789583
8.808867957564656
.39433198316535
.0985829957913375
.09445132312916382
1.5288750727549285
3.217024498135075
1.9325020400096569
6.3945935499485955
8.43007750024709
7.944181780411899
2.4028356048278785
17.81832763024601
7.885783812847006
7.682368135675651
17.470394566295536
5.454947778274998
11.217653897531303
.0012526466531438114
23.830202950821818
2.7462151355637174
3.3661441770871408
.00013426295075188213
23.756085034120908
3.690123008600247
.7483808124923699
.6321401372594724
1.4637237450721556
.0011300827899311874
10.985923876950755
8.333259881888232
4.49052654585294
11.51495765575843
.037780529251665494
7.025872062042443
.33916593201152445
6.277989165744363
5.536827129254475
.0012526466531438114
1.8830227499256758
4.532732260924028
3.0059481015087526
3.9703155087989894
8.9903255626397
.5667079387749815
.3778052925166553
.1745408137966764
5.465721555532634
.0012742108391892552
1.0663981669582523
22.004777173447994
20.25095051994787
10.898542227469965
.10112535965649855
.10768241260395481
16.404593085938522
23.73063506914471
2.3310810423015815
9.773208200660253
29.3309403234165
.20595152494822613
7.516924816630243
7.516924816630243
7.516924816630243
7.516924816630243
7.516924816630243
7.516924816630243
7.516924816630243
7.516924816630243
