.3204877694505775
6.7029645171835055
1.2737079198533512
.43302415056161286
1.7777422877029676
10.556362939033848
.003167255157699944
3.5105313626061507
6376610348879775e-23
.03681915203528374
.904646211865563
12832517964473385e-21
3.6568712873539684
2.753133889795231
.48084118771690987
.07405878534496649
2.6230959233721354
.82044077070504
8.073704396524823
.0019377485962807192
11.538775563428295
.7585482062677197
.2793519346270491
31412173670617053e-23
3.914540658507959
12634704842752545e-21
21254578926664782e-27
13.65843577087288
.0005446023665743312
12.075798936130315
10.693504145120704
.4190230912256565
1.7704452903322825
112.4467682260369
141.09581313150392
2.304027365810133
.6797338661831123
1.1204210962677363
2.0203990197831407
3.0431080023735797
1.808251749934135
.0003437360831349727
.22864410077852257
.08679015681231482
41.005388375730796
50.469016373280795
1173734409526527e-23
11.073898912809648
.023514315552336403
.038781911382903225
.5101554007262231
3.914342274866859
17.979058267460296
2.235124123673154
1.0273611504304285
.28711618139964257
.5187581227715837
1.207086553847864
1.3928567840652097
.01802789355243162
.00012688512534362643
12.160612226855617
8.417749159079225
.6384129959375543
.33956746838766555
.048627892185821794
.2588689230958946
.19519929964031826
.7374269275474719
.15111028959373765
1.0775505143712794
.007962712910560653
.0017653684563854323
.0005741366586895024
.02011561801296811
.7376556788228188
.028867952944104405
.01540978093607073
.047329847049913575
2.881533421498087
1.086666592872408
.12081711584339028
.12129158843301191
.00010015280493862968
2435833847747502e-21
.00010945838993657947
.27689919823624565
.00026268230229652156
15781374618001814e-24
7.917620126753363
.0004972383511565242
.023204940581220503
5.785810164905981
2622815804874528e-22
27014820187021966e-29
.3452893009499324
12066868665905713e-23
4.143319939468575
5.913791937008226
.0016023782203202603
26931382121328486e-25
.001080878887924359
2713231654578674e-22
57531025427867625e-21
.016662397022034706
6954187294236709e-20
.010792571598531548
.02289760434190649
.5858275424777896
.0001262220271245808
5988867361209386e-20
31925478787244296e-24
6222472688075092e-26
2473952431259702e-20
11546708839270547e-26
3186733506968297e-22
.026571983560900837
3264398667468935e-24
.053196108926780776
2194962826633208e-23
26628401283119602e-24
53.214514023557285
185.11523074281857
8.533638217400892
15.772843425328912
42.208290046883626
23933076811869796e-29
.26008396595066496
4.596347733927683
3122874555136679e-20
.00645764994649221
.8917747688060993
4.293551771530555
10912419836301235e-25
8411220288761309e-23
.31592393892571724
.39604071924100026
6.256909075593587
.42191049401231046
2.3770354553366713
.0010535560827959556
8.194370217272255
28.074752646595833
2.6031933641890386
2.0386574550072964
.4104160552681918
16.798692451921738
2.9553341896120418
23.970091606128914
4.372565623336197
1.4999267967161964
8.29341121719834
3.8501820193363305
.0010535560827959556
1.8758269950279154
4.214224331183815
2.2106597608680967
1.4515897759727612
11.554732779183535
.09841033189785588
9.975602839513389
1.6445199149109904
1.0113291221836276
19.899351889439497
7.002706191308831
.33043017852917383
8.801574021404358
7.600433939473685
1.9314305427455278
3.236026651960226
9.098993379553175
13.552695004848779
6.548831836181035
4.57770267910513
19.833570721795798
.0010535560827959556
1.497093107179869
27.839754570077012
5.137296064414937
19.970252191929767
21.05627597433074
2.246884571549708
3.7127029473285043
9.056214549212823
.03751653990055829
3.0551594812392477
4.240781201829387
8.46225610397427
2.5083911279583355
6.045217374697986
8.124764783892022
11.235802922024414
17.35264480771669
5.742264864700325
.3840529466584981
7.902625286051985
10.278211144167397
1.432125360266175
1.1367611631242232
18.013317439671155
10.680870855164557
8.76881042130282
.3936413275914235
.09841033189785588
.0937913497513958
1.3762365887993135
2.8958460375832993
1.9311474501555785
5.7561757469702854
7.859211296693984
7.908056326917482
2.162943418441051
16.039397118151015
7.849923918867688
7.162135156585962
17.390949515328803
5.085550779413122
11.166642623445032
.001246950354939172
23.721837242148688
2.560247520374725
3.35083693862179
.000133606836384292
22.14737549683423
3.673342505482285
.6977021190607875
.627723093137821
1.4570675927404382
.0010535560827959556
10.241981409520957
8.29536513065503
4.470106279501828
11.462594419520691
.03751653990055829
6.993922539555323
.31619836522743583
6.249440573590445
5.511648904927117
.001246950354939172
1.6950271818609333
4.0801973267011515
2.992278822362165
3.70145452367167
8.949442864208303
.5627480985083736
.3751653990055832
.17332121954830104
5.3707427707593665
.001146997298855188
.9599320452991118
21.904712424628375
18.229153944734506
10.848982085056527
.09427737395905325
.10109680602957065
15.293710324121832
22.12364894719865
2.1732253897581373
9.111388156671165
27.344713915820524
.20538033185304697
7.257948879863795
7.257948879863795
7.257948879863795
7.257948879863795
7.257948879863795
7.257948879863795
7.257948879863795
7.257948879863795
