.32800059552544436
6.695246978590738
1.1928750485526494
.3822131329249404
1.7668983573179207
9.491838601068023
.0031208153891449895
3.3887517596530454
59232391493560096e-24
.03400748179519919
.8899056872940058
1300117454668307e-20
3.6430094090497374
2.75378094513939
.4455191569728217
.06867246505655551
2.3768826145810293
.6983796651169389
7.693526618221722
.0018378201097457574
10.83423193658844
.7012798340031882
.2556870020395622
2916426997119657e-22
3.6425936522081606
9459116453917551e-21
18610277579654025e-27
13.641984363127746
.0005495294839245239
11.953400607579903
10.535478666948904
.41028415932697615
1.7052639733784338
111.0048538107799
139.3510213743833
2.300816627167593
.6501743292185932
1.0803107200204578
2.013541182337327
2.918126963923104
1.7517512213714632
.0003386884284720695
.22689819992038127
.08059591217763051
40.728259250385825
50.28964008054459
11755479983063245e-24
11.196523624048888
.021269591823594083
.0361226182036967
.46907200362621965
3.8260840360500055
17.67692666454747
2.0385317331379222
1.065125697162887
.2724908025239934
.4818981225006501
1.234679063043763
1.4137526760926507
.017139685881352146
.00013221359323443963
11.972895157302572
8.428001060255694
.5769863209481136
.3124271972968207
.04533458792388877
.24001128418975728
.18129798965114194
.7039342492016091
.1389530028580435
1.105580809401056
.007385700682367581
.001629744154572402
.0004832421586462133
.01850794411043693
.68504889674214
.02684417804931923
.014282582532673536
.04411804978864641
2.52777143674967
.9996224478966182
.1071563461337168
.11431227167951863
9179351610620556e-20
2055116276230263e-21
.00011629455223497755
.25349566199614604
.00021005046988444904
13670244765621101e-24
7.38700123199474
.0005129476615428916
.021330914530387143
5.264415061849244
27752895424786666e-23
26198594319004584e-29
.31712859296092294
9692974085580182e-23
3.820368215547422
5.577426380415126
.001698182335548118
2873701053826879e-24
.0011227774653426372
2693958188655533e-22
6121118852986238e-20
.016634972692559917
6601591675758206e-20
.010295935967087952
.022569656396675353
.576983227249178
9989450157200453e-20
6211171414343781e-20
3033081647472912e-23
6925535565460152e-26
2691666959807353e-20
1130410912140759e-25
2982488780205318e-22
.02280730114736371
3164902939769107e-24
.04954057621179373
20954208479659704e-24
27352195420672526e-24
52.42090845675205
182.35454636349863
8.406373261238118
15.537617818624186
41.57882392168875
2447844922440187e-28
.23323517116272305
4.334224945567229
2600797186864765e-20
.0056549439865836585
.8108400721852417
4.135921692304593
10320314297250617e-25
8361306320989336e-23
.3158290139252906
.3956541080115409
6.254559163500684
.42149862895175677
2.3764997680883235
.0010378440540836711
8.147720505816343
28.047346336814684
2.5920575617358894
2.0082542852181944
.4058798944123793
16.54816802095555
2.9232283689280254
23.946692227893625
4.275116969984151
1.4976747512329163
8.169728845376623
3.7927629873330297
.0010378440540836711
1.873010559105298
4.151376216334678
2.2073405946658315
1.4407250978746962
11.543453157597158
.09837337185477397
9.965864749738751
1.6429145500197424
.9887902583809829
19.879926329072465
6.898272528461435
.3255023644932303
8.670313250387212
7.487086165935218
1.927844282949703
3.201067291337908
8.963297095732171
13.350579202451334
6.451166951015236
4.509433891989856
19.537786152054643
.0010378440540836711
1.4858878514240264
27.812577663210444
5.101862258505016
19.672429246426518
20.742256798622044
2.2133760422195103
3.657334185986632
8.921156240172245
.03746021118210595
3.00959688208226
4.177537035625315
8.3360556927693
2.4958740752444197
6.039316090289504
7.943693199107367
11.068239694020534
17.335705318877416
5.69928587687507
.38261299139085186
7.784770833475188
10.124928797603078
1.4299751143634154
1.1198082696563996
17.744678906386337
10.442832922489972
8.760250390949443
.3934934874190959
.09837337185477397
.09365052795526495
1.345565259006902
2.8313081161462192
1.9308573044559072
5.627891434436177
7.742004291233145
7.900336556624562
2.114739242321006
15.68193703993041
7.842260896885373
7.055323877092516
17.373972633793816
5.009708286385255
11.155741851822718
.0012457330937173418
23.69868020749125
2.5220657062239993
3.3475658830822463
.00013346665812841833
21.817084394736924
3.669756623038198
.6872970576631896
.6267806065046423
1.4556452170450442
.0010378440540836711
10.089239368916896
8.287267273146533
4.46574260374686
11.451404742535415
.03746021118210595
6.9870951380776605
.3114827949086292
6.2433399284138105
5.506268485046137
.0012457330937173418
1.6572511641870271
3.9892645039264365
2.9893577878871858
3.646253513774974
8.94070650216114
.5619031677315885
.3746021118210598
.17306098866870415
5.350605887521741
.0011214348826903298
.9385386362157506
21.883329250146552
17.82289211662588
10.83839141066748
.09287138444340037
.09973886765944408
15.065630187094614
21.79371168694726
2.140815364055919
8.975507025458418
26.936913194823898
.20525813958586928
7.203625489373469
7.203625489373469
7.203625489373469
7.203625489373469
7.203625489373469
7.203625489373469
7.203625489373469
7.203625489373469
