.33300914624202227
6.690211043557059
1.150867560077909
.35576214990395844
1.7604922365758393
8.903604126615907
.0030901787964431387
3.3151874036591154
5690428526639849e-23
.03228858503155065
.8802225127555361
13056981634945466e-21
3.6274217841743623
2.747750568601886
.4256022349216994
.06582297271311052
2.2468621061451466
.6303025202382136
7.4322519120093355
.0017737147061264163
10.3933179861769
.6659060336527276
.24352937294928348
27992495930576854e-23
3.4751284188319262
7878542985931828e-21
17202036120829615e-27
13.631024060522574
.0005562385808849963
11.880175601852057
10.431501470166596
.4045153327680493
1.6643264447440866
110.04739894959532
138.17712367758875
2.293931386345695
.6321878433329206
1.0550751929793896
2.003946252846109
2.8402614390499537
1.7137022056328217
.00033536572231984376
.22574180929148183
.07681444822688599
40.5445439026611
50.160669081433355
11766959090309729e-24
11.260742292496083
.02003819265808749
.03473247976310864
.4468535387048826
3.768079366361703
17.47835320095368
1.9194859482531024
1.0877720163720288
.26438467134290644
.4623346689549727
1.2462881410710915
1.406605176794936
.01664114273278296
.00013547914076770832
11.849536013650972
8.428270419643209
.5447245469555803
.2980722762910271
.043615049601147454
.23002638639920553
.17373712918848003
.6877818080842836
.1323332190554139
1.123505185564759
.007080675421157266
.0015575166959654967
.0004366006456815852
.017647827906675028
.6557288738428354
.025661925058688296
.013686050511044838
.0424299767072089
2.337595878914624
.9535984679275152
.0997421995938704
.11067552341127458
8730709027978228e-20
18506181204776251e-22
.00012132494649035723
.2391313329755717
.00018395518139421863
12557389337257508e-24
7.100222822868571
.0005233832688309263
.02034139751020992
4.987353410091628
2887420148193262e-22
25916501952558704e-29
.30228244278261657
8541932233856162e-23
3.6248093466730156
5.373874448083583
.0017616944715693147
29994310954993853e-25
.001149492272907054
26871004754326776e-23
6391111403235328e-20
.016616974133362866
6417995649529342e-20
.010040734001520292
.022505457135342008
.5711601524856507
8696614582084777e-20
6391050108405803e-20
29651869191495145e-24
7471842458499867e-26
28472565025491094e-21
11213547648931806e-26
28914419209056203e-23
.020660323554217354
3125092529656339e-24
.04766353399635064
20426403286340345e-24
27964244481763376e-24
51.898424173994954
180.53700089988206
8.322586122989454
15.382752873686895
41.164403747865755
2498203417653062e-28
.22020345256580387
4.2001004196404015
23426882994994155e-21
.005228050596431972
.7711964839071684
4.054137510097166
10105894747670245e-25
8401915890379552e-23
.3157657464377102
.3953965768847867
6.252993045769359
.4212242756349549
2.376142710325632
.001027499761659609
8.116768331630743
28.029090328452014
2.584660170548223
1.9882378198287827
.4028836749742023
16.383230824063855
2.902018493728768
23.931105333920808
4.211360745258179
1.4961752663932375
8.088300364990438
3.7549601504985772
.001027499761659609
1.8711352848272051
4.10999904663843
2.205130586281178
1.4335271937625504
11.53593952779245
.09834873953810314
9.9593779717018
1.6418451774878768
.9740441042142529
19.866986491664868
6.829516776598231
.3222580508318542
8.5838953966477
7.412461651394868
1.9254571432544623
3.17797112114177
8.873959043568004
13.21751268368355
6.386867543840171
4.4644879266859405
19.343051141066812
.001027499761659609
1.4784643128935115
27.79447446569901
5.07837560314944
19.476352234648118
20.53551671178947
2.1913151083681845
3.6208811811604233
8.832238210005789
.03742270569654409
2.9795999378358613
4.13589911850393
8.252969416550851
2.487564093247591
6.035385101463498
7.825226291111079
10.957921474665655
17.324421514075578
5.670812080374982
.3816560218629524
7.707179266959084
10.024012649514061
1.4285434109823305
1.1086470319399722
17.56781596936175
10.287095522260538
8.754548346895945
.39339495815241254
.09834873953810314
.09355676424136028
1.3254984019737426
2.7890838874785864
1.930663898208202
5.54396083942637
7.664838982994648
7.895194230198609
2.083201440825308
15.448067157754982
7.837156371886947
6.985002779193517
17.362663920809478
4.959776037633905
11.148480583177445
.0012449222464627225
23.683254744459678
2.496928032528972
3.3453869535670524
.00013337328767452355
21.599631396927098
3.66736797967798
.6804467011778479
.6261530683716232
1.454697738059463
.001027499761659609
9.988678940827745
8.281873093646434
4.462835853377662
11.443951027013329
.03742270569654409
6.982547240186012
.3083782156580945
6.2392761405397135
5.5026844567283435
.0012449222464627225
1.6325360327898903
3.9297712909946227
2.9874120159015116
3.6099109510842293
8.934886999285125
.5613405854481605
.3742270569654411
.17288771851866994
5.337223260937253
.0011047105556372119
.9245419010095086
21.869085398446785
17.55709346759884
10.831336705318357
.09194572634021046
.09884372385999954
14.915469588693654
21.576491647184614
2.1194776495268597
8.886047275739529
26.668430366413954
.2051767184654357
7.16763596881274
7.16763596881274
7.16763596881274
7.16763596881274
7.16763596881274
7.16763596881274
7.16763596881274
7.16763596881274
