.3530433491083339
6.670619090576704
1.0471105631304736
.2885370955288941
1.7409012029695674
7.279304340533424
.0029703000256265637
3.066933758005616
5126316331469055e-23
.02645913531423822
.8426070998998645
12959297701349093e-21
3.530918572484656
2.6885161466726513
.3668807444929012
.05706097861843985
1.8990223784704774
.4280784100382174
6.3326706164763955
.0015317165274808542
8.790174497258345
.5439631969144396
.2092936308895579
25041919065913766e-23
2.8998580463892867
4055847316527782e-21
13364388779445148e-27
13.587258892368094
.0005908801468243872
11.615137879692373
10.02643624925315
.38191271682393935
1.5171389020182842
106.25292418623548
133.4123784631113
2.240843284781001
.5707228604168659
.9640602015479602
1.9388181342736086
2.564124166798579
1.5643597971922039
.00032240917592912886
.22117589737180068
.06400529625119396
39.817832957034554
49.5709953597926
11806966371051134e-24
11.405666327326456
.016531484717823057
.031181433957271798
.3855035476131086
3.542922645669081
16.706188297070515
1.5226904888854706
1.159590403928961
.24121794243738426
.4019236119654936
1.2647352224389126
1.3211816866503523
.015170334631837125
.00014634423361147155
11.370100452718178
8.382399052266697
.45905551089920693
.26022529566332886
.039232115786962986
.19930945468887432
.15278903738731864
.6429276439279509
.1139124888161797
1.1892621064283628
.00614319882100971
.0013342095224305216
.0003168084217342273
.014982225318911354
.5705963639404141
.02199128829876409
.011851261346797112
.037244763151548496
1.8100842170623088
.832310643631862
.07868683471742761
.10161325410751916
7521818868345968e-20
1283307716941923e-21
.00014477980240687076
.19017858405078358
.0001201055964740342
9554683810312325e-24
6.320460445987095
.0005695520544065381
.01773978628713523
4.240236069756231
3407021373345991e-22
26345780381219394e-29
.2633246564061504
5867249624008474e-23
2.972340878685951
4.695753319741243
.0020171294914679574
354288759775092e-23
.0012498563608527575
2689270930568776e-22
7646044654425343e-20
.016547365883409885
58340400370983336e-21
.009230797635689974
.023215209496465102
.5484427209831333
5575372634188223e-20
7196227238877741e-20
28497453890221287e-24
10157267063877259e-26
35484361783778006e-21
11036295590301506e-26
2711231385369243e-22
.014120621156340015
3038777630408562e-24
.04311349175408466
19120466431755412e-24
3068492270990799e-23
49.86004708844874
173.44617894170872
7.9957058927013245
14.778575550976292
39.54761906364278
2824291927434497e-28
.18733919568178972
3.799014113126473
16742626647423818e-21
.00397155849733091
.6683593434198017
3.774426198453704
100183789260631e-23
8849537338773872e-23
.31551280320067465
.39436812755628603
6.246732495361254
.42012864697059443
2.374715015656539
.0009871433924074453
7.99413101101789
27.956185045978653
2.555281115981583
1.910147232743364
.39111835242298987
15.739758448351152
2.8187067785262903
23.868859147054806
3.9657032773779552
1.4901923249820872
7.770622007941731
3.607479280901179
.0009871433924074453
1.8636529443334713
3.9485735696297777
2.196312657394103
1.4050933945426676
11.505933882942266
.09825027193435798
9.933473054496947
1.6375746433735119
.9172260772821372
19.815311312588534
6.561278757345485
.30960095310869085
8.246751909928506
7.121327725496895
1.9159381064856977
3.0872408827552906
8.525422935576723
12.698377942867333
6.136015140188463
4.289139444852568
18.583328031202985
.0009871433924074453
1.4491391925822332
27.722179432632476
4.985505234613317
18.711393553590007
19.728957989219673
2.105248400655946
3.478666434824037
8.485340741192415
.037273058886669416
2.862572333741036
3.9734563829976475
7.928823471579358
2.454599925417953
6.019686716303594
7.3687644982265414
10.527535072868785
17.279359693325414
5.558332364044065
.37785201913034394
7.404469929209322
9.630306713058417
1.4228309174508773
1.0651034997069144
16.87781749474557
9.687027755402536
8.731777261117635
.3930010877374319
.09825027193435798
.09318264721667359
1.2481793118257931
2.6263907991994637
1.929890466925275
5.220570024860302
7.3637926141307855
7.874658374100906
1.961683949925534
14.546949136485805
7.816771475610084
6.710657848028553
17.317502629351104
4.764974480834035
11.11948274141588
.0012416841318121162
23.621653231288892
2.398857985764135
3.336685408922739
.00013300045860210582
20.751278207085885
3.657828943792082
.6537212854124992
.623649192517887
1.4509139852418087
.0009871433924074453
9.59636078103931
8.260331463496282
4.451227759618282
11.414184649565513
.037273058886669416
6.964385231609781
.29626626623990654
6.2230474230135675
5.488371656705993
.0012416841318121162
1.5373067963750442
3.7005395240933634
2.9796415847411946
3.468127074585729
8.911646842258364
.5590958833000406
.37273058886669436
.17219637097815207
5.284026636998126
.001040270481691052
.8706114409778208
21.81220264450348
16.53295153688368
10.803163773096447
.08833444016594352
.09534276889898381
14.329645415539106
20.729047300653985
2.0362324500264157
8.537036386946033
25.62099360447809
.2048513568342182
7.0254669727133265
7.0254669727133265
7.0254669727133265
7.0254669727133265
7.0254669727133265
7.0254669727133265
7.0254669727133265
7.0254669727133265
