.37307755197464554
6.651394018423174
1.0038464975437948
.2555409254222027
1.7297241529656986
6.405047029091949
.002854762514346206
2.8691658349236104
4903755045278317e-23
.021796491623906396
.8067092335547343
12549678882063405e-21
3.4033880549050997
2.5966965077348414
.3291269759361173
.05098884019425222
1.7057950073012638
.29445560587366354
5.18439719825972
.0013028777999722035
7.337943162465585
.44489614789931203
.18928974879089874
23704005824455322e-23
2.4295829419955046
22670964248347383e-22
11049922243969235e-27
13.543628063894774
.000634485101784141
11.307769978070022
9.6379571011985
.3601002631294402
1.390787010386034
102.5244930510443
128.57376130058717
2.164296323806971
.5210120215145077
.8855739600294598
1.8499869116445937
2.331557623476788
1.4249998183975001
.0003099679099633288
.2167039077233448
.053696817636319005
39.10385944821938
48.876084505153116
11839655893262652e-24
11.417002410251483
.014359085348445816
.02945540806168418
.3500908307020861
3.329035433303434
15.96810648720326
1.215262172281016
1.2071454824276653
.2271732436617191
.35981995176348575
1.2660917227032948
1.2531363287797193
.014210892048765512
.0001542752743821107
10.912061380178695
8.277535803541253
.4119320048479197
.24015310356966751
.037111454608672385
.17801494684185198
.14069788826045634
.6184471110406481
.10314944307773834
1.246680054610681
.005493983851635447
.0011779126056514402
.0002521074992076926
.01311039092205646
.5165769193127459
.019401291578315837
.010578954123145018
.03365453625041543
1.48322710281178
.7680266890768488
.06511840383712057
.09761492333141836
6796294485556729e-20
9397604169254316e-22
.000172010129159273
.15227747215199142
8749963219660156e-20
7807381570073496e-24
5.888595965475889
.0006247559666247998
.0163667177847179
3.8214932220487237
4000020913897292e-22
28530108001280036e-29
.24281309184878377
4624403421039581e-23
2.4612231152341373
4.166256367482135
.0022750127932404636
4084072178792471e-24
.0013407227524637945
2681750333489928e-22
9100582473241551e-20
.01648125014907037
54078545988237734e-21
.008641234989290262
.02497858920102804
.5266219379107544
40107346757491706e-21
812341729319788e-19
28920387189740397e-24
136728762075271e-24
43441086238543196e-21
11045554387157297e-26
27037486599138983e-23
.009608956782596684
2981316547213684e-24
.04129707130036959
1859433747277638e-23
33747459728803045e-24
47.90172987387182
166.63385809849743
7.681664302154999
14.198128066499137
37.99433566881413
3339262896136767e-28
.1715573579964486
3.53795153593017
13082173628724817e-21
.0031547953857412677
.6154974507686941
3.5447834890009617
1076861275475839e-24
9668743527801765e-23
.31526006258308686
.39334235328387623
6.2404782130700545
.4190358680996568
2.373288178811372
.0009483720712496837
7.873346633817071
27.883469394354897
2.526236004289548
1.8351237534910871
.3796966099752478
15.121559274411153
2.737786792358267
23.806774866115212
3.734375522665446
1.4842333083000334
7.4654208752767754
3.465790911363818
.0009483720712496837
1.856200524401718
3.7934882849987313
2.1875299898517944
1.377223575512065
11.476006284507003
.09815190291722445
9.907635517477612
1.6333152171649798
.8637223645278818
19.763770543636944
6.303576129881975
.2974409791109401
7.922850165493536
6.841628457448764
1.9064661297417813
2.999100968775129
8.190576029662815
12.199632883950573
5.895015286004219
4.120677999245117
17.85344401959992
.0009483720712496837
1.420395731681853
27.650072443121587
4.894333225164041
17.976479604557493
18.954077893590867
2.022562073130993
3.3420373548112927
8.152068114803788
.03712401048803436
2.7501411386963888
3.81739379399946
7.617408773791545
2.4220725850709313
6.0040291635499905
6.938929075061181
10.11405264827963
17.234415080973083
5.448083666199842
.3740859312633757
7.113649888436695
9.252064081550612
1.4171412671750758
1.0232701954767343
16.21491959403129
9.121963194652885
8.709065404248346
.3926076116688978
.09815190291722445
.09281002622008595
1.1753704056904417
2.4731879385512228
1.929117345481854
4.916043271923595
7.0745702270109865
7.854175932950748
1.8472548280644858
13.698395211421275
7.796439601625556
6.447088165440454
17.272458805019635
4.577824004696622
11.090560324715204
.0012384544396847005
23.560211947211027
2.304639765702815
3.3280064974985146
.00013262867172876455
19.936245175421824
3.648314719489352
.6280455445836217
.621155329222753
1.4471400741837244
.0009483720712496837
9.219451419492522
8.238845864370058
4.439649859181077
11.384495696184283
.03712401048803436
6.946270463466616
.28463002914917884
6.206860917318828
5.474096085102991
.0012384544396847005
1.4476324802106613
3.484679324915927
2.971891364921022
3.3319119414460943
8.888467134222026
.5568601573205146
.3712401048803438
.1715077880147012
5.231360228989676
.000979589331844057
.8198268573158832
21.75546784588786
15.568549943951911
10.775064120298088
.08486499188182711
.09196581458424502
13.766830237160853
19.91488741631536
1.9562568123641983
8.201733347854054
24.61469626301733
.20452651114940967
6.886117877560314
6.886117877560314
6.886117877560314
6.886117877560314
6.886117877560314
6.886117877560314
6.886117877560314
6.886117877560314
