.42817160985700253
6.597477961546395
1.0029051706916159
.22284240387541754
1.7286443789428478
5.4939718358438085
.002559046321459361
2.4570568268898394
49818471030051886e-24
.012543644261267526
.7161499284563327
10926673893971445e-21
3.01481374463382
2.2985078962967123
.272228160642497
.04049061115970731
1.4610668153844595
.1115271705996325
2.5712366374586737
.0007285772485629195
3.923835848366834
.24783822540774722
.16425061981470154
23183581460339252e-23
1.4588153385552578
5977044263878396e-22
7284893821317324e-27
13.424215379712617
.0007916091236453806
10.073640039322113
8.644444137787596
.3045199181267725
1.11493915175824
92.69095679555736
115.27432527162546
1.9220110968876247
.4170970946398671
.71308552754368
1.5810660807967472
1.836781690579084
1.1031689439925498
.0002781518982224534
.2048741458594723
.03262485737546676
37.20345641721267
46.63084661048724
1194611856028646e-23
11.053531564527006
.011127467789309781
.0279755947758362
.3034630068090425
2.7995921305745473
14.101544249507763
.6424595812857846
1.2616200944030322
.20832728968493483
.28652660311690387
1.2512185860740834
1.1718455028422428
.012663130390598637
.00016628943659009577
9.752174325238004
7.8153712378678675
.3529514695357137
.21748191195962
.03531015907516211
.1412139854512572
.12584190989661567
.5974335747836536
.08943956812481334
1.3730278438725914
.004372112709138949
.0009040227125973095
.0001685099554968145
.009830808402922652
.43326503187288007
.014905669554242497
.008376979612766183
.027406843730092514
.9367464424056182
.695498224045636
.04147290668712822
.0956224616090996
5301299345820104e-20
4390713613781393e-22
.00025109625337648594
.08548982065427016
45992597669081194e-21
5240663493267232e-24
5.370436630609688
.00078188089744374
.014833220610126582
3.2874785343385815
5635928564709799e-22
3993556592522274e-28
.21998788377621634
3044728962740441e-23
1.459156848403201
3.136281586298423
.0029387540113238447
4855436425762278e-24
.0015182588167340788
23503396069325086e-23
.00013327833864075028
.01631301876671459
4602147786346819e-20
.0075149116866199605
.03217924406957418
.47098197932108915
2064643398535411e-20
.0001094864003653223
3327446329495807e-23
2675749949110607e-25
6632127321062401e-20
1118641750759525e-25
2963488807656854e-22
.003049776657580932
2552288969962348e-24
.041604099215579914
18370351458802557e-24
42280273789502426e-24
42.90393324479375
149.24822011657565
6.880202725378824
12.71677537262339
34.03022073539428
536399552137847e-27
.1598947907634064
3.1406205304246986
8159836115822534e-21
.0018717924530994247
.5566161811065198
2.9934568580671113
15513266380469418e-25
132517986230815e-21
.3145660693166219
.39053521055198853
6.223311205534332
.4160453600048236
2.3693687964349683
.0008494242722185515
7.550516779341223
27.684475114189798
2.448053004550215
1.6436572796646054
.3499775310461771
13.543860970674553
2.5270356307505333
23.63687448677093
3.1654602148652655
1.4679685946122114
6.6865209194015165
3.1041898130420753
.0008494242722185515
1.8358596723889322
3.3976970888742017
2.163558321267416
1.3033990591953208
11.39410616019113
.09788189565183629
9.836928290552052
1.6216588346206944
.7321381486698721
19.62272363024692
5.645896509208295
.2664076630560814
7.0962246145154175
6.12781148816447
1.8806589516491248
2.7694763168929293
7.336017470315575
10.926791918416773
5.279962602054578
3.6907496716383803
15.990716252282684
.0008494242722185515
1.344257020629951
27.45274383295068
4.652115822006448
16.100914997456453
16.9765161885481
1.8115393410123164
2.993348005384697
7.301527254349303
.03671719344777865
2.463206905868968
3.4191084317432527
6.822651256845781
2.334827805311237
5.961180569474656
5.881814452661249
9.058809374915892
17.111419266693257
5.156045286475753
.36392161637975456
6.371451735541537
8.286755839018651
1.4016117700017514
.916507948120419
14.523146234254893
7.732273146844383
8.646911940613014
.39152758260734516
.09788189565183629
.09179298361944664
.9963080130429778
2.0964088843911113
1.926992858109232
4.167106199518743
6.33644942582428
7.798123507624363
1.5658338668582168
11.611506337826766
7.7407992197048525
5.774435307486308
17.14919148638092
4.100199638323483
11.011410989414367
.0012296160363190057
23.39207119863109
2.0641866362939876
3.304255713548778
.00013161160791042687
17.856209669469365
3.622278011103003
.5625188107079916
.6143485061114697
1.4368123565927928
.0008494242722185515
8.257545798388387
8.18004818826368
4.407965676864386
11.303248649984086
.03671719344777865
6.896697432537059
.2549333354397504
6.1625647860570245
5.4350294325783866
.0012296160363190057
1.227092185571855
2.9538041093177787
2.950682046434597
2.9842790206060625
8.825033345042854
.5507579017166792
.36717193447778657
.16962834961934156
5.089218575980896
.000830353304866767
.6949299244707864
21.600206906066525
13.196751411745398
10.698166367797251
.07601065673630072
.0832832647380947
12.330476728977802
17.837080258623974
1.7521519976072324
7.346010696784186
22.046537527769036
.2036358391899092
6.516995295976595
6.516995295976595
6.516995295976595
6.516995295976595
6.516995295976595
6.516995295976595
6.516995295976595
6.516995295976595
