.43970316350978855
6.585780500997642
1.0127001503565065
.2199490364342753
1.7316021488965754
5.411922868970095
.002501078854776266
2.3852686040636573
5062826118771695e-23
.011208628472081133
.6986015901617273
10577105093725843e-21
2.935124166507571
2.236362965556787
.26487496817249684
.03898151230072891
1.4349845875205451
.09504468978708486
2.236037525878683
.0006319828928328459
3.390153585790751
.21943117452781635
.1621030634773645
233505357462641e-21
1.3142403655336006
46851831428543193e-23
6772590488397289e-27
13.399292360525209
.0008309719402065133
9.818942484277308
8.44909025683831
.29374792024239954
1.0669901085795437
90.71998654897368
112.55133607303921
1.871738239323941
.39923320992909433
.6829447391442309
1.5269279034551184
1.7524614643578988
1.0463954321192959
.0002719038416783478
.202482368241863
.029503578326366908
36.81703395712522
46.126487781268565
1197677252677353e-23
10.9332767877927
.010698182139176235
.02790569936769428
.29830508884995005
2.699445555214475
13.739201603785514
.5641920283430484
1.2638776774524385
.20623907603915992
.2759284686578204
1.2465796537038292
1.1604115697756205
.012440022650777226
.0001675465262808589
9.526435267879753
7.699583563002929
.34675351666617515
.21526462837771904
.03522635622003761
.13592717858697717
.12440038985044516
.5986534169497983
.08801470973999662
1.3948359119495317
.004210923465983954
.000864016095825324
.00015851895129723244
.009352509157272633
.42177106609190135
.014225348056870913
.00805999405675933
.026503059408491514
.860071651446944
.688418091369299
.038141877510469636
.09584542297236116
503039788108189e-19
37825351086451075e-23
.0002665392941697201
.07622002110988353
4129037562013887e-20
4893086646642639e-24
5.315835547078801
.0008082383589002733
.014686402323560421
3.23035408220135
5936174138589768e-22
430193600830161e-27
.21781793115153375
28365795942232547e-24
1.3144575185472507
2.990104135136115
.0030561132641845827
4866943468601702e-24
.0015374117069981551
22469584459375785e-23
.00014154366386322703
.016279835922714012
44788804572450024e-21
.007340814734107027
.03382288890551139
.4601036715086199
18487820122856024e-21
.00011551176416466228
3445326325235318e-23
29891922482441173e-26
7075759746239412e-20
11180349139051105e-26
3031256809471406e-22
.002449533647627464
2429417316783449e-24
.042128853343949606
18335507280793068e-24
4391911687875108e-23
41.92575841463953
145.84548192167915
6.723339691541696
12.42684322306378
33.25435934296603
5822185301310744e-28
.16055075199797114
3.0942856685471063
756510433485207e-20
.0017022401408846835
.5514599974611428
2.8864902008127054
1695160663452694e-24
14205426714122032e-23
.31442100535522416
.38995019705359335
6.219724017426779
.4154221328412511
2.368549263098551
.00083005808873916
7.48464002424
27.643004355087445
2.4319975391792714
1.6061832287146787
.34405781543889385
13.235071941262444
2.485020356807609
23.601466947934444
3.057824715625454
1.464586904003798
6.534073673426654
3.033416806618304
.00083005808873916
1.8316304883074275
3.320232354956635
2.1585742331318536
1.2884551716430892
11.377038029774825
.09782547540216041
9.822192779701226
1.619229623931333
.7072431729647528
19.593329204625867
5.517174654560312
.260333784722484
6.934436457065261
5.9881023634217
1.8753017080393841
2.7236858811839904
7.168762230519931
10.677669937736257
5.159583743267499
3.6066035768596536
15.626140909857202
.00083005808873916
1.3288446834674599
27.411620202414102
4.602955416891804
15.733827213147645
16.589465408271252
1.7702377154223732
2.9251021021465617
7.135058363463731
.03663260976614856
2.407047789103713
3.3411555365991896
6.667100349746224
2.3169684527022514
5.952250846865047
5.68181445516481
8.852275878997242
17.085786721977076
5.096929576339461
.36182936308489916
6.226187811050293
8.097824536634036
1.3983829425073129
.895612311317785
14.192030296237231
7.4693517945207
8.633959049124579
.39130190160864164
.09782547540216041
.09158152441537142
.9624304397672481
2.025124457620384
1.9265484849236973
4.025411619354953
6.191983525564692
7.786442083284507
1.5125906420043982
11.216678983583297
7.72920366593777
5.642782872640551
17.123502359677293
4.006718416871553
10.994916128282435
.0012277740974626524
23.357030369950678
2.017124857579131
3.2993060082665226
.0001313997187451462
17.44910259234024
3.616851915134754
.5496938387180491
.6129332601852046
1.4346600420240763
.00083005808873916
8.069280461204894
8.167794648817404
4.401362637364354
11.286316622199417
.03663260976614856
6.8863663254220855
.24912106245602145
6.153333394143647
5.426887873261008
.0012277740974626524
1.1853672321552726
2.853365576408731
2.9462619870391924
2.9162398828547853
8.81181363145201
.5494891464922277
.36632609766148566
.1692375847222356
5.059959708536418
.000802118708173671
.671300144192445
21.567850252257212
12.748020791194111
10.68214074049365
.07427767550078748
.08157238847537451
12.049351874730274
17.430409316524656
1.712204355210791
7.178527619541849
21.543894378977296
.20344990705491744
6.442275858215437
6.442275858215437
6.442275858215437
6.442275858215437
6.442275858215437
6.442275858215437
6.442275858215437
6.442275858215437
