.5143989941263759
6.505488049932182
1.1560400824232666
.2182551057545054
1.753018625702018
5.2743990692774565
.0021559392269558508
1.9907919065087236
6122318343021283e-23
.0064417308421246215
.5954026616839839
8528297831333706e-21
2.463008443299145
1.867435563484018
.2499315353902166
.034103074113613116
1.4110433866354741
.06314842963634315
1.3685910633348364
.00029580099767812846
1.6681903958717175
.11672955022873342
.1746511042291712
26504515586731617e-23
.7923271098810691
12659223785195425e-23
5427834002824645e-27
13.238037355306455
.0011473799840272503
9.042080627824877
7.286480257189745
.23141935063636523
.8128188696863192
78.7488449748512
96.00633794683523
1.5725265657886824
.30405092928022825
.5224037809831701
1.2153777596305801
1.3132957110083068
.7486398983051539
.00023470689227259598
.18766156666876405
.01838213327456579
34.40527877152455
42.77260635697839
1222144662420087e-23
9.987011213161134
.009364861314864895
.029271790811991286
.2920617470711855
2.133003179879703
11.60562680622084
.2904685666722844
1.2431883890240916
.2134636699376727
.24117884629954486
1.2110397190699538
1.1240996219731039
.012164553221771767
.00017003355368140247
8.19054496658632
6.888658688921925
.3420834295299728
.2170366583137764
.03695054837488567
.11879495614306855
.1289937227926268
.6745108317355647
.08945840192019162
1.5076706923708556
.0036935388121122075
.0007205620757517251
.00013218216577640788
.00758713933137766
.39250115300737665
.011759937328840361
.007025137954948474
.023746500353162225
.6215690978281448
.6942857588937732
.026212385904523003
.10303191073231295
4197115657165794e-20
17641657751164052e-23
.0003534728701684584
.03799642491914057
2957626271746208e-20
341906460943424e-23
5.319796483660559
.0008962559324528235
.014855800549586774
3.178407940839499
7473157344684063e-22
6907169292334925e-28
.22056268071248455
22917338946758128e-24
.7995728105214044
2.4962460416188463
.0035850073954078266
47659261862585505e-25
.0015267697723853348
1786643793278535e-22
.00018802556918613508
.016077489291180698
41338526548119474e-21
.006905369298282238
.046029608929249774
.3955049269172576
13185758732499217e-21
.0001625795601667773
4860260675822027e-23
5420878518544284e-25
9483935665539178e-20
11416702831018342e-26
3805120850213309e-22
.0011790524845522608
19641188867418988e-25
.049398648607530134
18741850306546705e-24
5579739329407163e-23
36.107796981000945
125.60676898775932
5.790354040005273
10.70239273373374
28.63971222688239
8737542893060141e-28
.1845702885464072
3.1403683205129984
5239909547829353e-21
.0010394217906177221
.5531763641763242
2.379277228595372
30979552554645318e-25
22902396105054885e-23
.31348296987351687
.3861819274731449
6.196537969321862
.4114077161335311
2.3632475828813124
.0007148724336532421
7.071622175494493
27.375877185488505
2.3305178045700545
1.3832960959978104
.3080642000992124
11.39846501899363
2.2292792699294446
23.373395028428174
2.443952838345191
1.4428698184279918
5.627352123858321
2.612475059577801
.0007148724336532421
1.8044708326058185
2.8594897346129633
2.1265666129527414
1.1957195455072442
11.26709643557347
.09746079906407756
9.727276376158644
1.6035822572118776
.5652609684050907
19.403989778772587
4.751566336985497
.22420773771316588
5.972157290348128
5.157144262043558
1.8409677375608386
2.444869542753578
6.173966101333474
9.1959490518672
4.443597667712638
3.106121741586146
13.457729684685257
.0007148724336532421
1.2332020515228077
27.146729005179083
4.296859235948497
13.550472555032195
14.287375390114248
1.524585039212141
2.519190990141453
6.144939258763228
.036089416652116374
2.0730261342672787
2.8775094442977425
5.741918929641545
2.20454674851146
5.894731486775181
4.541164996702724
7.623861615036027
16.92067884192231
4.730081768177549
.3485650301856253
5.3621910240384985
6.974104116729638
1.3776475379047186
.7713298156928671
12.222627999158984
5.969846285019557
8.550525099124085
.38984319625631025
.09746079906407756
.09022354163029096
.769218259293801
1.6185717385671843
1.9236725308902383
3.2172923785848813
5.332733205196441
7.711198082732478
1.208931360221835
8.964880916376567
7.654512786754958
4.859744130520723
16.95803001592607
3.450713371136506
10.888667155211413
.0012159095470198294
23.131320554446734
1.737212100553576
3.2674232843661866
.00013003544041754648
15.027722281700687
3.5819005978850904
.4734138219717411
.6038446058845884
1.4207962567625416
.0007148724336532421
6.949521050863239
8.088865461585174
4.35883022921526
11.177251711028472
.036089416652116374
6.819820174298211
.21455098457353963
6.093870880154143
5.374445339204529
.0012159095470198294
.9473995015815367
2.280539778381055
2.9177908912282944
2.5115585649429897
8.726660990148392
.5413412497817449
.36089416652116385
.16672810774957647
4.874466222162866
.0006410898190185653
.5365336621151238
21.359430113902786
10.188799062522367
10.57891426103392
.06397029722583636
.07131012987333714
10.37728517496502
15.011623037856761
1.4746048631132058
6.182376365037154
18.554287240862728
.20224963311885327
5.978597727536211
5.978597727536211
5.978597727536211
5.978597727536211
5.978597727536211
5.978597727536211
5.978597727536211
5.978597727536211
