.6300659091958423
6.359140128723612
1.5951036863327792
.2540928130478445
1.7528955970153155
5.861220390351377
.0017131390638652905
1.5348275700216327
9515540426459789e-23
.004386460462636393
.4660449999178774
6128192999502275e-21
1.879680193262742
1.4134856091027248
.2775405883398087
.03172420458712054
1.6462255868359401
.09362893519588994
1.3446527751692767
.00020390958019139485
1.3984476688203178
.06865875520840897
.2435580362414545
3696867373223732e-22
.5760519199618704
3009415751173299e-23
69775412300229174e-28
12.98763681137313
.0015826081742433104
9.497625323761943
5.81882979363427
.15855048195878874
.5487982545155653
62.944070727320444
75.04634358335194
1.2011438885613397
.2033561926497493
.3542955972945427
.8552992196765057
.870597099070011
.4536902661739585
.00018740989611452097
.16685179603377231
.014178094886889031
30.96713865801947
37.679956873724336
12623342318441598e-24
8.364043997027897
.00925587021865702
.03536875860297112
.3316866613635388
1.4918498113698109
8.933615070861995
.1672412128859672
1.1708392359867386
.2662719149448905
.22301922614944808
1.1517996547572638
1.1152168797788684
.013772655861396232
.00016521548971000876
6.490915960992359
5.638156554618092
.4021342545946145
.2512506031866072
.04463442292446619
.11039583518320861
.1623299854134269
.9148523839234802
.11112646549586874
1.615398290253652
.0034485959070482248
.0006218137268082669
.00013856269966053026
.006329167445600171
.4110336213940799
.010115329815456799
.006499745512737325
.022660425002857938
.6690527035118881
.8045518886633561
.023958268259162658
.12776650230448322
4944939509411966e-20
9777786198859254e-23
.00040319540432233426
.01492842416151032
388586156757317e-19
2112482894677195e-24
5.967868184359835
.0007765619187485839
.01736333689708456
3.6937939750388127
7858452389435608e-22
1247079015841573e-27
.2588161268373896
3093990526180795e-23
.5889605958044114
2.31925315950981
.003875205760541779
4501350916410872e-24
.0012936628089349096
14500576287492824e-23
.00021414751320500622
.015794021749582287
40495223614323074e-21
.006890575725145234
.07245144369562356
.3130055937933456
17623853824511358e-21
.000254278461770207
9314737356187087e-23
8904429277485673e-25
.00010475225519380126
11566497295363301e-26
5872943360997926e-22
.0014355458626994111
16813745574388728e-25
.0729103072713506
20197883514588185e-24
7410014097851042e-23
28.650628523765405
99.66581124382266
4.594500260111867
8.492079389141162
22.724891149457296
1185034022514454e-27
.2696742300680584
3.663577291383533
3277137266751158e-21
.0005183280406304929
.6072281591089429
1.8701475283722655
7012046675594786e-24
41397324634618805e-23
.3120359356125151
.38041846639736615
6.160804676363522
.405267780032105
2.355061307589983
.000567233291725221
6.476576408289531
26.96731378220797
2.181667154341606
1.0976106519503737
.2596140402905168
9.044395236080344
1.8842065360156666
23.024565518625398
1.7274010406964395
1.4098744767221922
4.465162340364352
2.072933236523659
.000567233291725221
1.7632064503590232
2.2689331669008803
2.0779365902311024
1.0651133686728678
11.098943896255095
.0968987763181261
9.582104438325715
1.579650055149178
.3995299621858396
19.114400515658904
3.770248351031533
.17790319937695828
4.738756565549914
4.092064231252424
1.7890375830734115
2.0683724592636494
4.898886780068574
7.2967542258851
3.5258829596747083
2.4646294597978815
10.67836994242675
.000567233291725221
1.098501731687041
26.74158545799186
3.86254050007977
10.751959076871481
11.336672937901398
1.209719873919223
1.99891467421668
4.875854710730875
.03526412900718047
1.6448940854575163
2.283231353205528
4.55606821854287
2.0411284734971478
5.806757262557867
3.2097236158575013
6.0493423944951035
16.6681510384612
4.213423912933086
.3289781571676285
4.254763678438559
5.533776165840872
1.3461436900296253
.6120308040490196
9.698347826989764
4.219524421151698
8.422915247185331
.3875951052725044
.0968987763181261
.0881603225179512
.5436882417610458
1.1440165545649073
1.9192275688779228
2.274002229419164
4.231389640271448
7.596114525383619
.8544801916847808
6.336433494827219
7.540275212798105
3.8560847087226215
16.704944775614106
2.73805424879404
10.726162374817369
.001197763054790713
22.786103815488424
1.37843409793568
3.2186595655646455
.00012795074449024473
11.924119571123807
3.5284435528900073
.37564195784265664
.5900359733566218
1.3995919917777886
.000567233291725221
5.514270121523514
7.96814551609187
4.293778121452507
11.010440033454115
.03526412900718047
6.718039730103003
.17024080870009936
6.00292465735082
5.294235975915357
.001197763054790713
.66962785014106
1.6118996752786994
2.8742451604922907
1.9928585368341747
8.596422448776632
.5289619351077062
.3526412900718048
.16291539310484696
4.600555925214334
.00045312626462235505
.37922532373164897
21.040657444068675
7.201506439856329
10.421032298596124
.0507588215181521
.057906995440750786
8.234114720140393
11.91134522614983
1.1700618615592768
4.905560112736527
14.722360146782396
.20040495949734669
5.32556684336433
5.32556684336433
5.32556684336433
5.32556684336433
5.32556684336433
5.32556684336433
5.32556684336433
5.32556684336433
