.6756860293505998
6.2909144914080075
1.7804904517131814
.26811424568966397
1.7411110299572279
6.070840251630752
.0015647347664641143
1.3897654908097512
11165049515571758e-23
.0039755177102575355
.4234400148133414
5399591558014449e-21
1.6922409891150938
1.2686565597678583
.2882618170504188
.03039298776783273
1.736560481368455
.11309771391561443
1.384083418194814
.0001907859441010076
1.4233672587868202
.05858856775232749
.2723135197167343
41541446496777615e-23
.5350971006207532
187910535160145e-22
7958070028571178e-27
12.88814256312389
.0016682377687720238
9.638371941940507
5.3336481739117
.13639476496446545
.4730844401621772
57.568240094893184
68.2342522943992
1.081659977677921
.17408208366478492
.3058345269566818
.7462828667934507
.7461856492613143
.3739918235068419
.0001716752241707903
.15930220069040285
.013466994627083657
29.704432709891876
35.773666388849534
12781437421018184e-24
7.747566284532026
.009168998202396344
.03742970301660691
.34604711759904794
1.3005008295878495
8.058010085023328
.14184389652159926
1.138200553570881
.2880879994243698
.21314059561038554
1.1298729948576083
1.0983596879811641
.014325408767413075
.00016190109049349545
5.923841835031422
5.182434217426905
.42535674133190154
.2624598968996561
.04723044762630003
.10575073162279532
.17618132389283972
1.0137601713845183
.12043599978718104
1.6424189034229195
.0033082706566208916
.0005784301608264609
.00013845114729254352
.005827992448408562
.4138713152228838
.009417876374485556
.006214234518793013
.021874194780155135
.7143525141230015
.8408374100906575
.02401212903600857
.13634790794784607
5356980861081509e-20
8277455340190053e-23
.0003897468998385596
.01076301857970286
44719909375909485e-21
1692911015251815e-24
6.14880765035369
.0006787682648019989
.01821877167021241
3.8906483422667026
7363990104940707e-22
1431412968011957e-27
.2720717776846857
3532963732025592e-23
.5481442246069981
2.258591666643235
.003900539642536567
4142457405585545e-24
.0011867650930002225
1289051694008596e-22
.0002067337368398215
.015689221478756142
3936702992221544e-20
.006733700647434273
.08357438161974166
.28544864327113734
2046900487677637e-20
.00028919245353098443
11438575287325688e-23
9432902717374324e-25
9908094976590008e-20
1122151821919795e-25
6596449767072348e-22
.0016621292456191214
14869545165567288e-25
.08389419460199966
2027158868570551e-23
7890116871972157e-23
26.152247125676325
90.97479042972502
4.193852365987751
7.751556256836153
20.743243686669224
11951968299744095e-28
.3044210740941625
3.8359517281096496
259942577539858e-20
.0003812553512272255
.6283410110155639
1.7506504255848632
866800082101957e-23
47482948408861765e-23
.31146705014783166
.3781690275699892
6.146767859002704
.40287140561705015
2.3518403667936076
.0005177696262685415
6.255895455363525
26.80785432361168
2.125607962185303
1.0018972181978618
.24267128243054087
8.255709263762315
1.7632845851522554
22.888419783767777
1.5064523898292115
1.3970692545263095
4.075792923167773
1.892170087355207
.0005177696262685415
1.7471920811745034
2.071078505074163
2.0590636762333068
1.0176144585409046
11.0333151280737
.09667800151724942
9.5254448392908
1.570309482906796
.3484268286075447
19.001375837626995
3.4414765637536444
.1623897510902918
4.325529287006202
3.7352295758916725
1.7689609716216805
1.9363505186761374
4.47169588641975
6.660465391618948
3.2184202319030093
2.24970976299494
9.747198718593287
.0005177696262685415
1.0495138618810105
26.583460745475954
3.7035697864050583
9.81437076084593
10.348096622349408
1.1042303337022799
1.8246060640482245
4.450672250982378
.03494384162349007
1.5014566463268193
2.0841298662817516
4.158771660940637
1.9800572666653513
5.772421533876636
2.7991738443380427
5.52182990043091
16.569591190718864
4.0255255636356395
.32155908207643485
3.8837413667060794
5.051221885314095
1.3339173043881953
.5586607226692965
8.852636125305796
3.6798129087753306
8.37311000829629
.3867120060689977
.09667800151724942
.0873596040587252
.4741460910506084
.9976875271151033
1.9174772596465912
1.9831388382192447
3.8624055826773205
7.5511982122708075
.7451852213231756
5.525952084310331
7.4956890811273595
3.519827851469487
16.6061673641406
2.499291465755214
10.66273788771726
.0011906806049113488
22.65136811999865
1.2582324030263496
3.1996274248080336
.00012713774106019158
10.884316953866236
3.507579639517863
.3428853682607777
.5846769560347668
1.3913161144298625
.0005177696262685415
5.033416799781372
7.921029359834186
4.2683887356164165
10.945334594298366
.03494384162349007
6.678315529656411
.15539553334081133
5.96742897826368
5.262930818523024
.0011906806049113488
.5839769986097106
1.4057245890100443
2.8572495642357776
1.8190780316937878
8.545591250659625
.5241576243523502
.3494384162349008
.16143570974134125
4.496804751688824
.0003951677277903691
.33071931865282
20.916242685089053
6.2803751596202115
10.35941206523625
.04633256973925366
.053341890858041294
7.516086526466876
10.872656552547255
1.0680305645108241
4.4777872936270775
13.43854640091016
.19968203797296014
5.088072292704513
5.088072292704513
5.088072292704513
5.088072292704513
5.088072292704513
5.088072292704513
5.088072292704513
5.088072292704513
