.7060994427871049
6.241325249662115
1.8952349676503604
.27518735512683
1.7309237308667973
6.158153936767001
.0014730308149598838
1.3017059859922386
12285198851892338e-23
.003785189478476403
.3973062377288739
4970716333859254e-21
1.5788204967622963
1.1813971528896896
.29360073708521023
.02907028592011909
1.7835753137783286
.1264403289924298
1.4038782115076043
.00018249653987930612
1.4401600632613136
.053555487556506534
.2875209520990944
4442516442433318e-22
.5177490614349163
13976830863311396e-24
872159473436107e-26
12.82144368411202
.0016826332946102056
9.793462260235412
5.034650406642599
.1233250482098121
.4292211970213064
54.231741766223394
64.07658349933445
1.0093927604351876
.15705706411581782
.277706835681598
.6820907365363281
.6746486937983109
.32924175287711394
.00016196521676026772
.15446234718566634
.013219568521576092
28.890540984387943
34.54097331441784
12888503118002725e-24
7.352120951235934
.009042686281158478
.03842055220193905
.35307913114291767
1.1883773076874742
7.522992610970225
.1292051729193286
1.1156188494899
.30103458144408396
.20362106873402994
1.1160420171961065
1.0927515250581707
.014576910204598802
.0001593696441290453
5.5740154159448085
4.893468847729279
.4375595513347087
.2673805081918691
.048475103688476955
.10115411257460577
.18449115118981438
1.0676689915959683
.12611051845080437
1.6566083246916796
.0031668888345498377
.0005425727626390871
.0001364573704458858
.005435351856947417
.4120917560665955
.00893616373456881
.00593568138049125
.02101554861674463
.7501612824779933
.8568588283137095
.02419129461790067
.14069752485111175
5664553685515787e-20
7513141004084547e-23
.0003759319288591679
.008753895353499956
4901948955643527e-20
14502533845575619e-25
6.210716069802947
.0006135088595228081
.018614983931450734
3.992925985813841
696079559086878e-21
15221527367669509e-28
.27832788300722394
38372311708565e-21
.530799680867504
2.2428109973482755
.0039042576825672488
3915331079685817e-24
.0011175192725112982
11953129435640774e-23
.00019921906837257195
.015621108525372187
3797270682945813e-20
.006515522532535084
.09068190448364462
.26844743810416544
22575689032911795e-21
.000308448619306136
12747848396258537e-23
9473682064361057e-25
9404625015148224e-20
10792026170797195e-26
6915240785719999e-22
.0018356691286145809
13483924787736915e-25
.09112519096158248
20108667992129017e-24
8050620590269017e-23
24.608902901492012
85.6060197584566
3.946357082120762
7.294107246051826
19.51910546325677
11735543456524347e-28
.321615603272731
3.8928593412231
21776119098254082e-22
.0003068062427755338
.6342060625844506
1.6772882040367576
9536218644520737e-24
501979347512423e-21
.31108836948724455
.37667679603646975
6.1374277528056576
.40128170003148683
2.3496955206214447
.0004872140583924997
6.112968273326936
26.702072192735596
2.089037734981998
.9427714276873449
.23199494685580804
7.768508253939225
1.6870126852957612
22.798103498552035
1.3750872273791845
1.388597118338778
3.8352647790005205
1.7805058865138628
.0004872140583924997
1.736596722920409
1.9488562335699953
2.0465770598201765
.987131228309097
10.989778350725315
.09653109784009707
9.487858024602867
1.5641131390580274
.31804342767765076
18.926397586797304
3.238381856373026
.15280651018531166
4.070263243917813
3.5147993786603604
1.7557018873619488
1.8530513891677391
4.20780399271556
6.2674058299248285
3.028488932614058
2.1169457770887186
9.171979206020382
.0004872140583924997
1.01807506655467
26.478564057745135
3.601241034811857
9.235187168898157
9.737415823997509
1.03906547427361
1.716929074884423
4.188021042492261
.034731934458408185
1.4128499414484246
1.961137383986875
3.913346623781496
1.9403616877555356
5.749643916436711
2.555081213684764
5.195965578225446
16.50420861131727
3.904938614884656
.31670621897119894
3.6545469201360685
4.753129943757034
1.325828135559186
.5256920146471175
8.330208176107424
3.3589270820405193
8.340070235398192
.3861243913603883
.09653109784009707
.0868298361460205
.43279976062793263
.9106875097506646
1.9163112737256058
1.8102058219470467
3.6344702424047917
7.521401652355227
.6802038264145878
5.044079840522534
7.466111556801295
3.3121093346405805
16.54064045742668
2.351798708070181
10.620663385180796
.0011859822530753568
22.561987225949196
1.1839792919051366
3.187001893390264
.000126598610721622
10.241991740884888
3.4937389477561593
.3226503899769031
.5811313459791528
1.3858260673141936
.0004872140583924997
4.73637560448661
7.889773469142582
4.251545938337289
10.90214498268082
.034731934458408185
6.651963310681255
.14622504800190067
5.943881873540105
5.2421636198537005
.0011859822530753568
.5330532297555614
1.2831430588919657
2.8459750346258708
1.7117272728827482
8.51187087747427
.5209790168761219
.347319344584082
.16045672798075333
4.428940464572427
.00036070844244775373
.301880042142319
20.833708488415162
5.732715964639511
10.31853446758686
.04359830741926784
.05050022635271053
7.072533485944274
10.231019464488437
1.0050019920493873
4.213535922663231
12.64548632964329
.19920153964775217
4.9356561415454765
4.9356561415454765
4.9356561415454765
4.9356561415454765
4.9356561415454765
4.9356561415454765
4.9356561415454765
4.9356561415454765
