.8277530965331251
6.002029432658435
2.280324243163051
.2856573019476764
1.6775808026600019
6.1276011317961245
.0011569051281954006
1.0068434478482085
16876674609401422e-23
.003054163962684845
.30839630635355436
36171902562909373e-22
1.2027123764401786
.8942401472972309
.3088103360620344
.023872636487389926
1.8774107556541209
.17671964798298845
1.4098749439324711
.00014706195020241735
1.4481117005660646
.03667176782939835
.34221900493461865
5461512776269929e-22
.4449014568489883
4938565208403253e-24
11456179553731641e-27
12.55055984878418
.0016216179338826608
9.752124396988297
4.002455757786201
.08213726047107676
.29434377152027275
42.6655294713704
49.98662756936393
.7699401601814728
.10455861411333041
.1909617165316172
.4796340790878854
.4572837100090973
.19978679154092613
.00012845427150325013
.1365458105067238
.011968551559413298
25.846878428068308
29.91972825017983
13341060529461763e-24
5.916729060537193
.008314729091286142
.039848444470695535
.36401441284111996
.837950101205848
5.72075652891027
.08727958407924002
1.0212559152735445
.3465447307714552
.1664255676531416
1.068007257280671
1.0350366544970948
.01505866273788836
.00014741923560400772
4.371523723776559
3.86189933679288
.46268633264967296
.2709420850496064
.05023600266628484
.0831219747648505
.21439840165105553
1.2828500171574344
.14733045481907475
1.6885806436582396
.0026085673562961636
.00041307777127796714
.00011500661381341152
.00407285667687329
.39067716006947817
.006848057068993254
.004849513685510139
.017507108566695673
.841517947008052
.8692437186762066
.022804948566132462
.14883085321782874
6454472064793413e-20
5102617977945342e-23
.0003183235611701309
.004153332414223607
6340687403985823e-20
8381940327180051e-25
6.111454654108864
.00040294094693695904
.01908088372878076
4.197233741286018
5461383580439581e-22
16452715380600516e-28
.28663832154642366
4603710551633271e-23
.4564452559590367
2.0890777353050973
.0038729968524138557
29548968637279432e-25
.0008724713461880953
8487679476354956e-23
.00016800506797288463
.01536002177781553
3199498913030031e-20
.0055503432572142864
.11705680117609044
.21003216195479685
2990317036510415e-20
.00038236136567568505
1835121346988885e-22
9065430367370261e-25
7403718763211629e-20
8960872492419523e-26
759429586904765e-21
.0024528588396839786
8528152588452437e-25
.11874941267449249
1871684796156793e-23
8339314031145759e-23
19.294130510389174
67.11773069714847
3.0940643265498933
5.718802570169302
15.303574066737179
10058713741720617e-28
.3677432251401608
4.05233836078309
11212696906794804e-22
.00014406940213582405
.6457302735645284
1.515451165017578
11511522679575628e-24
5530094898584025e-22
.3095782452383527
.37076652054458026
6.1002090368433395
.39498535944986457
2.341135678804878
.0003819906830771934
5.573176266563529
26.283101328259747
1.9489412668218389
.7391615562903749
.19378452154967565
6.090747430819089
1.4135204505655707
22.44038814738926
.9546178784136445
1.3552192364440006
3.0069645722990974
1.3959709250927979
.0003819906830771934
1.694853931184071
1.527962732308771
1.9973832321151612
.8740602700757825
10.817342410069973
.09594571196563217
9.338988077360593
1.5395713046536004
.22079322397001727
18.629431527342522
2.5389901544757336
.11980496498174914
3.1912105368593644
2.755709923403217
1.7036519515547337
1.5541803398843228
3.2990466792677884
4.913837342859039
2.3744276999679723
1.6597500615962282
7.191111466769359
.0003819906830771934
.901459646003172
26.063100164408404
3.219428768063754
7.240668437672993
7.634431022552652
.8146590260331751
1.3461247655170103
3.2835362428612256
.03389707862368142
1.107717449697803
1.5375915288426723
3.0681831203069705
1.7893794717226217
5.659428697755928
1.7737974426764969
4.073795503809045
16.24524808947229
3.4576473750121153
.29801617490052723
2.865276258584086
3.7265988587458247
1.2939590395218779
.41215857445867504
6.531137303109236
2.3318461410735307
8.209209738464
.3837828478625287
.09594571196563217
.08474269655920358
.30045976796397134
.6322206774568901
1.9116544158973579
1.2566874354092175
2.8495355308518158
7.403386536164556
.47221348633884214
3.5017188001127835
7.348963973997697
2.5967947463175682
16.281108298970548
1.843881923111641
10.454019070549416
.0011673735096700728
22.207976674853448
.9282758793050813
3.136996001386005
.0001244648545646672
8.03003393227173
3.4389201750171456
.25296774741895944
.5671626194311311
1.3640816595676764
.0003819906830771934
3.7134629457068367
7.76597838735921
4.184836738231518
10.731084059952979
.03389707862368142
6.54759018193599
.11464489787822037
5.850618949639507
5.159911058790989
.0011673735096700728
.3700580829629618
.8907880752519486
2.8013200501015514
1.3420463940791902
8.378314729692887
.5084561793552206
.3389707862368143
.15659980962406594
4.167571765409724
.0002504122801806905
.209572221767031
20.506815624347347
3.979786185740732
10.156630729374934
.034182402878611115
.04056887775725725
5.545081983668325
8.021431332893911
.7879522169444763
3.303540687185553
9.914447002701909
.1972910808716897
4.370301350378904
4.370301350378904
4.370301350378904
4.370301350378904
4.370301350378904
4.370301350378904
4.370301350378904
4.370301350378904
