.8381437409993954
5.9779026169461424
2.309966470773193
.28558094215020735
1.6719755888142374
6.104706925061749
.0011332737626921561
.9853287660431811
17296690148767446e-23
.0031140246657160213
.3018257560727927
3523381093358871e-21
1.1755192389811586
.8735919588882523
.31001823760323755
.023365734306782033
1.8760867558673322
.18078509151946082
1.405494414513012
.00014399795914025863
1.4446751070873154
.03683879228987846
.34503213828734225
5545243073092032e-22
.4559434616151849
45667603699116925e-25
12140328866118164e-27
12.527052889049619
.0016052793176909168
10.098682850944622
3.9247711803414442
.07931237383849839
.2852456275221201
41.79778335367416
48.945460694463534
.7526202953934905
.10102059867258116
.18509587574471034
.4656524639484454
.4427703927769255
.19157149365780696
.0001259389112717592
.1351166204960614
.012320296986317642
25.60194989485496
29.547357767732045
13381928886302998e-24
5.805447721280026
.008249002338150168
.03986516048696117
.36333368369857455
.8139945772526747
5.589005170334269
.08765953707923606
1.013027581853038
.3503148680676094
.16285052263206726
1.0644616676558585
1.0584611965514303
.015080290047295877
.00014629976147815136
4.281851610914371
3.7828877781773014
.4624650019096089
.2706167043834814
.050253190325515215
.08136530530802899
.21692299979902868
1.2967390573421713
.14918247464572723
1.689727232047382
.0025537693621608473
.00040178258937031194
.00011104462729986135
.003958091236650353
.38842555075349666
.0065929463455393165
.00474454241830819
.017152685903679844
.8795112317760633
.8682838149267529
.02347169344424075
.14913630711426676
6760463204574926e-20
5112761450959187e-23
.00031415896382667134
.003918110159626131
670749860171099e-19
8142751815038459e-25
6.089708334836225
.00038893591926571024
.019077675451721364
4.194499386934585
5356933765031322e-22
16433708696595895e-28
.28670467755769496
4831027753354672e-23
.467873686754625
2.1554797867732387
.003868943991895778
2997110283605212e-24
.0008541637976869073
8565387521374877e-23
.0001657412595921621
.015338444885920606
3136875187609479e-20
.00544645057447411
.1193326114027872
.20567902437490104
3170809341445329e-20
.000387216928441917
18811111659984423e-23
8989385845715782e-25
7257166088403093e-20
8775084348514603e-26
7598907541396635e-22
.0025988714084185186
8456796180615888e-25
.12113825403454635
1858024079686118e-23
8315263304744457e-23
18.89731073228448
65.73732938868879
3.0304291231473837
5.601184729567613
14.988827524409114
9910373581991227e-28
.36903161734024365
4.047411306437269
1072378981804254e-21
.00013717204968891983
.6458300249479445
1.5077810724360723
11540919491573592e-24
5519610920655458e-22
.3094496032744322
.37026603324339
6.097040604802288
.3944521798190005
2.3404060152813275
.00037413433225510633
5.529343288858542
26.24762250878228
1.9374200933594046
.723959320325778
.19082855137167332
5.965479850469307
1.3923264988178636
22.410096498388558
.9253194657141756
1.3524058405040023
2.9451207377865294
1.3672601794887063
.00037413433225510633
1.6913354634405082
1.4965373290204227
1.9932367222924416
.8650252412342536
10.802740383703311
.0958958780228677
9.326381639940568
1.537493080637785
.2140168046891741
18.60428418153003
2.4867710866526695
.11734095243688224
3.1255773404611116
2.699033609342993
1.6992784614790994
1.5310068985220748
3.2311956314831187
4.812775113442382
2.325593165935999
1.6256142060935808
7.043212847806822
.00037413433225510633
.8921413939558539
26.02791831831621
3.1887578846678
7.091750587178518
7.477414710120555
.7979040437981685
1.318439199149246
3.2160041961287074
.03382670926881017
1.0849351744169817
1.5059680913955966
3.005080212180108
1.7770418134701915
5.651789194083755
1.7193573879740232
3.9900103015168273
16.22331908584617
3.4219061969416806
.29647189981276434
2.806346508496216
3.649954402991965
1.291272817978958
.4036817646862642
6.396812283694882
2.2602788761629182
8.198128357057518
.3835835120914708
.0958958780228677
.08456677317202546
.29123828313694966
.6128170367498349
1.9112571907454814
1.2181181314506109
2.790929518186711
7.393392912841417
.45772066578953374
3.3942466849522313
7.3390438141610215
2.5433868192559
16.25913088865591
1.8059590524652323
10.439907484143161
.0011657977049925696
22.177998751564775
.9091841545835431
3.132761458687079
.00012428428250172728
7.864881308189425
3.4342780733654776
.24776499390050558
.5659852062363381
1.3622403240894962
.00037413433225510633
3.6370886545035135
7.755495311491187
4.179187744784205
10.716598471307805
.03382670926881017
6.538751774048882
.11228701173702453
5.842721363622041
5.1529458399346515
.0011657977049925696
.35870053908850574
.8634486787806956
2.797538626931017
1.314444707026335
8.367005078213493
.5074006390321517
.33826709268810184
.15627471294837458
4.145976034050732
.00024272681514211323
.20314018903171438
20.479134050528973
3.857641586564315
10.142920579128724
.033479378012159014
.03981716272213015
5.431037030922371
7.85645563731193
.7717465100474152
3.2355972117465885
9.710537909336729
.19712875715539482
4.3251262061712605
4.3251262061712605
4.3251262061712605
4.3251262061712605
4.3251262061712605
4.3251262061712605
4.3251262061712605
4.3251262061712605
