.9873320629864158
5.536011866016346
2.63042798261454
.2747406901956609
1.5776507214611868
5.5929100272934855
.0008425008369632545
.725758139504087
23461456740458455e-23
.002429462385334313
.22187838821839362
24426036174918945e-22
.8501088708754995
.6282222136974892
.3239779448692524
.01717908309687753
1.8609583015937878
.2309361972035105
1.291657156622456
.00010193338088145131
1.3322318847148213
.02342760738041441
.38854127451828896
6600604424654098e-22
.383110867619872
17269042114007824e-25
1555335623950882e-26
12.18102603435051
.0013498216364845265
9.626135760469982
2.9590658849523916
.04774169600043706
.1840109533422818
31.097236737700488
36.235090347751765
.5456462729421448
.061886326444606725
.11969224822686529
.30652861127496683
.28266925644581364
.10577033303679657
9480386562588277e-20
.11618703984976067
.010908797945773324
22.326515692747677
24.552009755460592
13982794634121509e-24
4.397864273002246
.007238606541832793
.03823705138955309
.354067423598216
.5441831779690884
4.008626608651595
.054982476754739974
.8958160462258237
.4001511132155995
.11923618049384509
1.0221141087037366
.9970286084273144
.015029067150716051
.00012955506798803467
3.1808007850706272
2.7963338098318244
.46012304966966855
.25492178786645586
.04813513864539081
.0599192497821056
.2512593195752898
1.5086284461585735
.17548055019092645
1.685769535489221
.0018834454543733327
.00027134205735722134
8303819046284061e-20
.002657640673942341
.3496420557436127
.004715452702465007
.0034693004291853034
.012762670652731838
.9494345897925738
.8190011474856197
.020538243449432697
.14634154092991836
7356528540989803e-20
3460148864325421e-23
.0002559460483806633
.0018336042491771773
8367444820538815e-20
6809741111521926e-25
5.561144547063076
.00023543972163874577
.018230547222813247
4.163438963391533
40241197267579816e-23
14708450692029492e-28
.275575612594477
5318212984424965e-23
.3929498722296636
1.9585694883273919
.003779923607583098
21115237967339887e-25
.0006271949470957774
5684045825390362e-23
.0001342275311801039
.015037787561069929
23485892287196414e-21
.004127095947300012
.1497670287893439
.15229704707118724
40740667596754834e-21
.0004562799208373654
2599791850095872e-22
7736996795720475e-25
53312667311985374e-21
6422056645926819e-26
727608164426484e-21
.0033100458279482336
4501589249009033e-25
.15322183699663777
1624909499261582e-23
7825995453294938e-23
14.022216413413721
48.77853109295955
2.2486444548793867
4.156201142172286
11.122036691259346
7689070440012837e-28
.37939982980683
3.9784153635391175
7308272710766877e-22
89760693725798e-18
.6129542109446806
1.3500804755611826
1111391184749602e-23
5104477193911541e-22
.30760845162269523
.3631541043919616
6.051729449440758
.38687569268192756
2.3299545838149545
.00027761582845787965
4.936702123158195
25.74346817907928
1.7793147440890216
.5371935937304009
.1530359903446471
4.426516061369081
1.1208268195696343
21.979651905742326
.5914480921155612
1.312649279878531
2.1853437737213453
1.0145368513986348
.00027761582845787965
1.641615417226257
1.1104633138315168
1.9346417101907463
.7451386917847778
10.595245463533713
.09518321210684903
9.147244055854037
1.5079614995114337
.13679581539591243
18.24694018140183
1.845238343257552
.08706954404972844
2.319246505796836
2.002741761166425
1.637707943509915
1.2339630137808264
2.397617579591762
3.5711840243218864
1.7256408133565344
1.2062411697353885
5.226217433624433
.00027761582845787965
.7684967322234357
25.52798398297043
2.7792755934083107
5.262233494075036
5.548404678504138
.5920621901063117
.9783106199769667
2.3863452034749817
.03283230834452515
.8050455446133512
1.1174611450489633
2.229835010484728
1.6089955108795946
5.543231781243313
1.0989833073458182
2.9606746024467534
15.91170775584681
2.947653531313371
.27516152254725357
2.0823702711271865
2.7083457145258296
1.2533133796694695
.2995406672817755
4.746574127328725
1.4447309048274164
8.040661832030779
.38073284842739613
.09518321210684903
.0820807708613129
.18615443994730352
.391701980376969
1.9055629450562064
.7785999014532552
2.07093052831796
7.2513834395278876
.29256708038033097
2.169543385143347
7.198078257621518
1.887248450738622
15.946831699196707
1.3400609761984765
10.239381720026108
.0011434055069817523
21.752012203982872
.6746344575599754
3.0725885705409115
.00012172033615765611
5.835913338760691
3.3683137689980254
.18384702529157315
.5493469867825763
1.3360749311189162
.00027761582845787965
2.6987990487498674
7.606530713308198
4.098915499346748
10.510758132161246
.03283230834452515
6.413157922010021
.08331940990429718
5.730496598436825
5.05397002012244
.0011434055069817523
.22927513939304972
.5519013623153275
2.74380457117771
.9753466197653679
8.20629483348878
.49248462516787667
.3283230834452516
.15168071836961358
3.847963596868031
.0001551467542188657
.12984367203609046
20.085778648656365
2.465737338269589
9.948099226296083
.024842428138251108
.030440046241513235
4.0299478415599435
5.829661307339598
.5726527299830992
2.4008836480757783
7.205430761253989
.1948127929297622
3.725693458923884
3.725693458923884
3.725693458923884
3.725693458923884
3.725693458923884
3.725693458923884
3.725693458923884
3.725693458923884
