1.008496978874677
5.454013149395444
2.6635742777881037
.2723925358330051
1.5607661864496358
5.505099954003193
.0008077720896057494
.6953458827277391
2441863204431811e-22
.0023484875413745795
.2124435100256059
23212202141394476e-22
.8121224775525595
.5998949938924991
.3265236219688071
.01661604687351846
1.8532111034861556
.237308318017377
1.2700202319870435
9661015224599302e-20
1.310444410132358
.02199460023585956
.3987274975668373
6745841040858023e-22
.37418455066734596
15432806050913929e-25
1606225533979224e-26
12.13041868486368
.0013270601825847576
9.55002646953646
2.841966217009831
.04439073378903289
.1732159608508633
29.817073660171623
34.7273958428818
.5216067681387436
.05776197273296022
.11270254837571198
.2890931767460171
.26575656744350445
.09732504928722371
9105272982978765e-20
.1137277945523092
.010724539438114047
21.896541212737965
23.89249095466345
14065508113850849e-24
4.225416719077869
.007113221639304866
.037897815068219334
.3518221907298972
.5149856648455968
3.8254080443369665
.05153173068366316
.8795252957023754
.4079011245374455
.11519101921491312
1.0171534467237915
.9902012314882276
.015023061242007156
.0001271340410250667
3.049579948533659
2.6770897343553597
.4583448645035084
.2521331594452566
.047699525706525664
.057964964649096055
.2566741811963172
1.556481510854311
.17974524658204416
1.6824817500431348
.001822538548317185
.0002595341168727578
7667672420617407e-20
.0025418087648037433
.34458474776835657
.0043397486318591276
.003353443624988534
.01236167040693184
.9584777089648101
.8102016787720726
.02013627370078994
.14550825649053403
7428894319387105e-20
33012360875779644e-24
.0002483711616725649
.0016636152868830733
8628175590835217e-20
6965524397664756e-25
5.475373541931756
.0002193834496659657
.01807024135394904
4.146914742112855
3864401731112652e-22
14360816271911134e-28
.2733954892497427
53841870104183535e-24
.3837612428401864
1.9316076585712367
.0037631960075154057
20069185978358435e-25
.0005999372532141669
5360831359273998e-23
.00013012799699788614
.01499632300029557
2275764248175068e-20
.004005807454846766
.1541596268688388
.14594560731717374
4220073872013322e-20
.00047075311197044157
2747326115948834e-22
7620641980780505e-25
5092946106026912e-20
6196291481439133e-26
7278023232633765e-22
.0034129915881170193
4155678888056522e-25
.1578370827798092
15930037376384218e-24
7819047126523814e-23
13.441045556236434
46.756834957958674
2.1554461624839645
3.9839414287872565
10.66106793946964
7398612255982956e-28
.3841239124160999
4.009609235871107
7340017582605989e-22
898055214090693e-19
.6151271994143224
1.3473400746638757
11083462534378782e-24
5070960566465103e-22
.30734814154685547
.36215628135648503
6.045328619624929
.3858126908505966
2.32847565460213
.00026610964254304036
4.857936845434125
25.67273395013492
1.7579552090807704
.5149288352832418
.14831861046993672
4.243052758717869
1.0868616570659881
21.919259354155916
.555061641424103
1.307104601103828
2.094769068784846
.97248791746539
.00026610964254304036
1.634681173403747
1.0644385701721597
1.9264697125432542
.7295336166176472
10.566133359712818
.09508253815122858
9.122110563709318
1.503818138049655
.12838000637047958
18.19680384253144
1.7687597953568412
.08346082200055153
2.223122010207822
1.9197352583621734
1.6291557130504029
1.1967756399310503
2.298244882520725
3.42317118388622
1.6541191565006925
1.1562467755605104
5.009609361394933
.00026610964254304036
.7524024810400537
25.45784183075619
2.7256091317126003
5.044132684598647
5.318443094122364
.5675233240396611
.9377631341277421
2.2874397061887057
.03269362346807495
.7716792781519285
1.0711463662448673
2.1374163024716597
1.5864788476750011
5.528000879828687
1.031372806176662
2.837965200038657
15.86798783545891
2.885922265134418
.27226499055243564
1.996063450596746
2.596094444538461
1.248019337916788
.28712577499719505
4.549845559397317
1.3558496817214376
8.018568848640403
.3803301526049143
.09508253815122858
.0817340586701874
.17470204126611016
.36760410097769225
1.9047564941638633
.7306996929645149
1.985097844324734
7.231459122695094
.2745680745738791
2.036071006994102
7.178300405162315
1.8090287337206294
15.903015270248536
1.2845202283419468
10.211247407827194
.0011402638204636622
21.692245128290743
.6466732655185802
3.0641461500446283
.0001213609062213831
5.59403554587087
3.359058796993656
.17622722182198836
.5470265249316835
1.3324038550460588
.00026610964254304036
2.586943454008739
7.585630573466717
4.087653084145443
10.481878170575369
.03269362346807495
6.395536761661454
.079866117539813
5.7147511574752965
5.040083442370193
.0011402638204636622
.21516991415770922
.517947864156927
2.736265536446019
.9349219811531893
8.183746747368485
.49040435202112376
.3269362346807496
.15104001344365386
3.8074573895682478
.00014560197793574
.1218555655004184
20.030589811799707
2.3140428256436123
9.920765258575063
.023812798097620626
.029302188419446294
3.862920877176574
5.5880426388530084
.548918316810669
2.3013755841151933
6.9067913558712775
.19448644507292137
3.647668083088231
3.647668083088231
3.647668083088231
3.647668083088231
3.647668083088231
3.647668083088231
3.647668083088231
3.647668083088231
