1.0649406470435354
5.201051371243582
2.7296912388589902
.26565067501267686
1.509635438092233
5.262690415184418
.0007219613115001966
.6206652401328897
27069029786456787e-23
.002150905863845162
.18923813022219824
2025047427881552e-21
.7180317004840433
.5307944063427301
.3320094337927416
.01476922110974244
1.82910732656231
.25332900540160586
1.2083839115388464
8336949300934085e-20
1.2482377456558404
.018629462420369364
.4147840248946135
7126415066284159e-22
.3521943500421115
11717951595037876e-25
17465801530700687e-27
11.993215352711486
.0012290608115699965
9.35374227170045
2.5505773518681307
.03652724422048748
.14770402071571698
26.65280815416539
31.009856569838675
.46282381690425156
.04808281563566198
.0961707825015238
.24748842297989163
.22591926723685685
.07803753257448624
8174704100377573e-20
.10742326080691512
.010261696401767282
20.789337273440292
22.187786933006556
14270784766009135e-24
3.79575849114959
.006757275840195284
.0369034010663741
.3452883589865673
.4455351033268246
3.3783514593581216
.04346440358723714
.8368176905259822
.4269741296294368
.10220002767043519
1.0046486491328483
.97450768341943
.01492273775139738
.00012070607992771194
2.725598866841352
2.3816901336733527
.4526996630961004
.24425269134672084
.04642703929461731
.05155642990231335
.27024317211927845
1.6426361477206461
.190723459017729
1.6709280185906126
.0016216920999914419
.00022413331968236245
6848034461352392e-20
.002196788771754199
.32967895811744574
.0038486356873634426
.002975612457410221
.011024842716668981
.9829431458998286
.785303897150491
.01919748095887587
.14290541083427805
7619429376940394e-20
29412917889446488e-24
.00022840398523948807
.0012974611541502208
9316260515583232e-20
7564655599905065e-25
5.2384294075639275
.0001818332714867972
.017609916497296
4.095350937599847
3460312765595876e-22
13379371309483552e-28
.26708848553147263
5588481787051443e-23
.3611878534246406
1.858921163679112
.0037147445063778197
17480342205721544e-25
.0005325900848058089
4576538719628032e-23
.000119336747411359
.014886901010301398
20310173100060738e-21
.003590893523731509
.1659923076757882
.1302765210844202
4613370839379434e-20
.0004958734856640925
30709726464503165e-23
7070299581405975e-25
4486953150709254e-20
5458853744395137e-26
7054535438321064e-22
.00367428808999748
32533322033258857e-26
.1701806699924258
15004324927317454e-24
7556086306427575e-23
12.006231297089247
41.76560319480591
1.9253550675749727
3.558660825004246
9.52301270163209
6660117850403744e-28
.38660206659472235
3.976005620462457
741008720889756e-21
894984673727017e-19
.6021454983020991
1.2945377798419637
10663764102218136e-24
4816379014951571e-22
.3066550100384331
.35950862130679634
6.028291645536729
.38299208300582327
2.324536159720937
.0002377027817806232
4.653971906596183
25.48504516618932
1.7022378729659273
.4599608469508428
.13643694928970723
3.790112355008169
1.0012299192166114
21.759011554246467
.46859936276429437
1.29243201868481
1.8711551752869249
.8686760878729907
.0002377027817806232
1.6163314604386725
.9508111271224912
1.9048445988292007
.6894966098835825
10.488886241227366
.0948145760865256
9.055420438612183
1.492823991569031
.10838217719843762
18.063770251658912
1.5799469708807914
.07455148700979453
1.985806605931839
1.714805998137501
1.606565924883157
1.1029908038877867
2.0529102086178623
3.0577520797256215
1.4775440722078996
1.032818925120897
4.474840030064781
.0002377027817806232
.7111104246989195
25.271724084809264
2.5875013407131773
4.505678033090194
4.750706160564469
.5069409419382256
.8376581303228304
2.043258470908524
.03232662920877346
.6893035115385145
.9568028746249952
1.9092498718402986
1.5279590093748585
5.487586650288486
.8707152569700507
2.535016079083581
15.751979803502293
2.7275420527202576
.2646885860370226
1.7829862543997654
2.3189647144492502
1.2340100026419767
.2564754692296118
4.064155420320908
1.1446481785856073
7.959946520410435
.3792583043461024
.0948145760865256
.08081657302193364
.14748860144772707
.31034219375298344
1.9026074785053666
.6168781716148484
1.7731912124393947
7.178591213436686
.23179844395414217
1.7189110275615245
7.125821129816803
1.615917252066212
15.78675115895681
1.1473993524341286
10.13659479730798
.0011319275548265207
21.53365698894077
.5776417293562148
3.0417447234630064
.0001204075412986062
4.996879473911305
3.3345013165930846
.15741519342269736
.5408860127143208
1.3226628878485738
.0002377027817806232
2.3107905803435647
7.530173379832413
4.057768980720972
10.405247026766435
.03232662920877346
6.348780131853068
.07134051260905076
5.672971629927448
5.003236290285798
.0011319275548265207
.1816527699548076
.43726682043160153
2.716261186613807
.8351202667600464
8.123916832949718
.4848994381316013
.32326629208773455
.14934455078217282
3.7015060614153485
.00012292147211408056
.10287405232376637
19.88414973842099
1.953583012372789
9.848236311295496
.02127081264584109
.026471365468535093
3.450559061026145
4.9915263019800475
.4903219952096616
2.055706711859227
6.169500296117329
.19361879465809884
3.447483049417909
3.447483049417909
3.447483049417909
3.447483049417909
3.447483049417909
3.447483049417909
3.447483049417909
3.447483049417909
