1.0712327108580817
5.16924500245862
2.7353334091982675
.2648339365145676
1.5032710721098885
5.234475358969536
.0007129756550325836
.6128811572745191
27381675174337683e-23
.0021362213179678177
.18681711270841236
20068682561649866e-22
.7123160922982639
.5236237813722603
.33283078795451554
.014363049181231827
1.8254314138740149
.2550915602241144
1.201218305649981
81979359624729e-18
1.2409829011268356
.01834056890390389
.41047063324209193
7170156064322116e-22
.3508468506031429
11401075496009136e-25
17680274209818744e-27
11.977702983888872
.0012005018159050715
9.357871519285782
2.519883765077105
.03573908370786542
.14512782021968504
26.321393865123483
30.6211856373732
.4567122118304819
.04711175986902491
.0945003605307552
.24325084737739172
.22190717288263292
.076145152793508
8076935571182332e-20
.10674268625786988
.010240530962784058
20.669382676085753
22.002482898427125
14291726167205384e-24
3.750483833982921
.006722629301433444
.036797296775279036
.34440106596095993
.43848224831284177
3.3320204845337282
.04277377475125312
.8321234021281979
.4293775184959818
.09944651824070153
1.0032964794013504
.9749627182948146
.014919022822167137
.0001199930769155193
2.691694010546164
2.350708168708002
.4518160689087949
.24341173016402226
.046291685283621306
.05014833367775817
.27194416693869955
1.628347196912471
.19209680286914246
1.6693981282169297
.0015771829873732568
.00021727537424785618
679406522570304e-19
.0021301186381064647
.3282284044492215
.003817406249035848
.0028930716304931036
.010725072258807027
.9886503829807302
.7826505523590049
.01914730512320912
.14263068750674973
7663759909859623e-20
29139493009562726e-24
.00022629915961391582
.0012631709440943002
9429527484293784e-20
7656055979328708e-25
5.212698854117983
.00017809190434063614
.017561650963797238
4.087461478227864
3418630534279254e-22
13270494497617182e-28
.26643391525137006
5631298616631512e-23
.35981672108507007
1.855807489702047
.0037089270874610977
17262877029983845e-25
.0005255286586831534
45094617760278835e-24
.00011819745804921193
.014874800457262685
19758520830585982e-21
.0034950779218583805
.16737022834510368
.12863784315938026
4676433504545831e-20
.0004913504264137379
3064813341092022e-22
6910603471055578e-25
4423812005804599e-20
5301945357128631e-26
6929143696424551e-22
.003715615848606899
3127692293449095e-25
.17161286781770974
1490984962614432e-23
7414510762042938e-23
11.856090029851998
41.24331269119746
1.9012779660620733
3.514158779965082
9.403924774741489
6583581900176127e-28
.3811143518763228
3.913747467184458
732695669962718e-21
8838268810321943e-20
.5915504489254149
1.268981105223455
10455332776850729e-24
4716319263136716e-22
.30657784003432376
.3592146748882826
6.026395424044715
.38267893571408546
2.32409741723549
.00023473024227182546
4.6317721510879455
25.46420773056669
1.6961372205072283
.45420890841726985
.13517286105625495
3.742715944105237
.9921122136557943
21.741220649834997
.45983695211557457
1.2908066286575792
1.8477558585268667
.8578130513859653
.00023473024227182546
1.614298727576507
.9389209690873002
1.9024490257007107
.6851718732417045
10.48031017277705
.0947847518100136
9.048016420326363
1.4916034081399108
.10635552240741794
18.049000701624127
1.5601892938457669
.07361919989512054
1.9609735410903357
1.6933618713956802
1.6040672109084657
1.093002409126997
2.0272379945300916
3.0195140380964682
1.4590669719496394
1.019903236724834
4.4188809088240655
.00023473024227182546
.7066501195051984
25.251061067723906
2.572545958018134
4.449333274030356
4.691297256507134
.5006015042284505
.8271829820363948
2.0177069544897273
.03228597455153014
.6806835790907223
.944837788118019
1.8853741702868765
1.5215707183787608
5.483099813682809
.8544336201477767
2.503314996773707
15.739100451594378
2.7104340627917005
.26385717580715495
1.7606895145587569
2.289965414644799
1.2324580853861367
.25326817203430146
4.013332024539416
1.1232442284609006
7.953438198683045
.3791390072400544
.0947847518100136
.08071493637882535
.14473068969072708
.3045390579415162
1.9023680670162304
.6053430730008974
1.7510169623269427
7.172721754257952
.22746400964830188
1.6867688492127182
7.119994817244757
1.5957097566438496
15.773843376811632
1.133050803873064
10.128306774267637
.0011310020525407932
21.51605034205038
.5704181586029441
3.039257690010944
.00012030172989467087
4.9343921039880945
3.33177491544037
.1554466725739769
.5402057829473199
1.3215814338979819
.00023473024227182546
2.2818935003633722
7.524016455173019
4.054451211442719
10.396739344569136
.03228597455153014
6.343589154304587
.07044837962381713
5.668333216286949
4.999145474930213
.0011310020525407932
.17825601722251228
.42909030175031393
2.714040279519422
.8246768551644976
8.117274443544234
.48428961827295147
.3228597455153014
.14915673189502576
3.689879303905875
.00012062294483940626
.10095039479627599
19.867891784496123
1.9170526669412615
9.840184059914545
.021004815207778495
.026173249704774512
3.407408858662058
4.9291058749631995
.4841903820586703
2.029999526719333
6.092348976127001
.19352231335411346
3.425859366208519
3.425859366208519
3.425859366208519
3.425859366208519
3.425859366208519
3.425859366208519
3.425859366208519
3.425859366208519
