1.4859864876543996
.2181390155467527
.2363738634959767
.06561177723295906
.10293831608286902
1.0160377451081457
.00031077124486254457
.27701204827224146
5837872234332548e-22
.0008837377346260928
.08043518941055373
8998361536685949e-22
.31541543220696233
.23520887584291794
.33735515110177783
.004643756778836996
1.1822169211231182
.342393457277884
.6845309204697734
2310092873407735e-20
.7174334273007335
.004258642431586575
.3646938761777628
10565724338828815e-22
.17639402303591334
8439695659249419e-25
24284139662583585e-27
10.798681393020479
.0004961710935831326
6.070032318644301
1.0996426264308672
.008228847648407268
.048794624797688105
11.515411027652469
13.34499207708235
.20793432407502987
.01274137383361572
.03187789949156084
.08628516880462068
.07351789763556492
.017146296738298476
3625269189016254e-20
.07026116994004025
.005586801881472443
14.101196321183524
11.775107086063004
12766601370020215e-24
1.6787858165325735
.0037745065277140295
.03393569524677694
.22280452363885705
.16387803831589884
1.3675793353545542
.009698862925764292
.5527111387986733
.47350922059714473
.032113670421609564
.8668412054539847
.7604775620430704
.011105835122403249
7600935168285516e-20
1.180427213050667
.9672378077387354
.2912262270738203
.21211601746593337
.04298836040042749
.016322143802328642
.3167977974758623
1.8072313057088032
.24326089437950202
1.4613773090955764
.0005124538997695067
5974574703766952e-20
1537918530686719e-20
.000600350783050648
.1907018820963869
.0011403426215524702
.0009264172718420489
.0035190117059920208
1.050404860650067
.6874311543770132
.021969304782790418
.1412815274430411
7925447327222744e-20
15184398054366383e-24
8651310061919752e-20
.0002928045652306874
.00011506597226879337
25568101800923315e-25
3.4430338021942166
8513000916996914e-20
.016543278601276537
2.6834783650032423
11284231154575766e-23
8046497511787072e-28
.2582781149950211
29471456093622826e-23
.18405572954502994
.38478372637229885
.003136737722859528
3212718385232659e-25
.0002097936597528712
7027583759218407e-24
43250101152610404e-21
.014106103224416347
643493988273852e-20
.0011741386605634773
.3090092953107787
.05587874335976921
6664350491699486e-20
.0004873779082981991
3917667354432769e-22
16864889062931394e-26
11361004342285012e-21
13944329505291774e-27
4557833273525451e-22
.003133703854989396
2062645624916432e-26
.3134114690668106
6827844859342768e-24
3810691820687223e-23
5.172204155444665
17.9923425639166
.8294300879937875
1.5330472861511686
4.102450190150597
5583400842823832e-28
.5995288529991399
2.746939872892084
19488207880254833e-22
.00010388958270960806
.23855851623259428
.20136244051713487
1081351156633661e-23
21858897227428018e-23
.30153362507172754
.34035942298369487
5.902708826045621
.3625920399498388
2.2953587343410318
.00010240076883947752
3.3795970433243236
24.127586247995275
1.3386854607426657
.1981480570441664
.07318358782798044
1.6327550575283272
.5428309914172831
20.600019522143437
.13249145028614462
1.1880538083570267
.8060811368382994
.37421984969762545
.00010240076883947752
1.4857947802125335
.4096030753579077
1.7510072849094627
.45255560121836774
9.93019654390768
.09283937606404227
8.57308418406636
1.4133088395481173
.030643899636332114
17.101604955720813
.6806305897299724
.03211628206763881
.8554722064699835
.7387269568509824
1.447649123422194
.6000559355664732
.8843799897760505
1.3172591483316118
.6365161057641433
.44493148633806295
1.9277311610731938
.00010240076883947752
.46674196967640613
23.92562769716872
1.7555742740586318
1.9410159665582105
2.046572445337401
.21838676780227906
.3608575210064769
.8802220857134309
.029715895604250715
.2969473433021976
.4121842801143455
.8224920773689255
1.1543870288547102
5.195290780721836
.24618541199397487
1.0920679748635622
14.912951843220526
1.790240032834405
.21444007949103777
.7680985553178842
.9989944917445193
1.1343500176367887
.11048791705691562
1.750810977500758
.32363701127030986
7.535960597606817
.3713575042561691
.09283937606404227
.07428973901062672
.041700822193223935
.08774593096489025
1.8866530488515378
.17441569515796268
.7638789167422113
6.796224119354506
.0655385270529723
.48600368043836367
6.746264830071318
.6961263463263039
14.945871105172683
.4942919682093575
9.596669875927804
.001071635523008293
20.38666844996225
.24884419423592793
2.8797264309777937
.00011352819139578934
2.152622262531935
3.1568893672941174
.06781341266917439
.4972034722152836
1.252211353579514
.00010240076883947752
.9954731294334705
7.129079289422001
3.8416322364095037
9.851012365599933
.029715895604250715
6.010612859500309
.03073301576803654
5.3708012440603925
4.73673930439499
.001071635523008293
.05136037487940477
.12363250956903957
2.571579749015061
.35976422635468264
7.691197044397612
.4457384340637604
.29715895604250686
.13728332302900034
2.998811795894525
3475472953194062e-20
.029086536329792613
18.82502207287794
.5523546703884595
9.323670781900779
.009163323846939936
.012405679037616444
1.486477769120893
2.1503161518613902
.21122743668484553
.8855847046718115
2.657779471259443
.18726745665845415
2.262778006091844
2.262778006091844
2.262778006091844
2.262778006091844
2.262778006091844
2.262778006091844
2.262778006091844
2.262778006091844
