1.6373238061838493
.00019747678804033975
.0002529319675012786
.0001660259982455686
9523104004295823e-20
.0020237634897137882
.00022862003509222266
.2214522210373415
7520082246678865e-22
.0006451598306767079
.05926951915411384
8435599355216374e-22
.2573900073273596
.19851825527256997
.36100487659868136
.0030828644708785595
.9517085914712856
.33007394507091026
.5160113854899814
13437025060790206e-21
.5421688056055056
.0025141856116278993
.33705396772058493
11503813671579372e-22
.1380390614803045
15908417663592016e-25
25687262873259852e-27
10.229557656417295
.00035678434120362153
5.196533995285101
.7935467268850401
.004754167770725534
.03423715821571046
8.511893762072022
9.847682538677477
.17503317816973812
.008443499655007031
.022379825094027077
.06710899033505134
.051455234201948495
.011954635793778855
26944225506027197e-21
.06033622733562954
.004451046782846135
12.259883470630696
9.061897682814003
10609004828649888e-24
1.2473051097962675
.0028969795269188398
.03358186139044758
.18044468818159104
.11725124874708116
.9966832588203705
.0056961910234924655
.4724688870101875
.46143247192931836
.021285332775773186
.7742481605976123
.7162751859763343
.009372355054697256
6273502419795225e-20
.8739287584175066
.6918306495092436
.23384605204152603
.2024005017726281
.04296035230330241
.010854668382570171
.31425704789631626
1.859203132296938
.2512260846773498
1.3473066908409983
.0003405092475555296
38132083392574605e-21
8060729822144415e-21
.00038702354416397176
.14754045508497865
.0006894645618906477
.0006135627709155284
.0023422988756047905
1.09474682527917
.6592624742028876
.029266912506789727
.1444330645991552
7975541733973247e-20
13163074905184178e-24
50065905522016666e-21
.0001903838297367158
.0001177832493303934
3797296157183591e-24
2.1326185398179565
6912640509539568e-20
.016450630150934203
2.1706522284837377
6306767786779342e-23
6807822727615059e-28
.2593586720473943
8037639586535403e-22
.14457584792501846
.14837296393854846
.0027981547539358918
13580986883577954e-26
.00014392740428939
28045048390874325e-25
24278854605667568e-21
.013831255455821638
4274250777020245e-21
.0007854886797324864
.37650200513683546
.04122191965045011
7501518581212185e-20
.00045287072321743675
38113109828745046e-23
7356553533779117e-26
5506678735583598e-21
7706692567235029e-27
3829772011569337e-22
.0024338914665336486
6089340326912589e-27
.37941613071062963
4367169613955981e-24
27602541289006568e-24
3.821432187294501
13.293465403178507
.612816265582516
1.1326769144979536
3.0310549878258106
4963860519368629e-28
.8455726772356407
2.356686943177096
32218295679008064e-22
.00010213808787252366
.11192435923196914
.056321395894571115
1330245060734904e-23
16272415051510076e-23
.29971380714570967
.3337286822532008
5.858212381385978
.3555281726216719
2.2849611522566216
7565780125576673e-20
3.0124445795038493
23.6575426468497
1.227933859404028
.1463997437613415
.05850370532270647
1.206345021056157
.43561741131084425
20.198698508912695
.08414244617452649
1.1526331832688919
.5955651225874694
.2764886566307767
7565780125576673e-20
1.4414973085848848
.30263120502306506
1.6988027701567674
.38899767733774737
9.736740584591834
.09213952413486676
8.406066923351451
1.385775344500419
.019461275955232768
16.768438600158643
.5028772192824906
.02372879923935499
.6320572287733269
.5458011489281138
1.3944544624695923
.48213370970986824
.6534154602485579
.9732439704924596
.47028366653661763
.3287332541278779
1.4242852149640974
7565780125576673e-20
.40119168038439534
23.459518568520167
1.5271070645691682
1.434100562880894
1.5120899293987722
.16135291621857714
.2666160314553356
.6503434337122797
.02882994617169773
.21939662502147508
.3045383027790315
.6076901846466484
1.0437276155297324
5.094078286340145
.1563470150935686
.8068636860484398
14.622423917382912
1.5388147064687612
.19881240548289347
.5675020656747107
.7380972581416233
1.1005305168609814
.08163291120362269
1.2935694768055308
.20553484577370063
7.38914814728619
.36855809653946703
.09213952413486676
.07207486542924423
.026483287632890956
.05572553743884173
1.8809512618678401
.11076762470428035
.5643844272004342
6.663822907462898
.041622096920235455
.3086503954299549
6.614836904276545
.5143261066898771
14.654701859964128
.3652027608477099
9.409711544451062
.0010507583654189299
19.98950385359168
.1838560862825774
2.8236247982650147
.00011115275901383782
1.5904437941543395
3.0953881615220564
.050103273211184476
.48237985256272664
1.227816292756519
7565780125576673e-20
.735495534220033
6.990193531534358
3.766791154830989
9.659099039514903
.02882994617169773
5.893516599454563
.022706786534126538
5.266169527822925
4.644460119173525
.0010507583654189299
.03261786001632849
.07851632508639249
2.5214813018087843
.26580826145109754
7.541360342180068
.4324491925754659
.2882994617169769
.13319035932511886
2.7802684467722547
22071974852986807e-21
.018472228300371533
18.458280821770988
.3507884699128355
9.142030905239489
.006770231730786942
.009447477918162197
1.0982694847102266
1.5887399469590173
.1560633148127898
.6543055520045704
1.9636742311321658
.18503584568704412
1.9449883866887405
1.9449883866887405
1.9449883866887405
1.9449883866887405
1.9449883866887405
1.9449883866887405
1.9449883866887405
1.9449883866887405
