1.6456469124534614
.00012340045316873603
.00015926094991068645
.00010756979001115933
59472832788723496e-21
.0012934271813946428
.0002247889601589368
.21896879854307896
7624705701584283e-22
.0006356677058110497
.05828375271388649
8407608039054272e-22
.25464773504250304
.19661681645075052
.36269085224283415
.0029717430239467467
.9449545641882217
.329023810535242
.5079884617170992
1303857878057802e-20
.5337533024027358
.0024483184572998864
.33166081142975873
11547568402205086e-22
.13652519140586308
1650877161397672e-24
2581870250262411e-26
10.194584434000882
.00034522240249229986
5.161624629351717
.7790543490464922
.00461209929845599
.03359969945101678
8.371535676232899
9.68419274453439
.17333450284082305
.008263098343448731
.021963633621551588
.06616778695289875
.05049203835534959
.01172831646423793
2650738072034307e-20
.059833239079238924
.004406041330162076
12.165836452366332
8.928738843034434
1048619857167487e-23
1.227045995288306
.002858611982530886
.03354391054525854
.17914430319612865
.11514208455754595
.9795976690093079
.005545768476672366
.4684475223708278
.461363765957375
.02053400915223339
.7685662277208303
.7124444914314342
.009297331466246535
620555194528727e-19
.8595949945300237
.6791432171825532
.2321756277086778
.2017109507340676
.04294162925098683
.010465708045686571
.3144780606476353
1.8359385723877804
.2519708229813958
1.341119815116212
.0003282269528972606
3668447284683421e-20
8793131857634749e-21
.00037256951317612947
.14564024128299496
.000753979442111042
.0005913360577045886
.0022580561035815644
1.09914867994219
.6572141825126226
.029401719666267673
.14453499808655584
7985125096908038e-20
13091818209136914e-24
4895233190947521e-20
.00018612667863752782
.00011826247186142183
38895260517933994e-25
2.0691613190655267
676530614161606e-19
.016430651983282193
2.155533509129176
6156097225827634e-23
6736148529018066e-28
.25929525735315845
8330757494877717e-22
.14299957030332747
.14623206914114512
.0027772636887729157
13065209132408213e-26
.0001408086855931138
2691861851503057e-24
23693538244945144e-21
.01381612699543628
412017631166337e-20
.0007574131692883897
.37991054975060046
.04053788405008552
7576053771035455e-20
.0004441322228362465
37514777214531484e-23
6975526498373607e-26
5329666851844473e-21
7334019132800662e-27
37343797816154645e-23
.002405732873173636
5666857070290514e-27
.3827270686280245
4254867002919614e-24
26697874132492065e-24
3.758346375350197
13.074011277758906
.6026996365826646
1.113978206966456
2.9810170555577518
4887000864081607e-28
.8386486059376185
2.302068519358148
32303034297446435e-22
.00010086236242429111
.09710747883448373
.04809232058203157
13079081587687437e-24
15768269537102608e-23
.2996140417590961
.3333677818288908
5.855774962383597
.35514369782170263
2.2843906842458095
74408810409348e-18
2.9934512559633975
23.63195893878561
1.2221158845373716
.14398291513506645
.057787776712288685
1.1864301693962678
.43037767890384454
20.17685525944083
.08206748342530631
1.1507160816417892
.5857332827215004
.2719242654438978
74408810409348e-18
1.4390997575895936
.29763524163739014
1.695977259315966
.38577344497076954
9.726211091637705
.09210118775981313
8.39697644572474
1.3842767411845405
.018981358571138137
16.750304897760177
.4945755103597975
.023337074228126177
.6216229618497886
.5367908336974145
1.391586287895796
.4763667486645413
.6426286026448056
.9571772491458005
.46252002570943046
.3233063871227009
1.4007725147976475
74408810409348e-18
.39786637723577406
23.43414900738948
1.5154423831964674
1.410425826817299
1.4871277120274724
.15868923432384835
.2622146217227097
.6396072904163725
.028781995151791907
.21577473313671586
.2995108562204267
.5976581791497357
1.0379591667547368
5.088569455026649
.15249147907078617
.7935436405084517
14.606610955306671
1.5260601414098285
.1979867562834748
.558133502571016
.7259124377545071
1.0987000742924558
.08028528072576675
1.272214687095545
.200466331985041
7.381157384599447
.3684047510392525
.09210118775981313
.07195498787947967
.025830206604070476
.0543513390452505
1.8806381807818249
.10803608187981512
.5550673313856666
6.656616525024948
.04059569105042291
.30103903989934855
6.60768349621651
.505835394712163
14.638853991918477
.35917383986646645
9.399535706803254
.0010496220557155908
19.967886831123607
.18082091257922042
2.8205712777198046
.00011102356876248737
1.5641880781849193
3.0920407510047614
.049276147276017056
.48157754076600495
1.226488509306686
74408810409348e-18
.7233536641871305
6.982634205813517
3.762717676588462
9.6486535095764
.028781995151791907
5.887143240631879
.02233193333905636
5.260474593829695
4.6394375133358015
.0010496220557155908
.03181349970152641
.07658010315362383
2.5187545248785894
.26142018672589407
7.533204974385515
.4317299272768785
.28781995151791867
.13296883225277445
2.76872225370814
21527677322978258e-21
.018016700949302376
18.43831969246189
.34213798444423704
9.132144542429797
.006658465894091521
.009306994678857362
1.080138789520356
1.5625123588166727
.15348695588578376
.6435040003912479
1.9312570699230895
.1849138880758119
1.9288672248538516
1.9288672248538516
1.9288672248538516
1.9288672248538516
1.9288672248538516
1.9288672248538516
1.9288672248538516
1.9288672248538516
