1.6539700187230735
5141620414782276e-20
6687119634322457e-20
46410159513571844e-21
2475982358865072e-20
.0005505154674172257
.00022102191850225641
.2165228911621879
7733570130848538e-22
.0006295587805222608
.05731449847213211
8373518414214434e-22
.25178620106571625
.1947140642411108
.36754830522621557
.0029892003435144096
.9343244431848045
.3280314230768409
.5000895732659016
12651953373973928e-21
.5254724981367469
.0023964343484049106
.33966281540602267
11593671600511688e-22
.13572586535155293
17289378219070895e-25
26094343875605714e-27
10.159150197808694
.0003485646766891518
5.153224940749033
.7647769487639983
.004474201641175456
.0329759808635284
8.23348759861874
9.523384563523132
.17163620646795527
.00808691108239198
.021556391430785037
.06523306576638022
.04954982475688227
.011505657385777369
26077501045690097e-21
.05933446708549207
.004384059906522113
12.072504884333366
8.797214432800756
10363266484263576e-24
1.207111756832123
.002845447292152199
.033516607278068794
.1771727665118614
.11307370724202764
.9628148951473166
.005427323805393626
.46440061348491823
.46530214057049324
.02061615970583171
.7628355281420026
.7119922939326808
.009302238605533529
613720320555419e-19
.8454969803855983
.6666674900368889
.2295367488125312
.2010675998465083
.04293823985730529
.010525199201667185
.31745651622306365
1.891410807288959
.25488536904249276
1.3348945815680957
.00033021278027851327
3683716147303331e-20
748084104093568e-20
.0003742188836423184
.145004558305589
.0006457623161488257
.000594827617556098
.0022717469002844558
1.1095336863343106
.6553214406549905
.029616647117895096
.14468659087802802
8036997208757922e-20
13088178962272079e-24
47841699253019384e-21
.00018198264500791656
.00012038708675476727
3980711405046194e-24
2.0075438416631957
6608481938808944e-20
.01641517280985134
2.1317536906462204
6006392022486648e-23
6670271607015857e-28
.2593292420132728
8668422012242782e-22
.14215151815665858
.1440761668401831
.002755794446967191
12624369888459462e-26
.00013772219477177264
25952704987801365e-25
23110129805479212e-21
.013801013358081805
4144926537182008e-21
.0007622042134239651
.3833606545497819
.039865188886656244
7761188800725884e-20
.0004543391214029012
38859681930713825e-23
6881182160421398e-26
5155015695093159e-21
7281296283547964e-27
3796177731080442e-22
.002409276008614958
55286013558532856e-28
.3861389384366512
4180117528168719e-24
26945913146030042e-24
3.6963019837558524
12.858179900229056
.5927500128568791
1.0955881776296434
2.9318051492902746
4803490456289657e-28
.8662232604423509
2.3467204155571753
33681952923449945e-22
.0001038370448327492
.11457757554148001
.056194652989305614
13396143912523002e-24
15954613179605622e-23
.2995143095812705
.3330072716889925
5.853338557515037
.354759638799912
2.283820358659191
7318043789919668e-20
2.974577684009159
23.606402897417865
1.2163254752936332
.141605983506804
.057080609027289966
1.1668440720338318
.42520097066391666
20.155035631664013
.08004368650931265
1.148802168607358
.5760637468316299
.26743522320982915
7318043789919668e-20
1.4367061942877168
.292721751596785
1.6931564479668522
.3825759366918842
9.715692985472524
.09206286733532625
8.387895798709108
1.3827797584860786
.0185132753141122
16.732190805483764
.4864108460172575
.022951815811932102
.611360943765984
.5279292607171768
1.388724012705902
.4706687672289083
.6320198144464305
.9413757571756342
.4548845470362684
.3179691068179486
1.3776479621984734
7318043789919668e-20
.39456863590161384
23.408806881372673
1.503866801049604
1.3871419132089702
1.4625775708480986
.15606952447997366
.2578858704456508
.6290483793342364
.028734123885754373
.21221263142977773
.2945664027309938
.5877917819624158
1.0322225988145706
5.083066581065495
.148731015459889
.7804434822309111
14.590815093660865
1.513411292714179
.1971645359220109
.5489195956723437
.7139287643372186
1.096872676182126
.07895989692684874
1.2512124221750112
.19552280103345354
7.37317526327166
.368251469341305
.09206286733532625
.07183530971438583
.0251932296884523
.0530110265639982
1.8803251518076152
.10537189528362922
.5459040421541062
6.649417935702607
.03959459498994418
.29361537031532264
6.600537823984611
.49748484737633436
14.623023262051229
.3532444442904551
9.38937087349498
.0010484869748386373
19.946293185704512
.17783584351211865
2.817521059308339
.00011089452866592514
1.5383657914774924
3.088696960439276
.04846267553272439
.48077656340324293
1.2251621617464987
7318043789919668e-20
.7114122320997678
6.975083054887694
3.758648603480848
9.63821927562768
.028734123885754373
5.880776774077618
.021963268219142254
5.254785818443696
4.634420339037175
.0010484869748386373
.0310289738467582
.07469162588930223
2.516030696735534
.2571045503220044
7.5250584259569315
.43101185828631544
.2873412388575433
.1327476736322583
2.757224010820734
2099680144916883e-20
.017572406299390705
18.418380149488204
.3337008084902218
9.122268870916185
.00654854508741438
.00916860037060797
1.0623073957795388
1.5367177356022566
.15095312748240405
.6328807607519579
1.8993750510912062
.1847920108471579
1.9128796834594253
1.9128796834594253
1.9128796834594253
1.9128796834594253
1.9128796834594253
1.9128796834594253
1.9128796834594253
1.9128796834594253
