1.6550526234452108
6487566818393981e-20
8445344982603958e-20
5881972607620195e-20
3124070432736031e-20
.000696487766258625
.0002205365789434803
.2162075808732675
7746550674012693e-22
.000629315896391086
.05718962451271885
8366695115020845e-22
.25134949596195316
.19446816404140113
.36708306658709877
.002915045961867661
.9344567495012355
.32786458084421205
.4990717761288349
12602437060198465e-21
.5244018287566308
.0023918331025783706
.33237234507423574
1159825656930897e-21
.13574011321284557
17339578638878625e-25
2614880130141461e-26
10.154506158236956
.0003400701033533578
5.156514796466762
.7629370725094978
.004456565279049472
.0328958496888979
8.215699210396785
9.502662716928446
.17141672779180947
.008064302368958004
.021504070111579978
.06511254375687343
.049428791755527564
.011477064245046504
26022123142461335e-21
.05926989874096915
.004385023949950269
12.060417349602654
8.780226493398814
1034725738132344e-23
1.2045424878568365
.0028352499970772365
.03350755658318819
.17717930356975178
.11280758296885365
.9606539346492334
.005416822638875032
.4638967213272112
.4644362226517628
.020132318784896196
.7620865728094682
.7122983467277794
.009275576291009315
6128612941569318e-20
.8436799569210994
.6650664827863866
.22957198545603372
.20095676094564274
.04293037136282187
.010266405016859806
.316895243952928
1.8504637610650103
.2545201954550212
1.3341023674140358
.0003219887036424819
35909673739139644e-21
8172740493150305e-21
.00036489237692751607
.1444954860503653
.0007049410446831092
.0005799972186488927
.002215298414734683
1.1116809601551423
.6549847234736665
.0296798150638864
.14468155103555289
8049657340124307e-20
13097046923471442e-24
4773559803165003e-20
.00018145174663208557
.00012040861143562684
3994361616650338e-24
1.999474366908364
6594031140556742e-20
.01641041898140875
2.132043699182875
5991788648117524e-23
6659288371472471e-28
.2592872980834342
87189957758523e-20
.14217465138182597
.14439807824412706
.002753117669206498
12589302310569844e-26
.00013733060321040045
25873901348837844e-25
2305333404238348e-20
.013799042487213996
4041845256539585e-21
.0007432752329487271
.38376564421396875
.039778513865958647
7767770998162369e-20
.0004440807664256308
37926666298982703e-23
6707692025350228e-26
5136941204555469e-21
708782813670095e-26
3708853618506075e-22
.002405139898227141
537821257151938e-26
.3865143362775416
4158071822549996e-24
26285440772639997e-24
3.6883073884760122
12.830369416997584
.5914679757084709
1.0932185703540422
2.92546405602708
4796361310627984e-28
.8477800732248153
2.2921881888992144
33025929170604697e-22
.00010161055214822808
.10184605921194921
.04978108744175018
13094142346249463e-24
15565267234986047e-23
.29950133963786313
.33296040800502924
5.853021723492142
.35470971393337286
2.283746185622555
7302215862819106e-20
2.9721315190394932
23.603080798776343
1.2155743231993779
.1412997091460197
.0569892645239699
1.1643203480113935
.42453221768046934
20.152199239487587
.07978414280180116
1.1485534558040356
.574817799792793
.266856797425753
7302215862819106e-20
1.436395150981135
.2920886345127624
1.6927898838201743
.3821619823847698
9.714325708526149
.09205788408545432
8.386715380948758
1.382585161673631
.018453245543836105
16.729836105846292
.485358805932134
.02290217417573457
.6100386537212883
.5267874219836624
1.3883521432282042
.4699326453293905
.6306528420920221
.9393396902584974
.45390069402085187
.31728138316017573
1.374668298214233
7302215862819106e-20
.394141705270022
23.40551259016371
1.5023676527456435
1.3841417151081268
1.4594142157446226
.15573196745968207
.25732809860458844
.6276878337872769
.028727903019622737
.21175364455343298
.29392929591904454
.5865204687888016
1.0314787647619055
5.082351247659677
.1482487513256663
.778755489797759
14.588761747066215
1.51177375343643
.19705783917640904
.5477323577172579
.7123846341350341
1.096635205984353
.078789117476998
1.248506220958672
.19488881333378222
7.372137645823876
.36823153634181727
.09205788408545432
.07181975754905673
.025111539994702774
.052839136950045835
1.8802844392706026
.10503022420921859
.5447233264285432
6.648482171690312
.039466208499650414
.2926633149425965
6.599608938807413
.4964088557419643
14.62096538284257
.3524804249058472
9.388049519438663
.0010483394226185935
19.943486169583352
.17745120892290586
2.81712455320259
.00011087775516360643
1.5350385168258913
3.088262292098618
.04835785739860954
.48067247647677
1.2249897462552073
7302215862819106e-20
.7098735448123762
6.974101460443093
3.7581196537093033
9.636862901456595
.028727903019622737
5.87994917994491
.021915764676085907
5.254046319211017
4.63376814303851
.0010483394226185935
.030928361602824035
.07444943637569063
2.515676618979767
.2565484683694305
7.5239994341875
.4309185452943409
.2872790301962269
.13271893409211308
2.755731922867522
2092871878166993e-20
.017515427321038533
18.41578815459853
.33261877505557913
9.120985105780287
.006534381480686429
.009150751045229248
1.0600097702799554
1.5333940254699452
.15062663652853953
.6315119262885278
1.8952669628222196
.18477616391320079
1.9108099119238533
1.9108099119238533
1.9108099119238533
1.9108099119238533
1.9108099119238533
1.9108099119238533
1.9108099119238533
1.9108099119238533
