2.1573856025943754
0
0
0
0
0
7951926737445345e-20
.09848300300168497
11870393270028652e-22
.00024484944752356877
.020844502712755304
319761570232194e-21
.09468014311707457
.0735572362995641
.4449058252400227
.0008671948138460852
.49419577205212195
.20176068835447686
.19355270818239015
2026490981301418e-21
.20391328840673073
.0004569747648643197
.29278967373286163
10873771784291875e-22
.0662108895623363
29964102591478073e-24
23429921250252967e-27
6.181173613577555
.00011654589442771928
2.9604724158919087
.18632122768186807
.0006892227007234043
.011073420537040302
3.0099027533714278
3.4054485538037067
.06591944291938152
.0019702826710701993
.007244601672358961
.018566190179258067
.016573486940891936
.0022241079857775576
9661020478249384e-21
.03578403963785939
.0022154207150250167
7.571701222156237
3.424889976725612
3316940456361077e-24
.4459020326112082
.001686347078868863
.021195487717747475
.09444918472200742
.03905867068344542
.34351866609023174
.0010274675117791388
.2361087213403025
.5334571470857709
.005877716800169324
.4036178776796708
.381361359138295
.006446866476216196
2039586954591164e-20
.3110733979026527
.2081061674973075
.12074642282630482
.11848512926579632
.028112953558498455
.0030613325854322838
.4234026060574712
2.3227581011135374
.40113471226831193
.9487862065933305
959868366726426e-19
9916194021219702e-21
2215257339499288e-21
.00010289593783418425
.08674957821148774
.00020445432806098356
.0001718695423280191
.000661821631783837
.9545626429244422
.39176168159167835
.017343353852218645
.10531270448924164
3909823995782446e-20
772018103287506e-23
0
5326227244144288e-20
.00014244335219296134
11697744517525017e-24
.28007124885708085
0
.009631884366012528
1.1375087726874826
0
235799430651601e-27
.17968283420151962
10670929755788006e-22
.06927699095532709
.0693079720414414
.0011782793826775313
0
24875644424618108e-21
0
0
.012917227179033632
12121129270556666e-22
.00022416321306460753
.3183214129567947
.014493095193241136
.00012640805023427792
.0002465358258980466
3508561934347972e-22
0
0
4618285576629593e-28
10246336639457594e-23
.0009998516580109287
0
.32696149909672956
545112362724279e-24
6352019779366973e-24
1.3506158458292266
4.698334064178973
.2165887861701594
.40032409681691367
1.0712713703904815
0
.6790603348780954
1.3254725172919195
49560887180712675e-22
.00012790568500082916
.04943062170758015
.020478308923214804
6072344578270899e-24
6101938938481887e-23
.29354342125935146
.3119117518758714
5.707844249279553
.33228613859301953
2.24958818169198
2673987662960033e-20
2.02900692580452
22.110972069396524
.9126332689803235
.05174233220906199
.027105918833382866
.4263607519695417
.20451611040763026
18.878243832657816
.017683550125445407
1.0387693489326888
.2104916827948396
.09771989728854057
2673987662960033e-20
1.2990977897064644
.10695950651840473
1.5309851157643826
.23125362533060606
9.10021815564762
.08977449411626287
7.856534963509933
1.2951826989853201
.004090021915285003
15.672231180987461
.17773282570018822
.008386513402416437
.22338915537751575
.19290350954414126
1.226115345820477
.22731532192796258
.23093783463061868
.3439754165402478
.16621322607028494
.11618480201019564
.5033877577905164
2673987662960033e-20
.23850278792491403
21.92589346971385
.94579048807716
.5068568143585788
.53442074041111
.05702725960705292
.0942305971130328
.22985208261007203
.025981955794129326
.07754175496314122
.10763353560552959
.2147770659040909
.7382341335898828
4.761061805528865
.0328582113318002
.2851713248829858
13.666508464148654
.9148036101870637
.153289914631468
.20057330468655657
.26086707908195383
.9918136880617171
.028851670789650875
.4571886526898476
.04319562733218875
6.906095478307601
.3590979764650515
.08977449411626287
.06495488948532323
.005565782380182496
.01171139394407902
1.8614884381978456
.02327915258932564
.1994714319543448
6.228187110631187
.00874738578063997
.06486660403832203
6.182403481941878
.18177922715171665
13.696676292545904
.12907428722179798
8.794568068469317
.00098206687043874
18.682724912966215
.06498059662317429
2.6390352531904617
.00010336220981282104
.5621134917499496
2.893032560694497
.01770809251880219
.4347275548355744
1.1475499446729103
2673987662960033e-20
.2599475469843819
6.53322182454204
3.5205437546493705
9.027652291126207
.025981955794129326
5.508238233628092
.008025301561760739
4.921902882331069
4.340836641634323
.00098206687043874
.006855036771665719
.0165011529073974
2.3566438606937807
.09394510546644438
7.0483570665105635
.3897293369119396
.2598195579412929
.12003303813264297
2.1436645858346774
4638691783101576e-21
.0038821616191164116
17.251602915470325
.07372242872846571
8.544386584049013
.002392815522394903
.0037049692640611642
.3881634152693174
.5615112978843484
.05515774599889793
.23125242140617056
.6940250153938553
.17756780841685435
1.1562681266530312
1.1562681266530312
1.1562681266530312
1.1562681266530312
1.1562681266530312
1.1562681266530312
1.1562681266530312
1.1562681266530312
