2.1573856025943754
1273937734357226e-21
20788983467790398e-22
31639023322799184e-22
5868854488382174e-22
20715792757655268e-21
7952373403193774e-20
.09849916838237369
11871425533687214e-22
.00024524542188655976
.020845660532126872
3201014364513811e-22
.09473840682796265
.07358972224369087
.4445479637455474
.0008667719825284682
.4936273474512
.20177247063290818
.19356355887892487
2026676848361446e-21
.20392081685727903
.0004577363443625863
.2923401736668628
10873808040344963e-22
.06631785316913691
2991151706826221e-23
2346850895751412e-26
6.1815657220911655
.00011648790523626203
2.965220714833369
.18634339958091276
.0006893030369160767
.011074316552476808
3.0100692650628917
3.4056628400761655
.06594707956802806
.001970713102178502
.007245186224587415
.018575340791510485
.0165748464660175
.0022255213535336423
9661556898911022e-21
.035784154144117855
.0022190018544572454
7.571717940481016
3.4250814806852836
33173381100802796e-25
.44592657460373436
.001684399614809747
.021197138519985528
.09434614895901354
.039060933191458626
.3435382418738867
.0010291873647110665
.23614356252294064
.5328744328926546
.005875226901182262
.4036416432382484
.3819358067694269
.006440077075555253
2040017937669319e-20
.31109038600149946
.2081229233044818
.12060620172326533
.11849191395929536
.028115295884591253
.0030598689037208454
.4228966137242776
2.320954650525961
.4006647001472674
.9488288665490007
9593952213305206e-20
9911320092308438e-21
2215345849953677e-21
.00010284627217775067
.08665171375890779
.00020471349611760086
.00017178485074990365
.0006614970531685446
.956101057274427
.39178416014505135
.017375242736836816
.10531881469182483
3999440470923304e-20
773005438275486e-23
9335925738646616e-21
5326608277290122e-20
.00014246778834596242
11696266345451659e-24
.2802414035942248
8800529181107983e-21
.009632510000777172
1.1362167823766751
10999715316482695e-24
2351577316469249e-28
.1796925416120157
10915456926236445e-22
.06938904897386994
.06942094847464134
.001203411911709336
6090959640691629e-27
2540735883673008e-20
17622174603534367e-26
4044852024396224e-21
.012917207073181242
12111214007987636e-22
.0002240529762738022
.3250692396101795
.014493891678184835
.00012641932713196625
.00025158714967892496
357627489766629e-21
4394035459551948e-27
5837021405140521e-22
4713530854573401e-28
10459357232473999e-23
.0010214779789357805
14191026435706894e-29
.3267968272457305
5559682935010085e-25
64826510528163065e-25
1.3506906643537324
4.698594332428748
.21660078429194518
.4003462731140043
1.0713307143879067
5546096495552501e-29
.6786503954383778
1.3244310837402116
4952582255247361e-21
.00012778742297108164
.049467155471346475
.020489256773466344
60518924134580985e-25
6080139426650537e-23
.2935434212615878
.311911752140974
5.707844249385576
.3322861388754389
2.2495881816974173
26741357908026777e-21
2.029009041158563
22.110972088189264
.9126335668122948
.051745198519984305
.027106349447817472
.4263843705895013
.2045191354309061
18.87824384870297
.01768893232519941
1.0387693539015068
.210503343162347
.09772531056615999
26741357908026777e-21
1.2990977959205294
.10696543163211017
1.5309851230876506
.2312543626840215
9.10021816338215
.08977449411793043
7.8565349701874245
1.2951827000861327
.004091266762320233
15.672231194307734
.17774267136268007
.008386977980527625
.22340153021159412
.19291419559969317
1.226115359596261
.2273186072827673
.23095062763026525
.34399447135380506
.16622243359466407
.11619123816706489
.503415643387603
26741357908026777e-21
.23850354839232307
21.925893488349285
.9457926463061812
.506884892127033
.5344503451069134
.05703041868106556
.09423581709787136
.22986481546355386
.025981955918410626
.07754605045523992
.10763949805765602
.21478896366408012
.738234583816342
4.761061809575426
.03286821212098466
.28518712219339293
13.666508475764207
.9148065270432446
.15328994395459775
.20058441561699145
.26088153003779474
.9918136928059289
.02885326905272787
.4572139790478301
.0432087744374364
6.906095484177287
.3590979764717217
.08977449411793043
.06495488979602648
.005567476392546009
.011714958446746014
1.86148843819874
.02328623787754148
.1994824818455993
6.228187115924699
.008750048152011074
.06488634696425677
6.182403487196478
.18178929696809015
13.696676304187097
.12908143740277073
8.794568075944069
.0009820668712734262
18.68272492884519
.06498419627912069
2.6390352554334524
.00010336220993012838
.5621446305094887
2.893032563153367
.017709073473792518
.43472755691503706
1.1475499456482454
26741357908026777e-21
.2599619470019513
6.53322183009481
3.5205437576415806
9.027652298799065
.025981955918410626
5.5082382383097
.008025746130231697
4.921902886514333
4.340836645323723
.0009820668712734262
.006857123184006623
.01650617523043407
2.3566438626967594
.09395030963622729
7.048357072501162
.3897293387761592
.25981955918410593
.12003303870680537
2.143664995900499
4640103624366808e-21
.0038833432013880747
17.25160293013295
.07374486703043603
8.54438659131113
.002392948074465367
.0037051017237733864
.3881849179150085
.5615424032848441
.05516080150959923
.2312652318326245
.6940634615055176
.17756780843761874
1.1562718134201087
1.1562718134201087
1.1562718134201087
1.1562718134201087
1.1562718134201087
1.1562718134201087
1.1562718134201087
1.1562718134201087
