40391721208345737e-21
7.165847434203672
11.083455417544322
49.896771927874845
1.9114645151407388
57.93370875301837
.004475056794690403
37.80325339464305
14484981927476357e-22
.6783912163555733
1.8598998814748833
.015024301088025206
88.99630564849727
1.3196610869142238
31.586139134017124
3.0246239358229867
13.63922053313435
66.30798956661371
21.61976406644552
.007229411565439681
63.47333414996022
7.025496918039663
47.75481935299127
4246125412084441e-21
28.63151320088531
836513529392103e-19
2680522834902716e-26
13.284085441616165
6.559473706375064
1449.076966104362
6.024347515306993
.5226834889087366
10.636782213205487
211.64594840478918
79.76666655472536
1.1877526479620903
11.037484390441545
6.265715072061549
1.0865553396402585
33.07902190270391
5.71455805943767
.0002791693873603482
.31740376631052
3.4294117326124964
46.46214979216384
266.22325437071964
17890582524485804e-23
19.812381682366212
1.134056895169136
1425573320858697e-20
1.0092247329840198
.011174117105746572
36.27835738396399
107.46739446578518
.014742468390431786
1.140868537502019
3.221247231330839
.00014380114970971656
.0017586977929059844
.037651808400157784
11050949294987465e-22
23.691733751391123
.06083654506921719
4.027886344929046
10.121051302710027
.010994936447131436
8.156925449938495
.23738208985499842
.06003473813503288
2875551159971973e-27
12100932879531774e-21
7.898206905679317
2.2786298782659267
52.57493591045873
1.6407417075152497
153.1097704757996
72.12725194445457
2.1454345271002375
2.481549679084623
250.88562471366552
33.6430386580535
225.11167615396135
10.318591363673399
18.28613335390409
.003201788803431711
191.46672402523475
16.09092611959596
.016607237399157253
3750615980943207e-20
24.597513178453152
1.314841973216084
.22998054925727235
26.265746127152386
3.784458272069141
8141446350112079e-23
7.5618341120593255
2.0208677614045616
127.52465554492257
334.78765214757817
.008266702027710748
20.969983674516
1.9279998852095672
10.403032687222431
67.48553710117208
.012503013354540064
.7646926252567875
12.08253486392868
54.18413440739984
.8365924010953149
85.03617396225759
.013974735512381561
.0028984361640898345
.0006190865066039036
.9419570755746487
.0003438165885889405
.514754907396843
1015.0249995634879
15.809139233467189
10.173312392698897
.011021381357392156
.00010092213637942645
101.01069362056379
351.3819152569022
16.19837616228204
29.93968626784268
80.11890613689093
.0007044041238271584
1302.401898272038
304.69282998275145
152.41364697287855
332.3526009537344
326.9117213913829
72.81982614080249
.2461424023707541
.3167919252491198
.3199994829863865
.4128875135466091
6.357967012787132
.43985773772407977
2.3999970917978364
.0019998384396458582
10.453768049153828
29.268997480623085
3.1254886357096923
3.8697375587017397
.6593315601778628
31.886931744523206
4.709209709452746
24.98973222174268
11.43516853998688
1.59920364065115
15.742382222243355
7.308336146157819
.0019998384396458582
1.9999838433768262
7.999353758583428
2.3569784509224836
1.9999192181902783
12.046248416162069
.09999979804159806
10.399945390536407
1.714474561976263
2.6448359973939195
20.745831233126065
13.292392547115778
.6272157538002331
16.706966382540283
14.426987037853085
2.0907709937030727
5.143045123636574
17.271521677539173
25.7254462995134
12.430857601823462
8.689300866309251
37.64767511912674
.0019998384396458582
2.0626111633107835
29.024003047505104
6.901522877552809
37.90712106835026
39.96858902613698
4.26498997918326
7.047376205498133
17.190319783577674
.03999967686753652
5.799240751964847
8.049763463031987
16.062880105959305
3.105012738385416
6.302369047989052
21.24794975190516
21.327569505477868
18.090792234309966
7.911371414253134
.4507911369278385
15.00060042292492
19.509888531376173
1.526914576778407
2.1577766080371443
34.192507859474134
27.932698764038545
9.141818393199385
.39999919216639224
.09999979804159806
.09999919216884126
3.5991449184493467
7.573239685389195
1.9435638183111215
15.053596785625436
14.918192883208459
8.244449510305445
5.656546902424174
41.94635944329073
8.18384426379909
13.595017322731001
18.130726348946883
9.653287662153845
11.641649667473109
.0012999931738170516
24.730917604732298
4.859809069362087
3.493374960380714
.0001397249982287472
42.03969164916099
3.8295992806000165
1.3243637808224438
.6692706991198212
1.5190483862086188
.0019998384396458582
19.44111799586583
8.648233669814035
4.660255820587638
11.950190671654443
.03999967686753652
7.29143026714215
.6002012191480798
6.515279500633532
5.7461036235327905
.0012999931738170516
4.432848623470145
10.67056463560461
3.119564486124145
7.026024679573979
9.33013458543343
.5999951530130476
.39999676867536504
.18479296850390575
6.304035057776621
.0029996364965499105
2.510421951438753
22.83649586661492
47.673028984836364
11.310476473720502
.17895536793051525
.17998691355841717
29.0302056913956
41.99465440171292
4.1251716386268455
17.295049187973763
51.905172304498876
.2106605292132173
9.999596090951389
9.999596090951389
9.999596090951389
9.999596090951389
9.999596090951389
9.999596090951389
9.999596090951389
9.999596090951389
