4579000469214874e-20
7.165837031076881
11.086159766921732
49.88287376628632
1.9136813318966999
58.04563299443425
.004475267245754898
37.80101781318892
14497833855155926e-22
.6783509775109138
1.8598757825669514
.0151904155224484
88.99530794713911
1.3340612150111633
31.92069581532928
3.186416359690566
13.834735310984764
66.3158030784575
21.61855167957409
.0072293294358618965
63.47311140175001
7.025306853053837
47.79354840511763
4248027282495354e-21
28.633269643065244
.0001037752268368747
3041973380951116e-26
13.284263049521487
6.550391622808213
1448.6113132824069
6.055689844116728
.5227895555694816
10.636592680075136
211.64032237146583
79.79031791564222
1.200185210794238
11.03675438529303
6.265593446901141
1.0986437528327728
33.078132768226475
5.775739720872434
.0002803685478566089
.3174020063575898
3.4277839915409394
46.46738041858223
266.21937310241253
17890725600241262e-23
19.81521653461767
1.2235329882735728
1770416020071104e-20
1.016572354607539
.012667684855555056
36.27800373487184
107.45600000971977
.016713300455849393
1.2927915891532855
3.3935669495247045
.00014483446346197834
.0017676999866840925
.04268366153759321
12527052748575882e-22
23.691520306451928
.06660020665668423
4.098213802329987
10.126194477466234
.012049148191851867
8.581229293863741
.25981420481880185
.07153865539777778
5604811128812676e-27
15019562229985034e-21
7.882894669481216
2.2726161378864553
53.539440394324814
1.724669283728266
153.1005376576055
75.87664822356643
2.252266455978835
2.6071489181127716
251.0490384002318
33.6614670427003
225.03690368655816
10.327626147064974
18.297808560906024
.0032022156130121376
191.56328828234916
16.090210212039562
.017431371217903682
3563290064488951e-20
24.632066875095614
1.380903010893959
.21301733412045631
26.571126682786513
3.7855450155039274
9149129008293965e-23
7.5753527214937995
2.0214517259509255
127.61979026890648
332.32422502837903
.009364703613331167
20.977297741592608
1.9268453876440181
10.399097227328713
67.51504499251986
.012516901316339863
.7632801288631652
12.063564892941026
54.21479702133627
.8372164153787394
85.08068856959069
.015828709047943982
.003279608335062118
.0007014798341102387
.9422937029025927
.00034280600084358754
.5149220435845036
1014.8381532066401
15.776929166722686
10.193504480898866
.0110159471109261
.00011399415287295013
101.00960305773286
351.3781215590024
16.198201276373123
29.93936302375987
80.11804113242499
.000706179843360417
1210.2840577421434
279.9057175025136
144.43488092910522
315.59683434909346
289.073684453965
64.15791833233504
.2757583422435491
.3548201197035134
.31999941388847697
.4128872237918109
6.3579652966819475
.4398574290422091
2.399996703121928
.0019998168483727763
10.453725165000224
29.268976940325352
3.125479008171309
3.869695779046579
.6593262947972883
31.886587476987692
4.709172748289032
24.9897146845332
11.43498335064205
1.599201914061162
15.742212259476972
7.308257241643145
.0019998168483727763
1.999981684082042
7.999267393491101
2.3569759061962885
1.9999084220885341
12.046239962386734
.0999997710502388
10.399938092098022
1.7144733587981225
2.644793165017306
20.745816674187022
13.292249035684199
.6272089820598998
16.706786005632637
14.426831276762233
2.0907682016434355
5.143004983494639
17.271335205405382
25.725168554509004
12.430723391961402
8.689207052196982
37.64726865567535
.0019998168483727763
2.062600028781061
29.023982679138737
6.90148855484995
37.906711803788426
39.96815750491844
4.264943932181909
7.047300118439725
17.190134188140835
.039999633681640834
5.799178140411703
8.049676553690846
16.06270668293474
3.105001577269347
6.302364625133888
21.247605647322896
21.327339242188476
18.09077953861518
7.911328706542768
.45078992018030606
15.000438468812176
19.5096778926952
1.5269129282357488
2.1577533115832557
34.19213869976607
27.932246401822336
9.141811977685093
.3999990842009552
.0999997710502388
.09999908420410206
3.5990866313076166
7.5731170388981806
1.9435636084729637
15.053352996850805
14.918031818809432
8.244443724543643
5.656455296234795
41.94568013377324
8.183838520568633
13.594870544008405
18.13071362522727
9.653183440349764
11.641641497635709
.0012999922615122535
24.73090024915286
4.859756600391263
3.4933725088118885
.00013972489283709812
42.03923776726499
3.829596593076829
1.3243494823173823
.669269976537619
1.5190473201759969
.0019998168483727763
19.440908099666544
8.648227600685956
4.6602525501291225
11.950182285290184
.039999633681640834
7.29142515018696
.6001947390704045
6.515274928362793
5.7460995910516885
.0012999922615122535
4.4327768347309195
10.6703918288054
3.1195622968867656
7.025948823037505
9.330128037763243
.5999945052246124
.3999963368164082
.1847927689910475
6.304018042315418
.0029995879182788
2.5103812958598857
22.83647984049634
47.67225693351303
11.310468536292703
.1789534358373312
.17998516465022518
29.02989226652773
41.99420100606196
4.125127101175423
17.294862461825
51.9046119098553
.2106604391288304
9.999542110442666
9.999542110442666
9.999542110442666
9.999542110442666
9.999542110442666
9.999542110442666
9.999542110442666
9.999542110442666
