.00013184553968064342
7.165670470051225
11.037427621884238
49.66437576804813
1.9404039944131024
59.168465535740104
.004478626312383866
37.764717384805024
14285778543641787e-22
.6766691388477559
1.859491712780936
.0177757214233128
88.97940385278655
1.5576980980435484
37.10863861428769
5.558834663613068
16.62890877475828
65.5512419232053
21.59900034763219
.007228020268946414
63.46955904708907
7.019151175495348
48.42860263636149
4217535203521589e-21
28.63270158293776
.0007215805570697303
8600790276564264e-26
13.286799310702355
6.488399689633616
1440.0513739436765
6.542475057933558
.5244743041490937
10.633588320055452
211.55079202675046
80.16665143281475
1.3918701884683096
11.024937470881174
6.2636642554398225
1.287036205465588
33.064080580266534
6.7225350280953355
.00029872267742769767
.31737395183030215
3.387161942634682
46.54993570148854
266.1574856304284
17892652351386325e-23
19.86085812159652
2.399890982640588
.00012159912689731796
1.1124542148858727
.036469655046189764
36.2723619314746
106.98377861591659
.04798762417050073
3.685216225848781
5.870527247342245
.00016245615024475474
.0019190700212018408
.12248476358614153
3591351088385887e-21
23.68871174449192
.16193530216075086
5.152804347490436
10.031457100031664
.02874987171959986
14.60221085639897
.6295138647430277
.3466863485063048
17535860492722669e-25
.00010528046144745
7.8092879579057435
2.2450370429578412
68.35124601046347
2.9087361810901218
152.95946169722552
128.4311086044033
3.7748337378353978
4.388610470062111
247.94968597686724
33.34422062931759
224.12922524605398
10.160472101781755
17.851170755386995
.0031668411768189576
186.9011740137123
16.0787850741325
.029634465486269457
15023016331065308e-21
24.979257498208646
2.386585699048981
.05956953024810883
30.763622794253862
3.6842697843525247
2199327953440619e-22
7.5286868186703835
1.9689385487106845
128.28145952939838
295.1734280374184
.02663290865452496
20.510677043746554
1.9082360954083393
10.228490178600454
66.3362599309996
.012732561000272083
.7533547957656616
11.965115657796431
53.43733427050664
.8468487520442285
82.73810539374317
.04534536620595975
.009312520069985068
.0019959892846164603
.9350492199023348
.0003346317281774893
.5056499943075029
1010.8030946262294
15.371041231743382
10.20216779375062
.010929222759270385
.000321124036880898
100.99221968285117
351.31765069853583
16.19541362651933
29.93421057136518
80.10425311721028
.0007123903280623551
360.95130425483114
75.68733888389649
61.59164879268853
138.47646185474105
242.58139981694714
53.64937349211808
.6669665691039242
.8600155698549532
.3199983123815424
.4128826047576265
6.357937939835551
.43985250828810524
2.399990507139918
.0019994726873730534
10.453041560562427
29.268649503685918
3.1253255369148585
3.8690298188767636
.659242363582225
31.881099914547786
4.708583579292975
24.989435120672347
11.432031600850582
1.5991743902627666
15.739503083627456
7.306999517906813
.0019994726873730534
1.9999472624795018
7.997890749492207
2.356935340380868
1.9997363263043468
12.046105199209354
.09999934077447467
10.399821746358093
1.714454178715534
2.6441104558751998
20.745584587479385
13.289961489341938
.6271010417400268
16.703910830249182
14.42434847305994
2.0907236931494646
5.1423651406554525
17.268362873216223
25.720741349220194
12.428584110960076
8.687711672163397
37.64078970155118
.0019994726873730534
2.0624225382692476
29.023657983288555
6.900941430168154
37.90018820046886
39.96127913450408
4.264209951283281
7.046087304448243
17.18717583034303
.03999894524959002
5.798180123544308
8.048291234464028
16.05994235119368
3.1048236602382984
6.302294119591534
21.242120933124767
21.32366888687519
18.09057715422474
7.910647922211505
.4507705241137195
14.997856949457585
19.506320350101593
1.5268866486001162
2.1573819703089416
34.18625436058413
27.925036159361667
9.141709706799492
.3999973630978987
.09999934077447467
.09999736312397504
3.5981575872602694
7.571162165335633
1.9435602633877203
15.049467225424053
14.915464481331085
8.244351492657554
5.654995176859968
41.93485255765955
8.183746966682472
13.592530917636452
18.13051079408794
9.651522163585325
11.641511260764862
.001299977718294762
24.730623580689734
4.858920254457203
3.493333427905272
.00013972321277030928
42.03200297168391
3.829553750778603
1.324121566724918
.6692584577595682
1.519030326355178
.0019994726873730534
19.437562392097096
8.648130851606265
4.660200415152316
11.95004859672512
.03999894524959002
7.291343579869255
.600091447800709
6.515202040959453
5.746035308533589
.001299977718294762
4.431632587494495
10.667637445533492
3.119527397853666
7.0247396835241025
9.330023660156318
.5999841787438502
.3999894524959002
.1847895885302977
6.303746800328324
.0029988136248023027
2.509733282894817
22.83622436521168
47.65995113733063
11.310342004305765
.17892263862036015
.17995728711405443
29.02489633064869
41.98697396113902
4.124417182230456
17.291886080683007
51.89567932028357
.21065900307382326
9.99868163152173
9.99868163152173
9.99868163152173
9.99868163152173
9.99868163152173
9.99868163152173
9.99868163152173
9.99868163152173
