.0001815200162334296
7.1655741119014795
10.969296302168129
49.54016678933891
1.9532997197015507
59.45130104572385
.00448056257691039
37.743213355493424
13990275519403562e-22
.6752226159059096
1.8592701047237676
.01921247234106874
88.97022385704463
1.6816093030696941
39.97219574357603
6.783889740694309
17.984865575335803
64.72999399336766
21.587525608162068
.007227264638180647
63.46750716100978
7.014157054642594
48.77690298489072
4173803747158418e-21
28.61917485690583
.00133814006199542
11531630802759456e-26
13.288037482270083
6.490792986121978
1434.575862927104
6.812750648511492
.5254415488506193
10.631868273774023
211.49951519471682
80.38327396318931
1.496961206618036
11.0179679559916
6.26255987751693
1.3919535721742267
33.05607173379159
7.244370799311346
.00030869897801043554
.3173577588802873
3.357331986274763
46.596889329416
266.12174888543495
17893460129212662e-23
19.88752821788806
2.9104344770000288
.00022128581200719742
1.1537323735636253
.05019459839507074
36.26907648506062
106.57952280072628
.06586329688304676
5.037406408449372
7.103917122004305
.00017368092000652398
.0020135504547791217
.16805939658351166
4925045871123789e-21
23.687273230616885
.2192437657861177
5.700367005075402
9.90149829258521
.037925852343326474
17.559014478754573
.8505928694881396
.5705937605937287
10280309001935465e-24
.00019615382661964352
7.8452570402105275
2.2603475482415796
76.2975008713015
3.4874555496920414
152.88282988683696
153.64955530228858
4.539521980792856
5.271138532228862
243.75911853716732
32.90089679625158
223.72478768724156
9.935573987986745
17.336118325249753
.0031286033730365047
181.72013858322
16.07216585764857
.03588718924999415
8878898888901205e-21
25.089824425486324
2.924432405506596
.03388605471069641
32.68886032226409
3.5786123416987765
26763037450557443e-23
7.391560510936963
1.913397938528837
128.33959466591097
275.74871566935417
.036359713246077036
20.001786667080072
1.8973273195875366
10.085541758418207
64.97477365509495
.012852280949165735
.7534762665144035
12.002588523241126
52.459007285773055
.8521493613952112
80.16658322202287
.062444889749737796
.012802831105475464
.0027221688994902363
.9254922112225289
.00033348658670493146
.495425923237401
1007.9813583950721
15.195292617947661
10.071303404953982
.010879074656922477
.00044349704672172013
100.98218670994481
351.2827493914643
16.19380470905388
29.931236786606526
80.09629523883378
.0007057245439825016
213.31932810540906
44.17175902907097
37.4788070924283
85.36158431890188
228.34326845240807
50.89187459791015
.8346429655970049
1.0804725327359634
.3199976765522275
.4128799385016904
6.357922148493206
.4398496678696722
2.3999869305944173
.001999274051722085
10.452646978838057
29.268460496666535
3.125236950990498
3.8686454539081687
.6591939202064668
31.877932717978858
4.708243522446622
24.989273747369236
11.430328087228334
1.5991585027115365
15.737939458147261
7.306273611213998
.001999274051722085
1.9999273933115216
7.997096206888333
2.3569119245913246
1.9996369929162814
12.04602740954439
.09999909240403769
10.399754587833744
1.7144431073514745
2.643716450825391
20.74545061952477
13.288641211166372
.6270387430027469
16.702251396628288
14.42291550032326
2.090698001611753
5.141995835651715
17.26664736466132
25.718186147424465
12.427349405474432
8.686848599977255
37.63705031425545
.001999274051722085
2.0623200910537554
29.02347055834138
6.9006256290634616
37.89642304348394
39.957309220463976
4.263786327532435
7.045387317823099
17.185468387235193
.039998547866230416
5.797604109032809
8.04749168487346
16.058346891989068
3.104720964507956
6.302253421511949
21.238955595270703
21.321550507926016
18.090460331408355
7.9102549746765884
.4507593283578405
14.99636700208441
19.504382513858463
1.5268714792164646
2.157167647315301
34.18285816071005
27.92087498476382
9.141650672736322
.39999636961615076
.09999909240403769
.09999636966557603
3.5976214174280905
7.570033968849199
1.943558332481905
15.047224669304441
14.913982719156762
8.244298253429616
5.654152512873909
41.9286037477303
8.183694118818023
13.591180580998106
18.13039371339364
9.650563342592218
11.641436083830433
.0012999693234792182
24.73046387870383
4.858437549795198
3.4933108691418817
.00013972224298205624
42.02782734361731
3.8295290208183124
1.323990023167945
.6692518087798832
1.5190205169721283
.001999274051722085
19.435631386545793
8.648075004908065
4.660170321157371
11.949971427361143
.039998547866230416
7.291296494843444
.6000318323050199
6.515159967992668
5.745998202584891
.0012999693234792182
4.430972219613686
10.666047836062475
3.1195072530029355
7.024041817657401
9.329963410025455
.5999782179934562
.3999854786623041
.18478775267420067
6.303590234611348
.0029983667646081742
2.5093593017001448
22.836076896613907
47.652849217144194
11.310268965950163
.1789048637264995
.17994119712213025
29.022012880820476
41.98280280643527
4.124007446054998
17.29016823523816
51.89052379497466
.21065817413356633
9.998184964581405
9.998184964581405
9.998184964581405
9.998184964581405
9.998184964581405
9.998184964581405
9.998184964581405
9.998184964581405
