.0002700240861320853
7.165402651568977
10.827035742612143
49.3210594562046
1.9725195606197747
59.63114687761168
.004483996821686227
37.703953084275916
13399235347626734e-22
.6723198445800083
1.8588754454399914
.02167139608647666
88.95386877941884
1.893103697914648
44.83496700632478
8.75738442758377
20.021839262616695
63.088639370731855
21.566734891660854
.007225918467726555
63.46384880855466
7.004242166873028
49.32042417086657
4083394220376583e-21
28.585690924506935
.0029126207788897768
1621909606629389e-25
13.289898746600525
6.515409086670251
1424.4178229909082
7.275839348233634
.5271552413993398
10.628828229919066
211.40917386818094
80.76808537908146
1.674524305835384
11.005296246712845
6.2606095558767265
1.5719155752748875
33.041981419525705
8.13041527370133
.0003254486823287149
.3173289103353538
3.300606457555823
46.6793024862319
266.058053725298
1789438235927212e-22
19.935490827025923
3.6130477695168413
.00046353970353977305
1.2106229057764617
.07460719998615135
36.26314406533543
105.77230001220214
.09729431865844546
7.388695887967605
9.023644085658331
.0001958196810332087
.002195997398512106
.24813164560281606
7265080211245418e-21
23.68464268970989
.3242661868277442
6.571619797896671
9.63593942291916
.05318884416513528
22.116140480784836
1.2536275996518795
1.0578231207045892
9297868019864376e-23
.00043052757085117725
7.952828109528124
2.3052682108098668
89.30522124748084
4.377336683425603
152.7537857220137
191.64918412384557
5.749375128495159
6.647520079181135
235.29222959634242
31.994028813630337
223.0543143963851
9.489028587325917
16.33526771554658
.0030526004067408484
171.76370217583263
16.060315532966005
.045766093442343336
3377090092883606e-21
25.236609576984023
3.8083071295311357
.020815661251535035
35.45712080690196
3.377499907153055
31594501768588826e-23
7.104335671278718
1.8058076034633874
128.1194975516751
245.08407893490144
.053184972194568
19.00964546986019
1.8775982129198963
9.813304345673476
62.29793098096439
.013057392257237772
.7570024713889755
12.121368732880269
50.50433343882551
.8611539205339089
75.24352632036171
.09299201457497566
.019044185411158262
.003972083585575922
.9059774262720971
.0003332813361365418
.47543568798012936
1002.5914945530687
14.920335691598606
9.77468401481721
.010789465220073964
.0006684563629984516
100.96431362281024
351.2205749883016
16.19093852748231
29.92593918293441
80.08211879731869
.0006877587860041346
140.18601093913782
29.042536264042145
15.176375778514686
35.19490186150719
200.86155364124065
45.59250236007874
1.0484256061992707
1.3686438452813519
.31999654371036346
.4128751881268765
6.357894013456146
.4398446071956376
2.3999805583445455
.001998920195259906
10.451943996995187
29.268123749480196
3.1250791253563834
3.867960732775232
.6591076183865321
31.872290563776208
4.707637710489684
24.98898623420728
11.427293598425084
1.5991301965548779
15.735153961294612
7.304980455766122
.001998920195259906
1.9998919932820654
7.995680781039616
2.3568702057010107
1.9994600247354062
12.045888814422957
.0999986498886836
10.39963493384318
1.7144233818899115
2.643014605007163
20.74521193351235
13.286289221671932
.6269277618638394
16.69929522381919
14.420362752815304
2.090652228270082
5.141337917673347
17.263591298013075
25.713634222011358
12.42514985814819
8.685311093145499
37.630388839576874
.001998920195259906
2.062137575409071
29.02313662987769
6.900063008054207
37.88971566178413
39.950237077419466
4.263031669438387
7.044140337285929
17.182426688655067
.03999783986564129
5.796577976733752
8.046067339404376
16.055504685431767
3.104538001896094
6.302180911169032
21.233317141811206
21.317776753935455
18.090252192288197
7.9095549158968765
.45073938178162987
14.99371275797599
19.500930384928264
1.5268444525876375
2.1567858448748853
34.176808052049104
27.91346263562812
9.141545493813675
.3999945995547344
.0999986498886836
.09999459966410322
3.5966663318149563
7.568024299210377
1.9435548922284998
15.043229977775859
14.911343056446459
8.244203398961936
5.652651465628262
41.91747266928378
8.183599961628968
13.58877504431188
18.130185114821437
9.648855265503183
11.641302143719486
.0012999543667303979
24.73017934326921
4.857577642909692
3.493270676983284
.00013972051514545426
42.020388734446094
3.8294849603142445
1.3237556868971594
.6692399625829544
1.5190030399379282
.001998920195259906
19.432191426047762
8.647975504801954
4.6601167037406395
11.949833937408247
.03999783986564129
7.291212605102141
.5999256311860729
6.515085008061378
5.745932092215757
.0012999543667303979
4.429795898559267
10.663216246060292
3.1194713616279746
7.022798615113129
9.329856064477596
.5999675979846194
.3999783986564129
.18478448180951343
6.303311294087869
.0029975707673012024
2.5086931246100184
22.835814156978426
47.6401984833867
11.310138836070205
.17887319891191822
.17991253345443906
29.016876202937578
41.975372166268315
4.123277527771107
17.287108005572826
51.88133956275052
.21065669723456276
9.997300123677029
9.997300123677029
9.997300123677029
9.997300123677029
9.997300123677029
9.997300123677029
9.997300123677029
9.997300123677029
