.0002977179622304844
7.165349113895206
10.780568655466425
49.252907695752775
1.977596249548189
59.63806373488908
.004485066230078947
37.69142863876325
1321367154980078e-21
.6713647593576916
1.858751999163134
.022414747463967356
88.94875128484709
1.9569060193011554
46.295115666425666
9.326727448760574
20.575765381417636
62.56275591651551
21.560136188968507
.007225497268354414
63.46270338633067
7.000987398723283
49.470048084186374
4054188187191375e-21
28.57379423862495
.0035298186663282275
17555790544225326e-26
13.29040061786043
6.524772158429982
1421.1743450863958
7.416083916018202
.5276889241613368
10.62788319534108
211.38118260560992
80.88819106957496
1.7276479032656455
11.001266924187075
6.260003760892161
1.626426174240625
33.037617905001376
8.396545185485039
.0003304377414374298
.3173198838741428
3.282489827619679
46.704768736067386
266.03811656424847
17894543878614742e-23
19.950594253742214
3.7916041892651347
.0005549719706405189
1.2251814530462595
.08223364188991579
36.261266109454766
105.50782923227013
.10700789862050121
8.108672967046408
9.562874775721538
.00020336129906076077
.0022570688445152486
.2728620560957444
7987015167605175e-21
23.68377568936599
.357742331630477
6.819352242536545
9.550812784210498
.05768708251204231
23.38657920077252
1.3815441869482947
1.2291392960793526
15965341663772606e-23
.0005231189282033954
7.990486953694013
2.3210474934326575
93.08681124062056
4.6250276687813745
152.71516690180948
202.0505750517568
6.093800566663464
7.034988031698635
232.60362129203565
31.703406924418964
222.84668139993863
9.349430252030144
16.024934489704805
.0030283921225100325
168.69854822436196
16.05659222589891
.04856035567389315
2476145298042597e-21
25.276884599552243
4.066688747788785
.019067895433253823
36.18542512999158
3.3157892659199906
32370510459222585e-23
7.013486704340364
1.7722966339249826
127.98492927252168
236.53076577446808
.05830908163551607
18.699556994302785
1.871347804535846
9.727720192759502
61.458948837431315
.013119507407066255
.7584261864282457
12.163227721198782
49.88670856445235
.8638618297185484
73.73171032579755
.10254747343093572
.02099680764327216
.0043511835449134995
.8997059674311333
.0003333555510073777
.469168778958344
1000.8476361916918
14.838177410572474
9.677572622839469
.010761330961656474
.000740387324498124
100.95872159129303
351.2011222088556
16.19004177262616
29.92428169833329
80.07768335160316
.0006814820367356782
131.15454183231424
27.2197006076745
11.355948100604767
26.45913384411711
197.99267656802758
45.23066518793834
1.096276915858047
1.4350009297109196
.31999618923277445
.4128737016946927
6.357885209725788
.4398430236682211
2.3999785644024474
.00199880948262956
10.451724036121579
29.268018378456816
3.1250297416538935
3.8677465010576197
.6590806159390998
31.87052527813257
4.707448161419966
24.988896268923707
11.4263442397036
1.5991213393567012
15.734282450621958
7.30457586052375
.00199880948262956
1.9998809163605271
7.995237930518232
2.356857151562872
1.9994046527039542
12.04584544684522
.09999851142126846
10.399597493104404
1.714417209627289
2.642795028171698
20.745137246654036
13.28555334435639
.6268930387059477
16.698370313008073
14.41956406345557
2.0906379055046402
5.141132065348514
17.262635132976396
25.712210041052444
12.424461676085443
8.684830046609086
37.628304634645005
.00199880948262956
2.0620804676173314
29.023032140856305
6.899886967307295
37.887617093720266
39.94802438486662
4.2627955562356235
7.0437501889913054
17.18147501901916
.03999761832721052
5.796256926200403
8.04562169816207
16.054615431743965
3.104480753140293
6.302158222073625
21.231553116529017
21.316596042897988
18.09018706380907
7.909335872696134
.45073314046454566
14.992882312927696
19.49985030214045
1.5268359957628395
2.156666388663204
34.17491512789673
27.911143636035465
9.141512582445245
.39999404568507385
.09999851142126846
.09999404581802632
3.5963675273324283
7.567395561547256
1.9435538157374301
15.041980213651424
14.910517173544436
8.244173718202195
5.652181853648647
41.91399024206527
8.183570499053564
13.588022413450526
18.13011984257591
9.648320851898875
11.641260232733636
.0012999496866380508
24.73009030974154
4.8573086000538375
3.493258100519233
.0001397199744911727
42.01806138402161
3.8294711734124007
1.3236823690756778
.6692362558234991
1.518997571227115
.00199880948262956
19.431115150450932
8.647944370382922
4.660099926400543
11.949790915647032
.03999761832721052
7.2911863552973895
.5998924035740861
6.515061552469193
5.745911405725908
.0012999496866380508
4.429427879191035
10.662330365492416
3.119460130915251
7.02240964885579
9.329822475153938
.5999642749081578
.39997618327210527
.18478345833263898
6.303224013131163
.0029973217345860906
2.508484706958292
22.835731943539393
47.636240622539425
11.310098117337636
.17886329180187105
.17990356522223144
29.015269067897133
41.9730473091413
4.123049155021745
17.286150538034647
51.878466051550575
.21065623509909465
9.997023263519768
9.997023263519768
9.997023263519768
9.997023263519768
9.997023263519768
9.997023263519768
9.997023263519768
9.997023263519768
