.001499768185364366
7.163103876539107
8.752455667615878
46.28720284972874
2.039062234252281
57.47094831011418
.004528531762299832
37.06603960301045
7571657614909696e-22
.6176998288608869
1.8534156146170566
.0452630059664606
88.72667607777284
3.904570819210755
89.0412724010381
23.34962638013941
29.812472770125545
42.26311524113505
21.22149858080331
.0072072288065582425
63.41263553921413
6.813267791807758
52.39151895080992
2925866509113069e-21
27.625125202765275
.07601316476757389
38833847753391473e-26
13.291906547497707
6.666400105110436
1260.76676090021
11.908954369304773
.5496553427413176
10.589063421046351
210.26338626147165
85.9466124091517
3.256697125274133
10.8045507141297
6.235288400596007
3.341172477042806
32.86424599102247
16.21993150398365
.0004723506864288258
.31692834678956266
2.4869842980247383
47.68013947770117
265.1697550983645
17865094677817467e-23
20.61523753872643
6.126134826680407
.007698779512448275
1.4407076174434503
.40567474165848744
36.172718840303375
91.49665778973193
.4624933465027205
32.41529139346162
21.08835542884372
.0011934252319350793
.008451500054092948
1.172655108928215
3412579992762887e-20
23.628874339010572
1.8718479864217223
11.796132213586946
6.46399103720626
.15761466458335704
49.68640559035099
6.929429966787519
11.202530135693657
.0008481631134075027
.01249889161779469
9.28261959195909
2.908640316366662
177.63922761161413
9.749875235865504
151.48041867079655
391.1898958034754
14.247220301080695
15.6322090769488
142.53055183358484
21.243200444500218
211.9424642092848
5.213584456370506
7.151119798937399
.0021375085678068044
84.93452351050689
15.89014429773757
.09247533426278748
2750584716779547e-24
25.904646990426563
10.439341855765356
.006557799615463733
46.97712660545132
1.64753009755416
10743832046627613e-23
4.293793489813342
.772387681638198
110.86498800449974
118.90980007306554
.2118188482842455
9.124141416534579
1.5618760932117814
6.634741785618968
35.4137614760018
.015111323547539484
.8075418489536982
13.554414050714657
29.70413159915292
.946182375033983
32.96891129658311
.4746310849301663
.09379315255013254
.015087346945345173
.6596043964232311
.00030409668608839054
.2679442958876262
906.3731804097775
11.097773952387499
6.256174474098792
.009429226465808163
.003861606493928916
100.71629820550685
350.3578135397695
16.1511660352884
29.852427126760006
79.88539978443798
.00042047280245476753
96.8868159050022
21.864737755548465
.026661494240598604
.06971960157174907
93.5732231805372
26.17137871144444
.777583078088566
1.1117692806926625
.3199808035430381
.41280918839517633
6.357503096342139
.4397742962956382
2.3998920191198674
.0019940099154927824
10.442181113700377
29.263445124146497
3.122886998330936
3.85845921822192
.6579096425785095
31.793997361347067
4.699228151720313
24.984991645928933
11.385213327481345
1.5987369407326393
15.696501088452601
7.287036018656409
.0019940099154927824
1.9994001826890935
7.976039661971124
2.356290607534051
1.9970027118110483
12.043963231455749
.0999925014402294
10.397972511069542
1.7141493245319521
2.6332818743540987
20.74189572933965
13.253651902133102
.6253877350474474
16.658273970615994
14.384939620052103
2.090016321699305
5.132205001877789
17.22118387061327
25.650469550325635
12.394627898293752
8.663975920569344
37.537951063728634
.0019940099154927824
2.0596032325099034
29.01849716670394
6.892250261080029
37.79664085837912
39.85210067293557
4.2525596765080635
7.026836645094026
17.140218639369536
.03998800365378185
5.782338879232409
8.026302447461578
16.016064881884454
3.1019968930941397
6.301173482625917
21.155126822234145
21.265410357256318
18.087360393930204
7.899834165654156
.4504623199216369
14.956881210341352
19.453027009827913
1.5264689731726864
2.1514877734855324
34.09285388045149
27.810673111532317
9.140084181612634
.3999700057609176
.0999925014402294
.09997000913445464
3.5834218402445406
7.540155538311167
1.9435070913131258
14.9878342545557
14.874713847194219
8.242885530443655
5.631835941534531
41.763114282321226
8.182291780809821
13.555394678593277
18.127286933027865
9.625153179297616
11.639441235531685
.0012997465638836928
24.726226126295924
4.845645167929563
3.49271226385005
.00013969650945630215
41.91716707252146
3.8288728019981284
1.3205039258806865
.6690753840437415
1.5187602212944964
.0019940099154927824
19.384456905872078
8.646593091715674
4.659371765655274
11.947923709193017
.03998800365378185
7.290047075931234
.598451934189276
6.514043545956363
5.745013582246256
.0012997465638836928
4.413483461145168
10.623949640638713
3.118972701793637
7.005547348139017
9.32836465008709
.5998200548067276
.39988003653781856
.18473903987271084
6.299436755447931
.0029865324064702135
2.499455024136881
22.83216376177218
47.46476652806608
11.30833086564685
.17843380295625147
.17951473041570443
28.945597229188515
41.87226108601895
4.113148836157077
17.244642810177275
51.75389480905284
.21063617712728916
9.985013559055238
9.985013559055238
9.985013559055238
9.985013559055238
9.985013559055238
9.985013559055238
9.985013559055238
9.985013559055238
