.005301001959117801
7.156870697132584
7.70573660718651
37.30742568296569
2.0713563550285397
50.60388641231696
.0046336937569736395
34.68341194988195
5865932704334978e-22
.16901689207791948
1.836916153370612
.06545144781281838
88.0237489748593
5.860900400996834
128.0822463202742
32.93866049144111
31.359450495720147
23.68161807506645
19.357968977588403
.007149533344793516
63.24596353656203
3.7229193330825123
53.91019404081467
2464890671826925e-21
10.53054274362721
.4854081281765347
14259654770163471e-26
13.230302391931904
5.460467866580088
386.5924734351374
16.77407353338752
.6048017254916799
10.479182865204587
207.20677576592698
99.80361792329101
4.629420536247353
10.076530898144206
6.165974700223591
5.1654559875614
32.40806920634163
22.876129534248477
.0005955649478862052
.315693455326506
.29797398310928397
49.66234740704406
262.3785251391752
1758173677463764e-22
22.44195822974858
6.642146797685508
.05237324671790545
1.5289370387485959
1.3343350644734104
35.886156662625375
16.886926438054708
.8117872930023273
52.20839796330037
27.354016899399532
.5491119976772967
.8753753886848696
2.0316806048321534
6145283331091023e-20
23.395607317464044
5.736924027112515
12.788603671594458
5.213877039313668
.35789462876809486
63.19306959453898
19.686861428409504
33.551821890023945
.17602567233582275
.09863344319326041
10.476410853922507
3.5976161237849213
151.55725408891976
12.428450354216249
149.8129560474026
340.49202619584327
19.891008606681826
21.10640424770658
67.17094476532708
17.099195925885557
89.51710953192972
3.95124722522837
.4971513604492806
.0015258665800519052
55.23542415436481
15.34896273474647
.04586151315706113
9104008273285246e-25
35.42034774604975
13.709938185734538
.003316955234146416
48.47434445431653
1.0601346210142644
3793590244898132e-23
4.288856775859774
.04044700914368891
18.31558424105583
23.52871242124373
.1148782945744209
.6410042852371581
.3627464363239092
1.8447048342309273
24.724492100210878
.017211392840976357
.8470702018504681
14.685380820725753
15.21123441199213
1.02314182871288
4.9783096275845455
.6190232366137481
.079474867153556
.010163781236569074
.5716143858294594
6315949544072791e-20
.1081873202644096
210.36238328643142
7.084197968668645
5.478407221133152
.0030644231352563284
.003392617791392189
99.95350903080893
347.7043289280371
16.028842887694857
29.626335534272265
79.28037637454602
.00011715476626115199
73.34513176602889
18.10376472481771
.012862340430775502
.03794518683189511
17.627511765315365
5.975539544951479
.41183025252895683
.6469999958522883
.31993215436817435
.4126052448399642
6.356294893387994
.4395570309439969
2.3996183582060073
.0019789079984755937
10.412060911848068
29.248987861071576
3.1161206827419052
3.8292366298711467
.65422035717648
31.553201011205935
4.673328425597789
24.97264810279458
11.256117240839398
1.5975219680597814
15.577621410344516
7.231846617440294
.0019789079984755937
1.9978807228441486
7.915631993902354
2.354499926012579
1.9894260471166738
12.038013052173607
.09997349850247202
10.392835514266855
1.7133024690906564
2.6034232871475043
20.731648438155734
13.153273488943865
.6206512723022641
16.53211016912269
14.275993238817234
2.0880519082157165
5.104076907852881
17.090756791123283
25.456202079742226
12.30075542528111
8.59835806963751
37.25365206523553
.0019789079984755937
2.051789060298781
29.004160917304798
6.8681563475040965
37.51038263602178
39.55027513403158
4.220352312419103
6.973617900752243
17.010404761546205
.03995761445688294
5.738545515297273
7.965514107055305
15.894764942045168
3.094155273720281
6.298060461505797
20.915250413544253
21.104353754650372
18.078424544906383
7.869862050814087
.4496069767268348
14.843603148321899
19.305696749655635
1.5253089211083863
2.1351931755669202
33.83464681428727
27.49532995876845
9.135568629838751
.39989399400988807
.09997349850247202
.09989403614220739
3.5427896866733617
7.4546582757945306
1.943359342433577
14.817888317325794
14.762058091357977
8.23881322917822
5.567976972910147
41.289565437451174
8.178249415178259
13.452730973673434
18.11833135876402
9.55225571601916
11.633690905614168
.0012991044392833568
24.71401042324246
4.808945986720751
3.4909867301738458
.00013962233209683628
41.599701460236126
3.8269811921366093
1.3105029020369319
.6685669149598142
1.5180098955562302
.0019789079984755937
19.237645971111245
8.64232134344754
4.657069857486426
11.94202097711447
.03995761445688294
7.286445513368858
.5939194735537073
6.51082535886917
5.742175325425325
.0012991044392833568
4.363439300627114
10.503485466289247
3.1174318097803413
6.952489841308378
9.3237560805481
.5993642168532439
.39957614456882956
.18459864599093037
6.2874753102358305
.0029526683377685712
2.471113889625615
22.820883798094865
46.92656707269388
11.302744116938037
.17708240923229304
.17829064350666635
28.726373641596574
41.55513557559394
4.081997319847965
17.11403806108
51.36192934356032
.21057276053225937
9.947130235583366
9.947130235583366
9.947130235583366
9.947130235583366
9.947130235583366
9.947130235583366
9.947130235583366
9.947130235583366
