.01055536178866852
7.150022637514542
7.481595703501937
27.59408042370876
2.0737618573862777
45.137766003232485
.004726324686645856
31.42017814325938
5584969340252718e-22
.05296899668288338
1.8149102907821506
.061164495717200264
87.04398957518744
6.173179532398964
134.64910152297344
33.63452898170881
32.235648961202855
18.72282972986503
18.232212479639493
.007069758058018124
62.98660898369483
1.5685950840049205
54.076930808896925
23803734174061287e-22
3.8005047490837507
.9743433217966702
5912846345287548e-26
13.284467608659497
4.635711036004718
117.76335513293546
17.464229360748536
.6548298848414676
10.334820503210077
203.33906849215163
114.36695908086702
4.831914025019503
9.088438445487895
6.07560841104572
5.459192121232378
31.828668048988757
22.574799228125862
.0006077286216001829
.313994596265468
.0820436987612429
51.064042478538624
258.3554849942645
17115748959017304e-23
23.99223297331263
6.683478543238169
.12859786265559783
1.587912213526336
2.475908740041403
35.521066353076236
4.855246474016618
.6224493384750895
40.924761216030305
27.634962376676945
3.9415285681002064
3.614925479655666
1.5435209560227683
5136990091769136e-20
23.064435032867703
9.0055411219378
13.333536209315634
4.936968056740558
.5265264200888262
63.39145734624902
29.89041469083611
47.29774475331681
1.1731114138013887
.2306075978317621
10.597849694946207
3.7737969376094154
11.718808404793158
12.463912695605234
147.80745206757635
25.201073145998834
20.24967113870637
21.846473873787684
28.94835274551227
16.177302756051276
32.67378308101747
3.684640864063642
.03860508790278377
.0010642984494380488
41.36201870616043
14.607209507708601
.01948181457072591
3233252818560409e-25
42.56047277103139
13.20867776914423
.0028181509979806354
49.20782116206776
.8103381629165244
27038083849475787e-24
4.875286450052461
.0026943190860954313
5.22147152293237
7.270080212855795
.03321897884552901
.04227886699764747
.07551555605905585
.5105078661627912
19.63417481628517
.017345279973255478
.8371756126613749
14.486271605566333
5.36646548487956
1.0243303931167624
1.382400811206079
.2591169992608242
.026379239144140424
.0030508938756623693
.5677709010572097
12455514633652213e-21
.029940974151528865
30.320270353548533
3.3355822138257802
5.168482473698307
.0007030130994504054
.0011298931392240068
98.90862543566789
344.0695335838893
15.861282237300049
29.316630829714438
78.45160342306475
22013696310290352e-21
67.21134136320556
16.828979682268383
.004844648963487045
.014621694558132855
5.388867346284033
1.878883302947953
.31606979509451816
.5048697664081029
.31986491988750115
.4123235041396613
6.354625199699255
.43925688666015683
2.399240134267433
.001958221095895082
10.370569430735976
29.229015671124454
3.1067918886872654
3.7892069543223648
.6491547791456441
31.22335344076561
4.637762681288038
24.955595941066427
11.080077281095024
1.5958440587969382
15.414777692091763
7.156247091556608
.001958221095895082
1.9957823087766497
7.8328843835803115
2.3520269476659856
1.979000301107789
12.02979309309653
.09994723711556494
10.385738937593292
1.7121325686991595
2.5627070685029283
20.717492173245287
13.015773166801448
.6141631725945076
16.359288515573166
14.126756345743413
2.0853395833389863
5.065449724482875
16.912095215629368
25.190090682497335
12.172167067790259
8.508473448484851
36.864213712550395
.001958221095895082
2.041036495941093
28.984355903406588
6.834990490802747
37.11826050000191
39.13682858201382
4.176234032433524
6.900717819365084
16.83258316174054
.03991564617553296
5.678556505135997
7.882245044287719
15.728605901731267
3.0833486076760916
6.293759934580452
20.58814651420985
20.883735256729594
18.066079990261603
7.828619410513039
.4484273285605212
14.688432633821154
19.10388086523017
1.523706858652536
2.1128725152595424
33.48094970303583
27.065316955568896
9.129330557163664
.39978894846225976
.09994723711556494
.09978911543883244
3.4873822543873887
7.338071204542505
1.9431551309785045
14.586144065994239
14.607740024091079
8.233187491168634
5.480896639505978
40.64381759368321
8.172665032172233
13.312100214027923
18.105959554408226
9.452399338879015
11.625747031260069
.0012982173671991619
24.697134867996834
4.758674727410633
3.4886029673438603
.00013951986324988353
41.164830828479055
3.8243680010184598
1.2968033031233908
.6678647057621506
1.516973347484219
.001958221095895082
19.036541468835598
8.636420076563525
4.653889853985706
11.933866564645898
.03991564617553296
7.281470083978838
.587710819942959
6.50637954893559
5.738254375515748
.0012982173671991619
4.295197324962323
10.33921628544308
3.1153031227793457
6.87981062623121
9.317389507169702
.5987346926329941
.39915646175532976
.18440475834230383
6.270978660707708
.002906490103818292
2.4324669227945352
22.805300933205945
46.19265938484161
11.295026224151476
.1752312435634835
.17661234680299112
28.426076865054746
41.120730822045815
4.0393253608914845
16.93513311026802
50.82500734946266
.21048513263631755
9.89500150553893
9.89500150553893
9.89500150553893
9.89500150553893
9.89500150553893
9.89500150553893
9.89500150553893
9.89500150553893
