.01254189984803194
7.1476344074967875
7.33009259392261
24.568825878212934
2.0729522853190603
43.663978829186185
.004750445309792134
30.28879421350646
5384522256798348e-22
.053129667051956764
1.8066747283868663
.05789540158576021
86.66811432328936
6.197059028464977
134.65163260059634
34.41209473266961
32.61193119024249
17.518478376460006
17.97499791968919
.007039723668444052
62.88489643234455
1.5684041789402265
54.07079741623368
23170306231325524e-22
3.872229571165623
1.1169839904299923
6199920225073159e-26
13.332128895791058
4.373002794527211
111.58893842279393
17.621889621053295
.6685099041071777
10.280477954483635
201.9253129404128
118.84077731580963
4.846052736525669
8.745983382267244
6.041755585161669
5.47896398598449
31.610954854258548
22.13118094500507
.0006090880065970775
.31335473953910037
.08250996370171552
51.39159591031918
256.76500554745274
16944422009862486e-23
24.37008973286896
6.647268441914285
.1533283788115282
1.6095484359715593
2.877168048798792
35.38152059776169
4.859699001315052
.5922429860851138
38.82725274105533
28.14855098833621
5.354744045896329
4.724591767257393
1.4607076434422408
5031935623041463e-20
22.942647821972674
9.94964741442078
13.575932807656926
4.768211023978409
.5574844322621777
64.22394553434467
32.56518925798743
51.129256692554485
1.6252972160072165
.275779509381352
10.569284861998137
3.793443117744648
7.258852380216647
12.60115086264485
146.52851516080335
15.5808437239932
20.494742959305608
22.297094592500304
28.05747666100151
15.613295849038805
32.59844755182556
3.518568564430285
.028105422109868067
.0010266715008341973
36.40598052095164
14.329746239500281
.020521586129840813
3272867652285539e-25
43.599611787616155
12.863797217690403
.002633656872469052
49.52745300267488
.7130884675535353
22741268724495206e-24
4.88419412415751
.0018029734442045857
5.245460852646158
7.319139065323349
.026116152209374473
.029454842792215215
.055772367385945175
.46133626372225567
17.616727553837414
.01734207998426392
.8231302899958295
14.337058034942384
4.0498399827030624
1.0227165373420348
1.3176597649733874
.21166101104452315
.02096027972157882
.002324938099375505
.5569528671629882
9094130107326114e-21
.021808308812033123
24.138386685098496
2.9483234630099195
4.921846800155886
.0005165508567731584
.0009025650883696688
98.51643355810164
342.70523117047264
15.798389177833759
29.2003847041781
78.14052760425676
14661788689017246e-21
65.42187824080195
16.42251140874704
.0050782174372668324
.015383803861678856
5.422161143798876
1.896462028860829
.27651108151590914
.44289284659810707
.3198395039438208
.4122170353646441
6.353994045804445
.43914346323856923
2.399097153072831
.0019504563695640252
10.354925679082132
29.221468253957546
3.1032721919492015
3.7741820140468643
.6472498487850932
31.099546790375822
4.62438681245109
24.94915199182999
11.014240670745584
1.5952101437429929
15.353655109721435
7.127871184290653
.0019504563695640252
1.9949895267733226
7.801825478256085
2.3510926550694182
1.9750728440033551
12.026686800776364
.09993731015905712
10.383057167354071
1.7116904676415525
2.547479742697481
20.712142572771466
12.964163102524655
.6117278965330831
16.294420764653466
14.070741017749988
2.0843150412695524
5.050922054897748
16.84503547895847
25.090207088752944
12.123902065265563
8.474735701526129
36.71803995745831
.0019504563695640252
2.0369859239013075
28.976871661454055
6.822493098533931
36.97107940013962
38.98164346831966
4.1596744547513795
6.873355135208767
16.76583870578016
.03989979053546641
5.656039927559416
7.850990414373091
15.666238929660546
3.0792727252701027
6.2921347812633135
20.46581399382339
20.800927197221576
18.06141502843766
7.813082997049878
.4479821407152516
14.630190150440269
19.02813027348618
1.5231015985645124
2.104494566064842
33.3481912457335
26.904497795089917
9.126973212429762
.39974924063622846
.09993731015905712
.09974947633866608
3.4666606095110146
7.294469186040866
1.9430779294796932
14.499474789326639
14.549817502553521
8.231061545453993
5.448329749648959
40.40231646384953
8.170554714361424
13.259315155553066
18.10128429501866
9.41491874274403
11.62274507034188
.001297882145919259
24.690757657700967
4.739805659441592
3.4877021521326848
.00013948114201284208
41.001604292661725
3.8233804857005227
1.2916612265851126
.6675994107362064
1.5165816397779672
.0019504563695640252
18.961057890854967
8.634190009500033
4.652688142351894
11.93078504214815
.03989979053546641
7.279589887501116
.5853804325887303
6.504699493703674
5.736772662957613
.001297882145919259
4.269675731070556
10.277781790300642
3.114498699786333
6.852530843149434
9.314983602492365
.5984968580319959
.39899790535466434
.18433150748067487
6.264752984215923
.0028892200567243002
2.4180134697254703
22.79941222584418
45.918187642472724
11.292109660836996
.17453641770660075
.1759819496842536
28.313361958660668
40.95767915130469
4.02330865263767
16.867982023877985
50.62347634069671
.21045201228717467
9.875364220016767
9.875364220016767
9.875364220016767
9.875364220016767
9.875364220016767
9.875364220016767
9.875364220016767
9.875364220016767
