.02667177649468426
7.131638898775812
8.009657067375134
12.18773442676791
2.067828279632147
40.45210357977808
.00482936381959288
23.85645075843772
6554122408046454e-22
.06167519133917615
1.749156496476922
.022640030745226747
83.41716998618041
6.350295699401778
133.8143613831335
37.46953275419392
33.24454745586497
15.652070144389196
16.365848747408332
.006828467484277911
62.118736542148966
1.7404833217564806
53.840895465553125
26587399892776703e-22
4.801754577177236
1.731308106947517
11426917950567024e-26
13.586299423883684
2.465659964240745
73.2295125597734
18.295389426997296
.7223904939004703
9.895132651264612
192.4699566176412
140.88150348274183
4.932568456505203
6.794368137399528
5.803899074777258
5.601587078894268
30.0643224444187
19.298530627250393
.0006102922502167291
.3088418550360891
.09885520387205801
52.38417947268525
243.29564759646334
1504122460885461e-22
25.563508024436747
6.293655952565972
.42027806038302334
1.7198492213909062
5.338599125434055
34.384984752723796
5.583110282433886
.7195474692606084
43.935168175719475
30.04019843723223
16.835734476593775
18.049157666241562
1.7177915906142835
7198860950449908e-20
22.10092212992539
14.712041906342957
13.852272800823899
5.360617578354104
.9965935141909555
66.55443548769486
44.467859813916995
65.40545190975523
3.887823443226836
.5257582667497136
10.251858829538236
3.805919908008567
6.3275350576401825
12.881057652775445
136.98048629401612
14.317210616733538
21.08906327743904
24.1615533963139
37.38627734625699
17.603312183590333
35.72174676360118
4.008435641837942
.024649781235190404
.0011165518182241906
19.228413998595887
12.424436893453796
.04721487180193473
932958059205934e-24
51.18007949497417
9.106648855241641
.0027268669641689067
49.8057072672446
.3535952844588953
13619373354073767e-24
6.68212297971009
.0008538297991032683
6.196367529423917
8.267789210029092
.019529183533207494
.014442757773775973
.03451000362779694
.2448556146532371
9.518053610142013
.01725716054925792
.7096284196449781
13.327361583031955
3.2068477937338686
1.0078408689689617
1.6956004439410013
.1680399431268634
.015508961468933461
.0011454265647902993
.6100152398252902
5272246300634413e-21
.015876500516544833
17.50519639348278
1.428101586349314
5.387904765666119
.00029150618224611704
.0006810156631802011
95.77135377849237
333.1560304282679
15.358179995302892
28.386739886626142
75.96320576517559
5110410989498697e-21
55.89003048316786
14.252072623032662
.011437120940541936
.03557696868077582
6.097730503744169
2.1688017354064963
.1358906782150898
.22168623361573558
.31965878331033876
.41146053551660006
6.349506573572788
.43833754806595715
2.3980804001818616
.0018961084993892228
10.244333354228141
29.167841076045814
3.0783520254840493
3.6690175216151037
.6338607564315258
30.232983375867683
4.530353281897833
24.90336535985842
10.557108370195635
1.5907084830186635
14.92583807795756
6.929258888321615
.0018961084993892228
1.9893596942190657
7.584433997556877
2.3444579044654916
1.947361548004174
12.00461545011223
.09986673000096877
10.364002202383034
1.708549176846707
2.4417497781728477
20.67413169169492
12.602927309601755
.5946825994314022
15.84039006798685
13.67867133701836
2.0770421724042465
4.948784582308573
16.375662353988236
24.391089006033027
11.786079458342877
8.238594128272041
35.69492182991607
.0018961084993892228
2.008405955291654
28.923693366701407
6.734258316709566
35.940910535654716
37.89545188183969
4.043768531007594
6.681834720611062
16.298672334067327
.03978719388438126
5.498439004778863
7.632228992973371
15.229712005622275
3.0504367665589176
6.28058746856749
19.616405948975345
20.221326387651658
18.028268757050824
7.703461391824136
.44482832838411535
14.222531877568198
18.497926999057746
1.5188034271465876
2.045854547633856
32.41897119412439
25.787860221981763
9.110223410126716
.39946692000387507
.09986673000096877
.09946798471095325
3.32278119130829
6.9917213543939445
1.9425288980316455
13.897692200281192
14.144398747725077
8.215955918383367
5.222203629195921
38.72546878775672
8.155560129301678
12.889855192271826
18.068064855636525
9.152579738641444
11.60141503270335
.0012955002752978798
24.64544523047528
4.607734854550576
3.481301528379284
.00013920603492236037
39.859128151268045
3.8163638257658143
1.2556701438068987
.6657154545322643
1.5137984122992099
.0018961084993892228
18.43272353346586
8.618344561908586
4.644149538726326
11.908889690192478
.03978719388438126
7.266230399243076
.569069286002912
6.492762082688608
5.726244549669056
.0012955002752978798
4.092468173337533
9.851215295632562
3.108782978234363
6.661590680404054
9.297888763911555
.5968079082657184
.397871938843813
.18381132654355076
6.2206488706421155
.0027693065873524696
2.3176568411371528
22.757570791830922
44.01241062328701
11.271386404615996
.16967310329551563
.1715625036925962
27.52443330383234
39.81642694801961
3.9112024503463654
16.397969512216655
49.21289461075196
.2102165837070711
9.736807740020863
9.736807740020863
9.736807740020863
9.736807740020863
9.736807740020863
9.736807740020863
9.736807740020863
9.736807740020863
