.029819035289602884
7.128106180004629
8.227544064218007
11.025328881496742
2.0666719187043894
40.8434160486011
.004834113167408936
22.76848833939448
6973015914910198e-22
.06215801482305711
1.7365892076701672
.010515387849727078
81.38520458436717
6.362253259738712
132.94853061095432
37.84682144452373
33.19686886410453
15.398435731675947
15.997060605845993
.006781945297369882
61.93683667449143
1.7440612039407846
53.77472433113437
27744187526207976e-22
4.8899524562882455
1.812545235007097
12578774526815486e-26
13.62751783964641
2.0959798069828137
63.07186289852006
18.346258175724557
.728143694724481
9.8096209309424
190.50268972766494
144.23461412522354
4.93695123474768
6.46256821768977
5.751634668937629
5.6069061866154755
29.72057294134247
18.711991287496026
.0006087917613572644
.30784574541797277
.10021826514582419
52.43957018526999
239.3381619292644
14373762541550553e-23
25.597422945243398
6.201059283892987
.4956891146385009
1.7388802833239245
5.791950474945586
34.162765108320805
5.608046106987241
.7900183898602016
47.10182702518296
30.26088794943842
18.454757698199263
22.572276544771793
1.8718462429801273
8174941950315073e-20
21.913880910660012
15.548819307287443
13.779054486682996
5.572672859562334
1.1208429750855782
66.63947926876476
46.18208106319035
67.04894774572499
4.170113521801462
.5705882074124405
10.168759057362008
3.7912071549373345
6.270430022360711
12.860286366677272
134.68861791433176
14.418102496116488
21.091189620462966
24.40373136341686
39.65456498672093
18.31856511523511
35.5721352080855
4.196380373304183
.025929815770231793
.0011358983165125516
15.620358918391648
12.018356475223582
.057432294173619426
12141053237696435e-25
51.76431628229662
7.831441197616438
.0027629674685368116
49.69026486403739
.2794403592962216
11461568078784556e-24
7.1487774302881535
.0008199136828882477
6.261835659067893
8.329789456316254
.019591882563515253
.011930204556769084
.034019356568844146
.18847747801448192
7.605572690755206
.017230520447246628
.6844004324589904
13.113502817026118
3.3527219041961622
1.0041432969809796
1.7757728656832437
.16844108247337694
.015398140881048534
.000937572773774194
.602107232136477
5120856687930411e-21
.016367699926880617
17.041784873355724
1.0958468960324992
5.584083361016073
.00028013550067103413
.0006769364855187287
95.17041260859983
331.0655600863182
15.261811276582012
28.208620229715386
75.48655574468101
4100255461011703e-21
53.224570600478366
13.616851600612748
.013847280506038733
.04334675118915668
6.1380946497307765
2.1905297014059273
.1073613676499696
.17588196276483298
.3196185438865836
.41129222348825445
6.348507475165028
.43815824172805445
2.397853989481714
.0018842108952005889
10.219861543594234
29.155909680273428
3.0728286681031474
3.645995358987069
.6309164185648484
30.04327900517186
4.509670217475241
24.893178390332693
10.457899603940009
1.5897075238268075
14.832182196085618
6.88577953067917
.0018842108952005889
1.9881078822792322
7.5368435808023415
2.342982645664495
1.9412423316744691
11.999704842650496
.0998510159151928
10.359762704103401
1.7078502777964686
2.4188038184930774
20.665674732305263
12.523847108866374
.5909511156116832
15.74099560227817
13.592841112932195
2.0754256879035045
4.926317437802255
16.27290918924201
24.238041053968576
11.712124772534379
8.186899021140482
35.47094516844687
.0018842108952005889
2.0020949184269825
28.911861841980137
6.714761005904814
35.71539035689381
37.6576674474654
4.018394900000782
6.639907887423346
16.196402262342296
.039762157645584606
5.463937682225181
7.584338674637334
15.134149391242273
3.0440507678562265
6.278018331737128
19.432063857909807
20.094442647819815
18.02089411423545
7.679254717520428
.4441288839272553
14.133289065306114
18.381857157160027
1.5178477144768847
2.03301732463575
32.2155502993841
25.545522859582604
9.106496782544038
.3994040636607712
.0998510159151928
.0994053941139616
3.291555877428048
6.92601775211486
1.942406629056633
13.767090822646114
14.0556462012116
8.21259509982106
5.173128791558484
38.36155228274571
8.152224016238167
12.808974591200814
18.060673933830838
9.095149601563136
11.596669358386418
.0012949703380129253
24.635363765746195
4.578822476633766
3.479877467331028
.00013914483207951633
39.60902214193336
3.814802704149102
1.2477911293057182
.6652965506221589
1.5131791779880492
.0018842108952005889
18.317062826923834
8.614819142265672
4.642249803122713
11.904018240305838
.039762157645584606
7.263258075359361
.5654985192862646
6.490106153720036
5.723902172328427
.0012949703380129253
4.054009847043994
9.758640048573678
3.107511299607649
6.619790873479677
9.294085369947615
.5964323646837685
.3976215764558464
.18369566258699607
6.210867572795262
.002743282464052718
2.2958770253248737
22.748261580935687
43.598810913521845
11.26677573179498
.16860844722487536
.17059333859849982
27.3517244039614
39.566588878001056
3.886660638171152
16.295076375660134
48.90409606824013
.210164180718546
9.706211658372338
9.706211658372338
9.706211658372338
9.706211658372338
9.706211658372338
9.706211658372338
9.706211658372338
9.706211658372338
