.035081803416551136
7.1432783025494135
.999573884725967
4.984111402807558
.19622397223147273
6.263851382081011
.004549181898646383
14.117495485869435
12053523569444662e-23
.5135576788475685
1.711920788479247
.02789309964058741
78.94866659461329
20.033115288778095
34.29609951640011
19.931475106570232
24.633957166094167
28.42835986276624
17.28286985426686
.006710646466136267
61.86034134572502
6.050865030544238
43.64299347284602
39231132252926065e-22
2.9140872191501295
1.5592832291877208
35881986349357954e-26
1.3216011137625632
3.2835637038953105
91.98317720881876
14.608947490153769
.7304604982032866
9.99889723566332
189.4494921812463
147.49274261671601
11.134925912744146
4.037892658919212
5.849841309253601
22.653544500939535
31.398345264562792
35.67056281021456
.0005201139553633623
.30618726888653486
.16145555228986191
52.465823300646996
233.09914643441573
13593139824876872e-23
23.5890233494751
6.519213801789295
.9385720110844243
1.5983927023792437
5.607107492457974
33.20827370903264
66.21810501460077
5.058668661102348
20.172654798569614
22.58402956389988
2.9411656931837062
.4772172569084399
13.971545011621638
.00041836441673037477
21.579275528244192
17.029578280916027
8.79709974534818
8.39717371658886
2.383058379273336
45.28907025708182
5.326177584714994
51.971833446930546
.5128623709501354
.7827866335634243
5.036151025141953
1.4641631979212684
13.250647517275386
8.082042538604188
125.50945842344655
43.51045984483244
8.423229477817438
13.238783855473766
19.388521902345424
27.995826210854332
18.163854616986658
7.07991077372864
.6855328460646972
.00022351769261849788
11.097715380028648
11.333277355036234
.17366693130543012
1632182477188462e-23
13.114451652523824
6.456303453052424
.008806412304846422
40.907606219623126
.18523374234011605
3189351325538611e-23
5.448067455613435
.08135833215618189
8.037384634093213
8.575950054636236
.6673611796203635
.8672826520968366
.9461394962384098
.4990237808596635
4.113806404367268
.0015520947315119367
.3824063048146995
7.2652594570288
4.1345331600374955
.9629544574139521
3.8780395242555965
1.9132218906958325
.22751124939858638
.0762753131681134
1.0015496560841946
.0001159597931801376
.2663565250973268
57.643666775438696
4.886059206764937
1.2527326736924211
.008582478524797694
.0064893785438345924
94.17394631563823
327.59919210131045
15.10201496920232
27.913266469450996
74.6961860666522
.000489967542847303
46.1629653790699
10.122665719350692
.05341249134448322
.11925040862766023
7.210800273969435
1.3654596896092286
.0791901219331621
.10436453096335728
.3195512678365744
.39448223120185993
6.247427581401643
.42025020398009705
2.3748735556139073
.0018644825721384627
10.179070925091894
27.964273688054803
3.063614779285244
3.6078205588581
.6260234939926602
29.72871574923844
4.475295260381766
23.875765191570103
10.294083678938172
1.5880351516938056
14.676884249966108
6.813683098447614
.0018644825721384627
1.9860163930147632
7.457930288553851
2.3405178281895886
1.9310528592502259
11.50926292733008
.09982474473462195
9.936347134346507
1.6380484474759502
2.3809148924246775
19.821044532645978
12.392718209031585
.5847636582774718
15.57618207352077
13.45051948561803
2.0727254528072656
4.8889760872729005
16.10252634597126
23.98426059578117
11.589494879115877
8.101179429359401
35.09955241863075
.0018644825721384627
1.9915860341783922
27.730200369202805
6.682284121903452
35.341438183575306
37.263378978450675
3.9763209511767137
6.570385814156772
16.026820472379455
.03972032786029528
5.406728413315406
7.504928092750275
14.975689746824875
3.033402113527344
6.02142840928419
19.12767371876762
19.884047061360118
17.284359179329517
7.638946739012983
.44296174652432163
13.985308765796672
18.1893929179382
1.5162509388550873
2.01173094810886
31.878242630932927
25.145369519487232
8.73430365092501
.3992989789384878
.09826120443267397
.09930081965073821
3.2399958805666316
6.8175263678397116
1.92997636111884
13.551438655087873
13.908478848655276
7.876936771276905
5.092095227435953
37.76064450874709
7.81903312420605
12.674860310536456
17.32251315135867
8.999920320119625
11.122699972802076
.0012420433917933117
23.628487751017587
4.530880662215207
3.3376508215478626
.0001390425503148027
39.1943023316503
3.6588872737843072
1.2347263356694542
.6645966587270976
1.4513337822881764
.0018644825721384627
18.125277006175654
8.262721448557855
4.452515645933525
11.417487147888133
.03972032786029528
6.966400256883316
.5595775592132444
6.2248479549225255
5.489959622797903
.0012420433917933117
3.990506524368193
9.605777551623063
2.980503692866989
6.550479432128632
8.91422527424031
.595804917904429
.39720327860295285
.18350241477099252
6.1945458785501595
.0027003107994346236
2.259913664340573
21.81851363077699
42.91586502483797
10.806289483020988
.16684305996046261
.16898494100842584
27.065342631771205
39.152313358291586
3.845965991463606
16.124461434477126
48.392053701457904
.2100765829238704
9.655264296251135
9.655264296251135
9.655264296251135
9.655264296251135
9.655264296251135
9.655264296251135
9.655264296251135
9.655264296251135
