.03672586643151147
7.142296949126325
1.0022549559404692
4.985432961199491
.19590492625524697
6.263433998156008
.0045447380674645665
13.663181198841844
1222411102210461e-22
.5038758452399932
1.7052823474535455
.005201850909593462
63.796086924520324
20.141419202607366
34.41071909750844
19.417148768936574
24.316914799080198
26.369726314206133
16.826407272867975
.006686909874565571
61.773022537817454
5.994312032746424
42.916207700576344
39558954744700304e-22
2.881715351290596
1.475241461473632
3611136895070491e-25
1.3200683797706103
3.0972055254206645
89.28793816664498
14.747543275879341
.7320691365642834
9.971347174783538
188.62675205133056
148.8451911450292
11.15091946576593
3.9018967981065393
5.832480737392729
22.81604795783885
31.331685053866437
34.89945866400608
.0005224942903264485
.3056710824954332
.15502173026705376
52.45998870967844
230.40931509201184
1311560022024405e-22
23.426884216000108
6.49657920455258
.9866699599037904
1.6016934370984106
5.763503521667196
33.0731631404763
64.2445415836323
5.132386984392147
20.282971328596425
22.489638271923585
5.492191363045257
.8428056051457763
14.18830885885465
.0004304452786088738
21.48533510968243
17.334931986701413
8.631663624117419
8.450694812097833
2.4674788698742574
44.53436546511896
5.4086414003586265
51.701772889685735
.5276454363791226
.8117416930257837
4.802633047960019
1.3853844025298145
12.94950996445445
7.887377475681345
123.91720197693566
43.32035001280721
8.038710442574178
12.858622727566777
19.48298228972711
28.190222346124738
17.923123107144086
7.1021816445288986
.6620406039858485
.0002223129631816442
11.06871577991045
11.13180488162935
.17628827476395406
17698761066145903e-24
13.09103813503604
6.393712589053047
.009258453681074481
40.5230257032442
.18370916625434494
33634412737334254e-24
5.508922263921683
.07852413504936738
7.787301613102797
8.31923527381957
.6419116351545157
.8170668200247136
.8977764362866205
.48265675457836127
4.083516452890699
.0015539069156422854
.3616901074873784
6.915483367172838
4.140006630631084
.9633002087014754
3.8250278699488334
1.8414545463514347
.21192884030418188
.07345080385005978
1.0099848082010625
.00010496291240223214
.25889466782042275
54.21818300492867
4.527860855464042
1.2801226487147928
.008339618805753271
.005874241181222886
93.86479904754307
326.52377369494087
15.052439191047998
27.82163486208774
74.45097894978957
.000475778084519746
45.76700993523266
10.02088718819016
.054499319391102564
.1206711848824418
7.025987095243486
1.293495376819461
.07860842695700274
.10316479500715471
.31953025403070906
.39364001181230845
6.242294109316002
.41935296998003396
2.3737025118946993
.0018583619866035233
10.166361540555707
27.904569976069972
3.060742072922097
3.595977072276256
.6245027608425492
29.631124519207034
4.464610499177219
23.824790443421225
10.243436316046862
1.5875130715599017
14.628704059504317
6.791315643350306
.0018583619866035233
1.9853634731450147
7.433447946414094
2.3397483629420206
1.9278806949978766
11.484690656058667
.09981653916334868
9.91513303759907
1.6345512147633738
2.3692006821723677
19.77872661131477
12.352036309966268
.582844039375319
15.525049734654536
13.40636511473181
2.0718826329589315
4.877368955904408
16.049666163043355
23.90552683840398
11.551449742210677
8.074585476499648
34.98433020308067
.0018583619866035233
1.9883144313360175
27.670996403650445
6.6721707381580835
35.22542192332019
37.14105351305526
3.9632677787525092
6.5488170373958425
15.97420881109597
.03970726946290032
5.3889796050334775
7.480291469693744
14.926528659770561
3.0300831683415987
6.0085726622873095
19.033564688540572
19.81877318181925
17.247457080108333
7.6263981473703355
.4425977676336244
13.939398828201806
18.129682123722958
1.5157524583949131
2.00512698649228
31.773595092982287
25.021653150472748
8.715655916484277
.3992661566533947
.09818046381687905
.09926817365725078
3.224054952529963
6.7839838260514105
1.9293418648887226
13.484764956615049
13.862821122631885
7.860119514745911
5.067041885836572
37.574860409346655
7.802339491936001
12.633252216240852
17.285529593424037
8.970376047113227
11.09895301326801
.001239391629699882
23.578040940095182
4.516007022173679
3.3305249385165885
.00013901061340684427
39.06563817383626
3.6510755510692543
1.2306730673457715
.6643781668932045
1.4482351853033888
.0018583619866035233
18.06577668693506
8.245080541911092
4.443009526994119
11.393110817865331
.03970726946290032
6.951526995408779
.5577406193749336
6.211557907285468
5.478238561425661
.001239391629699882
3.970873049610908
9.558516686383971
2.9741403187978586
6.5289760025668215
8.895193407213188
.5956090419435045
.39707269462900313
.18344208678318125
6.189455859028296
.0026870251467001204
2.248794785669024
21.771931113802655
42.70471700452854
10.783218059742989
.16629535989897706
.16848560082002892
26.97649452608996
39.02378703877479
3.8333407386631886
16.071529244662475
48.23319584549444
.21004922528666284
9.639403474989388
9.639403474989388
9.639403474989388
9.639403474989388
9.639403474989388
9.639403474989388
9.639403474989388
9.639403474989388
