.03701663743725274
7.142124745843978
1.0027225213418578
4.985724281133724
.19584829837419895
6.263396663793913
.0045439162643669114
13.588562909853541
12254359439961958e-23
.5021655604082562
1.704110497959758
.0022420243598795533
48.812616574847674
20.131263594066922
34.396219918005315
19.320260180720904
24.259001761333117
26.000029970394003
16.74044749254199
.006682715786209807
61.7574115193167
5.98425297976972
42.77964412718428
3961641642405282e-21
2.8758773904595043
1.4592872193587825
36148927729599477e-26
1.3197913432286301
3.063975037220209
88.81330661544321
14.770775466909779
.7323271738037385
9.966451700371753
188.48295782708718
149.07675724774478
11.144034304720858
3.8794987760029973
5.829405611543439
22.796910780246392
31.31968947632365
34.732238089067316
.0005228831839450875
.3055798817550844
.1539149825047263
52.45836419816629
229.9014570580964
13025529078174965e-23
23.396100813459636
6.492573981543584
.9953049626741242
1.6021873865670577
5.791935893757301
33.04935533829164
63.90004323895752
5.144860627580205
20.301048358457294
22.470684230189647
6.0805899801772085
.9313036592145988
14.224971816613964
.00043256169217000944
21.46878595183399
17.386647392008076
8.601673511604627
8.460108235524247
2.482309155772361
44.3915210717613
5.422602950010351
51.637491663079764
.5301533240993842
.8168016392511142
4.7602986434278085
1.3711908910840989
12.894523972353843
7.850943866045673
123.63058103729051
43.28381403077931
7.968613885941755
12.787068312650305
19.499237591156913
28.22443585682304
17.880509181527206
7.105653407978845
.6578839351530644
.00022209786512784058
11.063029056059182
11.096398632384865
.17672441448171852
1795926910970747e-23
13.085706216339192
6.381929018448828
.009344266208195166
40.45260416341442
.18343645068701814
3396660801215954e-23
5.519527874437802
.07802552646839042
7.743734157937726
8.274360114472024
.637397156492797
.8082226495938298
.8893532141851886
.4797815125510484
4.077928862025652
.0015541623788087875
.35798510880775375
6.8521888101745825
4.140619599560986
.9633334849271207
3.815669676604763
1.828069022967669
.20914736910472279
.07293248309375308
1.0113889778687248
.0001030677942025685
.25751508145929636
53.59836046943699
4.464627824887684
1.284947734995001
.008295991378997312
.00576724587417691
93.81022859254166
326.3339416058072
15.043688110090368
27.80546011619031
74.40769516462392
.00047318130784913717
45.694037999255386
10.00188024091508
.05468584805557256
.12089873689260822
6.993628945066089
1.2807603001434538
.07850405367334581
.10294706406984147
.31952653764698824
.3934912430987633
6.241386636216167
.41919448354574584
2.37349545976553
.0018572815852156194
10.164115395212905
27.894023977561698
3.0602342829499634
3.593886468482289
.6242341868178696
29.613897784972004
4.462723435742361
23.81578631955579
10.234504729343366
1.5874207536897749
14.620199326689582
6.787367356149178
.0018572815852156194
1.9852480192753412
7.429126340862478
2.3396123007014196
1.9273202046803586
11.480350236886085
.0998150879861236
9.911385802708384
1.633933467394847
2.3671348987128016
19.771251619888012
12.344855170194291
.5825051896175151
15.516023890711583
13.398571016713708
2.071733606474625
4.875318974125204
16.040335321300493
23.891628811775707
11.544734041812287
8.069891130931644
34.9639912598722
.0018572815852156194
1.9877363711947251
27.66053867980644
6.670383666266467
35.20494281590742
37.11946070925655
3.9609636420774876
6.545009732324314
15.964921838216311
.039704960385506846
5.385846598070014
7.475942630584871
14.917850779789774
3.029496553648276
6.006301837172008
19.016968701798703
19.807251083214915
17.2409387335868
7.624180934277104
.44253342501196313
13.931294838801948
18.119142016967693
1.515664313584577
2.0039612599036247
31.755122784312274
24.999835953813054
8.71236200102983
.3992603519444944
.09816619083834217
.09926240096376712
3.22124379371012
6.7780686489694215
1.9292296688161963
13.473007149598901
13.854761653438517
7.857148932911163
5.062623766512425
37.54209766125478
7.7993907469557495
12.625907585148223
17.278996858124287
8.965160913139767
11.094758376259746
.0012389232253385465
23.569130070485095
4.513381537854848
3.3292662303170544
.00013900496576951755
39.04292646857829
3.6496956968966874
1.229957587315723
.6643395316350607
1.4476878525146397
.0018572815852156194
18.055273733072017
8.241964471419049
4.441330376522203
11.388805009541002
.039704960385506846
6.948899798738603
.5574163640664377
6.209210367779198
5.476168165940394
.0012389232253385465
3.9674107156990335
9.550182303476985
2.9730162993489886
6.525180232536217
8.891831638998028
.5955744057826025
.3970496038550685
.1834314191653538
6.188556067285658
.002684682241708889
2.2468339880434156
21.763702828857024
42.66748136691574
10.779142748721535
.16619868027523743
.16839744058335207
26.960811121921736
39.001099664634616
3.8311121380545794
16.062185692315385
48.20515437020052
.2100443871521034
9.636601023401798
9.636601023401798
9.636601023401798
9.636601023401798
9.636601023401798
9.636601023401798
9.636601023401798
9.636601023401798
