.03730740844299401
7.141952975859099
1.0031875926536795
4.986032577175133
.19579160577434226
6.263369793694802
.004543084102741643
13.515914121240682
12284620492775377e-23
.5004563950253335
1.7029394624135934
.0009446115191680337
31.216128690718907
20.083177650712845
34.336859467962334
19.22150714983974
24.20055366138961
25.62898983126687
16.652847103476123
.006678522848362548
61.74174819061361
5.974178402727651
42.64051378030516
3967367877196213e-21
2.8700084248498086
1.443033084677723
36185623266680454e-26
1.3195125630410147
3.0306636928657698
88.33937410931338
14.793634718980465
.7325775647632001
9.96153973533919
188.33959268891857
149.30610293788138
11.124634229613442
3.8576660559572433
5.826323622536636
22.715838163899733
31.307564553445843
34.51675771833769
.0005232628052254809
.30548870883015034
.15281762095813547
52.456568782218966
229.3826190618906
1293360471044363e-22
23.36468718521259
6.488569769505444
1.0039882479636009
1.6026546550317433
5.820685757793514
33.02557396484697
63.55698366427952
5.157176205151247
20.318733931400516
22.450997373360046
6.707362159857104
1.028489430703162
14.261167862909968
.00043467296658065556
21.452255019366536
17.43772156858272
8.571478683011495
8.469497111101822
2.4971095326878845
44.24567717486839
5.436391325651549
51.56801443660336
.5326306412280147
.8218459865921056
4.717649817806262
1.3569208173077774
12.839055120359
7.8138758631088985
123.34242841344495
43.246368892987256
7.897882428226113
12.714171732208179
19.515334741969735
28.258568864286666
17.837892291927172
7.108966587671219
.6537269145073066
.0002218819903421051
11.057154483158861
11.061060757421465
.17715242879988663
18225264316333663e-24
13.080022960115617
6.3699406024981995
.00943207170813117
40.38147767747588
.1831623166443079
34306561397991976e-24
5.5300757966561855
.07752780621672505
7.700374594278286
8.229655210285866
.6328833994107218
.7993947300856619
.8809736848513549
.47691228058110086
4.072266856215558
.0015543986187767785
.35426749747251424
6.788459207908741
4.141121286922875
.963358574732319
3.8063141679491705
1.8144821279422143
.20636039246169474
.07240907841817587
1.0127652511618543
.0001011883261035178
.25611720098070495
52.97457617222754
4.401442311813278
1.289764665644345
.00825219584140416
.005660872919203601
93.75568986332647
326.14421987991443
15.034942116774461
27.789294773852564
74.36443654347998
.0004705602261213019
45.6205658829744
9.982660683204134
.05487048176134943
.12111876332682721
6.9618679694458985
1.2681158168297846
.07839884054706019
.10272719208276765
.31952282130649184
.393342530609508
6.240479295040176
.41903605700837426
2.373288425696999
.0018562018119438538
10.161869746131119
27.883481964711848
3.05972657722232
3.591797080108809
.6239657282962928
29.59668106589421
4.460837169915358
23.806785598626746
10.225580930381943
1.5873284411881636
14.61169953829642
6.783421364375414
.0018562018119438538
1.9851325721196003
7.424807247775415
2.339476246373179
1.9267598773134822
11.47601145809191
.09981363682999639
9.907639984013455
1.6333159534921222
2.3650709164772845
19.763779453491292
12.337678205342703
.5821665368577932
15.507003294150117
13.390781449973336
2.0715845907095023
4.873269853963262
16.03100990425659
23.877738865084122
11.538022245740425
8.065199514529155
34.94366414117508
.0018562018119438538
1.987158479112127
27.65008490825914
6.668597073023566
35.18447561449367
37.0978804589298
3.9586608449651934
6.541204640716953
15.955640264531437
.039702651442392024
5.38271549276075
7.471596319773405
14.909177944893639
3.0289100525217365
6.004031870271624
19.000387185639553
19.795735683246996
17.23442285054966
7.621964365791432
.44246909174410626
13.923195560842283
18.10860803794535
1.515576173900083
2.002796211036871
31.736661214942778
24.978037780279482
8.709069330447726
.39925454731998555
.09815191993473864
.09925662860598007
3.2184350860314392
6.772158629523467
1.9291174792681531
13.461259594598596
13.846706869802501
7.854179473751001
5.058209499490773
37.50936348007269
7.7964431163972625
12.618567224025412
17.272466591746895
8.959948811104113
11.090565324534309
.0012384549980016802
23.560222568567738
4.51075757992157
3.328007997822209
.00013899931836163952
39.02022796729132
3.648316364213612
1.2292425232464075
.664300898623654
1.4471407265798495
.0018562018119438538
18.04477688534221
8.238849578586246
4.4396518606530915
11.384500828514572
.039702651442392024
6.946273594967159
.5570922972712059
6.206863715480583
5.4740985529215
.0012384549980016802
3.9639514007091456
9.541855187590583
2.9718927047017707
6.521386669263618
8.888471141298863
.5955397716358801
.3970265144239203
.18342075216787512
6.187656406350186
.0026823413795730175
2.24487490010128
21.75547765363431
42.63027819627114
10.775068977885931
.1661020568584155
.16830932647659536
26.945136835660403
38.97842548031999
3.828884833094073
16.052847572056855
48.1771291974617
.21003954912898237
9.633799386567416
9.633799386567416
9.633799386567416
9.633799386567416
9.633799386567416
9.633799386567416
9.633799386567416
9.633799386567416
