.037324852615130945
7.1419426849422525
1.0032154063731975
4.986051608872939
.19578820274174538
6.263368512134848
.004543033856070656
13.51165074883413
12286437292743094e-23
.5003538990420513
1.7028692513634234
.0008554276700574132
29.31220274088868
20.08059664740813
34.33365686101765
19.215513428088634
24.197030254634882
25.606690162793164
16.647538942385193
.00667827133832927
61.74080682273279
5.973573512418161
42.632078161604184
3967710714172029e-21
2.8696553591333744
1.4420486329562696
36187797594385854e-26
1.3194957832765182
3.0286619134210833
88.31096428165706
14.79499435109625
.7325923457074577
9.961243486627932
188.33099677495503
149.31979198496407
11.123570852824018
3.8563832720870934
5.826137918593407
22.711476226277455
31.306825712433827
34.504446850618514
.0005232852880604125
.3054832399936484
.15275208437523624
52.456455690298775
229.3511315052188
12928029616674872e-23
23.362782576165515
6.488329765021512
1.0045107533364035
1.602681857027281
5.822420935373318
33.02414809303328
63.536448495183315
5.15791014084489
20.319783765197503
22.449787104547788
6.746103844276347
1.0346091218828424
14.263325202909266
.0004347994753657097
21.451263851092058
17.440765733395253
8.569660926846188
8.47005945899928
2.49799647557279
44.236816900765895
5.437213376391167
51.563661975276005
.5327783087424124
.8221481485299605
4.715079428704495
1.3560616902545821
12.835712835179466
7.811628803192712
123.32509385120423
43.24408617893226
7.89361447491542
12.709749630726519
19.51629503501134
28.260613595209346
17.835335526947052
7.109159867090456
.6534774217533429
.00022186901200733415
11.056795770334233
11.058942915442731
.177177848968819
18241409845244565e-24
13.079670778040697
6.36921495531474
.009437420339624287
40.37718856497312
.183145803752545
3432721826843246e-23
5.530706601032779
.07749797414975589
7.697779965583632
8.226978549736248
.6326126709025922
.7988656651807682
.8804723982117751
.47674033669270427
4.0719247288824585
.0015544121830208615
.35404395562376284
6.784619894225495
4.14114776971598
.9633598214057827
3.8057529631336156
1.8136603102581312
.20619297591673916
.07237751768557155
1.0128469117000611
.00010107603531662044
.25603273030288476
52.93702988263489
4.397651496015759
1.2900533335418236
.008249563753654073
.005654508963374283
93.7524189395997
326.13284144657666
15.03441758168788
27.78832526828167
74.36184213667363
.0004704022193539338
45.61620356010054
9.981514277831204
.05488150701746952
.12113173428891601
6.959863770154984
1.2673383391426223
.07839249495367397
.10271392033909545
.31952259835412583
.3933336107153919
6.240424865280026
.4190265544578783
2.373276005713949
.0018561370532656641
10.161735039090326
27.882849646344628
3.059696121203143
3.5916717704416503
.6239496263844154
29.595648504708084
4.460724032865547
23.80624572818239
10.225045814002174
1.587322903271711
14.611189769185048
6.783184706163826
.0018561370532656641
1.985125646332821
7.424548213062656
2.339468084342147
1.9267262668756695
11.47575121466763
.09981354977172123
9.907415306810456
1.6332789145140576
2.3649471496032715
19.763331266971047
12.337247771686531
.5821462263855317
15.506462289917954
13.39031427592952
2.07157565117458
4.87314694885761
16.030450618620314
23.876905824841888
11.53761971027001
8.06491813798026
34.942445035856714
.0018561370532656641
1.9871238150798975
27.649457882675865
6.668489905475934
35.18324810780828
37.09658619788195
3.9585227362519753
6.540976432898399
15.955083608371233
.03970251292665644
5.382527621799469
7.47133565269587
14.908657797434245
3.0288748702766606
6.003895715840347
18.999392873582934
19.795045054852828
17.23403202267061
7.621831408092684
.44246523250743575
13.922709812075693
18.10797626961453
1.5155708863149737
2.0027263380120335
31.735553994694847
24.976730650910334
8.708871833431177
.3992541990868849
.0981510638489786
.09925628231664112
3.218266661631546
6.771804234694096
1.9291107489084176
13.460555151442705
13.846223789553145
7.854001363214197
5.057944797585433
37.5074005720551
7.796266315157458
12.6181269907874
17.272074901143586
8.959636218778256
11.090313821936233
.0012384269133513055
23.559688289474305
4.510600209803391
3.327932528030238
.00013899897956501974
39.0188666398917
3.648233630735439
1.229199637758166
.6642985809918517
1.4471079095284307
.0018561370532656641
18.044147343935773
8.238662744821372
4.439551181927992
11.384242660292088
.03970251292665644
6.946116073163268
.5570728615823877
6.20672296139775
5.473974415876372
.0012384269133513055
3.9637439625853297
9.541355851363232
2.9718253105956483
6.521159152849214
8.888269575957553
.5955376938998463
.39702512926656447
.18342011224435656
6.18760243731381
.0026822010095717327
2.2447574232226795
21.754984301042064
42.628047304912286
10.774824629851084
.16609626193375943
.16830404172921098
26.944196780848532
38.97706561131449
3.828751251972055
16.052287524553797
48.17544840651229
.2100392588858832
9.633631334378354
9.633631334378354
9.633631334378354
9.633631334378354
9.633631334378354
9.633631334378354
9.633631334378354
9.633631334378354
