.03754022626251386
7.141815760345681
1.003558056116051
4.986291559572147
.195746165253325
6.263355653558744
.004542410451826706
13.459319744436042
12308860287292212e-23
.4990888203610173
1.7020024977274095
.0005867879452929765
22.666369778262982
20.029461010214533
34.271260881210374
19.141041168329888
24.15337297021488
25.331031945761016
16.58150654988126
.006675166415188023
61.729168468867684
5.966100975779201
42.527200714277846
3971937380846466e-21
2.865287544523042
1.4298099562844764
36214393658610663e-26
1.319288101431094
3.0039310409603965
87.96042490441135
14.81167208085711
.7327726155363301
9.957589446418604
188.22506312930187
149.4881554799365
11.104061361239241
3.8406353783677463
5.823847874391811
22.62626674117336
31.29772478062445
34.32673374446365
.0005235601749306149
.3054157275069536
.15194573571206602
52.45500976470588
228.9588809891635
1285862040281269e-22
23.33908097274552
6.485365322010662
1.0109779806976673
1.6030096737934096
5.843953587248201
33.00655147159991
63.283352031155474
5.166926390167797
20.33262567163419
22.434674410605684
7.234182753103003
1.1129658795300035
14.289824115684125
.00043636002942330126
21.439031551766956
17.478167122555536
8.547158249183193
8.476994935406909
2.508938793604532
44.12664522909092
5.447311269390833
51.5085193937705
.5345925612443971
.8258744990898227
4.68326822758217
1.3454382840170875
12.79430394205586
7.783721090458592
123.11060083861345
43.215700974362235
7.840775648564553
12.654806726875899
19.52810426763471
28.285833825877315
17.803769176779614
7.11149999505887
.6503980308412408
.00022170854314529823
11.052310662392669
11.032815401292364
.17748931729013429
18442390467878272e-24
13.075222275750702
6.360196328811592
.009503816322612461
40.324023768773586
.18294163052976264
3458453820142896e-23
5.538477394961563
.0771299529886175
7.665808751817085
8.193986539001298
.6292710519359086
.7923393846219935
.8742969683890942
.47461929325242963
4.067678544214848
.001554573993335541
.3512813409595736
6.737110085363712
4.141441885500106
.9633728114969892
3.7988248637450557
1.803458722062642
.20412528703804464
.07198646644683329
1.0138467296077747
996947803723726e-19
.2549846204134194
52.472338870643235
4.350882584282524
1.2936150091631398
.008217018809427585
.005576161256828518
93.71204403507845
325.9923908589163
15.02794294155316
27.776358099944012
74.3298178720173
.0004684445917728074
45.56111720884293
9.967061901328213
.05501707282913184
.12128975819372681
6.936253041759945
1.2579437992378661
.07831391121534974
.10254949068118663
.31951984569608566
.3932234983283689
6.2397528899298935
.4189092494199146
2.373122668334848
.0018553376994233674
10.160072032090653
27.875043938802932
3.059320122376985
3.5901250007002026
.6237508591217379
29.582903004419798
4.459327428013977
23.799581251840237
10.218441331644264
1.5872545312396245
14.604897394027741
6.780263496898411
.0018553376994233674
1.9850401394242347
7.421350797693469
2.339367314557626
1.9263113454952334
11.472538617715058
.099812474917095
9.90464176008335
1.6328216837179799
2.3634196012664654
19.757798590581213
12.331934679966116
.5818955224722506
15.499784361588217
13.384547676341848
2.0714652828072095
4.871629762137449
16.023547032339767
23.86662312703158
11.53265098200173
8.061444944397891
34.927396913386715
.0018553376994233674
1.9866958870599059
27.641717512353036
6.667166908298116
35.16809628240295
37.08061038474832
3.9568179804778936
6.538159531724636
15.948212479235547
.03970080278848473
5.380209611861472
7.468118088103555
14.90223731632112
3.028440528017709
6.0022149459526535
18.987120932965052
19.786520228900354
17.229207414876235
7.6201900432222995
.44241758739737447
13.916713933935183
18.10017798748775
1.5155056049150426
2.0018638548292627
31.72188693439968
24.960597874593937
8.706433814813566
.39924989966838
.0981404948417524
.09925200697121181
3.2161879437679364
6.767430243377792
1.9290276547744196
13.451860813965641
13.840260850465212
7.851802662634777
5.054677809075985
37.483174082523874
7.794083777305511
12.612692937157078
17.267239643376662
8.955777710795529
11.087209126851706
.0012380802200104171
23.55309283603631
4.508657699360842
3.3270008848028865
.00013899479669659135
39.00206298796536
3.6472123203196647
1.2286702773579397
.6642699671264555
1.446702796662769
.0018553376994233674
18.036376550025395
8.236356359615543
4.438308344894401
11.381055680843538
.03970080278848473
6.9441715319379105
.5568329556274035
6.204985410722569
5.4724419956279755
.0012380802200104171
3.9611837318002197
9.53519297272805
2.9709933583549795
6.518350786077005
8.885781335560978
.5955120418272705
.39700802788484724
.18341221164280042
6.1869361499368996
.0026804685430801083
2.2433075069025827
21.748894068258043
42.60051332692347
10.771808254877207
.16602473182506713
.16823880751517983
26.93259314027335
38.960279961190736
3.8271023828763826
16.045374534110646
48.15470143110961
.2100356754462122
9.631556727476175
9.631556727476175
9.631556727476175
9.631556727476175
9.631556727476175
9.631556727476175
9.631556727476175
9.631556727476175
