.03764791308620532
7.141752390729317
1.0037288028258216
4.98641497493674
.1957251327177587
6.263351299192475
.004542096679679587
13.433608073794643
12320074187361695e-23
.4984565740332728
1.7015693182422318
.0005512477015716594
21.679299614243718
20.00169919194609
34.237432071004136
19.1034048786647
24.13143690514264
25.19297793216664
16.54814425326915
.0066736141832668535
61.72333826082979
5.96236170908009
42.474208018599796
39740460306670426e-22
2.8630976115287017
1.4236327980917147
3622752066978252e-25
1.319183908014133
2.9915486501945545
87.78530938137934
14.819935754740284
.7328612166304325
9.955757195221437
188.1721678195987
149.5718896643929
11.093572903058744
3.832891183122587
5.822700396010333
22.58016406278283
31.293134766863034
34.23587585110209
.0005236957589511014
.30538197698323216
.1515444894245006
52.45425253358695
228.76029196795355
12823511434297963e-23
23.32710087791073
6.4838836242653395
1.014222593255204
1.6031681513385474
5.854794351624754
32.99775859430629
63.15710768149974
5.171403613102821
20.3389719428277
22.426956625434606
7.48453525884166
1.1541317554243011
14.302982823552204
.00043713939829820785
21.432918921907593
17.496742616461173
8.535866973441161
8.480456475063372
2.514403894856453
44.07090834355307
5.452326689566124
51.47983562588681
.5354935926255644
.827734873450455
4.667296558459544
1.3401107648388335
12.773505427178401
7.769630708858353
123.00303664983905
43.2013129516671
7.814222571829488
12.627050003176597
19.533973361715617
28.29842345908802
17.787986397328183
7.112634897715089
.6488582595962269
.00022162812755599184
11.05002686500496
11.019765753621089
.17764339671156643
18544090042052694e-24
13.07292701343159
6.355646110948668
.009537437973249026
40.29729916876604
.1828391782739233
34714878066882414e-24
5.54234955978334
.07694613757927869
7.649866848454604
8.177527177092713
.6276010375615872
.7890802815819099
.8712188604591318
.47356002944076014
4.065539498840829
.0015546509826835405
.3498973493562937
6.713264013423635
4.141565561324276
.9633776473328387
3.7953610293291273
1.7983172471386453
.20309056762369948
.07178996971359569
1.0143406953712062
990074376405256e-19
.2544567592443903
52.23921892589185
4.327508785520007
1.2953938291362306
.00820071698187363
.005537124376346988
93.69186310364933
325.9221882488454
15.024706667185793
27.770376448557176
74.31381091183347
.0004674610645177678
45.533414993336116
9.95978018865418
.05508449450490943
.12136728317360794
6.924486423185297
1.2532497993668072
.07827440888724005
.10246678949838557
.31951846937595835
.3931684536949903
6.239416929389938
.4188506092161851
2.373046003360511
.0018549381516034956
10.159240630652661
27.871141904513156
3.059132140291364
3.5893518656436885
.6236514992366207
29.576532312763735
4.45862928957
23.79624971333824
10.21514069035609
1.5872203463279806
14.601752222712003
6.778803364061578
.0018549381516034956
1.9849973873511169
7.419752606413982
2.339316931293079
1.9261039183137838
11.470932656512794
.0998119374941224
9.903255277900197
1.63259311632225
2.3626561971362223
19.755032833233525
12.329278992207648
.5817702110060582
15.496446475955818
13.381665307894469
2.0714101008286003
4.870871345919703
16.02009635417731
23.86148343885456
11.530167420352209
8.059708908551936
34.9198752825295
.0018549381516034956
1.9864819576090857
27.637848139813276
6.666505508141129
35.16052281682682
37.07262505838787
3.9559658779209195
6.536751536087138
15.944778024403464
.039699947747022374
5.379050981267408
7.466509825466746
14.899028112717486
3.0282233802456324
6.001374737464189
18.980987935449978
19.78225919274356
17.226795617489795
7.619369493342618
.4423937667663062
13.913716963241486
18.09628010590186
1.5154729652695538
2.001432752534987
31.715055611578613
24.952535394490706
8.705215061459791
.3992477499764896
.09813521076492752
.09924986936755592
3.215149088391348
6.765244307289187
1.9289861090496228
13.447515751371029
13.837280343977914
7.850703543175329
5.053045106226932
37.47106670646002
7.792992737512958
12.609976787979859
17.26482252212203
8.953849079980385
11.085657105255406
.001237906909737523
23.549795801740032
4.507686757868687
3.3265351609976395
.00013899270530958024
38.99366387591035
3.646701772333903
1.2284056826532601
.6642556606559512
1.4465002827606535
.0018549381516034956
18.032492408108165
8.235203409148143
4.437687056856672
11.379462525703836
.039699947747022374
6.94319946547261
.5567130413964132
6.204116817801483
5.471675946384695
.001237906909737523
3.9599042366061
9.532113026325751
2.9705774695770306
6.516947056261918
8.884537476590246
.5954992162053351
.3969994774702237
.18340826146963912
6.186603033153868
.0026796027295124805
2.242582899974868
21.745849591248238
42.58675300784732
10.770300384063956
.16598897832333745
.16820619989050697
26.926793194055456
38.9518898471296
3.826278214632521
16.041919155385727
48.14433129419095
.2100338837493029
9.630519591568927
9.630519591568927
9.630519591568927
9.630519591568927
9.630519591568927
9.630519591568927
9.630519591568927
9.630519591568927
