.03775559990989678
7.14168908361821
1.0038991504923576
4.986540673024541
.19570409090077454
6.263348313963658
.004541781539801656
13.408201684514975
12331288071189954e-23
.497824533687769
1.7011362733553037
.0005711082938355861
22.28021736734748
19.972700256373
34.20211182513794
19.065500654675155
24.109429916289603
25.054784490574768
16.514549620595318
.006672062103032531
61.71750064479359
5.95862047857149
42.42084215466009
3976151435866315e-21
2.8609037267162347
1.417417850568188
36240530912956827e-26
1.3190794808239998
2.9791550786234193
87.61029856554197
14.828149598523913
.7329488026987594
9.95392129597495
188.1193184774494
149.6553272470113
11.082668376576446
3.8252342202835976
5.821551187849018
22.532107065449413
31.28851725414342
34.14400515866238
.0005238301126474984
.3053482302719949
.15114452720317736
52.453472625147164
228.56001842440577
12788127628204334e-23
23.31503465486076
6.482402299604813
1.0174746913577513
1.603323020595231
5.865686069044662
32.98896933835317
63.03106725863324
5.175860557636064
20.34526937798536
22.419130284475393
7.738663838867301
1.1966589652955582
14.316082024959455
.0004379181928969707
21.42680858849495
17.51523598765128
8.524549555771907
8.483913641369384
2.519864969964623
44.0147337311358
5.4573201277300845
51.45040541396913
.5363905971512196
.8295934640539236
4.6512809896710365
1.334772834808471
12.752645250270907
7.755448756625123
122.8952598511201
43.186794568967464
7.787580814336956
12.59910264040674
19.539818135260667
28.310998607896302
17.772204062782777
7.113745882345165
.6473184518590102
.0002215475867034984
11.047715030032162
11.006725520420586
.17779637555706443
18646609709553385e-24
13.070584615049828
6.351068863352619
.009571345161282038
40.270480458768624
.18273647034144558
34846353808535865e-24
5.546212615698837
.07676245439173326
7.633954235375315
8.161092512196428
.6259316803484993
.7858240029354723
.8681472783228412
.4725016075101501
4.063389683733917
.0015547253688346907
.34851157685671635
6.689357349753327
4.1416735526430815
.9633813818999266
3.7918972371401334
1.7931488894038532
.20205532992969447
.07159284113846989
1.0148306575130928
9832230598331831e-20
.2539263571491913
52.005591290727914
4.304142678971807
1.2971712357936227
.008184396550711888
.0054981811747372876
93.67168651819298
325.8520007569386
15.021471089751588
27.764396085321692
74.29780739875582
.00046647445221760975
45.50560087809039
9.952460338000218
.05515167797045511
.1214438245329777
6.912742831937196
1.2485575494559094
.07823476318336665
.10238376184763308
.3195170930617594
.3931134167669287
6.239080986938756
.41879197722109146
2.372969340862876
.001854538689826429
10.158409297248472
27.86724041644213
3.0589441697564346
3.588578897082161
.6235521551789553
29.570162993039027
4.457931260424409
23.79291864119524
10.211841115202422
1.5871861621525816
14.598607728710341
6.777343545665018
.001854538689826429
1.984954636198756
7.418154759305716
2.339266549113643
1.925896513468306
11.469326920117915
.09981140007404346
9.901868989801079
1.6323645809220861
2.3618930395918443
19.752267463045044
12.326623876352752
.5816449265257472
15.493109309138612
13.378783560166449
2.0713549203199895
4.870113047772333
16.01664641911997
23.856344857511733
11.52768439353882
8.057973246562092
34.91235527145892
.001854538689826429
1.9862680511944084
27.63397930892017
6.665844173596744
35.15295098219996
37.06464145167109
3.9551139588646196
6.535343843662142
15.941344309182796
.039699092723975156
5.377892600184971
7.464901909170029
14.895819600217312
3.0280062480436674
6.000534646590689
18.974856918943956
19.777999074202846
17.224384157714166
7.618549031820589
.44236994741778746
13.910720637946795
18.092383063726547
1.5154403263270293
2.0010017430787874
31.70822575988603
24.944475518635407
8.703996478710854
.39924560029617384
.09812992697260772
.09924773180993789
3.2141105685736613
6.763059077276066
1.928944564219602
13.443172092267668
13.834300479344048
7.849604577573999
5.051412930754438
37.45896324117904
7.791901850447506
12.607261223726603
17.26240573922346
8.951920864496767
11.084105300915855
.0012377336237251331
23.546499228972745
4.506716025469227
3.3260695023858413
.00013899061395403724
38.985266572607955
3.646191295816217
1.228141144929171
.6642413544935672
1.446297797207056
.001854538689826429
18.02860910264267
8.234050620074292
4.43706585578875
11.377869593578888
.039699092723975156
6.94222753508016
.5565931529890072
6.203248346468704
5.470910004375341
.0012377336237251331
3.958625154699539
9.52903407477168
2.97016163901647
6.515543628740686
8.883293791738716
.595486390859627
.39699092723975155
.18340431138155322
6.186269934306497
.0026787371956098153
2.2418585271011997
21.742805540413677
42.57299713346835
10.768792724327094
.16595323252114066
.1681735985857624
26.920994496858626
38.94350153988336
3.8254542238736664
16.03846452077819
48.133963390486
.2100320920676776
9.629482567341537
9.629482567341537
9.629482567341537
9.629482567341537
9.629482567341537
9.629482567341537
9.629482567341537
9.629482567341537
