.03802872695636309
7.141528801224997
1.0043293453382578
4.986869663881946
.1956506802848688
6.2633468100776994
.004540976175741781
13.345114704642125
12359731636087704e-23
.4962224560724603
1.7000385422521391
.0005361477591586571
21.336367441782652
19.901311626564723
34.11498330917976
18.96816600661998
24.05329927228573
24.70371263669048
16.428293446811804
.00666812622116077
61.70266114856735
5.949122926340614
42.28380299665604
398147621257673e-20
2.8553219572122757
1.401489223182158
36273023600870293e-26
1.3188135790001327
2.94767249759968
87.16689622413541
14.848760474431291
.733166433832832
9.949248656574895
187.9854813963851
149.865629513461
11.055699019744235
3.806199924871189
5.818628747704107
22.41398656552875
31.276683371201173
33.916958402856686
.0005241654043137607
.30526265528320123
.15013584972341681
52.45139367473784
228.04429010541523
12697129418301705e-23
23.284045066463726
6.478646824347712
1.0257571827075822
1.6036996923413025
5.893544542383614
32.96669330575176
62.71231064967895
5.187075456050208
20.361026534923617
22.398794062317787
8.397604021256893
1.3107977428207824
14.349043549115935
.0004398910447167947
21.41132092312986
17.56177950539676
8.495730379513052
8.49266122806725
2.533697946710964
43.87028970806384
5.469888116142324
51.372407147697565
.5386477961286036
.834299854693187
4.6104663733626525
1.3211888543669712
12.699465999639939
7.719068395936859
122.62094551838427
43.14939340542697
7.719618222659658
12.527368411551619
19.55452990125267
28.342823808685033
17.732178066009627
7.116454170317884
.6434130089100426
.0002213427253769694
11.04172298062541
10.973693722688342
.17817945260422385
1891037328217139e-23
13.064433237441552
6.339339538875577
.009658646202743303
40.20204159513459
.1824747786242332
35184986299889873e-24
5.5559681853224285
.07629718038005252
7.5937270054827035
8.119521220913082
.6217012670389565
.7775784123214636
.8603866791583669
.4698209132731899
4.057888102006392
.0015549023971459669
.3449890087694102
6.628454279294994
4.141876640006533
.9633859397990499
3.78311156871523
1.7799214062414428
.19942772045125068
.07109011169437202
1.0160551856093365
9659466382383338e-20
.2525697063298948
51.41080832618898
4.244918400804037
1.3016726141601456
.008142924079585506
.00539984410145048
93.62053194900894
325.6740513750488
15.013267790433838
27.74923381192626
74.25723300034285
.00046395855956565433
45.434567373241
9.933728015254886
.05532101864159021
.12163359068088696
6.883052749717175
1.236663722839287
.07813356748082537
.10217172939498331
.3195136023304308
.39297386066576745
6.238229014232965
.4186433051762163
2.372774912196316
.001853525917117412
10.156301084024433
27.857347486674872
3.0584674702160304
3.5866191564787124
.6233002589264595
29.554014581444907
4.456161332950577
23.784472104345593
10.203477152298767
1.5870994638268368
14.590635357155953
6.773642404987643
.001853525917117412
1.9848462102007591
7.414103668469648
2.3391387692109977
1.9253705708696263
11.465255284606007
.09981003702370533
9.898353805196617
1.6317850880152787
2.3599585416357276
19.745255365979247
12.319892246365859
.5813272873677425
15.484648445867228
13.371477340596098
2.071214972098435
4.8681902988246435
16.00789964965528
23.843316790132427
11.521389068336934
8.053572747700096
34.893289462360194
.001853525917117412
1.9857256217475436
27.624169187343448
6.664167119124803
35.13375378259906
37.044400268492936
3.952954051659359
6.531774860213474
15.93263866257108
.039696924204015216
5.374955706558879
7.4608252894852685
14.887684919796621
3.02745560353107
5.998404443996617
18.959315647043837
19.76719821153484
17.218269464611794
7.61646848416502
.4423095399440182
13.903123924919367
18.082502724260703
1.515357547039891
1.9999089861753034
31.69090974168855
24.92404485725561
8.70090654140197
.39924014809482133
.09811652691904582
.09924231051003805
3.211478065652736
6.757519823913285
1.928839197711148
13.432161522144344
13.826745499741476
7.846817951211781
5.047275593531186
37.42828264446547
7.789135708676454
12.60037633630264
17.25627754837858
8.94703217643942
11.080170419900146
.0012372942256495753
23.538140171539858
4.504254885659676
3.3248887406205427
.00013898530977153427
38.96397652659539
3.644896890131676
1.2274704510033831
.6642050710287171
1.4457843584052048
.001853525917117412
18.018763590450956
8.231127514547259
4.435490687949091
11.37383042561291
.039696924204015216
6.939763029502766
.5562891947278691
6.201046180078943
5.468967819658538
.0012372942256495753
3.955382860428618
9.52122936192804
2.9691072253015456
6.51198545828687
8.880140203501405
.595453863060228
.3969692420401522
.1833942931196062
6.185425173171688
.0026765431878613627
2.2400223428769857
21.735086798086126
42.538127910112365
10.764969779948393
.16586260464381863
.16809093994121194
26.906292809222997
38.92223430196078
3.8233651244880416
16.029705836340767
48.10767719609915
.2100275478782145
9.626852854348138
9.626852854348138
9.626852854348138
9.626852854348138
9.626852854348138
9.626852854348138
9.626852854348138
9.626852854348138
