.03819416717913795
7.141431914983055
1.0045885735733666
4.987076000744559
.19561829838326977
6.263350075584824
.004540484157269497
13.307824857596323
12376957388511247e-23
.4952527489035682
1.6993740376205577
.0005287641003312028
21.16006579523865
19.857873312628605
34.061896655694724
18.908377299756477
24.01908361415302
24.49070465875382
16.375307543742025
.006665742617943483
61.69364888939011
5.943364112601839
42.19960912891866
3984690488890602e-21
2.851929039048495
1.391728355369942
36292350373051446e-26
1.3186517930067059
2.928570100487834
86.89865732187134
14.861091339426377
.7332951388271937
9.946407263810489
187.9045565532039
149.99210034690645
11.03927795999961
3.7949342292244537
5.816853328670316
22.342295933739475
31.26943174846532
33.78121904623878
.0005243647189424655
.30521083218825346
.14952887097295176
52.45006467865922
227.72630419441577
1264111682985032e-22
23.265004893829868
6.4763730899963345
1.0307982647883958
1.6039166506708968
5.910585068383368
32.95321144949158
62.519878324627165
5.193807622131884
20.370423888680055
22.38613823813633
8.80456137488727
1.3844350291021472
14.368830053531275
.00044108450182556597
21.401946412386803
17.589725473377378
8.478195866595273
8.497944343801253
2.5420644345206425
43.78142257130285
5.4774345341850355
51.32282028791193
.5400027019813466
.8371456985991427
4.585610991966031
1.312930259667297
12.66706865035204
7.6967461871727325
122.4541124172532
43.126341735858055
7.678185211715858
12.48332781426731
19.563360174179323
28.362049454082488
17.707935936139904
7.118016523660252
.6410474990716516
.0002212182093476018
11.038001594741733
10.953715008849237
.1784080648702405
19072798991134778e-24
13.060561273965543
6.332151992343054
.009712450755610228
40.16029763389972
.18231539965596033
3539376640352583e-23
5.561846687790603
.07601578033907512
7.569452957785136
8.094419589498473
.6191418025440936
.7725936665659079
.8557072062752342
.4681998015874639
4.054520936912544
.0015550015369624635
.3428499998517796
6.591379664044201
4.1419499020115484
.9633852917171822
3.7777890535337098
1.771827581775619
.1978350887274327
.07078374225725766
1.0167840742506387
9555532821802345e-20
.2517400169455289
51.04901338649042
4.209076430173292
1.3043942983035435
.008117751709945938
.005340594161867395
93.58955986999527
325.56631002556173
15.008301015447858
27.740053651930374
74.23266679846445
.0004624254069821516
45.39120900637591
9.922267879858907
.055422856276837136
.12174551250007667
6.8651417395915715
1.229466178323387
.07807182131208305
.10204229545173428
.319511487921365
.3928893519658638
6.237713008576364
.41855327628375033
2.3726571493957254
.0018529127230886694
10.155024296706328
27.851356787408324
3.0581787569171124
3.5854326106474317
.6231477282423227
29.544237353568377
4.455089583169233
23.779357273521914
10.198414212224137
1.587046950677848
14.585808399845057
6.77140150992531
.0018529127230886694
1.9847805366074327
7.411650892354678
2.339061372963634
1.9250520634811505
11.462789691050943
.09980921139738212
9.89622517249355
1.6314341739975455
2.358787536056299
19.741009165335218
12.315816509258298
.5811349693547776
15.479525726040924
13.367053712102425
2.071130206384762
4.86702600849395
16.002603824877635
23.835428807911025
11.5175774966107
8.05090841877255
34.881745865076816
.0018529127230886694
1.9853971300319326
27.618228632875052
6.663151488398648
35.12213063353605
37.032145028448426
3.9516463128260435
6.529613981153524
15.92736773606297
.03969561073214869
5.373177533017532
7.458357056656823
14.882759690853064
3.0271221123914023
5.997114492140278
18.94990808160862
19.760658714138906
17.214566690171324
7.615208518149645
.44227295356284196
13.898524414066621
18.07652056744658
1.5153074076513695
1.9992473648637124
31.680425573952043
24.911677607969295
8.699035418730983
.3992368455895285
.09810841104468777
.09923902683037172
3.2098845381959
6.754166759324525
1.9287753772496878
13.42549651688738
13.822171256835517
7.84513049957743
5.044771147890864
37.4097108233797
7.787460661560093
12.596207807846698
17.252566600331505
8.944072268161422
11.077787638523006
.0012370281465616919
23.533078314192206
4.502764762336169
3.3241737260790716
.0001389820969873752
38.951086241371144
3.6441130581054284
1.2270643722191255
.6641830941453213
1.4454734436887327
.0018529127230886694
18.012802520181072
8.229357417462897
4.434536839388176
11.37138449289727
.03969561073214869
6.938270639270323
.5561051599596951
6.199712650286825
5.467791722705241
.0012370281465616919
3.95342020925631
9.516504951516104
2.968468721277233
6.509831126069876
8.878230536781363
.59543416098223
.3969561073214869
.18338822506145497
6.184913535274048
.0026752150937651015
2.2389108493421306
21.730412685857676
42.51702059647003
10.762654782205122
.16580773302976673
.16804089118906027
26.897391515783372
38.909357826137665
3.82210025700365
16.024402797515915
48.091761939602925
.21002479539116575
9.62526031740576
9.62526031740576
9.62526031740576
9.62526031740576
9.62526031740576
9.62526031740576
9.62526031740576
9.62526031740576
