.038652611431464784
7.14116424910307
1.0053012220658544
4.987675299546332
.19552844721125648
6.263375222503017
.004539104536049809
13.208041050260993
1242466403784013e-22
.4925686635435824
1.6975343147600421
.0005348038804366013
21.459098114464233
19.737350226408893
33.914296457373844
18.739451142011134
23.92344147255423
23.899339981150053
16.225534167456928
.006659139308752979
61.66858099616206
5.9273836388337875
41.961567823843374
39935505139340534e-22
2.8424816993853255
1.3642570349583711
36344529359688894e-26
1.3182006580005161
2.875516431081235
86.15674398118772
14.894662463077823
.7336396747054627
9.938490860103359
187.68087295338466
150.3389962011762
10.993644090935815
3.764729965321275
5.811913388836476
22.14408612104727
31.24901352236638
33.41277151196476
.0005249023586716044
.3050672744318467
.14786262058181082
52.446111115918335
226.82193918788292
1248227402862177e-22
23.211184762917405
6.470076270551638
1.0448631473059824
1.6044740453929636
5.958464648069907
32.91589706156467
61.98921375256503
5.21223083191668
20.39590362324685
22.3497415037772
9.946649396348812
1.6068653056920523
14.42297763834593
.0004443864093162388
21.375994332336113
17.666228500265984
8.429313127943487
8.512516544773954
2.5651994052042792
43.52973440042507
5.498092975279269
51.17615854030245
.5437094428669896
.8450144477715974
4.516227301523315
1.2899328017916087
12.576590772031029
7.633766578393795
121.98912396338388
43.06093445643014
7.562360802822444
12.358990810536584
19.587492581642604
28.41509872886622
17.6407741255556
7.122026386398244
.634493779336703
.00022087137020824484
11.027313121485461
10.898469404785159
.1790280966100224
19533668678507714e-24
13.049261977780967
6.311914482258323
.00986528551219426
40.04350610434422
.18187010839482748
3598708236942785e-23
5.578007652849886
.07523774333393861
7.502556231163948
8.02517977433422
.6120644736638037
.7588227264302002
.8428272914231002
.46371813779640025
4.045049993504869
.0015552445378228127
.3369027884022514
6.487938281352555
4.141954647650674
.9633701809069217
3.7630334710034328
1.7490862911239682
.19341984661791572
.06992789335288437
1.0187521624864881
9270417263197965e-20
.24940973236148858
50.04072661346871
4.1099079513226755
1.3119150904832517
.008047819053532133
.0051777262676123426
93.50378800602185
325.26793882586134
14.994546383467995
27.71463077237251
74.16463491320003
.00045814220038484644
45.269764512701336
9.890072421766012
.05570212600724071
.12204379706091481
6.8157961920563865
1.209552352873254
.07789886121498169
.10167964707457573
.3195056288468788
.3926552685022625
6.236283350599021
.41830390225484393
2.3723308525247138
.0018512145873322864
10.151487085128094
27.834762949906313
3.0573788583618464
3.5821466753508715
.6227252520538951
29.51716099685713
4.452121050275418
23.765189533202797
10.184397640023663
1.5869014428381307
14.5724409689505
6.765195735156997
.0018512145873322864
1.9845985627042215
7.404858349329147
2.338846916946942
1.9241697366914938
11.455960161311875
.09980692357563847
9.890329001845595
1.630462165567752
2.35554564813954
19.729247472692535
12.304529453951904
.5806023775826725
15.46533923155595
13.354803231233488
2.070895333903718
4.8638011485658
15.987937945901447
23.813584393210284
11.5070220020479
8.043530016494381
34.84977785106275
.0018512145873322864
1.9844871447337857
27.601773693120208
6.660337926639447
35.08994231450409
36.9982062417885
3.9480247542837703
6.523629796988449
15.912770808576507
.03969197125408447
5.368253186187531
7.451521708912723
14.869120113516383
3.0261981814343017
5.9935414115136085
18.92386356632507
19.742548697021522
17.204310251876247
7.6117181697004535
.44217158643432
13.885786857151828
18.05995400953801
1.515168477226343
1.9974151180482929
31.651391468473577
24.877439311645883
8.69385253370084
.3992276943025539
.09808592500336115
.09922992813521117
3.20547291326593
6.744883917495779
1.9285985381597521
13.407044683363045
13.80950367516823
7.840456371071387
5.037837677886819
37.35829538742631
7.782820892741734
12.584663782806125
17.24228752169114
8.935875309536776
11.071187492994781
.0012362911252306974
23.51905730686935
4.498638121210428
3.3221931834771414
.00013897319456805416
38.91538880593761
3.6419418956594938
1.2259398066311817
.6641221987526776
1.4446122306562357
.0018512145873322864
17.996294357842377
8.224454366571203
4.431894742478098
11.3646094223724
.03969197125408447
6.934136817840661
.5555955072142261
6.196018861683877
5.4645340125680315
.0012362911252306974
3.9479866782534785
9.503425586825344
2.9667001077060284
6.503865072264186
8.872940887305495
.5953795688112666
.3969197125408447
.18337141117674488
6.183495978717227
.0026715383117935864
2.235833718435581
21.71746570665974
42.45858573821285
10.756242392822825
.1656557755000708
.16790228110212504
26.872740909353166
38.873698633473516
3.81859742331374
16.009716940472533
48.04768736473522
.21001716828171846
9.620848683457476
9.620848683457476
9.620848683457476
9.620848683457476
9.620848683457476
9.620848683457476
9.620848683457476
9.620848683457476
