.03895829393852415
7.14098645321226
1.0057714529255475
4.9880971203171045
.1954684371802083
6.263404826606052
.004538171638243991
13.144322956182407
12456434715000664e-23
.4907816053030063
1.696308972470555
.0005172820264056036
21.011848397521955
19.657884355217575
33.81669341106268
18.624187443137863
23.85901257177665
23.50437788524337
16.123233602497198
.006654737769344302
61.65178783354034
5.916710396686299
41.798930506712956
3999417133810902e-21
2.836146551062802
1.3456110458769017
36378198938122747e-26
1.3178975740246854
2.8400511785613323
85.66322314570328
14.916564577831046
.7338596667890358
9.933178279880934
187.53218386966475
150.5674278278128
10.96345143299252
3.7453945336732204
5.808603509494026
22.013926956708403
31.23514062454469
33.17458011313513
.0005252490553744802
.30497159101886645
.14676437404843465
52.4432570159802
226.19897815993596
12373310945709877e-23
23.17443502675966
6.465880459308011
1.0543181877622605
1.6048102584232
5.990917719107423
32.89105288708151
61.63749929366671
5.2243327439551415
20.412450842959522
22.324393570329715
10.704391302618333
1.7705272873213052
14.45854583045849
.00044658456339815824
21.358709242352607
17.7165042840105
8.396491485805816
8.522172314065605
2.580585492650802
43.357466199282186
5.511667955727459
51.070794770298974
.5461427169680306
.8502490052579438
4.469563391169727
1.2745134375445655
12.515711660944746
7.590858838010593
121.67686106526612
43.0161026282902
7.484340300712652
12.274232870970234
19.60329357283812
28.4502673132528
17.596006814318628
7.1244293110720225
.6301255636070789
.0002206385345411042
11.01986675224715
10.861727966777813
.17943055848766665
19850031182109548e-24
13.041266947984663
6.298163725489658
.00997033105386136
39.96473964073697
.18157002626323324
3639504119166933e-23
5.588671794925884
.07472042202257083
7.45825326169011
7.9792765425081935
.6073604833597963
.7496776715853612
.8343129988289293
.46073848777844234
4.038617351802806
.0015553808029354918
.33292196567564775
6.418407890788116
4.141794241657168
.9633493347665377
3.7531862649906156
1.7336750880189615
.1904759913883633
.0693519675513813
1.0200212940074573
9082730592778529e-20
.2478305978781131
49.36397127779828
4.043931598082159
1.3169110237949992
.008001064132442788
.005070266003242494
93.4466405321105
325.06914216270303
14.98538204407025
27.69769219509342
74.11930710745835
.00045525920050527586
45.18774729377679
9.868256223013477
.055885921180348144
.12223306008255777
6.783128554915521
1.1963033090241166
.07778192673030074
.1014345407713852
.319501722179497
.39249926330060364
6.235330262071828
.4181377066378213
2.372113308487005
.0018500831653911014
10.149129219787174
27.823703967242743
3.056845616439685
3.5799573455061475
.6224437115912991
29.49912075245658
4.450142784362865
23.7557474258812
10.175062344522216
1.5868044282014282
14.56353461116696
6.7610609952173135
.0018500831653911014
1.9844772350002042
7.400332661564407
2.338703932399934
1.9235816415521518
11.451408613125656
.09980539812576505
9.88639949193149
1.6298143693980822
2.353386491018051
19.721408878695577
12.297009194174663
.5802475260848525
15.455887153847517
13.346641067052511
2.0707387398947827
4.8616520565582615
15.978166467267863
23.799030050312865
11.499989161414565
8.038613986549763
34.82847842765936
.0018500831653911014
1.9838806144357304
27.59080727902481
6.658462553711571
35.068496107823776
36.97559374585589
3.9456118077448306
6.519642696876454
15.903045270456253
.03968954470000412
5.364972227036577
7.446967501521332
14.8600324319166
3.0255822773476506
5.991160127696584
18.90651743897764
19.730482482265234
17.197474836422682
7.609391756197382
.4421040095391744
13.877300167370802
18.04891615992133
1.5150758479581394
1.9961943415344954
31.632046829002
24.854635975061612
8.690398393831824
.3992215925030602
.09807093457323726
.0992238617500103
3.2025346897278357
6.738701373695118
1.9284806339966616
13.394755422049403
13.801063608002664
7.837341292590632
5.033219859035503
37.32405175916288
7.779728713315547
12.57697231104281
17.235437017552634
8.93041389763019
11.066788818187652
.0012357999364914344
23.509712989926957
4.49588865180228
3.3208732485135415
.0001389672589094177
38.891604569876556
3.64049492187501
1.2251905389853421
.664081597886046
1.444038274210364
.0018500831653911014
17.98529541561503
8.221186722495307
4.430133913862024
11.360094168594006
.03968954470000412
6.931381827651115
.5552559393696405
6.193557131893045
5.462362907787356
.0012357999364914344
3.9443678464305307
9.494714488804153
2.965521413096048
6.49989005192045
8.869415594145131
.5953431705000614
.3968954470000412
.18336020083289067
6.182550957661586
.0026690895072137236
2.233784292520428
21.70883717703372
42.4196670452818
10.751968848321605
.16555453030658143
.16780992189137986
26.856316876778727
38.84993987753572
3.8162635799339104
15.999932150992933
48.01832166716582
.21001208281415365
9.617908207760767
9.617908207760767
9.617908207760767
9.617908207760767
9.617908207760767
9.617908207760767
9.617908207760767
9.617908207760767
