.03915313464678695
7.140873417494897
1.0060689766280781
4.988375146490586
.19543014512956006
6.263428921680752
.00453757169341731
13.104847031394387
1247666293337586e-22
.48964371201965434
1.6955285073347481
.0005539362741046863
22.155554305983983
19.606217442572667
33.75315566723645
18.54963566105094
23.817681152067006
23.252471764984417
16.057000361623953
.006651932830209101
61.64105069916447
5.909900150919676
41.693612541913836
4003138122764275e-21
2.8320940968630612
1.333596482211941
3639919611485299e-25
1.317703450425074
2.8174118979189218
85.34916055398605
14.930326060986731
.733995887997733
9.92977830121533
187.43760214739856
150.71184541320144
10.943839141692411
3.7333950980725166
5.8064873650218605
21.929570776191827
31.226193415956683
33.023914700944644
.0005254651956973623
.3049106188336721
.14606966239367553
52.441348183409815
225.79314197411372
1230255026552172e-22
23.150650901501457
6.463207065808142
1.0603755765613214
1.605009915983726
6.011813213528437
32.87523250222317
61.41421157806676
5.231973375599757
20.42281992809069
22.307788710841464
11.178721487571542
1.8813019905082198
14.481001640938766
.00044798453918003966
21.347699277660592
17.748255882120638
8.375481671627691
8.528299113705215
2.5903758976624607
43.245804572935235
5.520240180715357
51.0004718678892
.5476779733604799
.8535812264572911
4.439660012554009
1.2646527901163058
12.476688612872287
7.563130202101322
121.4768897757852
42.98703144198484
7.434296463231198
12.219447484895158
19.613237341005117
28.472590224594395
17.56747983373385
7.125843606021251
.627342288131951
.0002204894270421779
11.014981804411581
10.838349017143022
.17968251992255044
20055574718884447e-24
13.035980502849656
6.2892939435928295
.010038631605693914
39.914171171545426
.1813773492460511
36660343736714654e-24
5.595419555390991
.07439131007674846
7.430141774511145
7.950130412346243
.6043696281632246
.7438653662044529
.8289179632655768
.4588428973339528
4.034466837781336
.0015554569605346802
.33037864707222464
6.373865678715173
4.141623066030372
.9633315949490129
3.7469047796810355
1.7237521467810366
.188600423555784
.06898283402547756
1.0208118114106053
8964138927666092e-20
.24681354761273727
48.93086123796047
4.001950802696488
1.3200868911270762
.007971219639052668
.005002272395142701
93.4102332069481
324.94249343684646
14.97954365679753
27.686901021860738
74.09042981770985
.0004534108966637195
45.13503746480851
9.854207922719901
.05600204748911207
.12234969603810189
6.762404931626944
1.187872358744484
.07770667742022146
.10127690741487692
.31949923211152675
.39239985860559756
6.234722843577513
.41803180872899626
2.371974657268148
.0018493623628133278
10.14762661240813
27.81665731247059
3.0565057788776344
3.578562574432483
.6222643253443334
29.48762773274904
4.44888230495539
23.749731025219315
10.16911653335912
1.5867425945864735
14.557860577974507
6.758426848663794
.0018493623628133278
1.9843999051169154
7.397449451253313
2.338612799229469
1.9232068860527096
11.448508419706167
.09980442582277821
9.883895654044153
1.6294016012340244
2.352011286503761
19.716414218022354
12.292218211751884
.5800214584569898
15.449865455195976
13.341441142278471
2.0706389337297337
4.860282730158146
15.971941285722973
23.789757817296707
11.495508702380624
8.035482098323534
34.81490906088698
.0018493623628133278
1.9834941113861915
27.583819607864662
6.657267474682832
35.054833228842966
36.961187851145155
3.9440745756813653
6.51710260821991
15.896849356542852
.039687998102338334
5.362882004346445
7.444066122020071
14.854242881542273
3.025189768160151
5.989642801421323
18.89546939046082
19.722795377760974
17.193119389417216
7.60790928134607
.4420609417078779
13.871893494892342
18.04188420290585
1.5150168094182004
1.9954166132387994
31.6197228095627
24.840112135596907
8.688197456192972
.39921770329111284
.09806138093342819
.09921999525584585
3.200663284338498
6.734763604618544
1.9284054861543372
13.386928178970326
13.79568663770708
7.835356400913899
5.030278690341802
37.30224140006261
7.777758412649313
12.57207225344974
17.231071956213103
8.926934559253183
11.063986033902355
.001235486956755517
23.50375890015417
4.494137028853525
3.3200322013491554
.00013896347567856246
38.87645218680961
3.639572927055613
1.2247131980120902
.6640557203644736
1.4436725558571166
.0018493623628133278
17.978288245591486
8.219104617800726
4.42901193440443
11.357217101547882
.039687998102338334
6.929626380033826
.5550396086014303
6.191988546381517
5.460979505142737
.001235486956755517
3.942062949853137
9.489166239812015
2.9647703626377004
6.497357659003033
8.867169318458894
.5953199715350747
.3968799810233834
.18335305576582706
6.181948680695349
.002667529821223609
2.2324789777093037
21.70333917859068
42.39487905663734
10.749245795607836
.16549002935092744
.1677510790432043
26.845853507998115
38.834803727262084
3.8147767426514907
15.99369848941794
47.9996134649155
.2100088414233769
9.616034430263555
9.616034430263555
9.616034430263555
9.616034430263555
9.616034430263555
9.616034430263555
9.616034430263555
9.616034430263555
