.04023905145211478
7.140247745603773
1.0076926535123407
4.990052347771433
.19521611907740175
6.2636345693505
.004534154463763759
12.90032452032371
12588902119149916e-23
.4833200555157358
1.6911867291964937
.000519356184127786
21.404745247717244
19.326200428158604
33.40698313300291
18.11899689911223
23.583794994974866
21.849027276503826
15.673006253636773
.006636307878931657
61.580721667781994
5.871847692423633
41.08261854406169
4023585432834957e-21
2.809313709291056
1.2649662025586543
36509571922468875e-26
1.316608382203189
2.690841941643592
83.60634218178991
15.00424854123952
.7346995256615347
9.910639280475605
186.9131799892632
151.50020990239219
10.836817487977578
3.670939657369984
5.79460485069143
21.47536162820886
31.17488002108075
32.229305441248805
.0005266026010631473
.30457102725507434
.14227272207327604
52.42946081583821
223.39590335771211
1188890133094042e-22
23.01296958296745
6.448317907745696
1.0945098342968413
1.6059182543662547
6.1307490314480395
32.787276028995116
60.18264611907775
5.273583564847523
20.478217984479095
22.208878068154704
13.53781651552811
2.586489870613384
14.603283450828712
.0004557789905436191
21.286430448384728
17.921309727883116
8.257252117612069
8.561992569572578
2.6447008562250107
42.59688592744288
5.566934218396125
50.5632906765251
.5560172058144289
.8721106178456094
4.270887329521611
1.2093072689024242
12.256345438539805
7.403227645204114
120.3487803592553
42.818221840441694
7.151291158160967
11.903551239632147
19.66667704434296
28.595471149264615
17.408624851210675
7.131949509375789
.6118517235264995
.00021964739057507752
10.985652937391684
10.708620285920007
.18102191054020858
21259450259226552e-24
13.003848093386466
6.238408126698368
.01043938947564607
39.62740848390759
.18028142037624542
3821693178151459e-23
5.63225153485697
.07256642185903031
7.2752928869239275
7.789331303537863
.5878338087684966
.7117376936133771
.7993310644301655
.4483301999295076
4.010585785880863
.0015557303077471953
.3161296084895333
6.122643571014266
4.139673863258322
.9631702641206364
3.7117924136277374
1.6671081182116798
.17817691270422248
.06690005196415089
1.024945217175424
8318596734630776e-20
.2409970512868623
46.494908031062735
3.769259330631569
1.3376491095220342
.007804494598450365
.0046310405318384495
93.20758186504438
324.2375382078981
14.947045883064005
27.62683493003539
73.92969234271052
.00044297169826262156
44.835361710997
9.773993804936477
.05663425924631219
.12294315221674587
6.648306344190756
1.1411213401726508
.07727585761091453
.10037751851786754
.31948535442951154
.39184630174225515
6.231338567265084
.4174420929792514
2.3712020529799367
.0018453502139124673
10.139256119369879
27.77741646864032
3.054612434799167
3.570798965640409
.6212654883565298
29.423655005945548
4.441863740440251
23.716227377541504
10.136041993292213
1.5863980179161494
14.526277635933909
6.743764597826614
.0018453502139124673
1.983968973273131
7.381400855649872
2.338104946592069
1.9211195769021805
11.432358056061082
.09979900700472683
9.869952483179366
1.6271030111103957
2.3443614880893073
19.688600353741997
12.26555052845785
.5787631153092017
15.416347329191614
13.312497194087886
2.0700827664626336
4.852658047258068
15.937290528271289
23.738146487576984
11.470569461952413
8.018049305639451
34.739378920374286
.0018453502139124673
1.9813413708574728
27.544907227224694
6.650610800762486
34.97878257839338
36.88100140840504
3.9355179970508485
6.502963904744521
15.862361509295885
.03967937946546265
5.351247355793065
7.4279163926268765
14.82201694494452
3.0230031069371144
5.981193237006398
18.834012826619936
19.68000722905203
17.16886512675235
7.599652208862339
.4418209861539252
13.84179874258338
18.00274275213899
1.5146878087034938
1.991087603017468
31.55112455177027
24.759320920214513
8.675941051848078
.3991960280189073
.09800815213449304
.09919844866365662
3.190253287984217
6.712859124720867
1.9279867140461702
13.343387868366582
13.765757214413375
7.824303095930885
5.013917961900386
37.180917736032946
7.766786360910966
12.544797433280651
17.20676415401867
8.907567781059713
11.04837811440219
.0012337440603974188
23.470602244339464
4.484387102444727
3.3153486456055177
.00013894239226933407
38.792110622361754
3.6344385965271413
1.2220562110364293
.6639115141713496
1.4416359729323585
.0018453502139124673
17.939284764784098
8.207509960789686
4.422763945521797
11.341195522189084
.03967937946546265
6.919850784658492
.5538354629994853
6.1832535336581005
5.453275723861098
.0012337440603974188
3.929241588375621
9.458303203876628
2.960587973305798
6.483261791738595
8.854660439245496
.5951906919819393
.3967937946546265
.1833132388568558
6.178593050780496
.0026588538146440494
2.2252179521173012
21.67272236745714
42.25699184476494
10.734081878864702
.16513100255730676
.1674235046057073
26.78761204931453
38.75055251818458
3.806500672681205
15.959000530215725
47.89547941294312
.20999077691212756
9.60559788451091
9.60559788451091
9.60559788451091
9.60559788451091
9.60559788451091
9.60559788451091
9.60559788451091
9.60559788451091
