.040995097533737423
7.139816683527585
1.0087844383924305
4.991343797892662
.19506648235277926
6.2638451213217365
.004531704541458934
12.772458799174442
12666321916168911e-23
.4789376824258921
1.6881718763413902
.00047965349762847247
20.355747235344914
19.13365786965809
33.167272107659095
17.80449904120772
23.417771861737442
20.87618383261364
15.390627478444474
.00662543688369599
61.538213918097156
5.845265867739127
40.63268880719883
40374917077269546e-22
2.793273716335619
1.2157496640936192
3657975684565312e-25
1.315833105963945
2.6024532034967853
82.40098152282901
15.053012144137204
.7351356116566553
9.897134575734736
186.5507724083828
152.03298610841
10.762745488670753
3.631601457295181
5.786248786059558
21.16610090354797
31.137777499280627
31.71144792389379
.000527329466514303
.30433482226360475
.13970332984253775
52.419969280348404
221.57772630345977
11581060875288894e-23
22.911992785433696
6.437956482576341
1.1185285486077043
1.606352657039073
6.215082595976575
32.72625407216168
59.33831741498542
5.301658514261695
20.514554188122254
22.133678609190827
14.734920905138553
3.150304019000469
14.685770053410073
.0004612067510362972
21.243852427486285
18.038197982448104
8.17399835509611
8.584921534090306
2.682269869042776
42.1184417036409
5.598430359227776
50.2135599398157
.5616136425582208
.8849906557226052
4.151512374902502
1.170484899429655
12.100445595600007
7.28661961976857
119.5494246600456
42.694269753736535
6.9506850808049805
11.673485530462438
19.701694496812294
28.67922692786361
17.29820144795729
7.134287548121521
.6010989782510723
.0002190487924960503
10.962964894301132
10.61887284070422
.18188976048149402
22159646581428374e-24
12.978865190547069
6.2015858538381154
.010739708171854715
39.42319374825744
.17949374844950472
39382295918416165e-24
5.657027205920417
.07130593528312841
7.169332160389676
7.679069397774492
.5764886484955201
.689672165641938
.7792468009134342
.44106377827597
3.99317067507647
.001555771335543839
.3061500550397057
5.945073686939054
4.137309728726703
.9629967299049251
3.687200762434289
1.6264444120669073
.1709723367224932
.06542910392203773
1.0275375112256446
7885302251003374e-20
.23680230141031416
44.781024347299045
3.608874076495527
1.3497161997916756
.0076883204902173105
.004380998911105621
93.06674991321991
323.74763165258497
14.924461651142082
27.58509217683788
73.81798830896055
.000435584912203139
44.62102405964456
9.716355338474749
.05705878959105101
.12330019081951359
6.570266020210643
1.108862442593041
.07696280616886274
.09972935729302203
.31947569274959164
.3914613609253436
6.228983422889025
.4170320074442592
2.3706642925617234
.0018425619828777724
10.13343242205783
27.750128571983932
3.053294927523061
3.5654036686287123
.6205710165852172
29.37919734830245
4.436983755892182
23.692929099874522
10.113078101275672
1.5861581580500497
14.504329163596381
6.733575109890623
.0018425619828777724
1.9836690015592855
7.370247931511091
2.3377514303035443
1.919667670896805
11.42112716979328
.09979523444362326
9.86025646830093
1.6255045824420349
2.3390501778070645
19.669258724459503
12.247017900676285
.5778886334533048
15.393054006471177
13.292382682736054
2.0696956352470566
4.847356590854882
15.913210086670091
23.70227934634612
11.453238010438051
8.005934437825662
34.68688947219174
.0018425619828777724
1.9798439516079716
27.517847742312735
6.645980166252336
34.92593140336675
36.825276076735065
3.929571627990792
6.493138254502084
15.838394281660543
.03967338003118574
5.34316189112665
7.416693185859456
14.799621625437634
3.02148162472746
5.975317449993679
18.79134309053608
19.650271731418375
17.151998827547917
7.593908693042983
.4416539992056903
13.820884483306683
17.975541516475047
1.5144587912621734
1.9880791701434937
31.503452395021085
24.703226995940035
8.667418006406216
.39918093777449304
.09797110979666854
.09918345007796436
3.183025552339558
6.697650686144514
1.9276952067259072
13.31315751628766
13.744957850047774
7.816616680078242
5.002558589994362
37.09668183995722
7.7591564481792314
12.525842877520052
17.189860623679348
8.894108895725346
11.03752444121963
.0012325320585376144
23.44754526316809
4.477611419868946
3.3120917231583458
.0001389277152906375
38.733497701127
3.630868207432894
1.2202097457811816
.6638111322211123
1.4402197428272325
.0018425619828777724
17.912179410936197
8.199447091304718
4.418419123690824
11.330054191903066
.03967338003118574
6.913052882006079
.5529986455680798
6.177179247245713
5.447918550901563
.0012325320585376144
3.920339624512205
9.436874775148999
2.9576795596040086
6.473465910394506
8.845961823977719
.5951007004677856
.39673380031185745
.18328552230121847
6.176257841656737
.0026528300006220026
2.220176569613213
21.651431582229023
42.16125575780819
10.723536963093201
.1648814979469356
.16719581577742562
26.747137319532523
38.69200238914772
3.800749242286508
15.934887285897336
47.82311176093107
.2099782008045398
9.598338354484033
9.598338354484033
9.598338354484033
9.598338354484033
9.598338354484033
9.598338354484033
9.598338354484033
9.598338354484033
