.04320691341411224
7.138579261625833
1.0117573784018772
4.9956614075850165
.19462565460132836
6.264740528461906
.004524228358738575
12.45867961144025
12887124478329608e-23
.4662449307702892
1.6793895226535829
.00046304807083077796
20.36656930091118
18.576067872347277
32.46492697642188
16.819916706015597
22.921023341938515
18.087490148136702
14.494301641494626
.006593664958506624
61.41131051591545
5.767218994549578
39.19621517967337
407624952454179e-20
2.7456963567661385
1.06727389961747
3675436347321498e-25
1.313507145490385
2.3438200226432686
78.91807137949083
15.183602070527238
.7361738638253013
9.856862192337843
185.50318799560543
153.5196201038118
10.546218877379742
3.533698388930055
5.761454311829247
20.284512762664928
31.023320239021963
30.336275477083454
.0005291694668830768
.30364487814482
.13253451335735028
52.38675503601512
215.41790284628712
10585470553277149e-23
22.592538168350167
6.407597511682944
1.1885493194086914
1.6067727993975955
6.458420879673386
32.548741864595236
56.93411211903243
5.380041280744582
20.61116983710002
21.88384900051672
15.797970746410712
4.861573844089351
14.915844140789927
.0004771292941510161
21.11962419957981
18.364548048287144
7.928131048682546
8.648776875802367
2.790590307082992
40.59274570446572
5.686037519227701
48.97566588095284
.5770648790315532
.922692622298227
3.795748392085614
1.0564445752442664
11.636438857423135
6.921465476254253
117.1422838886298
42.30469223318269
6.351839168874663
10.956986849024268
19.792012256718255
28.913238629829735
16.976615170220352
7.130819036457131
.5699243907156687
.00021722739105500152
10.88436798882278
10.359038214640275
.1841295280840788
25123770223602596e-24
12.894053816815306
6.087812165475243
.011731335892522522
38.80862252458335
.17704923598087738
43211976304244556e-24
5.724537298139586
.06767636027711996
6.868532647963783
7.3649444072979335
.5443882589930156
.6268902694971635
.7232017693480693
.4200695875693386
3.938148638860692
.001555214867776913
.2768234144377347
5.416085079929157
4.1256269095607605
.9622132513364867
3.6143042431936103
1.5027903343166544
.15033999761057912
.06106879689373934
1.0336517449964209
6698970960333691e-20
.22388309189053351
39.73132774558822
3.1503310923275367
1.3840436128036981
.0073508587048489536
.003694282689881204
92.65596613057728
322.3186543123873
14.858587138314702
27.463335389161152
73.49216590200105
.00041360405492073976
43.96958512156026
9.540592474488903
.05822092199478155
.12408498651487376
6.3485424499735785
1.0163273331852698
.07596732790559475
.09771614604407883
.31944742914346325
.39033738502685994
6.222098548382797
.41583461231909125
2.3690917724593654
.001834429168722494
10.116414371771281
27.670451549401157
3.0494438167286844
3.5496664691776423
.6185437909719858
29.24952162814468
4.4227381044947265
23.624901233191096
10.046195444724873
1.5854566552604386
14.440309057553446
6.703854039186765
.001834429168722494
1.9827916934981706
7.337716674889976
2.3367175238538915
1.9154264116288726
11.388334478218258
.09978419861964836
9.831945396687019
1.6208373836941923
2.323580912353887
19.612783743901854
12.192961254838508
.5753379128251805
15.325111191694726
13.233711941103419
2.0685634969688835
4.831880391842627
15.842971374783362
23.597660758330285
11.402684999423686
7.9705973487468516
34.53378633193188
.001834429168722494
1.9754697405733634
27.438837651591676
6.63245173130264
34.77177316503168
36.662734393289945
3.9122270414546088
6.464478438876279
15.768485796405901
.03965583386996344
5.319577912369945
7.3839569262992155
14.734298139244709
3.017034917976653
5.9581609347664655
18.667066887636594
19.56353814547802
17.102751481022036
7.577130926707441
.44116584052019264
13.759881007706502
17.896199958442
1.5137889986179596
1.9793040632179157
31.364400506422903
24.53985265725501
8.642531849268625
.39913679447859346
.09786282265727637
.09913958467490866
3.161974671225263
6.65335589616538
1.9268426539346384
13.225111193214541
13.68428950412218
7.79417336987433
4.969474260505438
36.851343614954985
7.736878119560281
12.470555536737091
17.140504567200015
8.854851527236294
11.005833161596199
.0012289931745858751
23.380221950103152
4.457847861369562
3.302581943542812
.0001388847866316377
38.56253339093582
3.6204431469720646
1.2148239084605834
.6635175515597735
1.4360845396091384
.001834429168722494
17.833117524487395
8.175904586650534
4.40573282281891
11.297522991863014
.03965583386996344
6.893203911967374
.5505577859094527
6.159443140218178
5.432276319613036
.0012289931745858751
3.8944125303037986
9.374464176894097
2.949187379092056
6.444892925779061
8.820563026340183
.5948375080494512
.39655833869963464
.18320446146593095
6.169431244558781
.0026352855580653025
2.2054934725877047
21.58926532600244
41.8824230660836
10.692747213973332
.16415373378328343
.1665314876406592
26.629079148883775
38.52122123353359
3.7839732599718965
15.864552893846593
47.612027149453674
.20994141367530667
9.577132058144372
9.577132058144372
9.577132058144372
9.577132058144372
9.577132058144372
9.577132058144372
9.577132058144372
9.577132058144372
