.045796932071122676
7.137181141299256
1.0147200678174133
5.001605620567882
.1941032344249855
6.266220720794452
.00451494455602486
12.186961859700133
13128540290136667e-23
.45177727103934995
1.6691761724987544
.0004177858264271588
19.451210702733743
17.936948688897555
31.643142540133102
15.556692372562294
22.331392393708065
15.030145345237832
13.324970047253501
.006556508028081006
61.25744189727587
5.676005059784435
37.27359197971723
4116997432828502e-21
2.6895583432056247
.8909165292878795
3690900638052896e-25
1.3106803160921856
2.043922715977456
74.94224485610768
15.315292432215555
.7369774112636853
9.808437147706522
184.30006547701984
155.13333645913855
10.294088222987378
3.4462761339461068
5.731854264270414
19.298986994004917
30.87936802439879
28.9507693498215
.0005308288964038184
.30283899082307936
.12482891373113178
52.338094912064136
206.14695778456675
9242528803777278e-23
22.17306573556692
6.371716384268447
1.2668375819188114
1.6059585789647202
6.717499240317209
32.34274404472533
54.265160572677374
5.464791124823887
20.705453603791913
21.533220221553556
14.13593280672511
6.262988020032587
15.163533682458056
.0004957237644449816
20.975152622205677
18.71402274400622
7.642355081053334
8.715522521269166
2.912266204209858
38.56483915705835
5.779017418460389
47.11316405217747
.5935542220062454
.9668196450523954
3.3723749314533453
.9240762339856974
11.08927273416183
6.450529938056371
114.18614767780518
41.80562342763007
5.639462986098805
10.046803473036514
19.87112981132282
29.159655863218735
16.605930956196886
7.103861092825531
.5344314848977345
.0002149339960120759
10.765324060561966
10.059977144632363
.18622147501853628
29346528911953532e-24
12.77410824107917
5.944365645260569
.01314913721604638
38.07153726860304
.17386154013020746
4860412051922496e-23
5.7918494819843165
.0635830735832979
6.536392774911323
7.0150198959897025
.5095377815239502
.5576234029665006
.6633144007127578
.3960705626435668
3.8651371469106035
.0015533922605948684
.24260171953488407
4.786437751093558
4.103190064235075
.9608078347545856
3.5271774741012956
1.3518171530645857
.12744135809622004
.05594789569156624
1.0376970646920933
54702558681238945e-21
.20764083206478579
33.91306786413189
2.6405387110123755
1.4217868339538267
.006967567732523922
.002982586213618934
92.17724573362798
320.65334855194516
14.781818107349814
27.3214421105295
73.11245803965264
.00038765658852690413
43.1697348325282
9.325163282364075
.05941975146824319
.12453602769467505
6.102258904764122
.9126202433982703
.07460131990204086
.09509751759415576
.31941433586568035
.38902531970145454
6.214046087850818
.41443684157804445
2.367251689861926
.001824951326156063
10.096522696200228
27.577441139922236
3.044940370697661
3.5313266060028576
.6161783421948712
29.09839976099293
4.406114688152282
23.545489383562444
9.968438423105527
1.5846355954714137
14.365701120549579
6.669217611542086
.001824951326156063
1.9817648659755496
7.299805304624252
2.3355074089063903
1.9104718404718728
11.350054161353505
.09977127730952229
9.798896667226007
1.6153891622046737
2.3055965189354732
19.546858074283307
12.129964564008285
.5723653466159039
15.245931797001015
13.165338061922997
2.0672385592814293
4.813820682148878
15.761116380851249
23.475740044564457
11.343771384713557
7.929416109307422
34.35536254994156
.001824951326156063
1.9703598572916314
27.346605780310366
6.616645042454873
34.592119789783986
36.473311094446274
3.892013956853003
6.431078779754839
15.6870156429448
.03963529731951103
5.292093546752047
7.345806649113256
14.658171265298483
3.0118361777240357
5.938133397908436
18.522584776817823
19.462460307343594
17.045262938934968
7.557531408754492
.4405948964100629
13.68878860024403
17.80373666324614
1.5130050533289416
1.969077703638526
31.20235181287897
24.349915495062163
8.613481169528184
.39908510923808915
.09773617141399117
.0990882432987776
3.137501154437433
6.601859273279052
1.9258448007182325
13.122749531764981
13.613587651052619
7.767974330245814
4.931010792455568
36.56611616363412
7.710871670019548
12.406124615059454
17.0828891233167
8.80910166119883
10.968838570192831
.0012248620834032485
23.30163255616411
4.434815748200218
3.291480769485056
.00013883453437711998
38.363294506887456
3.608273526285036
1.2085473457310756
.66317393599697
1.431257339343291
.001824951326156063
17.740980153774164
8.148422410145129
4.390923559111251
11.259547925294452
.03963529731951103
6.87003335700447
.5477132497956891
6.138739020966239
5.414016471414039
.0012248620834032485
3.864269983209267
9.301906319774634
2.9392740921596157
6.411594458032509
8.79091391933339
.5945294597926648
.3963529731951104
.18310958544646957
6.16144694453279
.002614888587168301
2.188423069710028
21.516695985934554
41.55825532579439
10.656805017834948
.16330560986985193
.16575691918741592
26.491496175299726
38.32219579469784
3.7644228170084455
15.782586395887224
47.36603275223995
.20989834443411265
9.552359202359375
9.552359202359375
9.552359202359375
9.552359202359375
9.552359202359375
9.552359202359375
9.552359202359375
9.552359202359375
