.0475236111757963
7.136284106606074
1.01631664887747
5.005989541958033
.1937507798288398
6.267399671993188
.004508472229082988
12.052359688974459
13274505662177981e-23
.4425100947958697
1.6624092068974525
.0003877244468710699
18.77228211474083
17.517160694459285
31.092377645805076
14.658535999043494
21.944750846233788
13.180804747200842
12.493584271730025
.006531757757698135
61.151413301418216
5.616010402072123
35.84072575809958
41406797850988215e-22
2.6526083700673446
.7761473923109792
3699141269372331e-25
1.3087381487294967
1.8480785661168582
72.3700307088459
15.391444082347478
.737289834750622
9.775498980201114
183.5118528183717
156.13890328280695
10.126185922410551
3.40119212527664
5.711835856758558
18.66587979777381
30.778191470635083
28.133069226206104
.0005316689492026622
.3023029473440779
.1201368442882648
52.30003065490192
198.26959281482755
8246625959146506e-23
21.86632915289831
6.347390414479511
1.3153633598447858
1.6049290633792261
6.869789327316954
32.20648758362305
52.59299137547632
5.516656835957404
20.755515086165524
21.262579643851065
12.403365805785391
6.725808784853992
15.313792807729712
.000507871858945149
20.87992288441043
18.92268827610581
7.4584036340190965
8.753866753666323
2.9882510309964285
37.0677998094326
5.833888304093231
45.62146530155935
.6036618707298301
.9960074657498854
3.090231711362714
.8379227376597107
10.73086237571065
6.112709237591496
112.12814125857284
41.452773582070456
5.166029480331497
9.406445890459864
19.906070844859737
29.302665524671124
16.365340146051626
7.069868840652947
.511738816116856
.00021329234401271758
10.667270958827704
9.863751298856208
.18733642287945967
3272132084964716e-23
12.682924433186399
5.843413613591189
.014284749232048163
37.58328558765564
.1715029953568306
52835016605670493e-24
5.828088369286323
.0609865479118076
6.3294366628589325
6.794370418847169
.48829017127863067
.5145172665876738
.6270895364671512
.38050308127688093
3.8107897450725368
.0015515788328983489
.22013984153284133
4.366587578360762
4.083326899948413
.9596054448400381
3.468445205154543
1.249310198439809
.11316165429367907
.0525749998611194
1.0382954778555824
4747639612640585e-20
.19623368428906093
30.221585638699555
2.321505800919338
1.445038660004659
.006723558964867359
.0025655199378538398
91.85947369195335
319.5479274859522
14.730859234775016
27.227254110314703
72.86040998941853
.0003705465291551865
42.6198225999952
9.178360499235595
.06011559668723301
.12457854279417424
5.9468614268347615
.847044888728698
.07353951423919443
.09317289137507599
.3193922755851307
.3881530605826413
6.208683571252671
.4135076056236443
2.36602576219838
.0018186599849009195
10.08328331309876
27.515607955063487
3.041941768800123
3.5191527028179843
.6146064040390785
28.998085873027172
4.395067136889509
23.49269650150147
9.91693505021728
1.584088458515602
14.316176770599302
6.646226135935227
.0018186599849009195
1.9810806097345548
7.274639939603679
2.334701013784612
1.9071759149871512
11.324605462413134
.09976266403234794
9.776925919977844
1.6117671924875185
2.2936843224404497
19.50303078506592
12.088147697228766
.5703921730487143
15.193372937861684
13.119951846247126
2.066355738988452
4.801818391424411
15.706781473233288
23.394809726193458
11.304664842046535
7.902080222600371
34.236925796781065
.0018186599849009195
1.966960613643991
27.285290166512343
6.606128183798357
34.472866839189
36.34757292076934
3.878596619293695
6.408908264485607
15.63293619037528
.03962161219469113
5.273849571704839
7.3204826989555185
14.607638653121601
3.0083753285647536
5.924819120552324
18.426885174721328
19.395365378452485
17.007044639821515
7.544493236799261
.4402146775620442
13.641597840019728
17.742360021929837
1.5124826486944811
1.9622895007895342
31.0947847559365
24.22410814948709
8.594168319915687
.3990506561293918
.09765182832511844
.09905403048672787
3.121290802822104
6.567749816463898
1.9251798523448391
13.054948956211746
13.566656138747588
7.750557246829588
4.905534014972432
36.377192057779645
7.693582620213394
12.363355713506571
17.044586460073795
8.778733144566342
10.944244619668009
.001222115739997228
23.249386441448628
4.419527154539816
3.28410072512757
.000138801042975969
38.23104080019668
3.6001831801633744
1.2043809969271284
.6629449578208192
1.4280482236318288
.0018186599849009195
17.679819859388
8.13015229920056
4.381078382151083
11.234302156306743
.03962161219469113
6.8546296057864335
.5458250619218316
6.12497495261932
5.401877350905841
.001222115739997228
3.844304675762036
9.253846681000272
2.9326837534342456
6.389491113057257
8.771203236145144
.5943241829203665
.39621612194691147
.183046362064736
6.156129819258606
.0026013783886547617
2.177116266717167
21.46845199427132
41.34353861393025
10.632910698150681
.16274262974767267
.16524254273290645
26.400169332545413
38.19008377179875
3.7514453374280268
15.728177472491742
47.202742985726395
.20986963651543164
9.535879574935764
9.535879574935764
9.535879574935764
9.535879574935764
9.535879574935764
9.535879574935764
9.535879574935764
9.535879574935764
