.048386950728133114
7.135847208566125
1.0169874338916522
5.008278183347579
.19357318063018
6.268031722068158
.004505158286822769
11.99683734982378
13341903586757888e-23
.43801887317567195
1.6590381848301785
.0003931409809231338
19.181465559009045
17.308127778970164
30.81458899104001
14.196577659416095
21.756333375540393
12.32540064822145
12.069910086501258
.00651938732763447
61.097302373907524
5.586419667414718
35.079820703853784
4151320255965382e-21
2.634435141905056
.7206023196458622
37028181231471573e-26
1.3077507051952855
1.7521116480279806
71.11077181814832
15.426268483084401
.7373841384714275
9.758854004922341
183.12183855609615
156.62190015738364
10.041919576034319
3.381980642547316
5.701751744831741
18.35477694654518
30.726187547035238
27.749367139636103
.000532015735211765
.3020352893385015
.11792802879212524
52.2793261748509
193.67564969903404
7722239516183707e-23
21.704869730807523
6.335055131206667
1.3383131295143487
1.6043555388405042
6.939648031222179
32.138668988754084
51.79252061272868
5.541150941228913
20.776425944807663
21.11571868764446
11.477514641707106
6.859349526640942
15.384169553752965
.0005138233697825475
20.832734829772114
19.018967481009536
7.369724244271824
8.770906432825274
3.0242630796198657
36.277803330224465
5.85894821853709
44.803476136635446
.608463512699315
1.0104907767668152
2.9505384847630447
.7958814091793779
10.555635863481037
5.937711950147568
111.07191064266846
41.271490724185306
4.932206206421789
9.079475744440353
19.91787269939097
29.366775853373127
16.247661818586487
7.047586786506549
.5007521832717501
.00021243463390673657
10.612161997584593
9.7665893101119
.18781938717490734
3460782327167929e-23
12.634260112163542
5.791517791437125
.01492057284469138
37.3438435460119
.17024643352168528
55163832645980065e-24
5.8432843341110505
.059734980591298316
6.23071867841945
6.688278998548263
.4783107160615641
.4939626076910158
.6101068819315122
.3728659072036359
3.78182506559463
.0015505178328350147
.20910553934936893
4.158580167972672
4.07203718176714
.9589315333258751
3.4389716698387174
1.1979962717626707
.10636663063746177
.050909785993194206
1.0379142080192836
4415009530990007e-20
.19038546919473412
28.46382024621132
2.169443697197912
1.455992656983704
.006605805993578099
.002374308741349493
91.70099871546104
318.99664683670386
14.705445714785004
27.180281944225964
72.73471199337932
.0003621102486465627
42.345830636654476
9.10568685234087
.060435903911223256
.12454003184226799
5.872289820256876
.8155835209081929
.07296036890003972
.09215817946096862
.31938124601620815
.3877176647034871
6.206004048581306
.41304376925142244
2.365413036463656
.0018155224522461908
10.07667013318062
27.484743372163962
3.0404435753963996
3.5130814984071885
.6138219394208004
28.948058687018456
4.389553753018714
23.466344465962653
9.891283237208228
1.583814960884287
14.291478656338503
6.634760138054736
.0018155224522461908
1.9807385702156795
7.262089808984764
2.3342979206406236
1.9055300851439774
11.311902518517803
.0997583576726096
9.765959026531313
1.6099592541636223
2.2877513238836276
19.481154004751243
12.067293354773266
.5694081386036832
15.167161494203286
13.097317446365992
2.0659144702311516
4.795828472713608
15.679684302688987
23.354449251956105
11.285162155790085
7.88844763875043
34.17786062045522
.0018155224522461908
1.9652631915798577
27.254683933800447
6.600876024658699
34.41339461991325
36.28486647871537
3.871905306102341
6.3978516848456914
15.605966416919104
.039614771404313624
5.264751183119437
7.307853480900995
14.582437711954393
3.0066463955716802
5.9181731808656695
18.379220950800566
19.36190470260845
16.98796763668864
7.537982588241269
.44002469119935433
13.618063502078009
17.711751093156497
1.5122215140213513
1.9589041800380613
31.041140367555226
24.1614484376492
8.584528139658877
.3990334306904384
.09760968407909681
.09903692851078409
3.1132170615285064
6.550761231852924
1.9248474642596651
13.021180144802607
13.543251089423256
7.741863355091742
4.892845029855114
36.28309635948826
7.6849526375881245
12.342026585139969
17.025467345837097
8.763588168519746
10.931968331028916
.0012207448783164117
23.223307329682054
4.411902633804245
3.2804169104996452
.00013878430030522072
38.165085019605065
3.5961448121069934
1.202303211778741
.6628304983822181
1.4264463650483372
.0018155224522461908
17.64931882423075
8.121032611202597
4.376164074710155
11.221700506697985
.039614771404313624
6.846940686680635
.5448834103928117
6.11810449576838
5.395818001187588
.0012207448783164117
3.8343607380239026
9.229910057086391
2.9293941273800517
6.378468031678245
8.76136447372882
.5942215710647039
.39614771404313637
.18301475856041372
6.153472977557905
.00259464948787507
2.1714847909547466
21.44437057773915
41.23659662870127
10.62098363645383
.1624618679123714
.1649859533949766
26.354624044223836
38.124198649832216
3.744973384261228
15.701043389799533
47.1213093209732
.20985528402852424
9.527650425719894
9.527650425719894
9.527650425719894
9.527650425719894
9.527650425719894
9.527650425719894
9.527650425719894
9.527650425719894
