.04925029028046993
7.135418540925714
1.0175680862264767
5.01061701374269
.19339461917494585
6.268685870073851
.004501795368717802
11.948343881626142
13405127857717973e-23
.4336323492126553
1.6556754095018793
.00037331720383140023
18.63791402111532
17.100883531656667
30.53664306873393
13.728490459698513
21.572573401173
11.52002487341934
11.645060194433833
.006507019486248694
61.04243934772708
5.557161958694901
34.2910723641234
4161098234788373e-21
2.616521647321444
.6666894023798666
3706248518507191e-25
1.3067527439120363
1.6578406251196174
69.87051262202716
15.459027198972368
.7374392338544171
9.742099426970322
182.7345206724605
157.0922351688426
9.957882714751664
3.3647523955034435
5.691621619179983
18.04898827609989
30.673294950544282
27.38201619163363
.0005323164357915638
.30176787351766954
.11581048132978958
52.25749699785746
188.56745648412246
7183382627867581e-23
21.53803697327949
6.322582141211639
1.3603295063665533
1.6037871291665013
7.0054796851232375
32.07105032993507
51.01672412702679
5.564685390818988
20.794496562283015
20.9610542563731
10.538686732905072
6.9491461529488205
15.451310576933372
.0005196748262683439
20.785868258537786
19.109687921097677
7.283836813929848
8.786414957103714
3.058785181131608
35.46233862221515
5.882350197923463
43.940668968014094
.6131015174811805
1.0248864215640285
2.8124977948112897
.7547380271708088
10.38394904591267
5.759418472819197
109.99711180877755
41.087421480394234
4.701591383286701
8.749923069040618
19.925782602673916
29.425567075554067
16.13196592137429
7.021602941573791
.49002483445538636
.00021155132285393858
10.552845126307934
9.670063916806114
.18825651408896563
3663848251047714e-23
12.583685338439906
5.738748711337175
.015605175594143933
37.109326289187536
.16893601472465158
57642989126474237e-24
5.856410544539021
.058516369266458715
6.1352784359767885
6.585174399845314
.4687663886325509
.4740865198934852
.5938666962039864
.36533228648760024
3.7516432020399946
.001549365454937336
.19825171826856744
3.9529072451017924
4.059888533632636
.9582125074196175
3.4094506899319206
1.146886588762886
.09982095955845863
.04926148063690935
1.0370590217808302
4101254219400495e-20
.18445701480527602
26.777232242249806
2.0229088279868437
1.4664596175237226
.006491091038757217
.0021945650125297454
91.5427971382902
318.44631725089016
14.68007603792578
27.133390814011914
72.60923085016817
.00035377318817992297
42.071297291131074
9.03342543748137
.06073479343877266
.1244609314451396
5.799677274710241
.7850813725749003
.0723487773857484
.09111059553864091
.3193702168281695
.3872827572130371
6.20332568232928
.4125804531699421
2.3648004694054907
.0018123903324289829
10.070061290554925
27.453913410431912
3.0389461198711905
3.5070207679728096
.6130384760689066
28.89811780737187
4.384047285402099
23.440021989813598
9.86569777690632
1.5835415104731594
14.266823150998242
6.623313921190212
.0018123903324289829
1.9803965897509543
7.249561329715934
2.333894897091877
1.9038856755976101
11.299213823664797
.09975405149875977
9.755004434778797
1.608153343825515
2.2818336720204515
19.459301763879644
12.046474990004612
.5684258018042713
15.140995270244993
13.074722095107587
2.065473295706471
4.78984602599007
15.652633879891267
23.31415840717392
11.265693115357772
7.874838573687221
34.118897342734996
.0018123903324289829
1.9635672343349142
27.224112032461573
6.595628041213905
34.354025001469225
36.22226821713942
3.8652255366923893
6.386814179897808
15.579043171425425
.03960793179501912
5.255668490975964
7.295246050637347
14.55728024717928
3.004918456207714
5.911534696008121
18.331680018371515
19.328501752761756
16.96891203245568
7.531477558157992
.43983478683033667
13.594569765322465
17.681194970577184
1.5119604244339073
1.9555246996054632
30.98758852589463
24.09895080564199
8.574898772906215
.39901620599503906
.09756755802154643
.09901982948754784
3.105164204317894
6.533816591059061
1.924515133562293
12.98749868207534
13.51988641823777
7.733179215395028
4.880188866921285
36.189244055467285
7.676332335316378
12.32073425355575
17.006369677736835
8.7484693204226
10.919705812847903
.0012193755543473473
23.197257471163425
4.404291266809674
3.2767372280501332
.0001387675596540323
38.09924302521528
3.5921109739357973
1.2002290112028982
.6627160587053829
1.4248463032885537
.0018123903324289829
17.618870409130622
8.111923152866462
4.371255279705974
11.209112992508553
.03960793179501912
6.839260392326286
.5439433833908611
6.111241745590104
5.389765448313537
.0012193755543473473
3.8244425219448326
9.206035349256023
2.926108191338288
6.367463967200425
8.751536747568597
.5941189769252863
.39607931795019136
.18298316051253138
6.1508172824879646
.0025879379925233164
2.165867881946806
21.42031617361657
41.129931266813685
10.609069953483075
.16218159044436248
.1647297624900799
26.309157330142806
38.05842719216802
3.7385125964382806
15.673956118534347
47.04001614470077
.2098409325231494
9.519428377988058
9.519428377988058
9.519428377988058
9.519428377988058
9.519428377988058
9.519428377988058
9.519428377988058
9.519428377988058
