.05011362983280674
7.134998418747021
1.018056755939427
5.012994726615125
.1932150789627058
6.269357918736002
.0044983854799816834
11.906378849806044
13463934743040116e-23
.42935472367261474
1.65232083634677
.000363637413466552
18.46755436494721
16.894180712161543
30.25687889748968
13.256432285619471
21.394336376749735
10.766430975080963
11.222342039766358
.006494653960171366
60.986813925117715
5.528270260380032
33.4766827724655
4169982837143509e-21
2.598898314465685
.6146920611574651
3709448331525693e-25
1.3057445534221337
1.5655823457118716
68.64972852393133
15.489793850656827
.7374565678862645
9.725239980150528
182.34987620314487
157.55028120092518
9.873619713406347
3.3493627985566676
5.681447893026339
17.746642688308714
30.619547942557652
27.02812220995856
.0005325730004702438
.30150069965373477
.11378246967542094
52.234518149854686
182.88688973411232
6633876453026197e-23
21.365846215714434
6.309957136298171
1.381394100210271
1.6032538157291198
7.067470957467461
32.003626649739736
50.26575609633628
5.587283826714347
20.80971206690087
20.798544226715283
9.601094465250782
7.0074354510582975
15.515245309780747
.0005254182344302988
20.739338364622903
19.194876007854337
7.201091864142844
8.800345781587536
3.0917380973166613
34.623741020322655
5.904081130364933
43.036580267674644
.6175786100872217
1.0391901462900779
2.676702987450895
.714652509745635
10.216302970127092
5.578542174753766
108.90346356728838
40.900777910947355
4.47518804994327
8.419444230535603
19.929782839966325
29.478871013040905
16.01836735840735
6.991837639277896
.4795648793269786
.00021064224238661046
10.489292187572593
9.574176954482656
.18865042431565326
3882135705783297e-23
12.531315873906982
5.685157333642057
.016341073001555705
36.880891488268624
.1675713130277404
6027418769218849e-23
5.867425371789889
.05733126267771839
6.043122901477624
6.4851185969490945
.4596517010838747
.45488760272616674
.57835016003612
.35790525708183507
3.720249410038384
.001548129866284402
.1876182427570393
3.750424301907442
4.04692130681393
.9574510559928094
3.379897466436502
1.096170771975917
.09353716578861988
.0476314762146632
1.03571815003827
3806108126122406e-20
.17846289002104773
25.169516912561097
1.882301273433318
1.476420440694813
.006379475557427985
.0020261448360332935
91.38486848959299
317.89693709059134
14.654750128690786
27.08658058011272
72.48396618632151
.0003455467410334161
41.7960773795446
8.961685666169737
.061010352780549275
.12434172799233405
5.72890729849553
.7555947597931121
.07170167962407749
.09002811724431335
.3193591880210017
.3868483375640774
6.200648471997722
.4121176567962446
2.3641880609828028
.0018092636161273169
10.06345678237891
27.42311803107611
3.0374494018612603
3.5009704934765837
.6122560127070504
28.84826308545075
4.378547725374514
23.413729039934545
9.840178498125715
1.5832681072740682
14.24221018119751
6.611887451274825
.0018092636161273169
1.9800546683301858
7.23705446450927
2.333491943126359
1.9022426851234426
11.286539361888801
.09974974551079045
9.744062130936886
1.606349459200943
2.2759313272574118
19.437474034955947
12.025692540962092
.5674451597267962
15.114874188109516
13.052165725222444
2.065032215394293
4.783871041944715
15.625630124331243
23.273937071931176
11.246257662804817
7.86125298690673
34.06003578813079
.0018092636161273169
1.9618727406461651
27.193574424029183
6.590384230146768
34.294757807157964
36.159777949733254
3.8585572911831587
6.375795716791555
15.55216637376387
.039601093366603744
5.2466014682420345
7.28266037064168
14.5321661839213
3.0031915099021385
5.904903657626928
18.28426205934983
19.295156429496792
16.949877803146283
7.52497814170507
.43964496441962
13.571116559829804
17.65069156324917
1.5116993799243663
1.9521510494335532
30.93412907157091
24.036614835309635
8.565280207541727
.3989989820431618
.09752545014462097
.09900273341650939
3.0971321773106375
6.516915780710006
1.9241828602428155
12.953904342675806
13.496562055651966
7.724504816812787
4.867565441491765
36.09563451777471
7.667721702551819
12.29947865538256
16.987293431743733
8.733376555277397
10.907457049695887
.0012180077663671083
23.171236833115987
4.396693030902752
3.2730616731491438
.00013875082102216026
38.03351462106493
3.588081660574284
1.1981583890262553
.6626016387869021
1.4232480363392306
.0018092636161273169
17.588474523465454
8.102823912730347
4.36635199096214
11.196539597900442
.039601093366603744
6.831588713059798
.543004978118222
6.104386693449562
5.38371968466818
.0012180077663671083
3.8145499611645537
9.18222239776954
2.9228259411744872
6.356478886872925
8.741720045298925
.5940164004990557
.39601093366603757
.1829515679201471
6.1481627335541384
.002581243857694586
2.160265502112027
21.39628875163756
41.02354181459654
10.597169634248239
.1619017965094694
.16447396940049303
26.2637690549819
37.9927692030537
3.732062954730249
15.646915578077627
46.958863214960104
.20982658199923998
9.511213425617221
9.511213425617221
9.511213425617221
9.511213425617221
9.511213425617221
9.511213425617221
9.511213425617221
9.511213425617221
