.05097696938514355
7.134587210598234
1.018449634572713
5.015401040834415
.19303451959348633
6.270043009861456
.004494930691497546
11.87028057575578
135179773984813e-21
.42519421647509137
1.648974424047402
.00035135012332233715
18.1850041622273
16.688351597846378
29.975644397902837
12.78294555902204
21.222778718583374
10.066872627611968
10.805926208937198
.006482290236642321
60.930406377326605
5.49979840012014
32.63980283203853
4177927778379606e-21
2.5816136050481835
.5648223036883235
3712470760320632e-25
1.3047263991817166
1.4756766699109145
67.44928379812322
15.518637238179567
.7374375533184655
9.708281469271435
181.96787777621634
157.99640870387685
9.789249485031657
3.3356230640441775
5.67123351910754
17.448163913579155
30.56498856159018
26.686595823194708
.0005327872475474336
.30123376751825065
.11184439615436535
52.21039148532199
176.57089649195814
6077892398284357e-23
21.188325323890833
6.297162366335087
1.4014557586144516
1.6027956442496478
7.125706280073508
31.936392764966005
49.54042323144642
5.608934727594664
20.82197445295253
20.62832404208592
8.675637798789182
7.043200822512818
15.575887112098146
.0005310362282937621
20.69317803778491
19.274338028892178
7.121966952187292
8.812617494591205
3.122983713575892
33.76528796004204
5.92407174666753
42.09624517567976
.6218974796745941
1.0533880065929673
2.543790421644783
.6757904451898423
10.053365994342371
5.395962095844357
107.79075816825596
40.7117852571997
4.254064707310185
8.089927798067329
19.929822242669427
29.526397572417466
15.907072101468746
6.958175259642928
.46938670078616634
.00020970675483640596
10.42140950878526
9.478930229595065
.18900452026385528
411656226848104e-22
12.477263151603971
5.630797364879689
.017131276826249573
36.66008418068032
.16615090513611544
6306252247504501e-23
5.876240930900345
.05618112683471249
5.954345131672193
6.388246817317353
.4509698683390121
.4363708446473616
.5635482680697134
.35058955969507083
3.687633492516521
.0015468189236079568
.1772477650433598
3.5520491704320163
4.033179125538662
.9566492505871346
3.350341663673293
1.0460746069760258
.08752965601907962
.04602238203205479
1.0338781422371133
3529403888863612e-20
.17242117513618396
23.649690457713767
1.7480015915985698
1.485844452023075
.006271095181164285
.0018689339352109132
91.22721229607522
317.34850470937755
14.62946791118115
27.03985110224343
72.3589176264354
.00033744361812074425
41.52315656094759
8.891253581246891
.06126533068639783
.12419260564302761
5.660280701507427
.7272372415605158
.0710246894560527
.08891960835439043
.3193481595946915
.3864144052075474
6.19797241708712
.41165537954540443
2.3635758111544787
.0018061422939707795
10.056856605804207
27.39235719517449
3.0359534210028376
3.494930656786526
.6114745480539836
28.798494371846164
4.373055064238107
23.387465583093995
9.814725228344322
1.582994751278858
14.217639673174038
6.600480694064745
.0018061422939707795
1.979712805943174
7.22456917588312
2.33308905873205
1.9006011124936912
11.273879117170646
.0997454397086936
9.73313210117567
1.6045475980099893
2.270044249691935
19.415670790392227
12.004945945363074
.5664662094323851
15.088798169514943
13.02964826911169
2.064591229274484
4.777903511233529
15.59867295508173
23.233785125689106
11.226855739885382
7.8476908376945005
34.00127578024122
.0018061422939707795
1.9601797092473394
27.16307106990701
6.585144588132152
34.23559285936241
36.09739548922064
3.851900549590677
6.364796262505853
15.52533594338773
.03959425611886351
5.237550087744815
7.270096403196142
14.507095446916459
3.001465556083252
5.898280057341165
18.236966753168247
19.26186863288142
16.9308649247032
7.518484334025583
.4394552239317872
13.547703815313437
17.620240779757207
1.5114383804849414
1.9487832194118857
30.880761844372174
23.974440105232222
8.555672431408574
.3989817588347744
.09748336044046393
.09898564029715881
3.0891209262065304
6.500058686548492
1.9238506442913215
12.920396899490779
13.473277931765388
7.715840148381502
4.854974668226376
36.002267113566916
7.659120728411525
12.278259726919787
16.96823858374744
8.718309827852833
10.895222026091734
.0012166415126469564
23.145245382652426
4.389107903312432
3.269390241151165
.0001387340844093609
37.967899610173475
3.5840568669298314
1.1960913390433934
.6624872386233629
1.4216515621803285
.0018061422939707795
17.55813107614223
8.093734879293786
4.361454202281418
11.183980306982217
.03959425611886351
6.823925639184986
.5420681917626006
6.097539330682699
5.377680702610314
.0012166415126469564
3.804682988804793
9.158471041640412
2.9195473727402343
6.345512757774709
8.731914354512536
.5939138417829523
.39594256118863524
.18291998078231853
6.145509330261143
.002574567038133439
2.1546776135757404
21.372288281434024
40.9174275528081
10.58528266370859
.16162248526918155
.1642185735056051
26.218459082717622
37.92722448571973
3.725624439808291
15.619921687391944
46.877850288545105
.20981223245672886
9.503005562468463
9.503005562468463
9.503005562468463
9.503005562468463
9.503005562468463
9.503005562468463
9.503005562468463
9.503005562468463
