.05270364848981718
7.133792442714313
1.0189498026805548
5.020252389118541
.1926703637614472
6.271439010027197
.004487893585172376
11.814263445593141
13611273329059745e-23
.41722166581377984
1.6423058683184248
.00032658984218439054
17.573461407854438
16.279201042646058
29.408447394974683
11.842790546216422
20.90222790737528
8.827213015999279
10.004061556941013
.006457568378367722
60.81525438933049
5.444156255607236
30.91516094549335
4190954374888052e-21
2.548094277339837
.4723051389984718
37178812457262006e-26
1.3026613237243745
1.3042776545472745
65.10909943718171
15.570830566404506
.7372956413596305
9.67408135536268
181.21173304666712
158.85425240667075
9.620135692093173
3.3126803923648147
5.650689945445805
16.862421456852083
30.453535888803206
26.036774456244277
.0005330959161243173
.3007006275245282
.10822230067241656
52.158507003347324
161.90333679897083
49743551190670694e-24
20.817370217627996
6.27101992615538
1.4386190566080883
1.602209021479328
7.2319469221455295
31.802474422760692
48.164046607313054
5.64958372696512
20.837800221678737
20.26573560317094
6.910311787590993
7.071149697693019
15.687732877005887
.0005418903883113573
20.601969438849316
19.41689633309467
6.975481108629877
8.832166288937987
3.1802648537091858
32.0051696349807
5.958959330258637
40.13148379326357
.6300684988655911
1.0814718550413955
2.289169534649706
.6023686216553343
9.742738211828136
5.029729167399842
105.50732284460479
40.32682316918797
3.8318292344612446
7.441768990962131
19.91818729248726
29.60403553035275
15.691440703439145
6.879118406838672
.4498520514569805
.00020775841552721542
10.272965171674988
9.290363879522895
.18960066916154886
4636622186676637e-23
12.364595498984585
5.519951079803244
.01888400695476259
36.24495262167253
.1631476122775635
6910507015977425e-23
5.887348673488523
.053981533204611104
5.786531853018362
6.203992042132078
.43481140793233125
.40129987625621033
.5359331226096257
.33629421681010585
3.618863257610004
.0015440029765324446
.15746567742866466
3.1713039667870246
4.003458562572324
.9549366030810266
3.2912188223161913
.9485455213284774
.07637813467183212
.04286921199782744
1.0286722391830507
30297086066091586e-21
.16027079872853986
20.88637172732055
1.4996273733425343
1.5030594721756632
.006063527466813593
.0015870510908070083
90.91271540174712
316.25447676926194
14.579034251005202
26.94663385948531
72.10946733306679
.0003216162199935803
40.994256658034324
8.757009331950455
.0617201666683074
.12383592788764768
5.529296892933826
.6741592169572912
.06958806884286206
.0866399676542462
.31932610388459143
.38554800019089613
6.192623771536112
.41073238008895796
2.362351787116734
.001799915795014252
10.043669236111894
27.33093899913427
3.032963669289902
3.482882225076433
.6099146097900017
28.699214378373643
4.362090404119491
23.3350270165321
9.764016036796678
1.582448180867493
14.168625750580663
6.57772618225725
.001799915795014252
1.979029258229668
7.1996631800570094
2.3322834986090295
1.8973222158827363
11.248601215279308
.09973682866208522
9.71130880896259
1.6009499368730427
2.258315739112054
19.372137644764774
11.963560068042389
.5645133725635997
15.03678101318603
12.984729830723769
2.0637095395315543
4.765990772728247
15.544898055284381
23.153688923233624
11.188152252467567
7.820636690867215
33.88405970658357
.001799915795014252
1.9567980282816366
27.102166971287854
6.5746777980259115
34.11756900048567
35.97295324782178
3.8386214990791325
6.34285424973128
15.47181386576741
.03958058516459339
5.219494145937258
7.245033456705456
14.457083653845665
2.998016623626946
5.885055137766674
18.14274283769237
19.195465224166743
16.892903124860027
7.505513525663797
.43907598858348684
13.500999431084692
17.559496722550218
1.510916516785326
1.94206497981212
30.774303437389168
23.85057270729093
8.536489198548981
.3989473146483409
.09739923551911388
.09895146291148352
3.0731605380024405
6.4664751971141445
1.92318638445268
12.853641807931442
13.426830123492925
7.698539958424435
4.829890742320933
35.81625621496947
7.641947712776485
12.235931627061406
16.930192985978383
8.68825430718482
10.870793136035562
.0012139136011203215
23.09334991384767
4.373976882976277
3.2620597274121583
.00013870061724000632
37.837008988712775
3.576020818564078
1.1919679311040932
.6622584975474713
1.4184639842101399
.001799915795014252
17.497601136065455
8.075587386839153
4.351675100493735
11.158903973094267
.03958058516459339
6.808625269096893
.5401994646741294
6.083867638856163
5.365623052906008
.0012139136011203215
3.7850255461389297
9.111152481871374
2.9130012645827645
6.323637222997184
8.712335958107632
.5937087774689004
.39580585164593407
.18285682286656277
6.140205958621837
.0025612651667054
2.143545161338087
21.324368075730497
40.70602176985045
10.561548708972653
.1610653075544249
.16370897084150157
26.128073508632312
37.796474087773426
3.7127807138381286
15.566073534667627
46.716243483322586
.20978353631563315
9.48661107941369
9.48661107941369
9.48661107941369
9.48661107941369
9.48661107941369
9.48661107941369
9.48661107941369
9.48661107941369
