.05356698804215399
7.133409314938776
1.0190580492733028
5.022675862208747
.19248676698577544
6.272142931138414
.004484314884585294
11.793476867709911
13650291106732875e-23
.41341348351856266
1.6389836350636484
.00032925828977694037
17.889558718911516
16.075268394902704
29.121606021663272
11.3818785871611
20.754521361259968
8.286023565175569
9.625249751491793
.006445210064060275
60.75650413735098
5.417033524430571
30.037344553130858
4196016309793544e-21
2.531899765609807
.4299289348244793
3720296959080643e-25
1.301614932203164
1.2234105252105913
63.96970030113418
15.594308715611609
.7371752196795741
9.656847679134085
180.83753725631706
159.2666228425737
9.535153983064209
3.303228502011437
5.640364729231335
16.574207279104435
30.39670072706688
25.72557599564607
.0005331936253569984
.30043441921180963
.10653357568221723
52.130695361753425
153.55861770345783
4442954440587182e-23
20.623994283479504
6.257651167916048
1.4557195844656878
1.6021355467965388
7.280334473948475
31.735780118466607
47.51260355485663
5.668629550696875
20.841359136623893
20.07424121175569
6.093562259715182
7.070862341839538
15.739013430431328
.000547113180754019
20.556942075148473
19.480138315466522
6.908576924456552
8.839438152534317
3.206223370265661
31.113204625896213
5.9738608800831825
39.12166459843692
.6339247726224775
1.095347180694008
2.168640271596424
.5680811745619258
9.59557313203845
4.848262519733596
104.33633771185865
40.1306937779032
3.6326079316821867
7.127120145442667
19.906691932663183
29.634117768437655
15.587244389015803
6.833728995929034
.44049527085538076
.00020674671186588772
10.19258090361936
9.197047287111022
.18984824598370453
49223812480438005e-24
12.306237585733397
5.463555750317389
.01984513924551746
36.05248244554453
.1615673612947893
7234444630642066e-23
5.889683004531388
.05293155466615857
5.707422881857638
6.1166331922861055
.42729914505997296
.3847156599137207
.5230566947566535
.32931857478380294
3.5827801911062287
.0015425126186868247
.148131855752798
2.990643064150875
3.987545869360674
.954030719228427
3.261705374709229
.901535157769464
.07124905558758488
.04132829344531026
1.025294972441856
2805890587480424e-20
.15420695013331118
19.64909740266608
1.3860149808924382
1.5108383505475786
.005964172949156185
.0014617659506784644
90.75587376247428
315.70887794576754
14.553882657844245
26.900145816435113
71.98506485522162
.00031389889738276376
40.73425277087027
8.692535026017241
.06191401541981756
.12362444084239478
5.466265001969953
.6494689347040611
.06882975567248964
.08547322073654623
.31931507660077524
.38511552643879254
6.189951179898829
.41027165672004007
2.361740012825192
.001796810599634314
10.037082037316189
27.300281561586626
3.031469897709633
3.4768735941037328
.6091361336328825
28.649702802253014
4.356618387850288
23.308851840719274
9.73875977441812
1.5821749664350415
14.144182189752627
6.566378359760098
.001796810599634314
1.9786875728827926
7.187242398537258
2.331880822856298
1.8956848894565321
11.235983526246864
.09973252341755766
9.700415519005517
1.5991541323927012
2.252474227317554
19.350407688833602
11.942920662824768
.5635394801619367
15.010839720231871
12.962328714409443
2.063268835868213
4.760045546362254
15.5180801642716
23.113744428012183
11.168850572477515
7.8071446125222606
33.82560329104132
.001796810599634314
1.9551093761931146
27.07176615002978
6.569450643310385
34.05870973721987
35.91089309559839
3.831999150535224
6.33191162576718
15.445122058812707
.039573751457655876
5.210489530747774
7.232534402872174
14.432142448543924
2.9962936438494028
5.878453801809786
18.095813595498527
19.16234941391887
16.8739541556144
7.499036515309451
.4388864936523377
13.477707652005874
17.529203267574193
1.5106556525095753
1.938714550186714
30.721211939931738
23.788879207413004
8.52691371764476
.39893009367023063
.09735720028624173
.09893437864413974
3.0652112936969504
6.449748576261898
1.9228543405457268
12.82039371116494
13.40366630050622
7.689904415094187
4.817397421192814
35.723611471149525
7.633375649637557
12.21482232935824
16.91120218825447
8.673265424255337
10.858599238794346
.0012125519398756876
23.06744583009951
4.366430945079296
3.258400636432043
.00013868388668296402
37.77173298756435
3.5720095537144636
1.1899115608433557
.6621441566282986
1.4168728763813574
.001796810599634314
17.46741446268984
8.066528904948706
4.3467937750615855
11.146386898519328
.039573751457655876
6.8009879535996385
.5392675183649756
6.077043292565235
5.359604370062587
.0012125519398756876
3.7752349437943047
9.087584960393944
2.909733716609093
6.312727752041017
8.702563227813288
.5936062718648377
.395737514576559
.18282525208675246
6.137555989287088
.0025546400254901885
2.138000522860332
21.300448279833795
40.600728828674185
10.54970169486304
.16078743941733112
.16345476284065866
26.082997637099645
37.73126801700033
3.706375464464092
15.539219111945457
46.63564912227842
.2097691897169143
9.478424447282668
9.478424447282668
9.478424447282668
9.478424447282668
9.478424447282668
9.478424447282668
9.478424447282668
9.478424447282668
