.05529366714682762
7.132672062683096
1.0190029551205988
5.027467043827413
.1921165953425262
6.273549142461232
.004477045702860238
11.764572063267215
13713064974213213e-23
.40615291515993945
1.632363017798759
.0003049916595867533
17.24521792436516
15.671460662230961
28.545109028518084
10.491998911943513
20.48586918992985
7.352139981824539
8.924724038300345
.006420499192202199
60.6366795928339
5.364252872739549
28.27846983168351
4203281350439631e-21
2.5006937708508246
.35333206967781944
3724589402029166e-25
1.29949575811312
1.072595274361411
61.751975341602446
15.63633267660158
.7368411973185359
9.622129835848318
180.09678042999582
160.05979086433274
9.365383822410852
3.2878531936493607
5.619615794097434
16.010653300497864
30.280936447315508
25.12992811945825
.0005332834868171974
.2999027248211668
.10338553024936369
52.071234550003325
135.2993153884757
3467517734757431e-23
20.221603342004258
6.230291650543727
1.4870630085890946
1.6025211213191348
7.368787831992598
31.602898184724992
46.28072622695275
5.704318078901667
20.83994536462531
19.673920787498925
4.648046036957007
7.052830204577285
15.832646120192196
.0005571339432815138
20.468055958390636
19.591298333808506
6.7878594939081
8.849146955296607
3.2527968656619226
29.33201632482157
5.998719847327194
37.08662709481414
.6411896376258842
1.1227443350921613
1.943525408918345
.5048410310357649
9.317713298203953
4.494082388181237
101.93552779833071
39.729746208955255
3.2616480441925875
6.525705608505073
19.873171835022717
29.677378837142314
15.386218708448395
6.7315203719339465
.4225776556081829
.00020465382327010826
10.020334243591712
9.012354089772408
.19025593831238505
5545757493120585e-23
12.186116706131322
5.349027172815837
.021935280018273832
35.70036287716963
.15826214835426577
792198806198024e-22
5.888264884609565
.050927232220840106
5.558429640822206
5.951316567384514
.41328216984736466
.3533440339859874
.4989723337191952
.31571682566658194
3.507494779973639
.0015394014473887007
.13073265876428158
2.6522255026810404
3.95374941340757
.952132383583089
3.2029428717162562
.8119426954521535
.06189607649329433
.038324530713955626
1.0169827506905624
24074407753182707e-21
.1422198988675668
17.463518947908312
1.1804066139871199
1.524767148948594
.005773500076624333
.001240425738028153
90.44300176246095
314.6205024614064
14.50370957056797
26.80741019422882
71.73690338336704
.00029885570774389783
40.23209655407376
8.571182039693161
.06224722450526535
.1231771048025952
5.346084467636512
.604084355830302
.06726039929898955
.08312433479705043
.31929302317554487
.38425203372381084
6.184609456410883
.40935175979971294
2.3605169394915873
.0017906162707975483
10.023920597650928
27.239069814391268
3.028484561289071
3.46488741238256
.6075821609207548
28.55093575342278
4.345694939793887
23.256589539208964
9.688443069768176
1.5816286790758733
14.095421504776546
6.543741412474027
.0017906162707975483
1.9780043791578632
7.162465083190195
2.3310756799083707
1.8924144742617732
11.21079059255685
.09972391348601566
9.678665582796995
1.5955685643003865
2.2408364948903445
19.307020873906296
11.901748611707083
.5615967329111505
14.959091318167669
12.917642353719204
2.062387710857273
4.74817733310125
15.464583100378304
23.034062054330057
11.130347052301987
7.780230244911124
33.708992831413944
.0017906162707975483
1.9517364425125858
27.011066772187508
6.559008798023732
33.94129566591417
35.787093803284925
3.8187887081850653
6.310082979618652
15.391876510853594
.03956008758315728
5.1925268776108515
7.207600947769155
14.382389048734552
2.992850654348834
5.865273335989159
18.002318968957177
19.096289088151103
16.83611995915641
7.48609925811965
.4385077490995054
13.431244572825848
17.4687730534448
1.510134059067302
1.9320310213568401
30.615303565916893
23.665970537648214
8.50779496659219
.3988956539440626
.0972731842369426
.09890021895789326
3.049374438191
6.416425021549044
1.9221904247070576
12.75415530105905
13.357458471645177
7.672662377353615
4.7925076437634235
35.539040288672595
7.6162603587399635
12.172712923833746
16.87328447554584
8.64336518984147
10.834252463102628
.0012098331978496219
23.015724800797695
4.351378101378153
3.251094763209875
.00013865043162293226
37.641518631690055
3.56400051742346
1.1858094570957305
.661915534010455
1.4136960130174625
.0017906162707975483
17.407197259423118
8.048442412801736
4.337047544383737
11.121394855289495
.03956008758315728
6.7857390136077465
.5374084463289919
6.063417556256232
5.3475872504945245
.0012098331978496219
3.755729648864449
9.040632644182743
2.903209612296649
6.290965240421218
8.683050641503481
.5934013137473588
.39560087583157305
.18276212687856083
6.132259481118651
.0025414411099581344
2.1269542353101683
21.25268915133135
40.39095931711778
10.52604751856176
.16023314044292883
.16294753043284227
25.993079053334803
37.6011931601551
3.693598097487248
15.485649173597176
46.474877282309194
.2097404994627991
9.462072371308874
9.462072371308874
9.462072371308874
9.462072371308874
9.462072371308874
9.462072371308874
9.462072371308874
9.462072371308874
