.05961036490851168
7.130996962436785
1.0174725910589955
5.0387031086886225
.19117484299550724
6.276965625656858
.004458293199842166
11.752095355933104
13786498206345212e-23
.3900273839171968
1.6159484242387356
.00026333365858819085
16.294439948807934
14.682878921207816
27.085840982801173
8.558146491689918
19.969036879689398
5.757625319272194
7.566879032337784
.006358765577433077
60.323997086801434
5.241206677675277
24.13605777703331
4206010503638904e-21
2.4298138749262086
.208365404109888
37330112287243846e-26
1.2940553935276335
.7652066399555651
56.55465632792693
15.715193707578162
.7355107747089678
9.53401235129493
178.28835099472224
161.87153651349485
8.941080140972495
3.265953943152314
5.567237334910145
14.67014454376836
29.980341828874785
23.7595863329231
.0005329561047861408
.2985776913277414
.09671313610379582
51.901591803960095
92.84814577792717
18722140417107897e-24
19.126594498186638
6.158271150282084
1.5504987422269487
1.606935556284236
7.552123435008931
31.273449430829857
43.58749149205402
5.780909206937436
20.78948085996331
18.62054715517541
2.424633299811843
6.954074602391114
16.018432805951267
.0005796541898987811
20.252574255408167
19.788052455681104
6.559279604315882
8.84837257809073
3.3400378717245216
25.15649485002387
6.034034396817504
32.2907543771455
.6568589668158447
1.1889625016238783
1.486221425902514
.3795359687964344
8.709913424258492
3.7053009975382003
95.59440544409732
38.65390788182397
2.5127287984241944
5.248094117706158
19.739312761087053
29.69778793848126
14.92667973772221
6.414703771190046
.3820645122065697
.0001990895693138773
9.533910671370641
8.561990319828125
.19089782066909725
7369833043218699e-23
11.871822493217394
5.054328016413864
.027968525108125322
35.01439291153044
.1493176692505937
978812940234712e-22
5.854619451673053
.046425480424716316
5.235812443442666
5.590349578276603
.382794427975257
.28433050838051344
.4466244322446707
.2837770947393741
3.3044371090003075
.0015311316670345377
.09535782336974978
1.9579739210297245
3.8586196182744175
.9469855577832132
3.059717836567992
.6200084945616842
.04360140985302512
.03135265909901281
.9872512088593072
1664598828251498e-20
.11418508969169823
13.534844625896977
.7874282881535091
1.550869615167301
.0053337392724213195
.0008341786242203433
89.66553248509736
311.91595075562736
14.379032277917553
26.57696740235383
71.12023611948908
.00026338924661755265
39.12021580530457
8.321095291480416
.06286158885963913
.1221984264761219
5.075697265712578
.5135695931436299
.0632518660685836
.0774452348261698
.3192378962758666
.3821017628499406
6.171275306562344
.4070610310877928
2.357462026532181
.0017752237129327756
9.99109245427472
27.08664022830532
3.0210340759890744
3.435102426699242
.6037145510667664
28.30550520649592
4.318505994606415
23.126445876397128
9.563785732540858
1.5802637857480921
13.974253952197564
6.487489874952393
.0017752237129327756
1.9762974266884552
7.100894851731104
2.329064038564134
1.884263099105897
11.148055110715363
.09970239190894621
9.624503858527303
1.5866397771764018
2.212004544431093
19.19897896130004
11.799438386347582
.5567691155433311
14.830499457100325
12.806599267241774
2.0601865442341256
4.718636099171917
15.33164591327169
22.836055848972542
11.03466797585684
7.713349559082936
33.41922241483572
.0017752237129327756
1.9433295442539356
26.859913089044888
6.532976738286142
33.649528319630505
35.47945954285582
3.7859615038740615
6.255840024844183
15.259564326660593
.03952594853376912
5.147890697469132
7.145642717821141
14.258754655773453
2.9842604793782415
5.832451319929954
17.770690302676456
18.93213290372144
16.741905185518593
7.453853677493946
.43756231704313225
13.315786441089418
17.318607378957786
1.5088308632359768
1.9154228290948958
30.352127228601436
23.361469922959248
8.460185423604912
.39880956763578485
.0970634611777904
.09881487133442289
3.0101393521264397
6.3338674370181565
1.920531637837474
12.590052665892117
13.242634622558
7.629726228713939
4.730844357184662
35.08177361557581
7.573639835281702
12.068073425630189
16.778861729613492
8.569064793379786
10.773624085197124
.00120306298231591
22.886929014863764
4.313972633601891
3.232901666585831
.00013856682927680238
37.317943300054004
3.544056403054549
1.175615960598119
.6613443227597503
1.405784983030611
.0017752237129327756
17.25756090491829
8.003403402513221
4.312777465907114
11.059159631177895
.03952594853376912
6.7477660800171515
.53278875715156
6.02948672694876
5.317662201045124
.00120306298231591
3.707406171707003
8.92431042562207
2.886963277802167
6.236886626221356
8.634460369358857
.5928892280065367
.39525948533769156
.18260440919750975
6.119038198932984
.0025087413996738262
2.099587562515704
21.133759296801617
39.87126493482428
10.467143852713098
.1588557387481349
.16168632516434064
25.769636443135653
37.277964475739985
3.6618470610580616
15.352530897579278
46.07536832581595
.20966879099376165
9.421315495529495
9.421315495529495
9.421315495529495
9.421315495529495
9.421315495529495
9.421315495529495
9.421315495529495
9.421315495529495
