.06479040222253257
7.1292729855316805
1.0138271037655282
5.049929265239375
.19001827173471625
6.28078872571656
.004434884510390849
11.816977619586442
1375320783437816e-22
.37425808521295034
1.5965027460979053
.000222684989662908
15.312145300241445
13.560199366234258
25.34819044500137
6.874521946930247
19.57112874477693
4.8105648766311315
6.637780902808802
.006284810567145996
59.92589732863793
5.110732016731953
20.129180249922936
418682884462078e-20
2.3583059711388557
.10656408684604249
37440066274148496e-26
1.2872902240416144
.5155976721263171
50.92983148790317
15.767267222772139
.7331072485874474
9.426140408357218
176.19716758228577
163.75772544236264
8.442421992379606
3.261469392688716
5.503607447425883
13.212022000083575
29.601274670346235
22.29654228258642
.0005316877041119235
.29699554361386726
.09058292169468038
51.674305185561536
71.91187503163738
1306070092377832e-23
17.656043416594546
6.066285106457493
1.6057598032334308
1.6173926656622273
7.727767496698716
30.882796440881595
40.99724288653905
5.853037386519785
20.655383001527376
17.393373682899952
1.680774636107147
6.8018803459967305
16.164348147368486
.0006022029849038854
20.005511640489264
19.9008879906961
6.386973440444114
8.814574336967397
3.4019100166592033
21.118394395645577
6.035075798477969
27.725533877796344
.6714713415624645
1.263564697495001
1.1206667073065433
.2823362140167749
8.079844777001071
2.994885629673233
87.3946760334204
37.127985407758246
1.9181523632892856
4.171334784988354
19.52981029674703
29.60674572021711
14.454046359162701
5.943155686164587
.3403805087341269
.0001920610302542209
8.886057605518454
8.043106810784565
.19138445310292254
9874198066636599e-23
11.482987883662675
4.689624454556327
.03594000366930063
34.47640865571655
.13788895515644115
1199642647794312e-22
5.779380253737304
.041836561591165625
4.930748556508493
5.245396013883751
.35104864830332944
.2164036190975857
.3936665625605317
.2493323820532968
3.044556766198432
.0015208458973058256
.0667212639567312
1.3898057499419771
3.7267037725671437
.9403010017105238
2.9030973502954964
.4512960919561491
.029333351410626058
.02415206252238149
.9359217466060232
1120997351398342e-20
.0861934546286583
10.945611236429807
.4954102444654279
1.5697462209773378
.004846367978367689
.0005416326864976978
88.74138625671415
308.70115972640673
14.230833431837576
26.303049392768248
70.38722872913566
.0002243698240184822
38.01575329657347
8.103553673169277
.0633784549307035
.12158791967772878
4.803331425838834
.44103260972884384
.05860769144851695
.07129074844293931
.3191717565596368
.3795373152933783
6.155312269586728
.40432907125918854
2.3538013492564893
.0017569272030769293
9.951840566436374
26.904850257406288
3.0121176842173276
3.399698221050078
.5991059032570669
28.01377185975633
4.286103709574656
22.971234455289423
9.416312277569299
1.5786274684376904
13.830226991932324
6.4206259515088115
.0017569272030769293
1.9742510280308654
7.0277088123077185
2.3266523603128784
1.8745277823664928
11.073235768151058
.0996765721472545
9.55990971685406
1.5759911623430736
2.1778954623476143
19.070126442226126
11.677826366884075
.5510307223843415
14.677647522154235
12.674606849606784
2.0575482451205764
4.683429125252505
15.173628865327299
22.600693895509718
10.920938134425917
7.6338511977208094
33.07478406161117
.0017569272030769293
1.9332890522168464
26.67964478047462
6.501874611150872
33.30271629697699
35.11378716225567
3.7469411362072456
6.191363622328095
15.10229019435565
.03948502056061731
5.09483347871023
7.071995480314956
14.111795462297804
2.973984808829773
5.793307256776188
17.496666483087083
18.737007098595235
16.629543134307482
7.415342268702885
.4364304888392166
13.178546038044528
17.1401115261308
1.507268512644736
1.8956813438863924
30.039300179853566
23.001236352373223
8.403405518493225
.398706288589018
.0968123902819393
.0987125514015434
2.9637230414082363
6.236199281290796
1.9185429830366054
12.39591421310395
13.106148165598324
7.578519888710351
4.657894797062996
34.54081311036336
7.522809914935331
11.943692693914782
16.66625164730591
8.480746922620591
10.701317708606409
.0011949887146067548
22.73332509335443
4.269510269656701
3.211204287548252
.00013846657299981934
36.93332241401291
3.5202707321501703
1.1634993643330556
.6606595198975782
1.396350161694284
.0017569272030769293
17.079694233307045
7.949689155955773
4.283832580775072
10.98493690401151
.03948502056061731
6.702478949941936
.5272975198076183
5.989020275318382
5.281973106767247
.0011949887146067548
3.6502380154543794
8.786697671791007
2.8675876385263233
6.1726055686875245
8.576510830913174
.5922753084092597
.3948502056061736
.1824153276287107
6.103210281983482
.0024700566390375395
2.0672119488707885
20.99192164343559
39.25645053407728
10.396894395403429
.1572184771633055
.16018575757901052
25.504039265873715
36.89375563520491
3.6241058905480283
15.194298596583431
45.6004882165973
.209582773191969
9.372638911832473
9.372638911832473
9.372638911832473
9.372638911832473
9.372638911832473
9.372638911832473
9.372638911832473
9.372638911832473
