.06651708132720621
7.128757446050884
1.0123541226204624
5.05301322972447
.18962740752802743
6.28200199196345
.004426898009368784
11.851668798081148
1372185910124847e-22
.3697971312102556
1.5900804245855193
.00020825308819401962
14.853681837724663
13.207188204334226
24.784780837681115
6.442740660578377
19.47067769809655
4.638259845473917
6.454853511274805
.006260198322592422
59.788051895862765
5.071345166584235
19.03753149985106
4176619884272426e-21
2.3376518561738733
.0850566551816091
37491448159413467e-26
1.284984409044729
.4541232861290731
49.19084991663656
15.775728067249789
.7321368165784827
9.389747695888607
175.5185651827428
164.32403813526508
8.281502708701831
3.2634724615864052
5.482249190409679
12.76695578594301
29.47108414323085
21.84777195512936
.0005310862212168993
.29647006659475295
.08891495747227557
51.59656390715872
69.56531671277669
12476299281080578e-24
17.132602736463614
6.034705792816799
1.6206671901001375
1.62155004898023
7.779243765075872
30.75360555000882
40.268716617644195
5.873161693370083
20.59697828954691
17.00949308174602
1.6081357217148566
6.74981321188833
16.197794667710255
.0006087647139550094
19.925573642153644
19.915426348485333
6.344053491509707
8.798591318710255
3.4152908736027365
20.01325599784247
6.027764260337988
26.498709630028582
.675473017557527
1.2871689890436921
1.0316382692106822
.25904641440794157
7.877205000334728
2.8089583462070253
84.5413823490207
36.540433861104326
1.7736242355261067
3.9009017914615876
19.45784209135513
29.559738271870312
14.314597747597238
5.769852548426222
.32786695652088116
.0001896884011151035
8.663141283649344
7.875385816142514
.191562464366835
10751152939429164e-23
11.352862995923582
4.56642340013636
.03863140002170492
34.338943091021534
.13403077067052213
1266820228112842e-22
5.750571668485433
.0404668807903473
4.8461984548399695
5.14910436991343
.3409395868171494
.19680981681141607
.3775010791893158
.23875549214495645
2.956456949691762
.0015174114503867923
.059650302290659506
1.2484638263757966
3.678581733771027
.9379916281960479
2.856079576402651
.4070781176930106
.025862328090771772
.02203120160432219
.9154341039015444
993883206152316e-20
.07828721632844307
10.406677252492987
.42751759579915055
1.5739563371971232
.004688121722898163
.0004735639766787713
88.43545900380774
307.636942659852
14.181774024924813
26.212372201626415
70.14457563982616
.0002121144440077547
37.687785227992556
8.04463496952728
.06353054116593752
.12152068937052848
4.7223600936058325
.42293983848355765
.05709503617395942
.06935580509406127
.3191497130327734
.3786863298493119
6.150000438334245
.40342249859718693
2.3525823871153153
.0017508703683184663
9.93879090232847
26.84452513252064
3.009151405504291
3.387978093820288
.5975775187533832
27.917197120166275
4.275357064548512
22.919729147732046
9.367661543493277
1.5780824059451453
13.782548636553987
6.39849147128329
.0017508703683184663
1.9735693661392775
7.003481473273866
2.325849022628622
1.871293867183387
11.04840774182082
.09966796704599845
9.538474817865689
1.5724575294561611
2.16664305165214
19.027368064156516
11.637568202221152
.5491310978429983
14.62704776734996
12.630912381684546
2.0566695631046934
4.671751939557925
15.121319263334353
22.522780212966712
10.8832892679437
7.60753424207557
32.96076197726858
.0017508703683184663
1.9299537627225487
26.61982460352181
6.4915401749121004
33.187908438537825
34.99273581407621
3.7340239229772663
6.170019501567527
15.050226525456122
.039471387322785545
5.077269538412424
7.04761546732304
14.063146427146728
2.9705674540272433
5.780317703575841
17.406267434797954
18.672413098533315
16.59225694773626
7.402549399919468
.43605386373741506
13.133114289040105
17.081022667427042
1.5067480887012392
1.8891461677934314
29.93574262941516
22.88239715076086
8.384563693226855
.3986718681839938
.09672884438567857
.09867846830696399
2.9484105393042017
6.20397905919792
1.9178805558070682
12.331868936329572
13.060966001180844
7.561527593478788
4.6338291124886
34.36235302281881
7.5059425306805325
11.902517981083074
16.62888315417621
8.451510376764451
10.67732358408847
.0011923093522332082
22.682353217941547
4.254791550430552
3.204004236337175
.00013843317036290952
36.80599839594833
3.5123777028444296
1.1594883140294345
.6604314098894613
1.3932193136470952
.0017508703683184663
17.020813657313315
7.931864637828112
4.274227519496081
10.960306858341099
.039471387322785545
6.687450883410053
.5254797131617714
5.975591901155554
5.270130049316271
.0011923093522332082
3.6313785348244636
8.741299932290055
2.861158032683524
6.151326114482914
8.557280874901226
.5920708098417833
.39471387322785595
.1823523439576777
6.0979434130259955
.002457294735528372
2.0565314004948747
20.94485428262092
39.053626426358235
10.373582838311489
.1566764818344793
.1596886695382093
25.416116584025417
36.76656801974185
3.6116121398179013
15.141917737712852
45.44328499181402
.2095541084341504
9.356469335916945
9.356469335916945
9.356469335916945
9.356469335916945
9.356469335916945
9.356469335916945
9.356469335916945
9.356469335916945
