.06997043953655349
7.127802015706437
1.0091822013116971
5.058156416363032
.18883902255960897
6.284360823966256
.004410685461101932
11.933974911758026
13637840998468272e-23
.36195424252051694
1.5773232463392126
.00018509430473531618
14.137166831666462
12.538109425688521
23.69486123322198
5.709815128152315
19.294714973138436
4.422603789250251
6.214811216079979
.006211039561237759
59.504971277742335
4.998451991434487
17.127442816895538
4152089759241292e-21
2.3008304169339877
.054365650521302225
3762631148882482e-25
1.2803043483843433
.3535862340829511
45.898417457028394
15.780948801386732
.7299728353730793
9.316414737313098
174.18819691512704
165.3718150057788
7.970601577159827
3.27085200220908
5.439361861062139
11.940255621455115
29.205752543569005
21.004261170565552
.0005296531935858856
.2954219601686659
.08605073322534217
51.44029183698144
66.98683661389222
1182016492151309e-23
16.04646024445391
5.9706897105009045
1.6465741354567403
1.6301832828128417
7.873481379444986
30.496627972026047
38.98705177375069
5.908533218904897
20.464514322449965
16.26867543188537
1.5316431291928478
6.64623868394122
16.246046059814766
.0006206383520475497
19.7688521152674
19.917204964723997
6.269436823689408
8.762475910499475
3.4343601658053564
18.068108096616545
6.0043043555155355
24.352803025335863
.6823750959370699
1.3324608591978724
.885346677489791
.2210848655496049
7.466659280758281
2.4902826191132674
78.70678900294843
35.22659791070479
1.5356670410944646
3.4471439124557905
19.318786887734706
29.45097116572237
14.0609591519732
5.406448906844524
.3044901748122071
.00018494100889016366
8.214414963644028
7.547805250201283
.1920096504402079
12558437941330424e-23
11.09324830211289
4.318935207358125
.04401629575049809
34.096625920824096
.1263419881888791
1389181720285959e-22
5.691397094181747
.03791557620575801
4.699285696823271
4.980920703371678
.3208567191928942
.16163383774576856
.3466416051369792
.21886223204367297
2.7803181017867304
.0015105877866323264
.04798976366147215
1.0140224085730578
3.57569939239504
.9332859270040639
2.7704356406352653
.33134188656683
.020179472772984087
.018160993667890844
.8701145958374528
7897959808379535e-21
.06427066636248153
9.619177339757607
.3203105599416229
1.580090100011592
.004373440616065745
.00036455234015816946
87.8267648266261
305.5195022372841
14.08416201082642
26.03195454439957
69.66177614702316
.0001886410086967189
37.02362034373111
7.929141172631307
.06374128711414959
.12137257087724942
4.5848037808966815
.39372549393644746
.0540255648432083
.06549737460161799
.31910563054623536
.3769900788346218
6.139390523678873
.4016154467744644
2.350146356296352
.0017388192678865746
9.912742887026107
26.72428035628847
3.0032276086138734
3.3646589121101713
.5945324370289302
27.72504528964832
4.253944542877141
22.817064724015633
9.27111286056848
1.5769928454863953
13.687684458810173
6.354451167256048
.0017388192678865746
1.9722067483597212
6.955277071546301
2.32424317928449
1.86484276454137
10.998918570003525
.09965075907206329
9.495749093927254
1.5654140148910634
2.1443123416842416
18.94213870718831
11.557467752909963
.5453514725034388
14.52637096976631
12.54397482399186
2.054913324643887
4.648484839720107
15.017240434654337
22.367757721717087
10.808380460089879
7.555172193548611
32.73389569402614
.0017388192678865746
1.9233004358261112
26.500586329162758
6.47092055469107
32.95947872440579
34.75188361775565
3.708322935556877
6.12755175179829
14.946637022393606
.03944413496719443
5.042323099067543
6.999107294851294
13.966350917297127
2.9637445203815
5.754425906072025
17.22686810576969
18.54389237556723
16.51793519259185
7.377029834644901
.4353015882984475
13.04272011586512
16.963455357265598
1.5057077798222092
1.8761433261150573
29.729697311921544
22.64655757683831
8.347006687464253
.39860303628825317
.09656196882299603
.0986103374179862
2.9180224693499506
6.140037166733345
1.9165563874300942
12.204769371696942
12.971068418889292
7.527657216224481
4.586070117820382
34.00819420621911
7.472321135794325
11.820593903676826
16.554397339135946
8.39333930813795
10.629496610849456
.0011869686367409044
22.58075207306578
4.225506161164271
3.189652528845856
.0001383663892605505
36.55266565859005
3.496644696995511
1.1515076488843654
.6599754261289041
1.3869786614550816
.0017388192678865746
16.90366076094339
7.89633540854314
4.25508195707283
10.911212317122319
.03944413496719443
6.657495761050109
.521862878407571
5.948825411248875
5.246523537173995
.0011869686367409044
3.593951391122606
8.65120690409996
2.8483420374030524
6.108987029798908
8.518950216456767
.5916620245079164
.3944413496719448
.18222644184839099
6.0874233065911705
.002431968396700717
2.0353355665944513
20.851035922862415
38.65111656011302
10.327116412067745
.15559809016593096
.1586991163586691
25.24117949040328
36.513506678503084
3.586753702891023
15.037697131384432
45.13050250300111
.20949679067946378
9.324213822706861
9.324213822706861
9.324213822706861
9.324213822706861
9.324213822706861
9.324213822706861
9.324213822706861
9.324213822706861
