.07083377908889031
7.1275777291908184
1.0083527430799883
5.059229318642074
.18864070807830743
6.284938303895475
.004406585810651997
11.956565311346125
13613044385096353e-23
.3602032992379103
1.5741519559654578
.00018197626025206825
14.101561629836556
12.37881282522335
23.431057246229255
5.547088762999966
19.2541802898207
4.388260272704463
6.174528657403051
.006198763804693657
59.432679928557164
4.981403306614009
16.69430248436017
4145220616886099e-21
2.292512986517843
.04866359343208195
37666955109677626e-26
1.2791209259907999
.33219939309376817
45.11168219480918
15.779991389544987
.7293886556322893
9.297979716684681
173.86109668211222
165.617037806149
7.895391647636703
3.2732110776917924
5.428610435548029
11.746607165888985
29.138481735761154
20.80407220427348
.000529250974657436
.2951605255166906
.08542309591537722
51.40113726753532
66.56772771144513
11708701037217248e-24
15.768469458019759
5.954547533382966
1.6523347961252057
1.632355523560974
7.89534192060202
30.43266025825631
38.70002134537463
5.916458498803222
20.428565847796634
16.086332693705245
1.51966044538788
6.620546911672225
16.254616789419295
.0006233632902317226
19.730285893202765
19.912608089993284
6.252345130905221
8.752776442887258
3.437762178918711
17.62437581764592
5.99682638533752
23.86288292294526
.6838927611805655
1.3433880223011168
.8537663010777458
.21293871775200424
7.361758447983867
2.419097609513306
77.22974896897708
34.867835217525936
1.48411680953233
3.34724250479301
19.285489322352973
29.42138481575037
14.002537436504966
5.312922968689648
.2989378215665735
.0001837558217701273
8.102172396625361
7.467546172223217
.19214380065629907
13029608492846342e-23
11.028547476714651
4.25699653916268
.04537068440361099
34.04056695634841
.1244322625744075
14176646719431484e-23
5.676534567167099
.03731051906921179
4.6667738218607395
4.9435356107397
.3158220065089133
.15362177211097328
.3391734299018876
.214137134193539
2.736475411006417
.0015088951035093928
.04548141218053332
.9633080902641723
3.5484858819552003
.9320942066787116
2.7507152434303164
.3145470751012831
.018965144389592747
.017265410223994214
.8579838131970828
7467032783880602e-21
.06109558359723696
9.465807749418516
.2981665591890265
1.5811997770399775
.004294814529061092
.00034162979800689047
87.67524703611058
304.9924232764482
14.059864165934197
25.987044496270688
69.54159639969875
.00018298186577059758
36.84949890836307
7.89915031948894
.06379492268333394
.12136263962888104
4.5485447554148974
.38700712635201096
.05324958483499242
.06453206094091755
.31909461087602187
.3765672046041273
6.136740906266781
.4011649499774811
2.349537742824818
.0017358194755784317
9.906241557036786
26.69430341491611
3.001748482405983
3.3588542387260647
.5937735942017018
27.677214339566955
4.248608189984288
22.791470552632823
9.247131574787574
1.5767205729339864
13.66407061272844
6.343488536414504
.0017358194755784317
1.9718662409396712
6.943277902313729
2.323841891717046
1.8632334668092616
10.98658095294755
.0996464575428196
9.485097599852192
1.5636580714747303
2.1387657187660625
18.920891086151478
11.537528933788797
.5444106380057635
14.501310230731999
12.522334093476902
2.054474499405804
4.642686193447192
14.99133285289619
22.32916910655551
10.789733958313377
7.5421380917006084
32.67742352907374
.0017358194755784317
1.921640691053849
26.470860308026495
6.465775891495345
32.90261738603447
34.6919300417312
3.701925376694009
6.116980565389059
14.920851244883286
.03943732481879342
5.033624137463478
6.987032510188664
13.942256318836957
2.9620412370060247
5.74797109846942
17.182307926925194
18.51190065179316
16.499406829310992
7.3706637014736085
.43511372231021656
13.020218955334279
16.934190186445342
1.5054478148505435
1.8729066238179322
29.678407957721948
22.587978463697123
8.337643751333928
.3985858301712784
.09652029493485477
.09859331204698368
2.9104745156355465
6.1241549325058795
1.9162254882120444
12.173199692134787
12.948690871095799
7.51921335408737
4.574207479563169
33.920226317529
7.463939344793153
11.80020114214904
16.535828075834036
8.378859209394399
10.617573378774617
.0011856371999815216
22.55542297637866
4.2182163633604555
3.1860746578768104
.0001383496990192645
36.48960539274768
3.492722469280326
1.1495210802675537
.6598614793888706
1.3854228710852439
.0017358194755784317
16.874498747117897
7.887477995716955
4.250308981312166
10.898973081207597
.03943732481879342
6.6500279693096
.5209625661799205
5.942152543421942
5.240638449666089
.0011856371999815216
3.58465503407363
8.628829108873308
2.845147018449303
6.098447871048494
8.509394409236211
.5915598722819013
.39437324818793473
.18219497990575728
6.084796117014989
.0024256777032307386
2.030070830352253
20.82764706924019
38.55113897533768
10.315532363438455
.15532965401350163
.15845268768162282
25.197633678896487
36.45051396931219
3.5805658739614454
15.011754257953003
45.052643845249015
.2094824636905992
9.316167334046318
9.316167334046318
9.316167334046318
9.316167334046318
9.316167334046318
9.316167334046318
9.316167334046318
9.316167334046318
