.07428713729823759
7.126733698787909
1.0049092863534579
5.062685981180306
.18784318489289253
6.287205206349851
.004390015438206201
12.052038499413504
13500369893535469e-23
.353948471570218
1.561537747940249
.00016296125349895673
13.459699800803993
11.775851314319688
22.41661413608075
4.954221182373067
19.099661982633815
4.302497134981379
6.0669243501565555
.006149715781985329
59.137448568617735
4.917529358206481
15.091174244469633
41151418508182675e-22
2.262465693407954
.03141761575204371
37852402845279585e-26
1.2743378570132975
.2583743734746454
42.098021035972266
15.767918262623834
.7268945095620729
9.223892536767895
172.57416864125167
166.5355289116036
7.606296079188788
3.28389324112633
5.385515525322266
11.024305067482308
28.866103721988488
20.046085606193415
.0005274842218245411
.2941171480715074
.08321633878025714
51.24441514240132
65.08052736971712
11303914504502254e-24
14.641200641742559
5.889571055336115
1.6727908572155388
1.640911185972686
7.976481113464384
30.177820330847823
37.668454107798325
5.944918708858312
20.275149017585182
15.356484704726183
1.4777558848589942
6.518809724034172
16.27658721175727
.0006333626453117172
19.578293320375234
19.876723198762345
6.187485914267679
8.711669017601626
3.4465639426629
15.971728220218761
5.961377311420438
22.024041564831172
.6892297534382883
1.385545507083415
.7417545284833279
.18418078254392883
6.9292790356530904
2.15883847794961
71.29791772408394
33.307791793582794
1.3003368193556237
2.9855317753103043
19.158262050287583
29.294765761580283
13.787050198266645
4.932181944362435
.2776269963192383
.00017902149380411963
7.6544849539404884
7.15303713007995
.19276466395862463
14999562941937403e-23
10.770681350292492
4.009768647242196
.05111742981549647
33.826244716870434
.1168600689723507
1524005271479234e-22
5.617263124688791
.03498764118359691
4.551414487266093
4.810457044653632
.2955005071970212
.12446594409983751
.31008594702625225
.19614685604219811
2.562474496192607
.001502188211411929
.036695343339119266
.7846476797444428
3.432923542139584
.9272764306547515
2.677778641817323
.2542199082978237
.014745141942012204
.01395581491307361
.8068662020751844
59758153799911755e-22
.0495426664700523
8.963530107711119
.22370113835775499
1.5840212495236814
.003979597603097716
.00026292867274787683
87.07178533775652
302.89318487156834
13.963091247750029
25.80817775181244
69.06294716529933
.0001611640073280751
36.27146908258325
7.807952759803254
.06391812859153165
.12121898338509005
4.454890688562212
.3665371889602004
.05007755440316882
.060614349912537245
.3190505360004575
.37488044579522817
6.126153866813831
.3993680104008989
2.34710486464671
.0017238719692504805
9.880278848475532
26.574731527396406
2.995839258864476
3.335735514206355
.5907478961751151
27.486714291541027
4.227329636281587
22.689380638130494
9.151825145711872
1.5756319527299387
13.570021909848927
6.299826813236267
.0017238719692504805
1.9705047990542697
6.895487877001925
2.3222374341627003
1.8568101516104654
10.937368722101402
.09962925328256478
9.442610968689934
1.5566539723553212
2.1167223292418034
18.836138671916842
11.45811704684737
.5406635032177922
14.401498874664847
12.436143871551502
2.052720135361467
4.619563852080691
14.888148710395015
22.17547922523328
10.715469084253881
7.490226159702699
32.45250744195319
.0017238719692504805
1.9150160226602473
26.352289290004254
6.445238108518137
32.676151307645284
34.4531482677427
3.6764453210281305
6.07487787842123
14.818152221641103
.03941009598108538
4.998978105960212
6.938941325417699
13.846292886038327
2.95523788676138
5.722224191237196
17.00521685835435
18.38448472329864
16.42550097805608
7.345254059030908
.43436306879314945
12.93060183180919
16.817633512633467
1.5044084037237289
1.8600155576359092
29.474133854413918
22.355173344617455
8.300296914245953
.3985170131302591
.09635377915944665
.09852523995271362
2.8804774370001183
6.061035755169324
1.9149024625486595
12.047735467504737
12.85956606964169
7.485532515166911
4.52706298105542
33.57062432283287
7.430506094937649
11.71898130345012
16.461759082761002
8.321188193004925
10.57001404485809
.0011803263710862392
22.454390390617913
4.18918271821304
3.171803262414655
.00013828295818404907
36.238450363398194
3.477077505194057
1.141609018803885
.6594058891272438
1.3792171415281254
.0017238719692504805
16.758352924698773
7.852147587687237
4.231270557288206
10.850153272610598
.03941009598108538
6.620240475551479
.5173768225910105
5.915535838557865
5.21716403935858
.0011803263710862392
3.547709450678096
8.539895272167296
2.8324027413659403
6.0564727431304535
8.47127824882
.5911514397162809
.39410095981085447
.182069186445834
6.074298692154146
.002400677228422551
2.009147714892412
20.734353716199486
38.15380804489453
10.269325962908155
.15426053245428745
.1574707935922779
25.024200385824525
36.19962800309711
3.555921126026153
14.908429556557559
44.742550108541366
.20942516553235885
9.284050758052338
9.284050758052338
9.284050758052338
9.284050758052338
9.284050758052338
9.284050758052338
9.284050758052338
9.284050758052338
