.08247877056506248
7.125039949986178
.9960205446497558
5.065744590587533
.1859311453925623
6.292236428506299
.004349719563372927
12.287981916912072
1315577976420005e-22
.34317723411255624
1.5320600701578435
.00012803554480003742
12.104724682803765
10.556140491682198
20.276104918680467
3.739582403738192
18.766572655406332
4.28221722486236
6.005637947838807
.006033687535739497
58.3974922796203
4.790362630789514
11.697086837101018
4029146620109058e-21
2.2090577256339943
.01154792124724728
3840196032970092e-25
1.2627201286058725
.1369205973798936
35.702511597648346
15.693563155409176
.7201049270155931
9.04649098031402
169.65373911818926
168.35497731367636
6.9985769890742295
3.31091510248896
5.2829888826175155
9.612666461710218
28.203183447958722
18.493159013834923
.0005224348817722149
.29165721691724283
.07955708493395941
50.872298955095104
62.05312634329024
10444085643522783e-24
11.994342420642226
5.732724008309295
1.706243632133597
1.6600004893376386
8.13242419433391
29.579200458207048
35.83509624659573
5.994738453773161
19.855746856931184
13.459209768391332
1.3944865207317825
6.284026502140994
16.259184591437737
.0006517026978861336
19.231209967649676
19.695997961084174
6.049167465410081
8.600941690775908
3.440061730482324
12.419567429821546
5.8460578103318275
17.858957604647692
.697911141459191
1.4760411659014656
.5288698041806144
.13010893225284512
5.815190885855815
1.6247952709437594
57.65481760243175
28.82334968710451
.9441504097606348
2.2511772417650064
18.890258878305243
28.946902261497794
13.377004591254444
4.0316239739126445
.2308640645180035
.00016780249837263544
6.611812519805636
6.448455127045656
.194673003466011
20808840823801073e-23
10.16786123239854
3.4343536793281797
.06720858865060958
33.36119633215117
.0994476734302945
17615981107251575e-23
5.479219889457811
.029845196052586655
4.355061001393027
4.581550549911503
.2458656596388561
.07196393954084655
.24521226817957922
.15861831131634446
2.16343023349813
.0014867425025534395
.021420881244518207
.4686605757626354
3.1096412220033165
.9155849458112222
2.5346768427468054
.144349298808212
.00767104344025008
.007742505170369454
.6766270771104798
3418989412525867e-21
.028224639331829112
8.126670286847972
.1091183748358739
1.5804853130296814
.003227230662588861
.000134170486762621
85.65688704781876
297.9712340048649
13.73619393707642
25.388800264308287
67.9406887268948
.00011479073341230135
34.52214828195513
7.526417670527856
.06367583680890994
.12009874927388643
4.276853211821976
.3288346447444182
.04210373041486087
.050865089237648854
.3189460113265686
.3709094789107132
6.101113579126734
.395137655999051
2.3413439595423196
.0016958594105105542
9.818965102783672
26.29323543966019
2.981868605481356
3.2815305101809153
.5836322256448185
27.040060936539177
4.177280502301689
22.449040603981622
8.929660972294483
1.5730526663396347
13.34951189365729
6.197455945906791
.0016958594105105542
1.9672791116077673
6.78343764204222
2.3184359655528435
1.841661972674229
10.82151330876539
.09958845532290628
9.342588959325095
1.5401649251291878
2.065338057892337
18.63661457366828
11.271925042714187
.5318778344369443
14.167477531800891
12.234059136191789
2.048564637059755
4.565175382782596
14.646219409543264
21.81513232855919
10.541344954096445
7.368511552111956
31.925160987465112
.0016958594105105542
1.8993929901429716
26.0731494488216
6.39678142223229
32.145170687142404
33.893291818516275
3.616703853943307
5.97616238420669
14.577360349083206
.03934558223215533
4.917745757891056
6.826184981014883
13.621293524299753
2.939162242985854
5.66161083296781
16.59240849641904
18.085740693927015
16.251511853851248
7.285330203745102
.43258763571724346
12.720482258072144
16.544350487535013
1.5019457092382176
1.8297906940759394
28.995185347429263
21.812492673971512
8.212375005947445
.3983538212916251
.09595993884750775
.09836395558038849
2.8105527084733275
5.913901716093921
1.9117677953112668
11.75527192618111
12.650600812173977
7.406241098225617
4.417166737499469
32.75568414586912
7.351797552069823
11.528550309739067
16.287385890155985
8.185970626271192
10.45804988078452
.0011678236199156346
22.216539519351564
4.121109375726214
3.1382055491689633
.00013812477248896794
35.64958312873344
3.4402461372662674
1.1230581111566207
.658326451360978
1.3646076155926086
.0016958594105105542
16.486033196748416
7.7689727558368125
4.186450307390208
10.73522169956989
.03934558223215533
6.550114770167793
.5089695574970668
5.852874803066284
5.161900592401702
.0011678236199156346
3.461587401241405
8.33258593834539
2.8024001695707783
5.958056328512684
8.381545199862972
.5901837334823301
.39345582232155396
.18177114185878446
6.049470359393382
.0023423998396391406
1.9603748598339164
20.514722543375335
37.22760927120059
10.160546874048256
.15175383108451757
.15516593050190272
24.617562366452137
35.61139162366278
3.498138151887614
14.666170696199908
44.01549303269915
.20928931253340183
9.208309863371154
9.208309863371154
9.208309863371154
9.208309863371154
9.208309863371154
9.208309863371154
9.208309863371154
9.208309863371154
