.08499079495269835
7.124599298901114
.9930624615595883
5.065291050310455
.1853408396954919
6.293635552353791
.004337111223391856
12.35735683935402
13028550365911784e-23
.3407772109912775
1.5231428678920294
.00012000965943062497
11.764629281559301
10.237404367317557
19.692222567065343
3.400122297474241
18.672635554877587
4.302007972356758
6.01513084255634
.005998180044232803
58.15895630504294
4.756975737698163
10.720505102702392
3998845345857551e-21
2.196703034152799
.00857724562434557
38577402649720393e-26
1.2590954323150239
.11104665341474558
33.924307665834306
15.659809634991966
.7178136119747447
8.991781393767807
168.79376323870446
168.82285341424864
6.834287921867766
3.31817711873805
5.251538682290425
9.254122404201018
27.9963714363028
18.07835589406826
.0005206848588669594
.29090707890513573
.07877115097574389
50.75815216381444
61.1743442571388
10189250809109687e-24
11.2290824973504
5.683575524284003
1.7123196271231294
1.6655183483660496
8.171068973595014
29.39708371320481
35.40527495031101
6.005742249406977
19.71155144730333
12.80727216743001
1.37064400831
6.213777947624987
16.23581524857631
.0006558944345517013
19.128308837885303
19.61739734789979
6.010530303981108
8.562746973176587
3.4304192882761018
11.387299819327664
5.802494134864453
16.57692834730844
.6996195933353166
1.5012383626686063
.4733098595678573
.11613040735549797
5.451083693496066
1.4757988965514721
53.76754273665376
27.246222148555624
.8493202658036202
2.046739818293191
18.812473612127224
28.82500810279013
13.274417732972921
3.769350559494768
.2170692392789003
.00016434183760835426
6.299461298964531
6.243937541220015
.1953022326032678
2308276173783652e-22
9.986509586291078
3.2632640549467764
.073517590035216
33.22925328164296
.09428367811366373
18376938098236339e-23
5.436794072400407
.028300443710223683
4.311521295664837
4.53037354852273
.23033468283034056
.05997321335650035
.22639864587681652
.14836225397300026
2.046040029422908
.0014821414203158502
.017939212913582317
.39534693964581025
2.9947982883578894
.9119383162383552
2.495987664059026
.1187062117505372
.00614527417105415
.006290090753218207
.6366144059024108
2835248800520031e-21
.02322314876570535
7.903408018921572
.08629212676332067
1.576263097913753
.002997057072591442
.00010694498008792264
85.22762188436451
296.4779662142861
13.667355694888764
25.26156557401092
67.6002073965931
.0001021630038762626
33.966127821518306
7.443419529150752
.0634154297774497
.11944232789142727
4.241976148753502
.3200787341230702
.03959335226872981
.047810926295550234
.31891396493027047
.3697002007507065
6.093455316514427
.39384938658356133
2.339580170290001
.0016873606967218794
9.8002391338042
26.207511463377696
2.9775974689953437
3.2650852857584294
.5814673728890515
26.904551036777626
4.1620516115738155
22.37584987670438
8.86261931996851
1.5722625555018246
13.282611489001372
6.1663977084280575
.0016873606967218794
1.9662909892261464
6.7494427868875215
2.317271464565464
1.837041478694877
10.786231870984551
.0995759476769856
9.312129266519156
1.5351435171774772
2.0498320183638015
18.575853519390062
11.21543635963604
.5292123555314382
14.09647793365967
12.172748766695467
2.047292009228389
4.5486254021072225
14.572820620659952
21.70580689463854
10.488517536235442
7.331584628605313
31.765169655513755
.0016873606967218794
1.8946276564359203
25.988143020073412
6.381994939715435
31.984076787692405
33.723437298302905
3.5985789252360343
5.946213148236283
14.504306643903755
.0393258197845229
4.89310072338952
6.791975899729819
13.553031099727837
2.934250070864554
5.643152252855832
16.467836859811698
17.995104917835413
16.198526962740704
7.267052243487761
.4320446414467395
12.656734203666664
16.461439310616903
1.501191313909908
1.820620790423696
28.849877440423466
21.648729956131678
8.185600155745066
.3983037907079424
.0958394876540618
.09831454946130744
2.789451784472976
5.869501627000901
1.9108075550810613
11.667016296329376
12.587202965105348
7.382094490718763
4.384003758792877
32.509762694313444
7.327828447148004
11.47077556209574
16.234284038732802
8.144947047899072
10.423953444763976
.001164016158314892
22.144106816605394
4.100456644220849
3.1279740408145082
.0001380762999491994
35.47092704331805
3.42902988436526
1.1174299621510988
.6579957880111946
1.3601585780771446
.0016873606967218794
16.40341427398785
7.743643532364522
4.172801201038038
10.70022159878453
.0393258197845229
6.528759395912158
.5064188822644933
5.833792644008534
5.145071220262579
.001164016158314892
3.4355986722437395
8.270026975447687
2.793263489293387
5.928197830125964
8.354218803171602
.5898872967678438
.39325819784522975
.181679842087164
6.041876920576557
.0023248136898239647
1.9456568576399547
20.447838283627764
36.948113728712414
10.127420388673455
.15099332442416066
.1544659092204507
24.494192695929545
35.43292693304625
3.4806074092081922
14.59267192245113
43.794911612309065
.2092476698741838
9.185207393474395
9.185207393474395
9.185207393474395
9.185207393474395
9.185207393474395
9.185207393474395
9.185207393474395
9.185207393474395
