.0967885208655445
7.122947098574498
.9773547944574315
5.054708209082257
.18255655761448447
6.298592407379959
.004276513449255493
12.631499242586807
12298571794226282e-23
.33321080513326
1.4820072521511778
9323648544475445e-20
10.51850153222479
9.029496782154382
17.33054526297761
1.986001672209253
18.271883878299878
4.4830255678190865
6.1579708858470905
.005831665324947718
56.95941013902546
4.624216837042926
6.488788990218671
3833464601971362e-21
2.155210238374217
.002224981274111689
39206349711811926e-26
1.2418307698418294
.037185756760523755
26.520223667540037
15.447717610992033
.7060274001870996
8.73417925480786
164.96048363280568
170.54459398170494
6.188596701882622
3.337507285058505
5.104349198039646
7.931062078422287
27.01264587966971
16.4428987905979
.0005115001023208374
.2874103233840406
.07641746060348285
50.222370119935576
57.5084975655851
9090139408223746e-24
8.151784500620758
5.440826690625788
1.7143047147914556
1.6892066532957661
8.304529265121905
28.549345727079945
33.91237105987038
6.034696462786971
18.918001439007455
9.26283297922592
1.2731970984554482
5.8937161605247175
16.012627137845588
.0006672717367597131
18.665121677393802
19.12905538652995
5.847511741996622
8.350668595338915
3.3359346090471917
6.890267249786131
5.5461223389893215
10.595394487560984
.7026155560482416
1.6044316045090354
.25851960573926125
.06268656323129725
3.679110791912419
.8570758940620181
38.322088489742875
19.044644701237438
.4744843024859744
1.1962102620255348
18.422391742907593
28.13533857241413
12.892796657832152
2.7030413599869423
.15346035163399013
.00014779330923476113
4.899601952106289
5.353945678954243
.1976362620948915
39092919650651063e-23
9.172130139059112
2.512161888325005
.11837034589165565
32.66218668327472
.07142331088633765
22650544770722458e-23
5.228795424313537
.020878246602895768
4.17339121212809
4.3675433365536325
.15814511804201115
.023223882485184696
.14593372733961688
.10674399541454405
1.5357758569718818
.0014612982072299044
.007076868906887852
.16182436555148333
2.3525303781167026
.89449598746911
2.3198851709615846
.03991792855065356
.0018340266303668734
.0019402017817759746
.4652010277406506
10108998968018998e-22
.0077881236314820855
6.782726534041498
.025645739449533002
1.5345353176303445
.0019592686038401763
3134415605934124e-20
83.24017707749101
289.5643203647696
13.348643116748852
24.67248463753142
66.02382079605864
5373198907673204e-20
30.609958047624552
6.966630424727491
.06002769012542727
.11246940677892758
4.051121937795239
.28270672173707284
.02780824111301689
.0335284023180339
.31876350205353726
.36407335245283906
6.057616666209785
.38785498694295045
2.3313142890275826
.0016480126992079703
9.712769196409281
25.808632341944698
2.9576197636982964
3.1889459232876094
.5714070655024701
26.27715690026335
4.091268446815803
22.03528876113991
8.55442909431912
1.568557104272041
12.972870859826585
6.022601896321979
.0016480126992079703
1.9616569061090203
6.592050796831887
2.3118102034242702
1.8154959109643758
10.622065093902982
.09951722651118354
9.170398375904448
1.5117785861629092
1.9785508124950684
18.293128463940352
10.953900718291715
.5168715166756822
13.767758543806574
11.888889311429086
2.041325678435484
4.471697402129061
14.232993273332044
21.199643608159906
10.243933101655356
7.160617523409711
31.024429504897306
.0016480126992079703
1.8724066946507671
25.59260269301841
6.313006119802067
31.23823188543069
32.93703180151019
3.5146627389227705
5.807551876447435
14.166076991598795
.03923313812218038
4.77899725074536
6.633592069090467
13.236984486188682
2.9112896406719093
5.557263303961267
15.895181511031492
17.57547244391023
15.951984889776789
7.181821306609629
.42950357139427847
12.361588567675733
16.077570778934327
1.4976533607984488
1.778165266554652
28.177119737812674
20.89591335312467
8.061015072453658
.39806890604473416
.09527580781971542
.09808284530545114
2.6924509155585388
5.665394583070991
1.906304233304378
11.261305495130973
12.2936787459267
7.269738788083357
4.231553669390306
31.379262698900778
7.216298675345952
11.203285600301077
15.987197741984929
7.955012935522103
10.265300556346231
.0011462997969880534
21.807072837462847
4.004837042462823
3.0803661807928178
.00013784887605045173
34.64377138428911
3.376839945249735
1.0913723258329666
.6564450474600402
1.3394569231569087
.0016480126992079703
16.020898843039134
7.6257850423206985
4.109291039864953
10.537363900661386
.03923313812218038
6.4293914793693006
.49460957026673724
5.745002142563322
5.066763079830535
.0011462997969880534
3.316128581990184
7.982443656377763
2.7507499340442676
5.789956662167668
8.227067338938733
.5884970718327059
.39233138122180455
.18125166564046746
6.006341628547192
.002243970224727216
1.877998256458552
20.13662156314001
35.66327376252828
9.973280742386866
.14747227230673185
.15122026949980152
23.92300632470669
34.606657408349704
3.399442230980155
14.252381657517612
42.77364681896001
.20905220587845325
9.07747955482189
9.07747955482189
9.07747955482189
9.07747955482189
9.07747955482189
9.07747955482189
9.07747955482189
9.07747955482189
