.10780475651282419
7.12185314131911
.9594426646329335
5.032254884116065
.17995166935066406
6.299585534107704
.004218104956049941
12.787238971537452
11441183383617687e-23
.3290537579489024
1.4446716301693034
7837929433367092e-20
9.697215016523032
8.248082091616777
15.576030151718182
1.0947041299023823
17.83210569478167
4.767263987073223
6.4170667632584175
.005676115492046019
55.70896700467692
4.520221681937552
3.6633009025244543
3649015890395417e-21
2.12887966788217
.0006773693623514118
3911296981805886e-25
1.225545626145162
.012089162283975677
20.81616082446518
15.188775437216178
.6938553128312944
8.494234720211534
161.65542223160216
171.55952623896903
5.748398485344036
3.3283992221610252
4.968337961439418
7.10140866905663
26.087507922482082
15.297036793867285
.0005018443649946966
.28418394546997705
.07527015329782188
49.72352319999425
54.84135989493337
823367220834339e-23
6.066741420598973
5.190304336878661
1.6774610648073272
1.7031797986714037
8.370069734598205
27.767435975568443
32.92406438323005
6.033459393944465
17.98789003575563
5.998795167262211
1.2049038706844954
5.608017454074967
15.636541846211474
.0006677884095932526
18.257571790370122
18.544110449275987
5.669846751986903
8.095602071796543
3.176999350370792
3.8771746630134007
5.235485389688701
6.274471594442632
.699078618587576
1.6794051208413987
.1355751134854169
.03257583624888231
2.1547990427342185
.468499900133044
27.995332700158723
11.56154517229026
.2536187033855191
.6615276453340421
17.94469415471268
27.287184887550687
12.626518112164717
1.965837674307771
.09784096272703462
.00013183715270329393
3.7301361119034095
4.6235034157473205
.19742702471199358
6539943924555915e-22
8.491971102431897
1.9110279934446248
.19356778196662136
32.03893206842006
.052754293350365286
274284810511724e-21
5.012328905612685
.01384754792923085
4.095471878048576
4.2790206299203755
.09839944018108528
.008240956803580758
.0862133276136444
.07635108600008819
1.13303089601761
.0014425668803718778
.002728932535671751
.06497654869636099
1.6450228515695802
.8777979286001873
2.132676694034332
.011549786967096362
.00048063406681803957
.0004850091170927492
.3379973691207149
315812505740225e-21
.002188638072774975
5.430004586210574
.007456894768840217
1.4615640699736463
.0011464480799353372
817054244511201e-20
81.42624676708932
283.2542725493792
13.057755840888484
24.134833598234906
64.58506112548503
2500278954807397e-20
26.805424937716225
6.526014193263563
.054594572682660644
.10203063745463259
3.997264898748345
.26592685331059185
.01865292171382857
.022485082078487182
.3186230700422774
.3588965766548576
6.024342323633178
.38234005898679685
2.3236223142531585
.0016120999910425688
9.631798310501368
25.44165820778559
2.93908642789869
3.1194539319010666
.5621703682692002
25.704537606959878
4.02626125495172
21.721967973469848
8.276337105070118
1.5651049896627602
12.69017223409373
5.891360223000561
.0016120999910425688
1.9573396489014048
6.4483999641702825
2.306722321220052
1.795605739351686
10.471029460198304
.09946242634394759
9.040004058247318
1.4902825366881847
1.9142310168418004
18.03301762621086
10.715198528704313
.5056080986532949
13.467738104089658
11.629812295543644
2.0357702608324333
4.401040235547386
13.922834659875395
20.737671067246687
10.020702188372683
7.00457675532227
30.348359907045964
.0016120999910425688
1.851893021080679
25.228700294405662
6.249260633843234
30.557503207888477
32.21928368495097
3.438072881755162
5.680996470779433
13.857376585896587
.03914679297802807
4.674855617812703
6.489035988800516
12.94853042204773
2.8900123622501437
5.478244320613167
15.378452387773908
17.19247611563524
15.725162880555828
7.103138860993842
.42714431861221175
12.092210714637918
15.727216010630693
1.4943572926907787
1.7394163356038648
27.563097358875936
20.21661774526181
7.946395127178623
.39784970537579034
.09475246010008496
.09786698244507035
2.604923270778573
5.481220884029755
1.9021087974636293
10.895216909656416
12.025780751394347
7.166370036807683
4.093992043177735
30.359168723149743
7.113689791499182
10.959148934090546
15.759875039593592
7.781661080804784
10.119337774063276
.0011300005072809125
21.496997062542125
3.9175655402316334
3.036566311930636
.00013763685508437308
33.88883081127606
3.328824502250537
1.067589659682232
.6550003289143431
1.3204111233599138
.0016120999910425688
15.671779042582507
7.517353652926966
4.050860840953894
10.38753263713178
.03914679297802807
6.337971665252422
.48383127398216336
5.663313692006297
4.994718541802527
.0011300005072809125
3.2083260876561637
7.722946077872571
2.711636893804103
5.663784683032628
8.110086288824391
.587201894670421
.3914679297802814
.18085276303041276
5.97334893851858
.0021710220318402907
1.8169472774643445
19.8502980119686
34.503912847334135
9.831470203313282
.14425862675631493
.1482512236250977
23.40168755999624
33.85252560543132
3.325363204268162
13.941800541623092
41.84154387089565
.20886985441536912
8.978028696758438
8.978028696758438
8.978028696758438
8.978028696758438
8.978028696758438
8.978028696758438
8.978028696758438
8.978028696758438
