.11792201712808692
7.121015771592785
.9400002716613366
5.000882163670745
.17756618051552558
6.296491057083324
.004163122323207345
12.834990795895859
10552345478437149e-23
.32596042154449595
1.411266850301141
6998195822342656e-20
9.161727058727026
7.74778388075658
14.247636893480275
.6512656603541196
17.21865546164003
5.089677413927342
6.720319360802333
.005532646828207743
54.43453117049752
4.430851585266259
2.2091073823876988
3461330492481575e-21
2.1070064758569433
.0002452822985399298
3822448791770029e-25
1.2105806413964515
.004473734356992283
16.486906493583486
14.91489113418154
.6819833429361223
8.275796518799675
158.8173679110107
172.08657566912018
5.454339367829017
3.295499765350877
4.845198142486274
6.577238122929213
25.242896169441906
14.489307678874125
.0004923577622055028
.28125343097689215
.07449293568661942
49.26754471360114
52.95702462557949
758312675332784e-23
4.703900254169659
4.939944849813029
1.615487073610631
1.702297487743073
8.390217957967357
27.056519487868833
32.118578177038366
6.016519511593145
16.997440851120764
3.9067125980600803
1.1584960789998344
5.355813963428009
15.172246626831134
.0006632487715986548
17.898044095533592
17.95597138666797
5.4232403892095915
7.811425223625625
2.983552712651477
2.3240816718647492
4.9079845455056885
3.9473009418310507
.6917099276567673
1.7321357824591723
.07796831516066387
.018606120150326932
1.1397285275625806
.27599638155810674
21.297824861859606
6.410269518587765
.1480456685336998
.39591431159331253
17.368661129728824
26.32974415697154
12.419213205469463
1.475560530487133
.057084830051577225
.00011701407465127692
2.8140408767366867
4.03235798405895
.19428769985565278
9869480621704507e-22
7.955805385796921
1.4574653787380567
.2837770000303244
31.169083190739606
.03852984463481115
31124585398732847e-23
4.794221125224527
.008312624073880176
4.036315994448851
4.215153654911709
.05736839022873849
.0028252727513298297
.04818612594392561
.05482289438538635
.8341400530510072
.0014254159510455192
.0011949970702809563
.029699106314011958
1.0336736406527227
.8621598811963156
1.9308736949075824
.00342824524463898
.00013251599192925115
.00011847239929990126
.24873642764635295
10227809523182005e-23
.0006127361522518524
3.950537737985039
.0024907690736123357
1.3690179862538985
.0006219919023851222
2265781446652649e-21
79.79518320698949
277.58035608458874
12.79619362263134
23.651384474959524
63.291346335585395
10775342285974989e-21
23.070372683071433
6.133547171435259
.04964795212989241
.09271864044513885
3.973897399502402
.2588226099254077
.012980870494372
.015658048765012342
.31849415242439355
.3542071179155054
5.993944353843643
.37734428012556714
2.3165803986362747
.0015798077308067753
9.558029789975366
25.109229273695075
2.9221678205151793
3.0569675980990465
.5538190151850325
25.189645464873905
3.967469254844373
21.43814171494558
8.028909462754164
1.5619412765391179
12.435973148120548
5.773349343699642
.0015798077308067753
1.9533830701571322
6.319230923227107
2.3020594981325
1.7775307171752088
10.334211602892958
.09941212470345298
8.921884441643966
1.470810023099689
1.8570035669044267
17.79739238594715
10.500560490561694
.4954801733448416
13.197963458558199
11.396853467165853
2.0306815102198192
4.337132942667676
13.643943894690379
20.322271107871504
9.819975729337687
6.864266838641372
29.740446538586692
.0015798077308067753
1.833251396869463
24.89905393728293
6.191284247693017
29.945400452955088
31.573893511173704
3.369204235378295
5.567199425030185
13.57979702297644
.039067661403142606
4.581212757559638
6.359052960456065
12.689156117486485
2.8706084224876647
5.40666380863099
14.918701393044126
16.848090583777065
15.519692816769531
7.031636866084083
.424989009468837
11.849989501690322
15.412181363262834
1.4913365894091957
1.7045737791372622
27.010976077464782
19.612225971363593
7.8425649585467045
.3976484988138119
.09427435273750907
.09766915350785671
2.5270470297409946
5.317355451395598
1.898263862711727
10.569495784688495
11.784890208797494
7.0727319282702
3.971598913699818
29.451557367488626
7.020740020083927
10.739624282202419
15.553951415511236
7.625785250468987
9.98711523406766
.0011152355552054938
21.21611034669665
3.8390920915504987
2.9968895544596412
.00013744242327866184
33.20999764352895
3.2853290047471995
1.0462045822633026
.6536763071073315
1.3031582045951509
.0015798077308067753
15.357854862933054
7.419129478951575
3.997930983139231
10.251805776319873
.039067661403142606
6.255157677745467
.4741395641028381
5.589315003765221
4.929455934020718
.0011152355552054938
3.112410642263875
7.492062497911743
2.6762057691939956
5.550332409649941
8.00411727853594
.5860149210471394
.39067661403142684
.1804871861115317
5.943208274057478
.0021061176114506044
1.7626282018433201
19.59092759846786
33.47239108860091
9.70300903409476
.14136895667235166
.14557584505251522
22.932924214767624
33.174419673687915
3.258752265388799
13.662529867504134
41.0034085003517
.20870252378648527
8.88765358587605
8.88765358587605
8.88765358587605
8.88765358587605
8.88765358587605
8.88765358587605
8.88765358587605
8.88765358587605
