.11792201712808692
7.121015805199348
.9400082792658716
5.0008824423873675
.17756634207160762
6.296492691492996
.004163122319280349
12.834992297883414
10552648165309108e-23
.3259690795583271
1.4112668498905476
6998180587076757e-20
9.161722449564904
7.747773289910783
14.24761046968997
.6446879759343462
17.21875742681045
5.089729573801971
6.720303701612911
.005532646818953294
54.434530809150154
4.430902641268975
2.187292724626739
34613799621272345e-22
2.107049881975243
.0002452813995382519
3822702876766914e-25
1.210580637822198
.004428450334576084
16.487188920679973
14.91489112953041
.6819833406066775
8.275796452184414
158.81736765590333
172.08657455880314
5.454333626605999
3.2955001410208062
4.84519810612502
6.577227776792504
25.24289572532459
14.489291163130016
.0004923577629842075
.28125343097739264
.07449595765295429
49.267544703216124
52.95702439363837
7583123498888296e-24
4.703922920766066
4.939942308843736
1.615534334762743
1.7023018368334408
8.390218433197798
27.056519373376396
32.11968769276487
6.016520955816301
16.997429502458406
3.872803800984626
1.1584960727915918
5.35581918872144
15.172244336793492
.0006632481689874594
17.89804532791537
17.95595834504964
5.423281801537466
7.811564324993244
2.983656394324221
2.301158878625863
4.907977917461301
3.9078921013741104
.691709673215254
1.7321346618295268
.07717158801179758
.018415313071441605
1.139730126691618
.27322681455543524
21.29792232252699
6.410231345028373
.14653154607331983
.39189056809556916
17.36922589617012
26.330233405261914
12.419384224994161
1.4756125578876151
.057087457548385435
.00011701593580607584
2.8141324801713745
4.032358101713761
.19429460048852593
9867277731893945e-22
7.955872976812548
1.4574654363533723
.2837035679743033
31.16922576952926
.03853107231788192
3112531471507176e-22
4.794385707597618
.008313018808877389
4.036468080722136
4.215214879310319
.05736710904200938
.0028253793661894245
.04818504265515728
.05482453099396088
.8341606384408199
.001425416100202094
.001182841383891043
.02939684441482552
1.0336789737215186
.8621598973943662
1.9310005700256354
.003393730220878029
.000131164407256329
.00011740244755548612
.24874106577472355
1012298293379024e-22
.000606897818253902
3.9505438060779
.002465351122468563
1.3690596964169757
.0006219778195552276
2242466553421878e-21
79.79518320917227
277.5803560921819
12.796193622981376
23.651384475606502
63.29134633731671
10775376455700191e-21
22.828862282235207
6.068778163007048
.04912841190371126
.09174455037401659
3.925471735890596
.2555615254833732
.012848009894604225
.015497414565731081
.31849415242439355
.3542071179172316
5.993944353844281
.37734428012740606
2.3165803986363067
.0015798077308499905
9.558029789980797
25.109229273817437
2.922167820515707
3.056967598182669
.5538190151895608
25.18964546556296
3.9674692548746373
21.438141715050055
8.028909463869194
1.561941276539122
12.43597314846073
5.77334934385757
.0015798077308499905
1.9533830701571375
6.319230923399968
2.3020594981325067
1.7775307171782393
10.33421160294332
.09941212470345298
8.921884441687446
1.4708100231068566
1.8570035671623215
17.797392386033877
10.500560490848935
.49548017335839534
13.197963458919226
11.39685346747761
2.0306815102198317
4.337132942700023
13.643943895063606
20.322271108427415
9.819975729606309
6.864266838829142
29.740446539400235
.0015798077308499905
1.8332513968725883
24.899053937404272
6.191284247700618
29.945400453774237
31.573893512037397
3.3692042354704586
5.567199425182474
13.579797023347911
.03906766140314272
4.5812127576849555
6.359052960630015
12.689156117833594
2.8706084224886257
5.406663808657338
14.918701395115985
16.84809058423794
15.519692816845163
7.031636866096071
.42498900946888224
11.849989502014475
15.412181363684429
1.4913365894091997
1.7045737791838902
27.01097607820366
19.612225974087274
7.842564958584924
.3976484988138119
.09427435273751911
.09766915350785699
2.5270470300919428
5.317355452134056
1.8982638627117323
10.56949578615635
11.784890209119865
7.072731928304669
3.9715989142513815
29.451557371578765
7.020740020118142
10.739624282496198
15.553951415587035
7.6257852506775885
9.987115234116331
.0011152355552109287
21.21611034680004
3.839092091655516
2.9968895544742464
.00013744242327866195
33.2099976444374
3.2853290047632098
1.0462045822919213
.6536763071073333
1.3031582046015018
.0015798077308499905
15.357854863353165
7.419129478987731
3.9979309831587146
10.251805776369833
.03906766140314272
6.2551576777759506
.47413956411580804
5.58931500379246
4.92945593404474
.0011152355552109287
3.1124106426961164
7.492062498952215
2.676205769207038
5.550332409801769
8.004117278574947
.5860149210471409
.39067661403142795
.1804871861115322
5.943208274058111
.0021061176117430948
1.7626282020881083
19.590927598563333
33.47239109324944
9.703009034142047
.14136895667621877
.14557584505512647
22.932924215394948
33.17441967459539
3.258752265477941
13.662529867877868
41.00340850147334
.20870252378648527
8.887653585891202
8.887653585891202
8.887653585891202
8.887653585891202
8.887653585891202
8.887653585891202
8.887653585891202
8.887653585891202
