.1188810741869768
7.1209379612392585
.938022558505364
4.997376667871578
.17734087846266558
6.2959900857968485
.004157849703017733
12.834922965636835
10465473702344237e-23
.32569744776188786
1.4081433099369245
6937601186242448e-20
9.119831353116316
7.709145420007401
14.133454660685278
.6184448352429319
17.14787421708683
5.1206290126094265
6.749635117984758
.005518994265191176
54.30688439344081
4.422640134520687
2.1002760747550218
3442972941257708e-21
2.1050302007215986
.00022375262041866533
38105536003152606e-26
1.209163705394084
.004067598596762582
16.119930068109387
14.887534833318545
.6808309887681917
8.255221176400475
158.55694350246978
172.11895347548452
5.431099506418625
3.2912359945111835
4.833625789335602
6.536810887659427
25.163344969607813
14.42285378318456
.0004914354601483795
.2809772409801765
.07443074877884638
49.22445376563435
52.80344178184225
7527737099083223e-24
4.599903933106865
4.91540136845639
1.6085322360543317
1.7013958489321404
8.390398198819042
26.989472227580862
32.046393320755506
6.01445042016109
16.89873106451382
3.736027851819671
1.1548055981797412
5.332412235669334
15.123736644125502
.0006626908558378652
17.864499679113624
17.899487282818423
5.394979229150375
7.782374977076237
2.9636281663385007
2.2080089627343864
4.875690895950352
3.767120828294892
.6908499212996521
1.7364344840244659
.07383407191084569
.017608486667548787
1.0665279279837576
.2618434305279283
20.787319500839516
6.030830488912185
.14037103642542995
.3762027195398238
17.30815457361995
26.23143363392519
12.40118929565605
1.4377600813559879
.05398998021037449
.00011562136064419425
2.7360814947719923
3.9800619398354997
.19385483062281733
10210684398117502e-22
7.909771914702775
1.4194157648301748
.2924346168400832
31.068279974380022
.037341231475018326
31387641341620675e-23
4.773023767105842
.007878128208726869
4.0312266704180795
4.209609655739031
.05432725552108512
.002544930467672928
.045460601942589045
.05307874526119141
.8093831258918328
.0014237766949323936
.0011044341230429995
.027566575221899172
.9835215909683904
.8606644772711113
1.910819286324164
.0030401462140002447
.00011679445493162143
.00010297820549133371
.24165506322661645
91446975967235e-21
.0005398289575213498
3.8112213322625257
.0022425899913004867
1.3593188292457583
.0005845736271274187
19988622272099828e-22
79.64227363787343
277.04843559843766
12.771672587970805
23.606061902045784
63.17006266772482
990037522005646e-20
22.56643668897588
6.053757021810718
.048887691429009415
.0912939837632678
3.933958622132549
.25584570171888743
.0124800716976463
.015054998071501511
.3184819344961449
.3537657768131818
5.9910707755592325
.37687411018226896
2.315913974676559
.0015767803836700786
9.551066351171984
25.07794324254085
2.920569098013764
3.0511096054303097
.5530338225688631
25.1413751598327
3.9619408621953216
21.411429848871496
8.0058421173773
1.5616417071090913
12.41214239519546
5.762286014748925
.0015767803836700786
1.9530084249244724
6.307121534680321
2.3016179791957128
1.7758267810135069
10.321335203436877
.09940735772275225
8.91076779797669
1.4689773978246137
1.8516683289318765
17.775216883601722
10.48043852184682
.494530696737774
13.172672522131341
11.37501395401601
2.030199787011369
4.331123271703185
13.617798336799135
20.28332803394556
9.801157948650248
6.851113011024088
29.683455644114556
.0015767803836700786
1.8314940470141643
24.868029784024333
6.185816414137119
29.888016810280927
31.513389226853857
3.3627479112345267
5.55653113615545
13.553774388175535
.03906016849848941
4.572433890958501
6.346867261907731
12.664840196194119
2.8687758166403277
5.39992712027973
14.87583942789131
16.815804997504134
15.500355321871666
7.024896357908158
.424785263968941
11.827281654976908
15.382647374910658
1.4910505614651381
1.701307345856217
26.959215600861885
19.555879341452112
7.832793144010003
.397629430891009
.09422915633313644
.09765042124622372
2.5197867328240804
5.302078498123438
1.8978997889581657
10.539129243521755
11.76230711027596
7.0639193235884195
3.9601883673154443
29.366941984934623
7.0119921971778645
10.719044201357187
15.534571234492827
7.611172143637765
9.974671315739943
.0011138459747470843
21.1896751311015
3.8317353327347057
2.993155438253024
.00013742400654043074
33.146358132647144
3.2812354937726487
1.0441997658639701
.6535509365561571
1.3015344730284257
.0015767803836700786
15.328424979132345
7.409885263866933
3.9929495720442296
10.239032054298827
.03906016849848941
6.247363768348754
.47323098198629887
5.582350732523263
4.923313845378965
.0011138459747470843
3.103468574655218
7.470537533154561
2.6728712241087025
5.539696442626607
7.994144170249394
.5859025274773414
.3906016849848949
.18045256992955186
5.940359019338404
.0021000666598770435
1.757564107685634
19.56651735614203
33.376223706291746
9.690919111316909
.1410980547784982
.1453247538722418
22.888978409778932
33.11084834000452
3.2525075976691444
13.636348693765163
40.92483466576554
.2086866687804423
8.879133905067539
8.879133905067539
8.879133905067539
8.879133905067539
8.879133905067539
8.879133905067539
8.879133905067539
8.879133905067539
