.12367635948142619
7.120543580773479
.9277789446996941
4.9784900903308325
.1762157714423641
6.292952996489383
.004131340225042699
12.823219348223933
10026930678438317e-23
.32443843543675
1.3926357662784157
6673194402260498e-20
8.929424250748887
7.534863526203962
13.58768371332875
.4971781194175468
16.765455165628023
5.267818459088908
6.890387290108606
.005450545919852983
53.649653405543766
4.382109063141742
1.6969324818096572
33500397148720958e-22
2.095303953287547
.0001430271758943199
37426055198256796e-26
1.2020859709749485
.002648244265238797
14.391986660074592
14.747771754057483
.6750105738612833
8.152741980252877
157.27497092969858
172.23912618515368
5.325080497258186
3.2671531444768496
4.776043685934799
6.354229189578985
24.767328777272365
14.112148098428555
.0004867764929009991
.2796004378946427
.07414102147728023
49.00938661850115
52.09678326682085
7266263493647058e-24
4.140924111360977
4.790885487820774
1.5713130551330214
1.6948440699223515
8.387229914883015
26.655101932206342
31.693152769844886
6.00340947104243
16.395690576659433
3.0836990645625226
1.1380696885747963
5.2167252947634575
14.871662832509791
.0006597310833608508
17.697927662544735
17.61746345068258
5.243164962672215
7.631804250526344
2.8607421515027847
1.7769083227098454
4.712162137200594
3.1015210887871763
.6861871181054477
1.7563212783259086
.058624725423909126
.013939815090150926
.7564231498950197
.20948145186303138
18.53042686022903
4.402939598700803
.11211201601308561
.3035221391343808
16.99035306748802
25.72090903736252
12.314510802961914
1.2694917535959633
.0406549441753694
.00010872454765563135
2.3696631908645336
3.7278678863165595
.19135741263690362
11940179148805559e-22
7.691811059316303
1.2416039487327006
.3343853855511576
30.521338201226953
.0318123637318776
324301217638931e-21
4.665693519278747
.005982065062657154
4.006713368776654
4.183012688965058
.0413242815511106
.0015121371474687952
.03395557924892569
.04506792968006477
.694475014255277
.0014155342950408398
.0007811885270785252
.019931070282382
.7607694280419842
.8531604813141
1.8089391886930601
.0017405221408738432
6501474463570955e-20
52972766322311204e-21
.2096730393569458
5445696613861815e-23
.0002978325163113943
3.151184317569515
.0013905500835158587
1.3089954647304496
.0004273409315096628
11193768305973713e-22
78.88210982092555
274.4040837151458
12.64977045057799
23.38074846862776
62.567121619448415
6451138640442754e-21
20.763982987584022
5.829942467930997
.04663171174933413
.08707323704990932
3.8808188521582054
.251217068193816
.010605987352415979
.01279981935505556
.31842085188502167
.35156730624919824
5.976723535416157
.37453203332840546
2.312584729485025
.0015617304442322728
9.516325180750828
24.92209685027354
2.912588595890417
3.0219875949998176
.549124526369355
24.901407579402797
3.934414235803719
21.27836893303169
7.891495684771014
1.5601447215684519
12.29367187560013
5.707286563688126
.0015617304442322728
1.9511362763006552
6.246921776929097
2.2994116543907035
1.7673315697264589
10.257193465843798
.09938352624780206
8.855392004187884
1.459848466254786
1.8252211838746653
17.664753142764358
10.380405589760032
.48981053588777906
13.046942949550859
11.266442543003352
2.027792884560249
4.301199594093226
13.487820159516097
20.0897291905876
9.70760856468073
6.785721002748664
29.40013514217571
.0015617304442322728
1.8227325343110639
24.713487894876828
6.158549594852684
29.60274382770875
31.212602507120412
3.330651398027727
5.5034955593880746
13.424407302049728
.03902272552601307
4.528791254447432
6.286288142012049
12.543957744892582
2.8596303215920065
5.36636937784197
14.663369690708862
16.655302717395006
15.404028664122588
6.991290614674584
.4237680007083792
11.714393471901612
15.235824194090327
1.4896212444068688
1.685068830470432
26.701897228382293
19.276565184816384
7.784116402816997
.3975341049912082
.09400349912008764
.09755681381503288
2.4837969369222
5.226349580069589
1.8960804673245797
10.388600190599574
11.650039091538627
7.02002073385156
3.903625496650218
28.94749765874134
6.968416307561729
10.616733843026811
15.438031942617876
7.538525577889751
9.91268391415857
.0011069240005234834
21.057992305657645
3.7951624622851545
2.9745545317897024
.00013733195985920726
32.82998516933118
3.260844319387324
1.0342331634125586
.6529244443859992
1.2934461122696803
.0015617304442322728
15.1821193363161
7.363836675499073
3.9681354643125895
10.175401788031023
.03902272552601307
6.20853964728499
.46871412111413974
5.547659322082607
4.892718006901255
.0011069240005234834
3.0591421246684942
7.363836788368022
2.6562607176870348
5.48682154842523
7.944464716230826
.5853408828901964
.3902272552601315
.18027958858131685
5.926133222218092
.0020700716728074
1.7324610413443076
19.444921613233674
32.89951531525316
9.630695082310773
.13975131226368714
.1440757793192105
22.670509343047755
32.79481430799075
3.221463298239195
13.50619345837576
40.53421826185745
.20860741181582768
8.8366578486323
8.8366578486323
8.8366578486323
8.8366578486323
8.8366578486323
8.8366578486323
8.8366578486323
8.8366578486323
