.12463541654031607
7.120462873115508
.9256607827712623
4.97444367258321
.1759909742130919
6.292240004249427
.004126009991639541
12.818672923669347
9938666635799355e-23
.3241952353322927
1.389556153616219
6627357874668962e-20
8.894898940874585
7.503533879107929
13.483230104244498
.48161407584616983
16.683522118197114
5.294924141177776
6.916708207688574
.005436814440261085
53.51429050383611
4.374091844540988
1.6451342586715165
3331262534156088e-21
2.0933780902695722
.00013109550627575213
3727396556610512e-25
1.20067201088925
.0024629782619308015
14.067211215620693
14.719271550793746
.673835607243056
8.132329663199963
157.0224239785243
172.25511424411582
5.305788646343927
3.261805913130519
4.7645843917540285
6.321333333976911
24.6885021973731
14.054028198676374
.00048583614503880287
.27932590465165735
.07408631705419605
48.966453943057836
51.96728772833047
7216975558727562e-24
4.060821219371125
4.765655278170164
1.5634232934357766
1.693127233239044
8.385813847747333
26.588399223800504
31.62369978199458
6.001101979283455
16.29346103735895
2.997365211239045
1.1350531419823886
5.193854144067319
14.81953050576707
.0006591180234678936
17.664823943191887
17.561327392095524
5.210839179513053
7.600676896855815
2.8396107090606746
1.7211677020057654
4.679148580006535
3.0181225060328454
.6851867706767202
1.7599976332805092
.056665263025568464
.013466366954768424
.7048014621159767
.20271846245766678
18.135289158981163
4.128006377939735
.10848417245298217
.294254649439561
16.923839493806685
25.61519358793886
12.297767806531755
1.2397898226936497
.03840475481565152
.00010736178991932817
2.30105041206586
3.67924919775764
.19079405678416053
12288250687303974e-22
7.650629868925073
1.208472916547037
.3423907409558996
30.403610060925562
.030788616974180817
3257922668807706e-22
4.643997310752515
.0056582284342748005
4.001951751444254
4.177892128797483
.039144677995537114
.0013644739623891499
.03205115702403431
.043602061391265004
.6732236433827347
.0014138763501836769
.0007388377620768323
.018934872231927854
.722076236866859
.8516550625034341
1.7883266194211918
.0015777182974218622
5863369986686051e-20
4693414268872916e-20
.2039349859970159
4972813941259351e-23
.0002677480703471011
3.0289804369206657
.001280772405077503
1.2986273935255628
.0004014586235768191
10109742213107676e-22
78.73094994999215
273.87824983504123
12.625530002737698
23.335944508276462
62.44722576409998
5920685966948824e-21
20.613047695279132
5.8407561436819995
.046652464650218405
.08711367350110749
3.915923802832976
.2533938653714978
.010374915724942433
.012522291530040964
.31840863676869513
.35112925434330433
5.973858213025222
.3740653674351283
2.3119194549823217
.001558737738117809
9.509392125556742
24.89104398548754
2.9109951141969796
3.01619663357828
.5483459894933878
24.85368961693568
3.928931902996402
21.251856143304813
7.868823133028494
1.5598454967051196
12.270113810809118
5.6963498290811865
.001558737738117809
1.9507620619873625
6.234950952471241
2.2989706432918497
1.7656374104370574
10.24441303072663
.09937876063844599
8.84435820987334
1.4580294990425564
1.8199772575790707
17.64274290846843
10.36051387067764
.4888719238557899
13.021941409698456
11.244852932830081
2.027311846598593
4.295239713500898
13.461973777375539
20.051231730537026
9.689006110194658
6.772717690422282
29.34379637735813
.001558737738117809
1.8209852678060157
24.682694956280987
6.153110670902539
29.54601680878863
31.152790555117832
3.3242689516581643
5.49294934453241
13.398682436427578
.039015241239747214
4.5201128417748935
6.274241880745029
12.519920063369911
2.8578047241993936
5.359682896215523
14.621241300691002
16.623386565369746
15.384835286368684
6.98458878229483
.423564840576612
11.691945464244421
15.206628154278883
1.4893355454540007
1.681839774002419
26.650729031336326
19.221182917749537
7.774417414983534
.39751504255378395
.09395843256660578
.09753810309936825
2.4766608987337797
5.211334089215644
1.895716812331002
10.35875336754317
11.627714404617299
7.0112738071401814
3.8924102397975755
28.864330453853825
6.959733679824934
10.596389253853305
15.418796196871593
7.5240796844423175
9.900332737004335
.0011055447762341655
21.031754104608158
3.7878898846465416
2.9708482449459757
.00013731355792263503
32.76707386622067
3.256781316248124
1.0322512875239525
.6527992180368427
1.291834481937225
.001558737738117809
15.15302620981907
7.354661355060979
3.9631911783335196
10.162723265121603
.039015241239747214
6.200803823796946
.4678159356293307
5.540746953679484
4.886621693592743
.0011055447762341655
3.050353099003421
7.342680219667117
2.6529510240686265
5.476307285571747
7.934565934835649
.5852286185962087
.390152412397473
.18024501221509318
5.923292153510017
.002064124282225533
1.7274836182839897
19.420693293872837
32.804993821092246
9.618695262472865
.13948351021867966
.14382727546997157
22.627066396680462
32.73197040194749
3.2152900863729816
13.4803118679289
40.456543524014386
.2085915640353843
8.828187052185292
8.828187052185292
8.828187052185292
8.828187052185292
8.828187052185292
8.828187052185292
8.828187052185292
8.828187052185292
