35438071543528152e-22
7.165922467309691
1.1038499661729677
5.000210684892227
.17172994256696444
5.697031566408794
.004473521060236773
37.81837849295742
14278546960452622e-23
.6770960401800128
1.8600643897954499
.013895684804779287
89.00311592747961
1.2217111083347985
2.932761919466293
1.7914951481364205
12.127062258612911
66.00765454215232
21.628521390752
.00722997218836839
63.47485436794972
7.0220858783816915
47.72905050331799
4215655907190133e-21
2.857669449560165
2195171726568232e-21
19950584935305023e-29
1.3282731075940482
6.734142414324272
145.08335882611652
5.788866896389442
.5219582918088111
10.638079405191851
211.68515615865948
79.60508891464163
1.1028945808962698
11.042430428942838
6.266550558175553
1.0044650031947886
33.08511525206519
5.297728172023653
.00027008935991076915
.31741577977017255
.3418520981148202
46.42623211693201
266.2497443815424
1788934679115393e-22
19.79303848554315
.43482992111084
42518722577296574e-23
.9496313923403013
.0009801538087149772
36.2806864572865
107.10575200177816
.0012903569791591402
.0100178992718099
1.8848524539245302
.00013642768897820215
.0001693987010206188
.003296528941487358
9678942277749054e-23
23.694173667966655
.020957612493154205
3.4982109388078935
10.035316371614465
.0037228127205640544
4.850218313095988
.008190732775208043
.0027360292731302724
7399810062835915e-34
31644373577680157e-23
8.238522357010412
2.4163543371347513
4.550343811018705
.9858453725428697
153.17730457585554
4.260418265193658
1.326140813901903
1.5089560357705225
24.802964884537708
33.345713333856885
22.613097404232462
10.168444051240705
1.7968692859581763
.0003186771355943768
18.907428198352054
16.09576829200532
.0010852771606348502
5275244179661507e-20
24.276500788311544
.08583750065401151
.36882138226520095
23.847403545182203
.37440472037357275
7499788557813919e-25
7.392418608139877
.19894816345075064
11.714974838608079
35.35204774809795
.0006313569682354572
2.0714509575865736
1.9365009867487775
1.0389489709632997
6.682041643303344
.0012398624540968246
.7915826220858101
12.490319481841416
5.361656738247542
.8318879821385046
8.364603218797523
.0010813187685981983
.0002281642950331703
4724963968983623e-20
.9360369559790048
.00036200104212065167
.5119329828208541
101.4815354953196
16.471592249070603
.9942356739181614
.011062020960954405
8270237904616407e-21
101.0181379620553
351.40781159398654
16.199569959091434
29.94189277925981
80.12481078397168
.0006857729352602812
2104.332428908571
545.8601134954293
226.4007948709193
491.02689035994763
6037.990342191971
2150.134538094148
.002411714363006068
.0031355014100611146
.31999995463927255
.4128877794369458
6.357968587547206
.4398580209826384
2.39999744846059
.0019999858248358703
10.454060774983171
29.26901632920371
3.125554352708498
3.8700227527424595
.6593675020403937
31.889281765105327
4.709462008851039
24.989748314572072
11.436432696300848
1.5992154261583134
15.743542412961308
7.308874759922922
.0019999858248358703
1.999998582477783
7.999943299343481
2.356995820934475
1.9999929124018132
12.046256173676992
.09999998228096624
10.399952087868954
1.7144756660595875
2.645128383650741
20.745844592978013
13.2933721771511
.6272619786908145
16.708197661710646
14.428050285855393
2.090790052004153
5.143319122907573
17.272794563615275
25.727342227562318
12.431773737983935
8.689941255169611
37.650449698133166
.0019999858248358703
2.0626871676323586
29.02402173831481
6.901757163999114
37.90991476814657
39.971534653129325
4.2653043027536155
7.047895586894426
17.191586685192053
.03999997164955567
5.799668147590022
8.050356718914077
16.064063916906054
3.1050889236469232
6.30237310657395
21.250298709836468
21.329141316391073
18.09080388437609
7.911662937167276
.4507994423610145
15.001705945401042
19.511326381840146
1.526925829543361
2.1579356330409025
34.19502779766913
27.93578672005644
9.141824280326242
.39999992912386495
.0999998228098438
.09999992912388916
3.599542803426523
7.574076905997881
1.9435640108659542
15.055260958685762
14.919292332368528
8.244454819546789
5.657172232908545
41.95099660757499
8.183849534012008
13.596019255773
18.130738024729673
9.65399909544172
11.641657164435474
.001299994010983619
24.730933530890866
4.860167230235939
3.493377210036162
.00013972571761925682
42.042789913410225
3.8296017467764174
1.3244613845106281
.6692756313838668
1.5190493644418508
.0019999858248358703
19.44255077804117
8.648239239083354
4.660258821688298
11.950198367310321
.03999997164955567
7.291434962660386
.6002454531066719
6.515283696328007
5.746107323895179
.001299994010983619
4.433338674277585
10.671744265061802
3.1195664950539967
7.026542487393806
9.330140593831704
.599999574743335
.39999971649555666
.18479433035601678
6.304151204119398
.002999968105953256
2.510699478241226
22.836510572808198
47.67829923165314
11.310483757414724
.17896855668135803
.17999885181118314
29.032345175414466
41.9977493467824
4.125475657788462
17.296323807993215
51.90899764035157
.21066114411743972
9.999964562009065
9.999964562009065
9.999964562009065
9.999964562009065
9.999964562009065
9.999964562009065
9.999964562009065
9.999964562009065
