.12655353065809583
7.120299135502709
.9213769702668504
4.96608590684775
.17554255931432555
6.290715693764592
.0041153222373591
12.807459307371573
976256376164881e-22
.32374004980423043
1.3834186657169296
6541802859174005e-20
8.829010767103263
7.44399177486862
13.278330332486586
.4432671511120645
16.51546512138788
5.34608815369332
6.966816510510898
.005409303950091766
53.2395068747454
4.358277420500239
1.5171186011388416
3293674147672051e-21
2.0896603084494103
.00011039325507485892
3696126436381686e-25
1.197845892720524
.002092839926780332
13.438446127560328
14.661777596982382
.6714757008596132
8.091592823353865
156.5209707035067
172.27936585181888
5.268906740774453
3.250607819400834
4.741724140886923
6.25872362922496
24.531255962740197
13.941266455660946
.0004839479316725282
.27877766325267317
.07398797273982355
48.88067288142343
51.71958091707916
71212639054439935e-25
3.911649582720765
4.714867192306735
1.5473540750235144
1.689333872773545
8.382238148172418
26.455161746068676
31.488835047966674
5.996423691547105
16.087481167428784
2.7823369900203434
1.1293343097070045
5.148396222948987
14.71363323332625
.0006578774273858754
17.598818750562586
17.449403274036648
5.144767220192414
7.537808716626653
2.797130596127065
1.5843974805595282
4.612846816370573
2.803383155531018
.6831198005859194
1.7670646138448056
.05192514953948333
.012325448976244043
.6109195150314601
.18622204154943872
17.397557213459713
3.6240513241898333
.09961952319937656
.2712363337377073
16.789431537945255
25.40156296440545
12.26528148862403
1.1841749911716595
.034303325315851924
.00010466063990807689
2.168630960873781
3.583789039826543
.18962513477131196
12976160606281184e-22
7.57079065911603
1.1445666300034951
.35775179096557524
30.16147242732195
.028823825354320876
3282380798619645e-22
4.600806689106123
.005065061407187144
3.992973715700349
4.168025652193602
.03517559887033617
.001113938908797769
.028601401803514233
.04080313882934827
.6324301957172463
.0014105520352931924
.0006492935754360169
.01678994727537856
.6506247593765111
.8486405525368796
1.7472605557499081
.0012749802533029168
4690998675927348e-20
3627878443278218e-20
.1930861362517564
4073634909467541e-23
.00021291717798827412
2.7968188906276623
.0010672114369046882
1.2777536765807989
.0003547010749333722
8111938080087973e-22
78.42949864394869
272.8296030682728
12.57718837201644
23.24659399295503
62.20812287283123
49916268379060335e-22
19.86468639436722
5.731097343829553
.04567229297404907
.08528149617383639
3.873188034360022
.2503118777594827
.009722944553445247
.011737457192204393
.3183842079417963
.3502547872850317
5.968131688607821
.3731337793164612
2.310589480071829
.0015527695194282936
9.49554116457925
24.829054283000254
2.9078107657217265
3.004647980665371
.5467922255525242
24.758527838755906
3.9179901444714145
21.19892962722963
7.823673259033413
1.559247219135164
12.223133025794843
5.674539193025764
.0015527695194282936
1.9500138486620857
6.21107807771318
2.2980888748264645
1.7622539623495959
10.218899913787787
.09936923010528015
8.822331848325762
1.4543983610751803
1.8095345595460322
17.59880467973872
10.320844713382053
.48700009225680746
12.9720819675392
11.201797747988271
2.0263501129871915
4.283344715464616
13.41042950438391
19.97445798403975
9.65190807507586
6.746785771722735
29.231442522262437
.0015527695194282936
1.8174957579637152
24.621224134976085
6.14224722891576
29.432888676065115
31.033510279626388
3.311540727017746
5.4719175043857895
13.347380498342389
.03900027697324169
4.502805875194632
6.2502185657642695
12.471982800361403
2.8541570250717743
5.346334916582515
14.5373472810622
16.55973762433476
15.346520245714947
6.971204384446514
.42315881245953585
11.647178416055317
15.148403810224401
1.4887643119229461
1.6754002124735554
26.548686606106994
19.110895270905612
7.75505567897729
.3974769204211206
.09386836426583156
.09750069243310443
2.4624502695690427
5.181432403347684
1.8949897115699323
10.299316727351377
11.583193289404049
6.993812636061342
3.870076298763069
28.698712182746203
6.942400866446168
10.555816958181174
15.380396578538448
7.495270891342644
9.875676532095861
.001102791481040718
20.97937573990435
3.773386511403862
2.963449519567223
.00013727676144651912
32.64161269474403
3.248670491126522
1.028298921916948
.6525488373865406
1.28861724302813
.0015527695194282936
15.095007101141197
7.336344997195042
3.9533210803903245
10.137413591809675
.03900027697324169
6.185361081240896
.4660247248682136
5.526948044504915
4.874451845468641
.001102791481040718
3.0328507284796222
7.300549257882933
2.6463440032947596
5.45533916586051
7.914805358222109
.5850041545986256
.3900027697324177
.18017587937589055
5.917614101581279
.002052280713031368
1.7175716319074363
19.372327182749252
32.61676474129317
9.594740459372431
.1389494446910358
.1433315528993023
22.540430090100344
32.606643637399245
3.2029791286560814
13.4286973806016
40.30164030118951
.20855987208624535
8.811269811747984
8.811269811747984
8.811269811747984
8.811269811747984
8.811269811747984
8.811269811747984
8.811269811747984
8.811269811747984
