.1292703709728646
7.120060605822365
.9151712147245556
4.953649500336544
.1749080479063125
6.288328423990442
.00410012351624208
12.78688890155452
9513357036453877e-23
.3231231631723943
1.3747747999706614
6433653402258161e-20
8.742501770767538
7.366400307390846
12.996787274619091
.4006248180906966
16.268089040569055
5.409935854844841
7.030987171749168
.005370218958665127
52.84078816010745
4.336123329615702
1.3747231412584746
32402196851056335e-22
2.084484725187653
870034591586079e-19
3648962962232188e-25
1.1938474149393754
.0016957169164125876
12.592939055051664
14.57929912863476
.6681117469242714
8.034099404322177
155.81868062734986
172.2965897255631
5.220365893357466
3.233644494621295
4.709479435258362
6.17689055711184
24.30950413539652
13.789089886619825
.0004812578660415635
.2780030062796669
.07385854739099944
48.759369321314985
51.393357901684226
6992011171183653e-24
3.724181954332938
4.6422394577665385
1.5238175935425362
1.6831367835606337
8.375529537935828
26.266822561272612
31.30148903633889
5.989709708671924
15.792714527942445
2.5388077027689686
1.1219188763965786
5.0846423801334355
14.560193072783614
.0006561083032934023
17.505757678663368
17.291993340224654
5.048085630171165
7.446895079461963
2.736218851500245
1.4318373339231656
4.518486290389514
2.5659010978329886
.6800483703158299
1.776464153023438
.046661932018987176
.011058167248357934
.4974710820631026
.167849568883128
16.465381757830997
3.0071387198511044
.08977568124627398
.2456943833531322
16.593756204708942
25.09232527475816
12.220592959830453
1.1133757890653488
.029334924897638205
.00010088827461391016
1.9915802538374048
3.452561605215069
.18784924402411637
13937185133771783e-22
7.463076019762086
1.0592838312858082
.37814342368301024
29.803399733565396
.026221498705577908
3303975922092443e-22
4.539487454273428
.004341351709775802
3.9807194574677967
4.154584390424755
.03038127759181066
.0008421275720407602
.02446610273142721
.037123695931398144
.5783641886197676
.0014058247971877025
.0005519886948139762
.014457404835326874
.5625181778400115
.8443640538603527
1.6890813161472125
.0009659330315806647
35069223719804556e-21
2575778239042812e-20
.17905780000701962
3139733198916215e-23
.0001574670761887126
2.4980448652145997
.0008411071624204671
1.2478186753599267
.0002988895389734525
6092069151631398e-22
78.00449351069842
271.35115447671603
12.509033280980745
23.12062198053094
61.87102048141035
3934098969447138e-21
19.061302584735127
5.6393854609915115
.04484482651968384
.08373734561882704
3.876875184527726
.25029259859534747
.008989227399557483
.010854672207248244
.3183496098597108
.3490199070742901
5.960029962239416
.37181823549874843
2.308706996541975
.0015443551469291464
9.475957012248086
24.74151541444353
2.903306375813053
2.988365958754329
.5445989866755231
24.624362740098828
3.9025442307112326
21.12418935347495
7.760165407645099
1.5584002041353218
12.15689654117893
5.643789177692703
.0015443551469291464
1.9489545612319412
6.1774205877165915
2.2968405059186603
1.7574726976437087
10.182871520351963
.09935573250555159
8.791227282713566
1.4492706431400497
1.7948458515587733
17.53675723193601
10.264916624352955
.48436106558086095
12.901786969860128
11.141095822987587
2.024988682440558
4.266552846060347
13.337759125546883
19.866217496418535
9.599604916844678
6.710225311239118
29.073038945303836
.0015443551469291464
1.8125646138117875
24.534418005403403
6.126892931102951
29.27339347349472
30.865341396748626
3.2935956702178912
5.442265484823055
13.275051778596358
.03897909122463881
4.47840541817176
6.216348975618792
12.404397812523776
2.8489983457243855
5.3274855434171675
14.419341881278918
16.47000131825979
15.292413592949181
6.952290440036117
.42258437525074066
11.58406299774597
15.06631544435175
1.4879555846807526
1.6663213110033015
26.40482073569169
18.95576457250113
7.727713969059774
.39742293002220636
.09374093815635359
.09744772806159721
2.4424615864283785
5.13937266642418
1.8939603143771397
10.21571309840808
11.520424602971723
6.969154812284395
3.8386613581966924
28.465753380915686
6.917924303223541
10.498615567499796
15.32617048925237
7.4546544312224094
9.840858228506919
.0010989034103391939
20.90540953908312
3.752938737736911
2.9530013963720716
.00013722465934117432
32.46472959345312
3.2372167750137204
1.0227266266978439
.6521943595034871
1.2840740133838742
.0015443551469291464
15.013208089093975
7.310479519876563
3.939383004035329
10.101672491653229
.03897909122463881
6.163553584890248
.46349936255282154
5.507461890385908
4.857266172807774
.0010989034103391939
3.0082318791271345
7.241287810993217
2.637013887164686
5.425776983401107
7.886900424832044
.5846863683695823
.38979091224638884
.1800780041508664
5.909580952732312
.002035621538470389
1.7036294233902265
19.304026892953296
32.35200155661313
9.560912641593488
.1381964853035985
.14263232790991703
22.418284740970275
32.429950031503985
3.185622361178169
13.355928009149544
40.08324793221403
.20851499146147956
8.787363488218546
8.787363488218546
8.787363488218546
8.787363488218546
8.787363488218546
8.787363488218546
8.787363488218546
8.787363488218546
