.13638914051707574
7.119389372133986
.8982374169297773
4.917830888985891
.17325480705141608
6.280872658547506
.004059983998139945
12.708850726901156
8867829068762782e-23
.3216748049645224
1.3523972272842288
621083525217768e-19
8.548298144630438
7.195159456363408
12.298260234374153
.3168551219150322
15.581971108854633
5.517341903210247
7.152499255381094
.0052670136145604686
51.73997714373001
4.279493566845472
1.094775941011907
3099917063677431e-21
2.0715129754905814
47983028710202684e-21
35128750124151674e-26
1.1833991822047951
.0010301405701052127
10.614500608782519
14.358293922418213
.6591936570509942
7.884667763579222
154.01907815915646
172.25187437745458
5.110904898693901
3.1836443140281463
4.625756123796472
5.994773092929178
23.7343310211148
13.425517104607664
.00047413989924001166
.27598362307188634
.0735769315887846
48.44268224591706
50.6607929610999
6685233457626093e-24
3.3486530719219103
4.448206629803879
1.4589015509407313
1.6628252003896544
8.349446181395809
25.775387921548372
30.832325858692652
5.972152270129592
15.005790004566602
2.0466267965238263
1.1058775668476577
4.921250174286303
14.140318462252754
.0006515325148616526
17.26412968782858
16.88756054778339
4.7835917795314815
7.200365298815625
2.5747083713828327
1.1314761419586135
4.269547014603521
2.095090433662666
.6712283380137141
1.798055970757139
.03642418320059746
.00859541587347395
.2875499859035396
.13183478269331647
14.562830320341218
1.8323327535678375
.07054043659156066
.1955005151294283
16.05778088988798
24.252441457360405
12.110147315952482
.9661851204201015
.020186357066866997
9136310374755567e-20
1.5841167007162915
3.1300228150764764
.18263505691461754
16311800145059686e-22
7.209561127105603
.8630981660375809
.4227173492980656
28.799335336079633
.0203529793427681
32943353429681423e-23
4.379568800961752
.0029933016552558833
3.9514946741245227
4.122354768190229
.021592914712912036
.0004295507097251044
.016974416866679852
.028927860448323007
.45595760595317886
.0013933590813202377
.0003809761510007866
.010318676238863655
.39554696790578836
.8331407691633652
1.5385693940611447
.0005111615904425218
17982424351677232e-21
11444067340765172e-21
.14873529787749523
17131713394732506e-24
7792841384896206e-20
1.8886753930161615
.0004751928317887405
1.1687054215995107
.00019841540421125048
31668664071294774e-23
76.90177012110306
267.51515412124746
12.332197268600604
22.793773494085375
60.996370594559565
21882728049915168e-22
17.176800513189672
5.408383158547645
.04298738609774282
.08027530532038488
3.8341820686802595
.24724950749080693
.007431924992662782
.008980664953922928
.31825897246457446
.34580483680361784
5.938853632053922
.3683931536314514
2.3037817117925976
.0015225231156484455
9.424833223848019
24.513603742220702
2.8915368666949974
2.9461204304382322
.5388938125107797
24.27625637435897
3.862360448035641
20.929599440963308
7.596194050918063
1.5561830045009524
11.985038567907036
5.564004821021847
.0015225231156484455
1.9461817039587588
6.0900924625937884
2.2935726971000947
1.7450060806276413
10.089069857949394
.0993203742704729
8.710245043859898
1.4359203818384048
1.7569209757428477
17.375213704825985
10.119804937263186
.4775138154804279
12.719398730171212
10.983597884127864
2.0214257465056904
4.2228657044109
13.149207693564154
19.585375435786666
9.463898518453314
6.615365104254459
28.662043134566257
.0015225231156484455
1.799707202776291
24.308414054515215
6.086842809137426
28.85956531792027
30.429008406760385
3.2470352117371086
5.365330001078405
13.087386819367564
.03892363407917516
4.415095701251011
6.128470532919054
12.22904099670342
2.83552555531275
5.278410289997796
14.11466293087214
16.23717042784678
15.151544309240817
6.9029744293711435
.42108290859398945
11.420302980351474
14.853327990837547
1.485838609484293
1.6427650849254722
26.031544631805097
18.555231559159793
7.656528506744886
.3972814970818916
.09340787119681247
.09730908519793807
2.390852668442459
5.030778343420548
1.8912656996655888
9.99985631589287
11.357564220242303
6.90495697716229
3.757550907857702
27.86427545397258
6.854198388709098
10.350200156750871
15.184990246794849
7.349270479187233
9.750207093465391
.0010887806304824851
20.71283496283975
3.6998847002120927
2.925799203012057
.0001370882331715708
32.00578658839815
3.2073964719246675
1.0082686830376237
.6512664559447018
1.2722454955770244
.0015225231156484455
14.800971396467597
7.2431375004320655
3.903094549066571
10.008618811179156
.03892363407917516
6.106776714887077
.45694702735844644
5.456728746998557
4.812522444004901
.0010887806304824851
2.9446683032677785
7.0882802751422735
2.61272247919589
5.3490745920766365
7.814248583003916
.5838545111876278
.3892363407917523
.1798217998177934
5.888583870787115
.0019926091015039123
1.6676319396718782
19.126203789715284
31.668407675631304
9.472840284196582
.1362428478931684
.14081632763660068
22.101364960764453
31.971498693463513
3.1405882851911566
13.167119729746748
39.516604485965125
.2083974393233518
8.725030403138211
8.725030403138211
8.725030403138211
8.725030403138211
8.725030403138211
8.725030403138211
8.725030403138211
8.725030403138211
