.13906963366124186
7.119116117808297
.8916321933797668
4.903173567667969
.1726353591069028
6.277640096314333
.004044760080588061
12.67121778710639
8629256649029216e-23
.3211748305727104
1.3440718659258621
6145824619043233e-20
8.485527931505265
7.140908255241822
12.046791148683024
.2936870972337759
15.313849932912065
5.532510183305318
7.178944795211269
.005227796286783367
51.30306713176258
4.258592132966831
1.0174206659664857
30472621757129986e-22
2.066769212559121
38749217484968787e-21
34577301550362346e-26
1.1794772144871946
.0008718062449544602
9.952348083130126
14.273571152891469
.6558021317363754
7.828878337436516
153.35523966463936
172.20328067985767
5.075384263990966
3.1629697196742113
4.594522640457824
5.936421001561568
23.520107965126623
13.299641396159123
.0004714399183793423
.27522713190895776
.07348556243342912
48.32389092296383
50.42426723387248
65803229065112676e-25
3.2437612180544244
4.373754188807172
1.4335595456100618
1.6538171697894968
8.336669623829328
25.591095719260355
30.661468903044927
5.965718026999367
14.704632270429437
1.9071708817220332
1.1009254686054333
4.861138147134923
13.975812088248874
.0006498701116328433
17.173925777586994
16.738834478557944
4.681705449454238
7.104986670502884
2.5138098480064115
1.0482326087975
4.175405879419524
1.9645468698268111
.6676216469601103
1.8051808490067591
.03361528038062293
.007919858823684301
.2337848188157512
.1218858132335049
14.014096418894509
1.5211604039793403
.06524325105395665
.18162628998154917
15.848563730493058
23.92712397529341
12.07032988888942
.9226527160474108
.01785850930662829
8792780594843402e-20
1.4506947009505864
3.0162341828633927
.18048578550293132
17134705145289437e-22
7.124203142716784
.7986853157986381
.43603362770973203
28.402414638119385
.018472296296077984
32688694061646746e-23
4.319917955174546
.0026467521657762764
3.9412593251620787
4.111121148710266
.019373327656567428
.00034244355631740957
.015097733485758448
.02632566517431464
.4164754824675716
.0013886458314448717
.0003384654203880287
.009282730070958475
.3520412932387309
.828915327650043
1.4830534704357272
.00041842921705836916
14559164024998735e-21
8757861679151508e-21
.13931808723795885
1410489165078109e-23
6212852464962404e-20
1.7192820760552614
.0003913037060246063
1.1390677476629216
.00017329030931650317
2578761971627433e-22
76.49060390909325
266.0848464390961
12.266261428259046
22.671903353902465
60.67024485513618
17877409269233725e-22
16.584995040755494
5.337214672819592
.04248002307282317
.07933188253846733
3.8331718347095203
.24720135584041097
.006969621537906924
.008424345867808243
.3182248506541223
.34460192813895846
5.930899435317652
.3671116697730977
2.3019298751426267
.0015143827300477927
9.405654693927215
24.428331290232737
2.88711756490099
2.9303685800503882
.536761116030003
24.1464599293681
3.8473371557012266
20.85679422300251
7.535354366166519
1.5553489605109416
11.920958860755984
5.534256080748883
.0015143827300477927
1.9451386382338658
6.057530920191177
2.292343445451583
1.7403348671812038
10.053974254132338
.09930706378334417
8.679945787980731
1.4309254225861276
1.7428493870523702
17.314772690440424
10.065697966048088
.4749607201955697
12.6513926623435
10.924872521510801
2.0200857880344705
4.206531977973192
13.078903591203716
19.48065945049737
9.413298443857503
6.579995117234723
28.508797459134563
.0015143827300477927
1.7948895596869126
24.223855370603832
6.071830323396472
28.705263562143617
30.26631540109719
3.2296744778272135
5.336643503885273
13.017413251071902
.0389027727646773
4.391489766403407
6.095703796724739
12.163656695988248
2.8304690545381725
5.260048934696476
14.001615312902874
16.150356095119953
15.09883849951003
6.884495830738813
.4205189316878809
11.359242712050227
14.773912567810035
1.4850422669212513
1.6339818085961095
25.892363289396876
18.406618394332234
7.629894684710736
.3972282551333767
.09328276547266977
.09725693191169345
2.3717037733957542
4.990485669692496
1.8902520664452305
9.919765141056946
11.29683939361294
6.880937554375425
3.7274558087673464
27.64110399164731
6.830355533567789
10.294861344844554
15.132168092803372
7.309976563075753
9.716290249781641
.0010849932234975896
20.64078377675235
3.6801027423369543
2.9156215859350714
.00013703689857926012
31.834663114735292
3.1962392971357354
1.0028778316379767
.650917406461508
1.2678198919783314
.0015143827300477927
14.721835905391545
7.21794169074032
3.889517335122848
9.97380306250275
.0389027727646773
6.085533823401294
.4545038953208842
5.437747097258971
4.79578171533184
.0010849932234975896
2.921083770004436
7.03150858994314
2.6036339235307184
5.320475006731351
7.787066119579797
.5835415914701599
.3890277276467738
.17972542343341114
5.8806970027973975
.0019766498318017508
1.6542754876366668
19.059671821934405
31.414768033640325
9.439888282246228
.13551440619938884
.14013854112415697
21.98319688092893
31.800558544889995
3.123796684859059
13.096719858146473
39.305323360024886
.2083531935558055
8.701674335906024
8.701674335906024
8.701674335906024
8.701674335906024
8.701674335906024
8.701674335906024
8.701674335906024
8.701674335906024
