.14443061994957412
7.118530827611251
.8780878293364747
4.872027362511055
.1714019699136067
6.2705279379293515
.004014148729872222
12.58401391388884
8162131829298887e-23
.3202134918219197
1.3275841177800956
60406880566976626e-21
8.373955328653597
7.046152937664579
11.55736111643173
.2565663436826731
14.769177662369827
5.520286860759807
7.199843192172974
.005148644883230931
50.38951989600869
4.217262969325398
.8936992203684361
29426759113835392e-22
2.057347290587092
2567761722592604e-20
3342415766622099e-25
1.171655756971931
.0006430878063687101
8.751695549947552
14.102242278221041
.6489736058282418
7.7181199618564555
152.04751481064383
172.05746141182922
5.01205244193713
3.1190440514309397
4.532540973063304
5.8333435137621015
23.09577388313168
13.06236457070475
.00046601856700637627
.27372049110014934
.07331320332317466
48.08708476756359
50.00293728726672
6385325207789044e-24
3.080821289900774
4.22253526658059
1.3819477038904284
1.6338832689502274
8.306696053754118
25.223708118692706
30.324620714786246
5.9533885233645725
14.095226799091657
1.6806275874231975
1.092451395989
4.743287010093759
13.636427304352443
.000646698384977571
16.994722645467697
16.448012883301303
4.477270383291044
6.911056706201679
2.392902714804728
.9147202473610374
3.9867691676447925
1.7555351247361828
.6599345868373285
1.8180255890573738
.029137849333963645
.006842803928400329
.15505793902092835
.10595613797446111
13.126852738435948
1.053213544789032
.05677807288872319
.15940806823716164
15.420300748718976
23.265237478120266
11.992246726350588
.8505027055820233
.014452553604393974
8132732437614047e-20
1.2138432684865945
2.8005644752609586
.1759222288989426
18638275061485078e-22
6.968580813121797
.6837713296073169
.45712997919790255
27.587899887891098
.015190069439070353
3189047693855049e-22
4.201919502991734
.002136355505005609
3.92144069548144
4.089593242354592
.016163254283316785
.0002279528428727081
.01238592375356795
.021803304134295147
.3470897653093494
.0013792054177931548
.0002752922050173081
.007738447460605086
.2876294184451144
.8204775114546873
1.3745306281602128
.0002986917611524545
10174067090521785e-21
54543529872406485e-22
.12300423427041901
10093268201777998e-24
4201137659017031e-20
1.45909965249458
.00027325517649672904
1.0806597838482352
.00013674227254608168
18244640673683548e-23
75.67485482062965
263.2471322644945
12.13544547090498
22.430114381799942
60.02321509712484
12350035596168868e-22
15.554735901020349
5.213730859844429
.04168193213190215
.07785198208007217
3.849057298100749
.24839749277800185
.0061904272289977046
.007486698887251295
.31815661800783085
.34220864949549396
5.915022987913244
.36456205978171
2.298230666302497
.0014982322975961194
9.367414633493011
24.258675235526
2.8782992138114554
2.8991170880255708
.532521010421892
23.888945258671875
3.81746565070605
20.71194268240139
7.415132938574459
1.5536822133213954
11.793825450542212
5.475234918377613
.0014982322975961194
1.9430541835932247
5.9929291903844835
2.2898869182720323
1.7310299200026318
9.984148870408271
.09928044816028946
8.619663104732288
1.420987569734402
1.7150434165289197
17.194520676993296
9.958350350512035
.46989540818658054
12.516469397201451
10.808362069957887
2.017408535189936
4.174053813813295
12.939421051684121
19.272904126610797
9.312908471330434
6.509821465247891
28.204759781930157
.0014982322975961194
1.7852929281080097
24.055619411989404
6.041916340262782
28.399130633545536
29.943534328157302
3.195230979192363
5.279729819703572
12.87858648737768
.03886108367186447
4.344655860134365
6.0306949647689585
12.033934986980313
2.8203830881970866
5.223517616235859
13.77822911237195
15.978117446323111
14.99397626639036
6.847686897432845
.41939324294972014
11.238099834174605
14.616353271709361
1.483450861977672
1.6165558882502258
25.61622908895839
18.112953380986
7.576904661992587
.3971217926411578
.09303305648064984
.09715270917966139
2.333864861035728
4.910865882429143
1.888226429498621
9.761502069582775
11.176362028199382
6.833149078597488
3.6679867995023847
27.200109073476394
6.78291835260354
10.18506977138676
15.02707438389291
7.232017880397468
9.648810099353906
.001077457888091534
20.497432440141868
3.6408555628914674
2.8953724395889475
.00013693428705629357
31.49515608916317
3.174041245921836
.9921824437708431
.6502198686192671
1.2590148156758922
.0014982322975961194
14.564831991098924
7.16781270338522
3.8625044312142522
9.904534471950978
.03886108367186447
6.043269468665142
.44965674914392617
5.399981655647213
4.762474757300564
.001077457888091534
2.8744798753657577
6.919325677271596
2.585551548025051
5.263733754667337
7.732984532921577
.5829162550779675
.38861083671864555
.17953282559716788
5.864954942476799
.0019451137350130201
1.6278826531274904
18.92730139159693
30.913566885432214
9.374327758123215
.13406918616344535
.13879273951493326
21.748752754452344
31.46141523421019
3.090482340769843
12.957047313544217
38.88614400904454
.20826473020075317
8.655149600013164
8.655149600013164
8.655149600013164
8.655149600013164
8.655149600013164
8.655149600013164
8.655149600013164
8.655149600013164
