.14711111309374025
7.118217338883089
.8711646795544081
4.855570616112692
.17078947703110572
6.266666449110154
.003998767205595601
12.534993814116548
7934369379393601e-23
.31974269263208693
1.3194209644876287
5998869596615425e-20
8.324279512968088
7.004776473848773
11.317776482389995
.2380405087096919
14.494788346864636
5.493793232816202
7.1950170520425525
.005108658791685858
49.911779352941394
4.196778454692449
.8316234137215608
289088677625696e-20
2.052626702381017
2106260470002369e-20
32827515945841324e-26
1.1677570022170314
.0005514589509393586
8.209005201609454
14.015820441384827
.6455395899516274
7.66316189694743
151.40275701169122
171.96133944513045
4.98376426801938
3.095946833539526
4.501794435102329
5.787723117472631
22.88573574359516
12.949959393489472
.0004633006701147434
.2729703292292468
.07322860409835869
47.96907871809018
49.81400069623388
6294424090324602e-24
3.018661081374247
4.145744340709324
1.355856289047363
1.6230553662895923
8.289638532875157
25.04060109597552
30.157423893820262
5.947556549031739
13.78718721695708
1.5661698281920713
1.0888151981481213
4.685557137125895
13.46146900756986
.000645201315483214
16.90570676060662
16.306101546315507
4.375563049125113
6.812868570125007
2.3332115445799566
.8482776795387902
3.8923419005536286
1.6470209780010612
.6558482449627587
1.8238230944025053
.026936529454777546
.006315392201940807
.12662801502637094
.09807365086874527
12.768213608964611
.8792072019276267
.052582914923358516
.14823496093975677
15.202156044122052
22.929965712167093
11.95360251496702
.8204843584188269
.013208754616870743
7816695533026751e-20
1.1093255285632015
2.6984512915782535
.17352151086295808
1931225493392059e-21
6.8977934119581725
.6327010655785169
.46506010207480925
27.17331642203043
.013766487004160608
31372615354522654e-23
4.1437016228699495
.0019486688530911452
3.9117197758780713
4.079109539145335
.015012847036837178
.00019004141448399628
.01141092062846351
.019846356609012773
.31674732564732033
.0013744835750483194
.00024791965857750724
.0070535691536289255
.2638856091369775
.8162686370161794
1.3216957065671362
.00025599313963450154
862794819661073e-20
4366048931994422e-21
.11587958258102067
8624226364958758e-24
3503577719253865e-20
1.359953974766341
.00022796020364144242
1.0520590989248295
.00012340841205586882
1557381244259173e-22
75.270248491686
261.839644188793
12.070561592981237
22.310188598535245
59.70229247666648
10434202689923847e-22
14.884174899952814
5.084106052334273
.0407586215871554
.07613225213405594
3.780520175658877
.24402997323032694
.0057737348140527505
.006984642191873088
.3181225071712072
.34101825044963086
5.907100708724582
.3632939026829289
2.2963832917201166
.0014902217864260349
9.348352944293325
24.174289572285616
2.8739001438839376
2.8836165479195586
.5304135346054842
23.761219629513324
3.8026169842326176
20.63989460049741
7.355743417655932
1.5528495096428188
11.73076809244015
5.445960799442337
.0014902217864260349
1.9420127940783811
5.960887145704146
2.2886596420349608
1.7263961194032489
9.949418242451873
.09926714302388538
8.589678945212471
1.416044555436871
1.701307235707095
17.13470821743641
9.905106619986146
.4673830458365702
12.449548320892275
10.750573631388894
2.0160712396393916
4.157908888189441
12.870238604452643
19.169858815123458
9.26311568722395
6.475015782813804
28.05395903918472
.0014902217864260349
1.780513870655133
23.97194009401222
6.027014660425012
28.247290659513666
29.783436981042062
3.1781472242293396
5.251500996467268
12.809729300760116
.0388402558815676
4.321426542255142
5.9984510000272
11.969593849235556
2.8153535904960454
5.2053472093931825
13.66787607718459
15.892688178454533
14.941818569419468
6.829356298242703
.41883152909547555
11.178013741786515
14.538204868863696
1.4826557991397473
1.6079127432448275
25.479268292170218
17.967882532947613
7.550547817729508
.3970685720955415
.09290845276419425
.0971006397039192
2.315172395622944
4.871533617658085
1.8872144251901801
9.68331993365074
11.116606025734715
6.809379445201621
3.6386090418057293
26.982257086170556
6.759323450642381
10.130613853367446
14.974801552580574
7.193350872546866
9.615245973044072
.0010737098681515569
20.42613054857554
3.621389212978973
2.885300664388098
.00013688301011124352
31.326762776550307
3.1630000998951484
.9868775998148422
.6498713800597402
1.25463523603196
.0014902217864260349
14.486959054076875
7.142878916890886
3.8490684131698876
9.870080788788643
.0388402558815676
6.022247492102019
.4472525956508393
5.381197405102882
4.745908123419756
.0010737098681515569
2.851457498814712
6.863907191796482
2.576557508568899
5.235590456658232
7.706084752851042
.5826038382235144
.3884025588156768
.17943660408995216
5.857099721866809
.0019295348676061364
1.6148445630916552
18.86146132136336
30.665972952536166
9.341718439699122
.13335236627173058
.13812469307926104
21.63246996762785
31.293202321856967
3.0739586392374396
12.887770625007338
38.678233732750435
.2082205126092585
8.63198059701625
8.63198059701625
8.63198059701625
8.63198059701625
8.63198059701625
8.63198059701625
8.63198059701625
8.63198059701625
