.15515259252623864
7.11718628204551
.8498260581166607
4.802856923324059
.16896167465142228
6.253949591451498
.003952354435570789
12.36939182463294
7276426446099053e-23
.31825730349026815
1.2952499404334796
59088126026649756e-21
8.195599340767608
6.900644154828027
10.611856633728728
.1998871584962148
13.672253201067639
5.343467685361682
7.127379380387515
.004986710799260539
48.38783363745282
4.135400806603072
.7046265889592911
273795911633539e-20
2.037893726954678
11958559544971805e-21
3097002658170721e-25
1.156112237650543
.0003729347760122633
6.78652362172047
13.754493921338067
.6351743176492591
7.500025680026855
149.50013878811518
171.5860201885926
4.910194713943382
3.022976662012272
4.410538316579621
5.67044063447472
22.264487486333973
12.63336434865804
.0004551363670917427
.27073240480249927
.0729404371768399
47.61668734105345
49.31239825423648
6043938307845665e-24
2.888997293415641
3.910494064438667
1.2770978847190657
1.5875650595041346
8.230948381560257
24.49356732068072
29.64691777701802
5.931658656264849
12.850842355198404
1.3272695954030407
1.079710685788993
4.5170809837747985
12.91458150492141
.0006411117845383415
16.64093667376424
15.895087044850474
4.075735729217576
6.514553872513149
2.158199958709979
.7110857170504091
3.608936270166815
1.428651081757686
.6425625807838061
1.8391344796832676
.022406129592779468
.005227053117863559
.0702290675771848
.0817888159232948
11.93311274955376
.5215585725999455
.04394771128040562
.12532738133412466
14.533290029970734
21.910966716442573
11.836133954529464
.7477346619034911
.010620201797650483
6924961383257739e-20
.8445472995655166
2.4136345162160047
.1658680564142315
21014641016201863e-22
6.70994834363743
.5017789665114498
.47965036593453964
25.912938093731782
.010235801975399186
2947868756204885e-22
3.971825373453901
.0015544553121649685
3.8812738263754225
4.047209646639523
.012710891544721124
.00011822294526663299
.009436304705936196
.014990245631157485
.24059704341366062
.0013603339729952708
.00019418739973046812
.005721342276966739
.21418255561053043
.8036978924529928
1.1690392514377705
.00018192593597906136
5938472975029584e-21
2520184036036145e-21
.09756441884857567
5993064058572826e-24
22889200073335524e-21
1.1451307846113072
.00014187185503379709
.9691762924966546
954943018218179e-19
10952657783304256e-23
74.06936300924541
257.66217123321394
11.877984014557045
21.954244754382103
58.74978311552665
6647435517161377e-22
13.523193745704635
4.862235007095775
.03934886414266444
.07352238213933432
3.761976710297702
.24331190861729451
.004880362117850071
.0059090035339328575
.3180201966027187
.3374718411090419
5.883397478503939
.35951583834720774
2.290850072991238
.001466446314113978
9.291400292147648
23.922889753571457
2.8607432331204325
2.8376104124448687
.5241410178324191
23.38212557482428
3.75841662516167
20.425250619116753
7.180413632107047
1.5503540754004115
11.543611687587244
5.359074208883077
.001466446314113978
1.938891973164672
5.865785256455919
2.2849817585024716
1.712569010301746
9.845949557881665
.09922723831229846
8.50035082977056
1.4013184414196003
1.6607552729954387
16.956516319523427
9.74707739887521
.45992626808266124
12.25092426768281
10.579055560696336
2.0120646694197295
4.109847830183088
12.664902724668202
18.864016791045902
9.115328993625033
6.371711321782115
27.606377254744867
.001466446314113978
1.7662533198640444
23.72264460279041
5.982529778036407
27.796624400918326
29.30826255549638
3.1274420526759665
5.167716879448224
12.605358805650408
.03877783946329342
4.252481128867794
5.902749805100766
11.778627142305593
2.8003188470851654
5.151214353042939
13.342091768861724
15.639131176944574
14.786431563386481
6.774658391101047
.4171508974883063
10.999676155634987
14.306257724837808
1.480273166419769
1.5822595919787301
25.072763942730532
17.539604273036097
7.472026116113673
.39690895324919384
.09253564204809103
.09694459865823375
2.259988486045709
4.755416877856091
1.8841816654345565
9.45251057680272
10.939248157814417
6.738565502439796
3.5518800048106707
26.339114295574042
6.689030063734749
9.968986818137658
14.819071540977035
7.0785858650433084
9.515252503234452
.0010625438537213185
20.213709600212667
3.563612417773975
2.8552950643561283
.00013672929445551917
30.826965640443138
3.1301065726901913
.9711326407332421
.6488270346258196
1.2415876935199999
.001466446314113978
14.255829502077669
7.068596756108702
3.8090401385686494
9.767437171751796
.03877783946329342
5.959619305108597
.4401169855012289
5.325235799775754
4.696553190432206
.0010625438537213185
2.7834908225207933
6.7003006998848
2.54976267397308
5.152060181451291
7.625945549418825
.5816675919494018
.387778394632935
.17914824888012224
5.83359712897422
.0018835429242582415
1.576353504490828
18.66531210495325
29.93502596918836
9.244569511487743
.1312248202105201
.13613978484878128
21.287338662045325
30.793940619917123
3.024915725503857
12.682155033791304
38.06114889103857
.20808791615497801
8.562845051508733
8.562845051508733
8.562845051508733
8.562845051508733
8.562845051508733
8.562845051508733
8.562845051508733
8.562845051508733
