3280942534362345e-21
7.16592265110806
1.103756587587641
5.00020786657424
.17142591489194314
5.696179464497355
.004473518466288565
37.818485917829946
14274353526111816e-23
.6770632513354689
1.8600655634202188
.013886211090769025
89.00316451005838
1.2208890228905211
2.9308872630898306
1.7902544713019453
12.125310623052167
65.99877507996847
21.628540393091825
.007229976187782777
63.47486521120846
7.021990634076969
47.73510205942664
4215036889153386e-21
2.857565304821312
20174431001032974e-22
18468517646394402e-29
1.328272716091377
6.736270575717542
145.08014725430343
5.788716248107075
.5219531127547404
10.638088671027619
211.6853625248619
79.60393579756777
1.1021802294115155
11.042465584579332
6.266556209592772
1.0037770114165134
33.08515880651473
5.294223227337451
.000270083639912674
.3174158654725933
.34180525307093845
46.42597892513151
266.2499333312701
17889351771120124e-23
19.79290928486748
.43170331164866477
39052624250933427e-23
.949575626924409
.0009074480012741484
36.28071079209565
107.09661351221509
.0011943616836912845
.009272775225742541
1.8831062726417571
.00013642026912697808
.00016939178435619725
.0030512818773045904
895893872729833e-22
23.69421039548053
.02079751400559469
3.4976114106630134
10.033529809639836
.0036930473539664235
4.846276779110161
.00812819227366065
.0025319269751302347
39475957056077377e-35
290818397937258e-21
8.24301960663192
2.4182100780342797
4.549833521310327
.9851288424305252
153.17753257379624
4.256387725648225
1.3256676490079569
1.5080958125772306
24.797018714214076
33.33960370711475
22.614039985587286
10.165328983019903
1.7961351474778318
.0003186341925270192
18.901212273835473
16.09580674437926
.001080764699398491
5286076547159941e-20
24.27506695411516
.08548847293843685
.3698276957581407
23.844545029530035
.37428594419490585
695329221131247e-24
7.3898527110611685
.1988679850047104
11.69792578166408
35.352756513671245
.0005847042361849131
2.0707772430052316
1.9365069774068353
1.0388202325338438
6.680385672393417
.0012398561054577928
.791909316791242
12.495610867236502
5.3603799054506025
.8318850846288219
8.361146648254659
.001001635443314457
.00021139225257165074
4375746170113311e-20
.9359088605312642
.00036221284406354046
.511836460121592
101.47840020907249
16.478677272825223
.9939242419335037
.011062018273797108
7666406277070501e-21
101.0181910695592
351.4079963369654
16.19957847556919
29.941908520385308
80.12485290738424
.0006855455724694333
2111.0984474161723
548.1059405905261
227.05747226459184
492.4871306969563
6069.046945214075
2168.5395152429214
.002238033193892409
.002910177798903226
.3199999580039383
.41288792052942885
6.35796942318701
.43985817129142324
2.3999976377225494
.001999986876273336
10.454062863241468
29.269026331045367
3.1255548215217837
3.8700247873003373
.6593677584459788
31.889298530016955
4.709463808728692
24.989756854097383
11.436441714826966
1.5992155102336358
15.743550689695137
7.308878602362535
.001999986876273336
1.999998687623421
7.999947505093345
2.3569959448484776
1.9999934381257998
12.046260290137399
.0999999835952887
10.399955641752447
1.7144762519321681
2.645130469542386
20.7458516822717
13.29337916577541
.6272623084565243
16.708206445585404
14.428057871005468
2.0907901879621305
5.143321077589671
17.27280364431131
25.727355753003938
12.431780273646595
8.689945823666896
37.65046949182016
.001999986876273336
2.0626877098363403
29.024031656436634
6.9017588353636095
37.90993469824018
39.97155566706281
4.2653065451198815
7.047899292131424
17.19159572319528
.03999997375246843
5.799671196605821
8.050360951167407
16.064072362145236
3.105089467139536
6.30237526022808
21.250315467367333
21.329152529599696
18.090810066386233
7.911665016850136
.4507995016104355
15.00171383213478
19.51133663938263
1.526925909818213
2.15793676751613
34.19504577476323
27.9358087496201
9.141827404280866
.3999999343811548
.09999983595300913
.09999993438117105
3.599545641948958
7.574082878752865
1.9435641130446655
15.055272830942414
14.919300175775579
8.244457636851296
5.65717669403352
41.95102968923328
8.18385233060641
13.596026403505675
18.13074422038616
9.654004170765862
11.641661142635845
.0012999944552190557
24.730941981973697
4.860169785335008
3.4933784037970086
.0001397257227512333
42.04281201624913
3.8296030554322966
1.324462080809724
.6692756665695982
1.5190498835331332
.001999986876273336
19.44256099942677
8.648242194369535
4.66026041419726
11.950202450945744
.03999997375246843
7.291437454297861
.6002457686691874
6.515285922738187
5.746109287461531
.0012999944552190557
4.433342170313603
10.671752680570982
3.119567561075819
7.026546181405
9.330143782137995
.5999996062870262
.3999997375246842
.18479434007118256
6.304152032685882
.002999970471663913
2.5107014581251126
22.836518376526648
47.678336829739735
11.310487622446141
.17896865076914772
.17999893697778807
29.03236043837036
41.99777142594246
4.125477826643669
17.2963329010591
51.90902493007746
.21066114850403042
9.999967190628999
9.999967190628999
9.999967190628999
9.999967190628999
9.999967190628999
9.999967190628999
9.999967190628999
9.999967190628999
