6239691494569161e-21
7.1659205827752785
1.1048937871172573
5.0002385720320355
.17547800138596792
5.706383706889556
.004473547682459742
37.81727973429018
14325526499078113e-23
.6774946197489157
1.860052353690182
.013992930843267505
89.00261766377137
1.230148795302322
2.9518765475838924
1.80311548992115
12.144931739327635
66.10710164666816
21.628326603753713
.007229931170647397
63.47474315635608
7.02324935348354
47.65279980506254
4222577347178414e-21
2.858907688679261
4164704138844002e-21
3527454851985706e-28
1.3282771393852315
6.707972695960677
145.1228530049252
5.7904110456089715
.522011410499515
10.637984296747572
211.6830400668517
79.61691638010872
1.1102244314565468
11.04207071111606
6.266492557539643
1.011527345852861
33.08466803422093
5.333697798421402
.0002701479832660284
.31741490081930607
.34242281104237243
46.42882810354291
266.247806478781
1788928737551262e-22
19.794362727821703
.4667028797241469
8098673877145182e-22
.9501548863358336
.0017257398294282444
36.28043688858245
107.21693115399523
.0022726767685414674
.01764135536309947
1.902602579577029
.00013650370583303005
.0001694698703430111
.005806177596713162
17046227764116803e-23
23.693740867807822
.02259797347542667
3.504328951989615
10.055308277337456
.0040303572276590835
4.889124273152833
.008831492972829199
.004849825975084477
10031238089796862e-33
6004659139341094e-22
8.18331303487074
2.393628445255194
4.554789543524615
.9927125062616304
153.17496410567932
4.301724878212344
1.3293120667158864
1.5165266885887387
24.86981617734562
33.413931953208035
22.602169219240494
10.20336025310397
1.8052522688240435
.00031915869055339983
18.977148506492
16.09537388092766
.0011318934030937742
5155809116231272e-20
24.29318996299019
.08942961447681241
.35743138418737186
23.87655687593046
.37573749591181616
13218081552697696e-25
7.421206760313712
.1998721218207059
11.924128009374565
35.34562602979018
.0011109195251749278
2.079100919651323
1.936439679907034
1.0404224991437199
6.700597559980998
.0012399275138266167
.7875705511007277
12.425289648133496
5.375954145801785
.8319176727828357
8.403959129032524
.0018974931153557233
.0003994178119703455
8315032555119492e-20
.9374704381394615
.0003594029182284535
.5129662052080667
101.51987077519772
16.38141548051516
.9977178101419548
.011062045958211787
14382861214963548e-21
101.0175932965888
351.40591688771406
16.199482614912394
29.94173133978639
80.12437877029251
.0006883058186376788
2027.1424912010568
520.4744513139757
219.06140586023056
474.57194149072797
5589.020204966212
1898.2755764409067
.00420427007429671
.005454816161387755
.31999992013195905
.41288633241160533
6.35796001737703
.4398564794361595
2.399995507426445
.0019999750413940615
10.454039358154088
29.268913751674347
3.1255495446426362
3.870001886511993
.6593648723769204
31.889109825779588
4.70944354953452
24.989660734360534
11.436340202647452
1.5992145638985011
15.743457527572941
7.3088353522307905
.0019999750413940615
1.9999975041250033
7.999900165576249
2.3569945500970757
1.9999875206570212
12.046213955818269
.09999996880154755
10.399915639722604
1.7144696574299838
2.645106990827087
20.745771886144993
13.293300502490448
.6272585966453211
16.708107575133546
14.4279724932837
2.090788657645768
5.143299075937257
17.272701432867688
25.727203511930266
12.431706708854524
8.689894401099608
37.65024669597768
.0019999750413940615
2.0626816068712555
29.023920019404656
6.901740022748
37.90971036701793
39.971319136242876
4.265281305260247
7.047857586339128
17.191493992297783
.03999995008250006
5.799636877176401
8.050313313329829
16.063977303342945
3.1050833496801786
6.302351018989756
21.250126845251096
21.329026314798888
18.09074048251981
7.9116416082579715
.4507988347097053
15.001625059816213
19.51122118146821
1.5269250062604207
2.1579239979717757
34.19484342631619
27.9355607857076
9.14179224147198
.3999998752061902
.09999968801592539
.09999987520625013
3.599513691650737
7.574015649654861
1.9435629629413835
15.055139197282895
14.91921189113805
8.244425925654461
5.657126479784155
41.95065732337309
8.183820852519728
13.595945949312199
18.130674482918387
9.653947043404065
11.641616364552892
.001299989454965325
24.730846857733425
4.860141025384958
3.493364966987085
.0001397256649867428
42.04256322881435
3.829588325379497
1.3244542433338808
.669275270525992
1.519044040712176
.0019999750413940615
19.44244594849072
8.648208930069735
4.660242489132712
11.950156486100164
.03999995008250006
7.291409408764908
.6002422167277767
6.5152608625676525
5.746087185825415
.001299989454965325
4.433302819068044
10.671657955926651
3.1195555620789985
7.026504601969276
9.330107894995503
.5999992512375006
.3999995008250005
.1847942307192062
6.304142706491911
.0029999438433166827
2.510679172629022
22.836430538931843
47.677913627138096
11.310444118177564
.17896759172601057
.17999797835162268
29.03218864000263
41.9975229050344
4.125453414217466
17.296230550381605
51.9087177595402
.2106610991294667
9.999937603285106
9.999937603285106
9.999937603285106
9.999937603285106
9.999937603285106
9.999937603285106
9.999937603285106
9.999937603285106
