21564791734364503e-21
7.165909863643588
1.109885301023709
5.00040631465841
.18816516163704616
5.753997018087064
.004473698787133325
37.811004680844704
14553464314416817e-23
.6789919968619494
1.859983931030924
.014544387138487018
88.99978524860003
1.277968304517579
3.0611795533738153
1.8759470138287053
12.246947458415844
66.5829387867514
21.62721819288957
.007229698004994531
63.47411097299169
7.027546198905341
47.33506514870812
4255843555958565e-21
2.863842534837923
20248353019493283e-21
12412071727648694e-28
1.3282998951163325
6.596639123258067
145.26609809970847
5.799190888367566
.5223130563053533
10.637444391646968
211.67100637777236
79.684105420653
1.1516938462413564
11.040017785158676
6.266163224032428
1.0515852826035874
33.08213084220043
5.53738879185043
.0002704812233504197
.317409904360096
.3445718724765188
46.44355681318365
266.2367897109649
17888949419283467e-23
19.801888855967885
.6426731690955602
4017449241914871e-21
.9535742328458775
.00596342411040447
36.27901819987513
107.63511311613516
.007870613930761047
.061036547361152584
2.0040312611067352
.0001369376787085879
.0001698721557094802
.02010913384409053
5901237830663013e-22
23.691856114540137
.03193514874579175
3.5393206087289304
10.151509658597405
.005806874256799901
5.1183841633205365
.01247787906112371
.017424598167169528
4905865184469252e-30
2922306485320908e-21
7.952407264547426
2.2999942757931686
4.587861364684865
1.0345267301139545
153.16167540246352
4.535495884156973
1.3589319907192423
1.5675080358578874
25.189107416323658
33.74374291878856
22.556119033982444
10.3727663971294
1.8440979189834084
.0003214545835574271
19.315669205378235
16.0931321714163
.0013970506744917
4525768582928832e-20
24.366088718231218
.10987654340203323
.2957540908955575
24.042711714795175
.3821972878514468
4550851575228755e-24
7.561143790205763
.2040342936559188
12.627261758618593
35.29725558289517
.0038229615357090927
2.1148319493587215
1.9360899885815153
1.047056325507074
6.790208713932132
.0012402974933609574
.7706061375858722
12.150929239841657
5.445034227364498
.8320865145625289
8.588029721473893
.006455065263215381
.0013448402926489827
.0002864200737449348
.9443416038029857
.00034855862781585703
.5181918302911273
101.66132215996265
16.019315941277355
1.0147000422773509
.011062210153388673
4713062658281379e-20
101.0144971345746
351.39514639105175
16.198986105135383
29.94081363378897
80.12192297967363
.0007007664147281905
1639.3317742559157
399.6910478230013
183.90893521525084
397.31975919197424
1649.5592703039397
401.39981466245825
.013789200186419005
.017742123042739404
.3199997239707851
.4128781067118227
6.35791129937648
.4398477164254635
2.399984473400304
.0019999137426979586
10.453917612319419
29.268330643737407
3.1255222127234568
3.8698832719969865
.659349923927232
31.88813243315631
4.7093386166282585
24.989162879549827
11.435814425559855
1.5992096622813172
15.742974994841974
7.308611338396694
.0019999137426979586
1.999991374101956
7.9996549707918385
2.3569873258726037
1.999956870882759
12.045973965942759
.09999989217609961
10.399708448112952
1.7144355010252277
2.644985384034583
20.74535857992026
13.292893066412077
.6272393713383559
16.707595476138557
14.42753027981456
2.0907807312553026
5.143185117924935
17.272172029223093
25.726414980075113
12.431325680393766
8.689628058177801
37.64909272606174
.0019999137426979586
2.0626499963112037
29.02334179233863
6.901642581958527
37.908548444610375
39.97009402608207
4.26515057553757
7.047641571403231
17.190967077639367
.03999982748203912
5.799459119868892
8.05006657339602
16.06348494676722
3.10505166395136
6.3022254608316475
21.24914988674813
21.328372585889685
18.090380070977037
7.911520362486769
.45079538045428114
15.001165264050487
19.510623167796517
1.5269203262118403
2.157857858182715
34.19379536357936
27.9342764694377
9.141610114739876
.39999956870439846
.09999892176624113
.09999956870509777
3.5993482067323077
7.573667440016187
1.9435570058910718
15.054447048649656
14.918754621313738
8.244261676641548
5.656866397674668
41.94872867364429
8.18365781090725
13.595529237232434
18.13031327579322
9.653651152528552
11.641384435245278
.0012999635560141183
24.73035415912451
4.8599920633721485
3.4932953706619143
.00013972536579086363
42.04127463558023
3.8295120306674124
1.3244136491682117
.6692732191870154
1.519013777660933
.0019999137426979586
19.441850042761384
8.648036636717473
4.660149645769733
11.949918409923038
.03999982748203912
7.291264146158521
.600223819465576
6.515131062727713
5.74597270979556
.0012999635560141183
4.433099001325361
10.671167334526752
3.1194934129461878
7.026289241496597
9.329922016557646
.5999974122305864
.3999982748203911
.18479366432205274
6.304094400867621
.0029998059231683702
2.510563746053746
22.835975581702773
47.67572167113421
11.31021878662643
.178962106417549
.17999301314342925
29.031298811243868
41.99623569227407
4.125326970181971
17.295700425575905
51.907126771328265
.21066084338975707
9.999784354413793
9.999784354413793
9.999784354413793
9.999784354413793
9.999784354413793
9.999784354413793
9.999784354413793
9.999784354413793
