.17391604453540155
7.114190303433796
.7971130192230367
4.662162853568509
.16477688796656492
6.218454506937304
.0038428573414910545
11.90299064428095
5902649537974469e-23
.3135481583211559
1.2406638274215618
585711197432785e-19
7.986896056339068
6.747186107956471
8.987640693255601
.1452002149876878
11.813177319053787
4.717086692217725
6.751332018230013
.0046860322330217734
44.22924184590087
3.9881664959057765
.5235899194345478
2398960701546957e-21
1.9964096835861969
3685809851930331e-21
26403901068248944e-26
1.1292668353251014
.00017853346884069956
4.433518896247706
13.140826892707539
.6107554134171217
7.1299600647067365
145.2033500989102
170.25466714861403
4.7891144318923065
2.8387891686469406
4.203396364738486
5.483363826955112
20.869391409464082
11.988677615597812
.0004361781499467516
.2655830822892285
.07177391602662486
46.804149830068944
48.37055696858666
55601667555163e-22
2.781103617023728
3.3327169410331168
1.0962180404380917
1.4906379101275342
8.057146512958317
23.230164691572448
28.309347551993458
5.905298501381976
10.611189290642601
.9773667130374285
1.0647995528496987
4.1498774627055335
11.49695357022467
.0006341093721018402
16.036082652105062
15.025220603595375
3.425036321852461
5.808369297075968
1.7811782151993467
.514566440911789
2.9505874957345832
1.115142194746698
.6047162218819341
1.8663797519332985
.01600825548490702
.0036895612818911958
.020962459951514124
.05854548725035179
10.722483761694072
.1830686110778972
.031655938672862365
.09242805574439639
12.91335575134386
19.49866281226818
11.530518466949287
.6345239013777962
.007555424362863074
5162860316179173e-20
.4446840796052223
1.8607334222999627
.14569122382406077
23182619137409888e-22
6.381536622231056
.2960404432473171
.4733513575464118
22.962524933348888
.005146377014186229
241471983242615e-21
3.584685043497746
.0010765947147104952
3.7894028039019734
3.9558091115575147
.010371761817245098
5010206885818652e-20
.007318956417806975
.007900610319586528
.1272353945281786
.00132753762610427
.00012964737554720015
.004109631354857432
.15547354759003776
.7747961423639832
.8486453150618428
.00011458990594948104
34370350992056404e-22
9752133726568281e-22
.06630711138280171
34081294436479594e-25
11768896165884012e-21
.8666091593994277
5546767276182392e-20
.795376383240191
6164139433544897e-20
6751580446254357e-23
71.34127768553454
248.17208843435066
11.440500113671595
21.14563711318894
56.58594081181118
2817528302979663e-22
11.194953600405158
4.41834321175544
.03652092463872295
.06832721428690389
3.7420967327110843
.24360736400857608
.003474223001811324
.004215801929910816
.3177815998840046
.32933964890334855
5.828459166470202
.3508524432360116
2.277991022352764
.0014124349050102594
9.159856449291574
23.346410433245612
2.8302775386016914
2.733096980627807
.5097920966957794
22.520926949288913
3.657270137893137
19.93305529005389
6.787391105127585
1.5445469794739681
11.118443219166732
5.161691497543892
.0014124349050102594
1.9316295472080272
5.649739620041045
2.276422998621526
1.680734896920887
9.60868782372002
.09913418969075329
8.295514519468798
1.3675503176272372
1.5698532348219643
16.54790845050486
9.388077972923268
.4429864963474999
11.799704419978882
10.189413135794497
2.0027469428077516
3.999854688658781
12.198435431773024
18.169226863563146
8.779597805479128
6.137031672360716
26.589593127411494
.0014124349050102594
1.7334212949321184
23.150990668929563
5.880004407440985
26.77283318689934
28.228795449357854
3.012253688445043
4.977382144503147
12.141084604270928
.038632590944160515
4.095855894280944
5.685342709122062
11.344802872547866
2.7655492755654687
5.027083506824764
12.611807569252012
15.063118605672889
14.430117083592792
6.64872755734101
.4132556029318703
10.594541645675527
13.779336874560164
1.474728569600801
1.523982606787983
24.14929657973334
16.57956771430855
7.2919697524700995
.39653675876301314
.09167155764861697
.09658147736040151
2.1362872020753136
4.495127421853354
1.8771241655720177
8.935124005006445
10.536339301314069
6.576183628810261
3.3574665731419895
24.89743338563882
6.5278418651307195
9.60181413666835
14.461970522755468
6.817870969889678
9.285959706574111
.0010369393149335983
19.72661185860914
3.4323592472139763
2.7864898917793477
.0001363712955502662
29.691562430242264
3.054679158687979
.9353643743822786
.6463967505445726
1.2116686646293326
.0014124349050102594
13.730765998600695
6.898261989046929
3.7172521943530854
9.532067381559276
.038632590944160515
5.816008005562442
.4239068192451496
5.196911490043428
4.58337849377206
.0010369393149335983
2.631135449565734
6.333557327216694
2.488320036046582
4.962302106089715
7.44218012841593
.5794888641624082
.38632590944160605
.17847722083381445
5.779123845378872
.0017804465237310995
1.4900712275231547
18.21552670917652
28.296521538329575
9.021799469758484
.12639161398896484
.13161855112978074
20.503294168810786
29.6597537705725
2.9135035591108616
12.215052312570476
36.65929990146032
.2077788527071846
8.403674484604437
8.403674484604437
8.403674484604437
8.403674484604437
8.403674484604437
8.403674484604437
8.403674484604437
8.403674484604437
