3495287987766835e-20
7.165900479946457
1.1132232771547026
5.000563287596096
.18996100285586504
5.789664852309039
.004473830602713518
37.805484316870604
14709071236559368e-23
.6794932022137968
1.8599241571496223
.015024354865739503
88.99731086958128
1.319549522544471
3.1571108282386664
1.9506512879545057
12.33645659301746
66.90092727115407
21.62624872769098
.007229494315981052
63.47355868522282
7.02887788119535
47.226890072696634
4278259568060619e-21
2.865948057450861
4109640146630098e-20
2034120441875458e-27
1.3283196359848821
6.55222902465771
145.30619017807277
5.806859227204304
.5225761455294018
10.636973716680272
211.66048928163235
79.74273996099325
1.1876547602784306
11.038213692266039
6.265876021490881
1.0864631516351624
33.07992107811963
5.714283098663448
.00027077213942344
.3174055394929858
.3452854095383651
46.45638433916951
266.22716466172034
17888652831578258e-23
19.80845952514534
.789513409454485
8263588131186408e-21
.9569661861863997
.00966441768348575
36.27777909452958
107.77478149261518
.01276965278023805
.09894626509769465
2.093604467080255
.00013731896440708765
.000170221364371667
.032628115843502364
9571439220408355e-22
23.690745110187958
.0401102735666653
3.5701129706398365
10.216409835929262
.007389261633220116
5.332486191564895
.015669182605811585
.029307580095163027
5581014888797764e-29
5936302276034243e-21
7.8627884586032755
2.264371469386614
4.624072768482046
1.075675646649394
153.15008044606628
4.73811111057327
1.4023662639922763
1.624703044854807
25.401227364327177
33.96781741300469
22.539254859557182
10.48835776355399
1.8682817131753318
.0003229788343155799
19.54679552116467
16.091174218945426
.0016284334127541192
4030195237843024e-20
24.405951143071842
.12776575570653373
.246444537564808
24.18810592575026
.3865943698879172
7323977716831983e-24
7.656834746477709
.20647060091911035
12.737332832861375
35.241796185954854
.0061790841908114635
2.137516677514116
1.9357834780498544
1.0509782406867971
6.850927690163419
.0012406206239518225
.7638843685198793
12.043052188723687
5.491905577650657
.8322339728361993
8.70481037369273
.010389252959632249
.0021553502301294475
.00046359438192342155
.9489496494380991
.0003443526312272865
.5223261716435776
101.70477461994822
15.917613301495432
1.026402205818632
.011062379528388486
7476300764798232e-20
101.01179238880357
351.38573749863417
16.198552364034796
29.94001194401815
80.11977764966166
.0007095104370023189
1359.2507835334395
319.3256939225491
160.1958529738435
346.94177478466827
159.61373083295672
34.913910004029475
.021665398101312138
.027787606454405735
.31999955260345053
.4128709208313258
6.357868739380487
.43984006115608587
2.3999748340585607
.0019998601933719573
10.453811255678204
29.267821247082743
3.125498335610714
3.869779652707565
.659336865160271
31.887278602332106
4.709246948602612
24.98872795908481
11.435355123709174
1.5992053802150663
15.742553463811792
7.308415644351083
.0019998601933719573
1.9999860188969656
7.999440773487831
2.356981014770239
1.9999300954631258
12.045764313437623
.09999982523575349
10.399527447810698
1.7144056623672088
2.644879152275593
20.744997520166322
13.292537138329218
.6272225764912283
16.707148116606117
14.427143970892399
2.0907738067435035
5.1430855656720755
17.27170955269173
25.725726134274804
12.43099282148226
8.689395386280113
37.64808464081434
.0019998601933719573
2.0626223815561016
29.022836659558894
6.901557458298111
37.90753341222394
39.96902379412675
4.265036372642845
7.047452865036555
17.19050677543699
.03999972037793931
5.799303834608126
8.049851026280129
16.063054833820953
3.1050239833966207
6.302115774611212
21.248296447412265
21.327801501271235
18.090065219433164
7.911414443063843
.4507923628202373
15.0007635955825
19.510100754905295
1.526916237708531
2.157800079773853
34.192879796744634
27.933154532302098
9.14145101083787
.39999930094301395
.0999982523712922
.09999930094484821
3.599203644462312
7.5733632553431764
1.9435518017955382
15.053842410000133
14.918355159458104
8.244118190517607
5.656639198359532
41.947043867648276
8.183515379554997
13.595165205818603
18.12999772923735
9.653392668124127
11.64118182436326
.001299940930976336
24.729923743060443
4.859861933110123
3.4932345720807705
.0001397251044122947
42.040148946070275
3.829445380449428
1.3243781869096423
.6692714271316446
1.5189873401935503
.0019998601933719573
19.441329471326828
8.647886123147503
4.660068538833069
11.949710429203684
.03999972037793931
7.291137246349659
.6002077479819431
6.515017671020873
5.745872704799998
.001299940930976336
4.432920952740468
10.670738743547284
3.1194391201500538
7.026101106856014
9.329759635206917
.5999958056690892
.39999720377939285
.18479316951594196
6.304052201123113
.00299968544058961
2.5104629131325478
22.835578136091375
47.67380684929632
11.310021939471612
.17895731456079342
.17998867562350848
29.03052147447623
41.99511120871865
4.125216511178628
17.295237319052482
51.905736915559004
.21066061997445615
9.99965047731563
9.99965047731563
9.99965047731563
9.99965047731563
9.99965047731563
9.99965047731563
9.99965047731563
9.99965047731563
