.17391604453540155
7.114190339576498
.797113900209708
4.662161753640893
.16477771253687948
6.218455038430974
.003842857371662196
11.90298042586422
5902664926398443e-23
.3135513489515176
1.2406638316297247
5857112660096108e-20
7.9868976897402275
6.747185432194955
8.9876068321067
.14368849863325886
11.813272042887261
4.71704589418502
6.7512878788307535
.004686032818028454
44.22926042093378
3.9881840424918487
.5181689497875291
23989645161985736e-22
1.9964254141692221
36857826817143957e-22
2640433656510159e-25
1.129266825038735
.0001766827396875792
4.433650369079034
13.140823962732359
.6107553935718033
7.129959869252103
145.20335327503096
170.25465649976547
4.789114128301426
2.838786760342801
4.203396273934548
5.483363279173906
20.869390223410715
11.988668342339402
.0004361780925293856
.2655830823034328
.07177504842378499
46.804149688861536
48.370642751218234
5560176263426592e-24
2.7811865465679775
3.332706721276289
1.0962205542620405
1.4906442168741916
8.05714689137966
23.23016454893571
28.309722507731443
5.905294406405876
10.611141289910767
.9675802326710828
1.0648020066963821
4.1498793362876505
11.496913262229691
.0006341082000850233
16.036084146295988
15.025202524754743
3.4250687942553575
5.8083815554270695
1.7811825536954955
.5092401949694872
2.9505728013831756
1.1035648313042727
.604715219031959
1.866377650977346
.015841113620342243
.0036510055752876627
.020987399742446088
.05793690897904751
10.722785820247912
.18328472467000967
.03132535556559738
.09146429704394714
12.913437205974846
19.498705281939653
11.530590346689271
.6345448697997705
.007556801396006844
5162877528305154e-20
.44470873560915936
1.8607365185648126
.14569246793475735
23181345764798623e-22
6.381558059823776
.29605637956941455
.47335095558971296
22.962677569802977
.0051466625962153815
2414825197826247e-22
3.584699778521983
.0010767907651281572
3.789470495198466
3.955842733700975
.010373506285091741
50115299908918647e-21
.007320187941172713
.007901102920706804
.12724259698178375
.001327537691365478
.00012829880920005437
.004066881013786173
.15549922685523473
.7747961110153531
.8486558137105563
.00011342045251644644
34018457877615804e-22
965589881537262e-21
.06631184900078463
3373105463786829e-24
11650397144051291e-21
.8667456493219327
5489318338985981e-20
.7953783420309577
6165143007391714e-20
6682320357430144e-23
71.3412777450977
248.1720886415507
11.440500123223321
21.145637130843532
56.58594085905504
2818157857138674e-22
11.07803986516946
4.37216574194669
.03613758178602397
.06760930898579041
3.6922003736695252
.24031806294022162
.003438080908120904
.00417191956068797
.3177815998840047
.32933964895224793
5.828459166489058
.35085244328810516
2.277991022353718
.001412434906189508
9.159856449449917
23.34641043671202
2.830277538617229
2.7330969829096827
.5097920968228323
22.52092696809174
3.6572701387434448
19.933055293013492
6.787391133970257
1.5445469794740958
11.118443228449571
5.161691501853412
.001412434906189508
1.931629547208187
5.6497396247580385
2.2764229986217144
1.6807348970081213
9.60868782514669
.09913418969075333
8.295514520700491
1.367550317830287
1.5698532414929751
16.547908452961845
9.388077980761418
.4429864967173514
11.799704429830511
10.189413144301685
2.0027469428081393
3.999854689568041
12.198435441957555
18.16922687873272
8.779597812809255
6.137031677484552
26.589593149611268
.001412434906189508
1.733421295022087
23.15099067236695
5.880004407660725
26.772833209252106
28.22879547292621
3.0122536909599877
4.977382148658786
12.141084614407577
.03863259094416371
4.095855897700593
5.685342713868781
11.344802712968962
2.7655492755936364
5.02708350757117
12.611807622845241
15.063118618249158
14.430117085735334
6.648727557686095
.4132556029332073
10.59454165452096
13.779336886064597
1.4747285696009227
1.5239826080603631
24.1492965998957
16.579567784762574
7.29196975355279
.3965367587630133
.09167155764891355
.0965814773604095
2.1362872111533564
4.495127440955168
1.8771241655721729
8.935124042975797
10.536339310110908
6.576183629786674
3.3574665874093714
24.897433491439187
6.527841866099954
9.60181414468495
14.461970524902739
6.81787097558195
9.285959707952863
.00103693931508756
19.726611861538093
3.432359250079669
2.7864898921930776
.0001363712955502689
29.69156245503189
3.054679159141529
.9353643751632187
.6463967505446261
1.2116686648092378
.001412434906189508
13.730766010064576
6.8982619900711635
3.717252194905012
9.532067382974569
.03863259094416371
5.816008006425986
.4239068195990714
5.19691149081505
4.583378494452587
.00103693931508756
2.6311354607466093
6.3335573541308205
2.4883200364160407
4.9623021102327645
7.442180129520923
.579488864162456
.386325909441638
.17847722083382922
5.779123845397569
.0017804465312970157
1.490071233855136
18.215526711881108
28.296521658574193
9.021799471098015
.1263916140944898
.13161855120180155
20.503294185929082
29.65975379533557
2.9135035615433593
12.21505232276888
36.65929993206734
.20777885270718502
8.403674485040607
8.403674485040607
8.403674485040607
8.403674485040607
8.403674485040607
8.403674485040607
8.403674485040607
8.403674485040607
