.17659653767956768
7.113688843899894
.7892707099395011
4.640214342721406
.1641929958420919
6.212788657789231
.0038271173826152274
11.829870609170266
5725073990626463e-23
.3126546998585753
1.2330681787701752
5864398428284162e-20
7.965453105257035
6.733412261358943
8.754384619004668
.13578013408440318
11.558695460417162
4.6100968542471
6.6817437793215335
.004640624563327909
43.55853340992611
3.9662619112820696
.4913509581007243
2352777164829005e-21
1.9893123429021022
31598655715381753e-22
25740038156655833e-26
1.125470922309862
.00015859518007500743
4.184376390291026
13.053447218131305
.6072530116287229
7.078346701303671
144.60189775086073
170.01732735261686
4.776397218643104
2.8115785615049416
4.174472903390901
5.464418422815827
20.67656681721178
11.905461045277601
.00043349425855885795
.26485566315833
.07152318100240228
46.68919443941215
48.25138269651384
5500482973881521e-24
2.778572646838549
3.246954418545538
1.0711284105447438
1.4755031561829801
8.028804393532969
23.051163273616407
28.093140241011145
5.902794033451562
10.28725638104367
.9162132176268077
1.0630961866952087
4.100171959593746
11.276553246311714
.0006333961284508706
15.951144296230096
14.911121088690356
3.3387601331954486
5.707248912276459
1.7312919574350365
.4810211171826164
2.8573153700583513
1.0532745145529452
.5983997838764289
1.8696369804864457
.014940403824440314
.0034372405289680016
.018056503720580187
.05464230589049862
10.58678276332925
.16143956237070925
.029570650822091947
.08660644671482658
12.677254386336505
19.153407833820214
11.481280758765866
.6218275990151916
.007260966375866229
4945191156100389e-20
.4058685667838636
1.7930131892262748
.14257049661002374
23299048321726055e-22
6.343821492718045
.2751425762154066
.4691751025613697
22.547187596164882
.004671029600075483
23373131053201902e-23
3.530494150286893
.0010298735388978577
3.7726857041559665
3.9394366704851325
.01018502710371922
4502797606533137e-20
.007138073246664371
.007224574771829608
.11630155299980587
.0013228855625831313
.000120499804125866
.0038558188981063714
.14992186806524962
.77072409577852
.8070197985507861
.00010661863184278384
3153496661230024e-21
8475035901379731e-22
.06275845232803431
31143387950587674e-25
10634048168038153e-21
.8375691081459226
47784845668419835e-21
.7728241314682569
5834647675717818e-20
6262021895335976e-23
70.95984143964455
246.84520121256114
11.379331859386912
21.0325789693054
56.28339606445538
25240080701740115e-23
10.623496871716805
4.238694212010936
.03511351347850114
.06570908318949037
3.5807939290603876
.23320838913162548
.0032320643960210187
.003923236075040876
.3177475292545658
.3281940156628236
5.820652826435274
.3496319760896203
2.2761599168961535
.0014048831217340213
9.141217118846352
23.265198153071253
2.8259518629570346
2.7184840905063385
.5077745715744808
22.400515623501274
3.6430445784524186
19.863716627668275
6.733029313847819
1.5437191718692225
11.058996887684504
5.134093782852772
.0014048831217340213
1.9305942807836454
5.619532486936092
2.2752029384388837
1.6762357312595089
9.575263265804399
.09912090415527693
8.266657935658113
1.3627931889086602
1.5572799157705854
16.490345281159208
9.337883284318183
.44061800630038367
11.736615628993004
10.134933995240393
2.0014193661028963
3.984383552111636
12.13321476895652
18.07208251865655
8.732656442274122
6.104219163278224
26.447428101618602
.0014048831217340213
1.728781092850786
23.070458171400873
5.865502064441093
26.629688442174366
28.07786619617485
2.9961482474456074
4.950769865873546
12.076170575776809
.03861188561567287
4.073956820607111
5.654945219058534
11.284146108970486
2.7606175612239308
5.0095964110939875
12.510796674178891
14.982581508514782
14.379920814025255
6.630929553162808
.4127021095186568
10.537896428161138
13.705663698261679
1.4739381815186805
1.5158344179246273
24.02017894507504
16.446778106986066
7.266604076138235
.3964836166211077
.09154877745404114
.09652971403918242
2.1191771818637
4.459124902638255
1.8761181115769223
8.863560522263857
10.48000527087756
6.553307869435258
3.330575843810059
24.69802406088523
6.505134266290171
9.550476677390314
14.411663448555537
6.7814182570691965
9.253657783178461
.001033332241957263
19.657991325541204
3.414007652341033
2.7767968728700274
.00013632022942520238
29.532812286210348
3.0440532228342647
.9303633162700835
.6460503110041154
1.2074537822022577
.0014048831217340213
13.657352513370082
6.874265855381222
3.704321447352396
9.498909353731165
.03861188561567287
5.795776575424838
.42164034139409734
5.178833634641308
4.567434859976807
.001033332241957263
2.6100620748444756
6.282830396036835
2.4796642238604347
4.935770455021422
7.416291933764974
.5791782842350935
.3861188561567297
.17838156508320052
5.771383582549116
.0017661865141326049
1.4781369010922811
18.15216260175371
28.069888127349614
8.990416448016882
.1257158433227254
.13098503597329111
20.39367040246051
29.501173696044873
2.897926099664832
12.14974280524718
36.46329576213155
.2077347382744557
8.381178656297546
8.381178656297546
8.381178656297546
8.381178656297546
8.381178656297546
8.381178656297546
8.381178656297546
8.381178656297546
