4337763966928178e-20
7.165894562395566
1.1149307282375243
5.000666199419527
.19009219965917623
5.80981683253787
.004473913504948302
37.801992150740716
14789730958059762e-23
.6796965245918773
1.8598865442561612
.015325542969490081
88.99575382622571
1.3456239113445854
3.217312554472072
1.9991317714384338
12.392876749317336
67.06319295871086
21.625638256822583
.007229366142554633
63.47321113336498
7.029380146268058
47.18527823200542
4289788053234236e-21
2.8669667678288913
57465938887525885e-21
25387185902293878e-28
1.3283320196259722
6.532499614222805
145.31962272824342
5.811682585566975
.5227414951928875
10.636678004549339
211.6538697592662
79.77960740759845
1.2101581847432965
11.037073360636139
6.265695536121657
1.1083557803556963
33.078533768732306
5.825101938307182
.000270955053789333
.31740279283233414
.34557188330491645
46.4644374958064
266.22110752441307
17888467807581022e-23
19.812591730390245
.8788243443688022
11634068417857215e-21
.9591466741106945
.011992796753565635
36.276999546836386
107.83125971412025
.01585363891187077
.12277845319020625
2.149902226384483
.0001375597962052031
.00017044127123850417
.04050975430560476
11880684289529762e-22
23.690115860156194
.04526413844663899
3.589565923412152
10.24979040515088
.008394978479976127
5.468661514454034
.01768047484878145
.037227728463408244
16641654514525602e-29
8305372927987354e-21
7.823565774180884
2.2489293001291784
4.647876692981886
1.1021249468796244
153.14278850042362
4.864785132375357
1.4320902025859603
1.6623698545364178
25.51023026931433
34.083248215480765
22.532294478575736
10.548218399159113
1.8805611137708704
.000323755986269756
19.666465929174212
16.08994230038306
.0017739156883840722
3741636018639893e-20
24.421903521601127
.1390271520483326
.2180175407247984
24.27956489174349
.3888650449414383
9034542559686133e-24
7.706426152154392
.20768970614662674
12.752206140314398
35.20503176164346
.007657605758020513
2.1491191035834953
1.9355903078610577
1.052911663036509
6.88221679135018
.0012408238413987116
.7609057473429721
11.995517362662794
5.516100450286609
.8323267077843659
8.764382366285329
.012852640769652231
.0026612917428396514
.000575005404413878
.9513094964236966
.0003425110880859897
.5245189556734315
101.72099805337432
15.879469698863545
1.032520358067315
.011062496651289694
9190472899778024e-20
101.01009040296844
351.3798168676489
16.19827942850894
29.939507473450632
80.11842768127232
.0007141661101175542
1201.640593152861
276.53891472598303
147.176518501707
319.3893458462551
53.26127915442256
11.521588954566088
.026421497349769785
.03384051337991334
.31999944476669423
.412866399016255
6.357841957678437
.4398352439715447
2.3999687683027817
.00199982649697235
10.453744328890853
29.26750070216536
3.125483310486488
3.8697144493288484
.6593286477659276
31.886741321533314
4.7091892653216
24.988454279343788
11.435066107001386
1.5992026856330994
15.742288211583606
7.308292502096008
.00199982649697235
1.9999826490194452
7.999305987889403
2.356977043373808
1.9999132466034453
12.045632386687965
.09999978311203701
10.399413550857506
1.7143868859773723
2.644812305705739
20.744770318303225
13.2923131673513
.6272120081811783
16.70686661155836
14.426900882495497
2.090769449348291
5.143022921134392
17.27141853513514
25.72529267180034
12.430783366989884
8.689248975375866
37.64745029401915
.00199982649697235
2.062605004531195
29.022518797744016
6.9015038928316805
37.90689469387843
39.968350340951304
4.264964509434392
7.047334119841896
17.19021712609667
.039999652980388906
5.79920611994782
8.049715391300314
16.062784181344156
3.1050065649027694
6.302046753034128
21.24775941881815
21.327442141089705
18.089867094727804
7.91134779157831
.4507904639155505
15.000510842051925
19.50977202185006
1.5269136649301938
2.157763722185457
34.19230366800065
27.93244855087225
9.141350892498538
.39999913244814805
.09999783114155147
.09999913245097221
3.599112678333431
7.573171846463325
1.9435485270068829
15.053461939789475
14.918103794458391
8.244027899881967
5.656496232686795
41.94598369974016
8.183425752649082
13.594936135746094
18.12979916718604
9.653230014465644
11.64105432865271
.0012999266938571873
24.729652897776266
4.859780047461178
3.4931963137294617
.00013972493993411985
42.03944059572502
3.8294034398743944
1.3243558719614448
.6692702994423929
1.518970704050144
.00199982649697235
19.44100189702492
8.647791410393879
4.660017501167088
11.949579554448439
.039999652980388906
7.291057392883064
.6001976348549403
6.514946317715021
5.745809775268077
.0012999266938571873
4.432808915273702
10.670469051723291
3.1194049556542893
7.0259827214251915
9.329657454487478
.5999947947058332
.39999652980388883
.18479285814859142
6.304025646116289
.002999609626659824
2.5103994637933424
22.835328037922295
47.672601943409774
11.30989807066643
.1789542992414206
.17998594619376063
29.030032328257086
41.994403617231235
4.125147003847823
17.294945905067678
51.9048623361965
.2106604793854043
9.999566233017228
9.999566233017228
9.999566233017228
9.999566233017228
9.999566233017228
9.999566233017228
9.999566233017228
9.999566233017228
