.20876245540956123
7.1060414633581805
.68937305770395
4.345068687290337
.1573219254291342
6.134242327440129
.0036375813729499786
10.888766152459757
39319882768898975e-24
.2949316891452595
1.1457109603542421
6192053477268336e-20
7.834731333929826
6.690960050870254
5.914182875596288
.08516960889940399
8.75250345292405
3.2783268808788364
5.726476870572481
.004020251178876868
33.91368986495806
3.6723669303408593
.3210133495638514
1844120269370826e-21
1.8687769462205912
6131517031139322e-22
17915703188384246e-26
1.0807150200356883
6264587615359276e-20
2.2704561871997404
12.026892258755751
.5652658397045149
6.484737395107443
137.53480022904773
166.37739696588602
4.690961375839312
2.4832540983904625
3.84079928793709
5.35195926987693
18.4951795802133
11.049779088456418
.00040207600465641774
.2562834541859809
.06600964613648798
45.33160864961811
46.98804592361596
4938967257839831e-24
2.8920995621997014
2.1771180954961844
.7922514297352721
1.2747551782465054
7.639570899908735
20.935610057081302
24.77077888922629
5.89408239393107
6.465967863274606
.5826543656132922
1.0473484019329733
3.5514502639436367
8.266248444153032
.0006297483705122186
14.960635921325995
13.728587990556685
2.4288521136309087
4.511547381073714
1.210732342588768
.30037783813371044
1.782675238169481
.7406992005664519
.4994121583199416
1.9043340045434758
.009222718023020375
.0020752906191717417
.004743084062154848
.033550728993590156
8.999663678598063
.056626147256008175
.018383822242595535
.05557432021742261
9.808947018965517
15.078546798285094
10.72234631228226
.5008681478062819
.0046698684908176415
288919937596185e-19
.13907528200501093
1.1539121100118557
.10127722939583265
21804885944160974e-22
5.984474536816753
.12093870620657099
.38712572760422853
17.77044010939347
.0015236614121682123
15133932817957395e-23
2.889764648467308
.0006177102287857069
3.458952016764248
3.637323259278645
.008940238626304045
14534980150176644e-21
.005801751127069602
.0025760721627683704
.04096737156566366
.0012678300315531413
7591800708608232e-20
.002666354973919235
.10317726559145327
.7231104163660211
.39036308058136965
7226631898445047e-20
17019944355351446e-22
25870369566429265e-23
.03260888048962225
16439871027776724e-25
49813272345884045e-22
.5584714268820334
12328716876791778e-21
.5421666330127003
30227312003524925e-21
4085982363573446e-23
66.53860267062541
231.4652123145367
10.67032882102685
19.722118691140274
52.77659098028839
7707078479439996e-23
7.65097919844398
3.37209904784108
.027994455132579203
.052617346193632376
3.373322829239073
.22284456743755832
.0018860703721602914
.002300003479032558
.31733896651144344
.3147533298045274
5.727788276582777
.33531333122601675
2.254301120966223
.0013173501791888464
8.92048165724312
22.312407410757114
2.774556548335533
2.549105650390582
.48417810845111764
21.004824397149243
3.476592853712833
19.05022837855592
6.11367107148408
1.5338200187682987
10.369952707281694
4.814207858419926
.0013173501791888464
1.9182142775359663
5.269400716755392
2.2606131201392214
1.6231760030724094
9.183122948113839
.09896161653800245
7.928109555405741
1.3069820702782546
1.4140287718142832
15.815008315702157
8.756075169198327
.41316476835254895
11.005351593121167
9.503464671294402
1.985556920742667
3.80333196417822
11.377240143858558
16.946079553495498
8.18855771775898
5.723888403347901
24.7995890973111
.0013173501791888464
1.6740580886986582
22.12564270832025
5.694238802790934
24.970493486847637
26.328440773861185
2.809469606110108
4.642306159875705
11.3237501581477
.038364285550719295
3.8201240121742117
5.30260701576017
10.58107373394706
2.702118499869582
4.804436022954743
11.35995287453096
14.049073641508384
13.791013067069098
6.421033466856227
.4061177285623547
9.881320042322926
12.851715740254567
1.4644865014553414
1.4213885206400023
22.52357263598299
14.933871047464017
6.969011377969327
.3958464661520098
.09008817908796014
.09591071387679848
1.9242382036660326
4.048938694700882
1.8640874386667532
8.048218866931503
9.827035863631366
6.2849271305973184
3.0242026639935484
22.426100969633275
6.238726403969274
8.955422673716894
13.82145573036689
6.358893788316116
8.874688328014297
.0009910136944257162
18.852928242723884
3.2012937752518806
2.66307738781126
.00013570892542713034
27.69273468754467
2.919388661168145
.8723959042844583
.6419074908227831
1.1580043522904544
.0013173501791888464
12.80641464218513
6.592740771256857
3.5526166065695475
9.109895994172843
.038364285550719295
5.5584193765197005
.39536952981767015
4.966742393870168
4.380382524463632
.0009910136944257162
2.369967552188657
5.70488507458167
2.3781133537153663
4.628241305463202
7.112568997459034
.5754642832607897
.3836428555071939
.17723768706748422
5.6793050899124475
.0016037184593998147
1.3421659687883627
17.408768439961502
25.487793833159394
8.622227640646315
.11788296561187075
.12361655017924932
19.1230180955124
27.66306737801623
2.717367308077222
11.392738380852297
34.191406005911226
.20720609507120735
8.115880015362048
8.115880015362048
8.115880015362048
8.115880015362048
8.115880015362048
8.115880015362048
8.115880015362048
8.115880015362048
