.22216492113039188
7.10188901471993
.6447000085890259
4.20626986306839
.15456703815095638
6.09572570650534
.003558768325082815
10.482202893406939
3348622091908913e-23
.28282119328607835
1.1113078534528122
6447283827691779e-20
7.835970166280429
6.726929671173497
4.747229667513413
.07146241717978212
7.720918009988849
2.7641981990897784
5.30821180389798
.0037065560916779566
29.18171655707268
3.527624039207046
.27357970464773756
16562912507670732e-22
1.7948208897961413
33581103913694987e-23
14892176183680524e-26
1.062505505584859
4743938537051826e-20
1.852288510515923
11.615750330162113
.5479002781169308
6.251993274910998
134.64646245591481
164.475286294811
4.68345885238124
2.3501910268518973
3.709314037589884
5.354596017921496
17.660495766398366
10.756298914655419
.0003895017614520261
.25279568115683076
.06214611089523238
44.77781008729757
46.54465222667171
47843447611818746e-25
3.015965700114081
1.7329554526282422
.6897410319373886
1.1831691572791418
7.458023624371789
20.07619876752538
22.950098868394484
5.898632285842659
5.007563650195111
.4908363864341493
1.0431962953848755
3.3468659379144725
6.851627197990226
.0006303372045377627
14.563789216703267
13.326725512489464
2.1123062916548125
4.031983416326912
1.0335588834763774
.2517198172075384
1.3804128122377581
.6504756304428666
.4431144787319784
1.918543692741147
.00770856681364684
.0017180818130512027
.0032091462751202135
.027927904243600418
8.218515143005744
.04343221514087644
.015387699846395224
.04702940372598686
8.624622351333164
13.449868357915019
10.294537690051712
.46292568511855786
.0038765570381727706
2282860705420326e-20
.09064469255489527
.9633443950763168
.0826439485021409
2001336636924618e-21
5.857424842725239
.08883837683273975
.34505740175077554
15.917809587528076
.0009810224248795409
12448698463872395e-23
2.6261052374613425
.0004940470046274453
3.2569947549611493
3.442296857471438
.008749385646526069
9655966644520323e-21
.005510973807984776
.0017102105000216367
.02708848490403272
.0012453576846509773
6628231993672022e-20
.002395492299529703
.08995159530505616
.7039921060942991
.2643119623686815
6634485534140982e-20
13529790066208028e-22
1736930118117786e-22
.025178019171381988
1335564345169947e-24
3884620848166126e-21
.4625513862757748
7498210231507805e-21
.4649790379754025
22388082882149433e-21
3688502166484696e-23
64.7787320335542
225.3432197522307
10.388110715651612
19.200491001463924
51.38070995689669
49900013526836154e-24
6.715583069562886
3.0480111908524194
.024907016691182973
.04693270865136487
3.248950504147803
.21601163477062912
.0015400797289759508
.001882189532860828
.31716888712035896
.30931681621033374
5.689533354318228
.32952169914175344
2.245255360428681
.0012825077598105623
8.830089143404626
21.927020840635358
2.7534186892869505
2.481684694661748
.474672858630064
20.44927059515005
3.4095028772150258
18.72118713976479
5.872732516561758
1.5297141300854118
10.095679209719675
4.686877516171381
.0012825077598105623
1.9130794023895252
5.130031039242256
2.254561676219603
1.6015665757085877
9.024509303659062
.09889532226948346
7.791172877401451
1.2844074852949985
1.3583021805541458
15.54184676486488
8.524486903623536
.40223702844049675
10.714272515082023
9.252108800353668
1.9789847305447996
3.730343770709351
11.076325035087816
16.497874953117936
7.971979645646733
5.5724980415636525
24.143668069335316
.0012825077598105623
1.6517712654570147
21.743481993964163
5.624363463310545
24.310052231442658
25.63208335158184
2.7351623188048415
4.519522422749425
11.024249798882533
.03826158804779047
3.719086061132839
5.162359069268746
10.3012163244785
2.678111273828185
4.721452367889209
10.912259402381046
13.67749156452773
13.552810567151505
6.335549911135801
.4034053374287779
9.61997032501568
12.511802422879715
1.4605662119305023
1.3837944050297457
21.927849664158302
14.345330174476086
6.848640530366379
.39558128907793383
.08948649548487472
.09565397011947642
1.848404360677637
3.8893708300474295
1.8590974558625903
7.7310401700693685
9.56712190133403
6.176371990592197
2.9050194414853143
21.542292812964828
6.130969256724167
8.718561892554236
13.58272741566931
6.190708253706861
8.721402058510984
.0009738966096751796
18.527294830853137
3.116623182699871
2.617079919157895
.00013545502519441113
26.96029323730772
2.8689641075882597
.8493220212416878
.6401891662020458
1.1380029549826884
.0012825077598105623
12.467699487517628
6.478868982042769
3.491254750640753
8.952547147554546
.03826158804779047
5.462412695600883
.3849124537987604
4.8809553346517545
4.304723248176374
.0009738966096751796
2.2765676046676795
5.480056694088838
2.3370378690365023
4.505829567797414
6.989718579741957
.5739238207168574
.3826158804779057
.17676323882413963
5.641373978593354
.0015405162354672386
1.289271476231489
17.108078987872787
24.483324972712694
8.473301947597356
.1147650947599962
.12067005460132896
18.617235937671403
26.931410594496416
2.6454960221818014
11.091413361276144
33.28708206379533
.20698622431415772
8.007832878542942
8.007832878542942
8.007832878542942
8.007832878542942
8.007832878542942
8.007832878542942
8.007832878542942
8.007832878542942
