.2416437806081448
7.094803855461908
.5770687288185398
3.9898520340851866
.15068385074404222
6.0330262405217425
.003445000714132953
9.897372820918413
26421369484004937e-24
.25964881671761
1.063308479283472
6915278632709415e-20
7.872980524597605
6.812279117253593
3.182984810540037
.053880676187392285
6.367840417119995
2.1018341242951393
4.7110005635299474
.003186067341723126
22.223696361444034
3.2876572199453347
.2103084572859885
14067048172999954e-22
1.6586234930058865
14534072071354997e-23
10940470142122522e-26
1.0365005403548462
3402141449647894e-20
1.4515657547381209
11.03903713179167
.5229041112572628
5.929591414095053
130.48940602751333
161.3569806767671
4.687864653631359
2.1652116048677432
3.5264312200058576
5.388467219966093
16.526160576678063
10.367326434351291
.00037183214709739226
.2478126722156603
.05497227135092068
43.985291098050396
46.00375344094518
4638144448959754e-24
3.29722820508097
1.1415627137738014
.5562131717644121
1.0456596475702526
7.182101604880291
18.86104000848725
19.90113570617857
5.907294909365559
3.184214632288649
.3720836750329099
1.040317861405161
3.0724220337688535
4.78772558019769
.0006324422218926727
14.00395708144031
12.817600855635423
1.710597718964226
3.368168076347674
.8129620443146983
.18957021640962268
.8794799470163158
.5232397886350353
.34562168248229264
1.9400608488927644
.005791483480382876
.0012727200673735603
.0019435585249739074
.02083094383027444
6.845994763047104
.03176270261363421
.011571944108334006
.03586964845504018
6.964852685236007
11.20277647493614
9.538259784686002
.41840352232783223
.0029220556111855616
15989931339731436e-21
.04974674406104784
.744246753512988
.0558300974596663
1675157663035466e-21
5.670180606490579
.05890132388790134
.28404004320503823
13.40199666639298
.0005324300805763159
9293143465573234e-23
2.2500853015682143
.0003496780658001338
2.890401006119258
3.084875143000249
.008760716653927336
565656431908789e-20
.005292636767983805
.0009555556235320127
.015190056339962675
.0012132513606638272
5505197277123217e-20
.0020554247825963785
.07492657457123393
.6769912273789745
.1327540848489765
6056283396232102e-20
9251433405918052e-22
10289266850386387e-23
.01780150186564701
9979971358306906e-25
2766406168992444e-21
.33569636531702735
3720469261818273e-21
.36909667631048515
13832707752691252e-21
3282115764584838e-23
62.303639997959394
216.73321472472983
9.991197573173485
18.466870863104052
49.41753497638533
281798696481522e-22
5.369158847242119
2.521847746003486
.01971629772096533
.03730988168685244
2.875985128994407
.19286607155322968
.0011259181423334506
.0013806442984520197
.3169218598422995
.3015824944097237
5.634389534475648
.32128216372731594
2.2321731193278818
.0012335051837760174
8.700345198523834
21.37874597673389
2.722984162228721
2.3868634805102706
.46118986942944695
19.667936580190293
3.314297475387801
18.253072642782765
5.539389180550927
1.5237663063167144
9.70993940868507
4.507799401365499
.0012335051837760174
1.9056409804535897
4.934020735104076
2.245795505297808
1.5706718047077732
8.798855684491988
.0987990507546474
7.5963582566631125
1.2522914790070356
1.2812033208836582
15.153230181621977
8.198779854714921
.38686819311042714
10.304897250442146
8.898600479252996
1.9694716139893098
3.626754533982648
10.653116321095007
15.86751746357106
7.667383017873227
5.35958177895608
23.2211770190705
.0012335051837760174
1.6199080286949448
21.199796432773294
5.524334120612505
23.381203907709324
24.652722327251492
2.630656128905566
4.346838679149053
10.603030796610486
.03811281960907176
3.5769857142962644
4.9651135626631335
9.907623278099491
2.6435994621711454
4.603394667609907
10.292866480543207
13.15489642603779
13.213928900408304
6.213334970690902
.3994954717393846
9.252406601758926
12.033746407337999
1.4548872486129627
1.3309218278231452
21.090021501153103
13.531072041136767
6.677393488554936
.3951962030185896
.08861917880386494
.09528204902267963
1.743486713884151
3.6686054803886528
1.851868926153129
7.292217064495092
9.201577432058357
6.021934708064917
2.7401270563698454
20.319526454826658
5.977667248245884
8.3854395478482
13.243097692171451
5.954171164874924
8.50332749373479
.0009495447820828869
18.06402852004527
2.997541981581965
2.5516410641978804
.00013508685864918417
25.93018343160179
2.797227006727248
.8168707813912115
.6376999871689759
1.109547725255068
.0012335051837760174
11.991328574796457
6.3168679042318745
3.4039575643442204
8.728692908322895
.03811281960907176
5.325827630122948
.3702055628348388
4.758909337556884
4.19708566392902
.0009495447820828869
2.1473468989988977
5.169002108376915
2.2786013340921847
4.333669006346069
6.814943947525824
.5716922941360767
.3811281960907185
.17607594923673708
5.586696926721592
.0014530746876594148
1.216090882070489
16.68029950305976
23.09362210440983
8.261431009640042
.11038010352772547
.11651245994783478
17.905901045067274
25.90240434850747
2.544415838467982
10.667628146404006
32.015235747606006
.20666708470893122
7.853359023538871
7.853359023538871
7.853359023538871
7.853359023538871
7.853359023538871
7.853359023538871
7.853359023538871
7.853359023538871
