.2547791109597774
7.089376688852817
.5302965592513134
3.8352405964331453
.14813993797568326
5.985712688465897
.0033690288949879835
9.51549829602031
22472087520275514e-24
.24076598526176687
1.032236630014591
7268558618476784e-20
7.905822317445941
6.876278760224231
2.2848936423059123
.04482558812340221
5.556057043263831
1.7188784427070185
4.322964765703956
.002806880811612353
17.960776433094576
3.105792952298459
.17671388462636983
12532628208816715e-22
1.5490915381602117
827452020242413e-22
8654505908152505e-26
1.0192696662522251
29077555416503547e-21
1.2676773390832246
10.664666584595736
.5062478948412437
5.72280864493837
127.71079085400413
159.03809486115574
4.692327601941738
2.0476652579889145
3.4086370100198105
5.416962226112945
15.812815570078813
10.112971323050958
.0003603317094281422
.24450902600597849
.04942356986283536
43.459108901643475
45.71821701738365
45880292188734075e-25
3.5644961970285296
.8070141423493691
.4768754285089111
.9524621541815457
6.990948525809463
18.071496927703144
17.686485270079505
5.9109054354298785
2.2103687197407504
.3104689654814857
1.0408831784931276
2.901686020081711
3.5151117079962853
.0006341802324819377
13.637891000454696
12.512490164048936
1.476583732998495
2.950628261264235
.6869696462666449
.15763599923311777
.6117837104678816
.4543469898143545
.2736333348667228
1.9548583171841099
.004812165024867938
.0010474050554194676
.0014136703260614798
.01721143358008822
5.759078897521135
.02633971662452343
.009615718178515874
.03005887693853506
5.917965558032818
9.794517559844673
8.943980184092922
.39420066498261547
.0023999453282996597
12451278186806596e-21
.033651057672299714
.6272293952275357
.03939204449657266
14381014138719645e-22
5.53555958096893
.045667198192402794
.24532673089103588
11.843094157275976
.0003586369423765791
7596943771091038e-23
2.006273788574336
.00027370337478031364
2.608351935865149
2.806324631880924
.00898417539143738
4096684661151511e-21
.005281703463684872
.00064738566721705
.010421364574881948
.001192002026968054
5005934098444432e-20
.0019010649893461502
.0671546185273288
.659312834625639
.07614039040659577
5976451644738551e-20
7025036309474565e-22
7678275307587263e-23
.014376458226284696
8480840970327e-22
2291578206457513e-21
.2580373565962177
24014891592761975e-22
.31417246405821386
9672729193128055e-21
3181964538960676e-23
60.68816158748378
211.1135137051386
9.732134636003412
17.988041196179893
48.13618189884623
19955215706263584e-24
4.6322499468979
2.216627484266568
.016575039112479168
.03146502388390646
2.6161503563938298
.17639469018728673
.0009229887195433698
.001134435984848576
.31675538864484937
.2964763684326306
5.597505954989844
.31584250050881363
2.2233943240655307
.0012015214827648857
8.613931571135275
21.01678010599217
2.7026511082641287
2.3249742165500376
.4523145326501173
19.15796433900275
3.251601399614189
17.944027886834636
5.325339234992665
1.519768524246253
9.458169247547279
4.390916140421204
.0012015214827648857
1.9006413047731312
4.806085931059549
2.2399033937792745
1.5501753145883643
8.64988130298084
.09873418414874426
7.467743489743128
1.2310887959256929
1.2316957863621478
14.896669195153933
7.98619272741436
.3768370422227731
10.03770035743872
8.66786762065674
1.9630823875360561
3.5585283488712176
10.376890414846544
15.456086736713313
7.468574541664979
5.220612552545462
22.61907238856465
.0012015214827648857
1.598769030207177
20.840860376201643
5.45788645749833
22.7749499211835
24.013498990052742
2.5624455366870134
4.2341289877054145
10.328103563818095
.03801282609546258
3.4842376309384604
4.836372549035283
9.650727348657492
2.6205782016351984
4.525454092374924
9.895135352076155
12.813801569156187
12.990202434620237
6.13225402274644
.3968803130081754
9.012499862592914
11.721721981175582
1.4510701789396567
1.2964121991890964
20.5431758527657
13.008212003802797
6.564337813961101
.394936736594977
.08803906404513567
.0950320652386567
1.6761158857974103
3.526845301105882
1.8470103278502734
7.010435334636757
8.9629886484127
5.919976677293295
2.6342446155227583
19.53435079923341
5.876458714645722
8.168012499407036
13.018877366401115
5.799784760333441
8.359356732127846
.0009334679362178889
17.758184490677163
2.9198183629314567
2.5084389521269537
.00013483915509913418
25.25783665515667
2.74986685238264
.7956900428094998
.6360269054342842
1.0907618521763323
.0012015214827648857
11.680404005603753
6.209916327474094
3.346324789012748
8.580906460397625
.03801282609546258
5.235655463913773
.36060645924767687
4.67833572654975
4.1260243505771985
.0009334679362178889
2.06437033392215
4.969264450699185
2.2400220873550034
4.221300792897726
6.699559391167527
.5701923914319392
.3801282609546268
.17561399304963674
5.550125550373009
.0013969257969337684
1.169099385604592
16.397883540008024
22.201251412791382
8.121555823685199
.10751804483900448
.11378995276973039
17.44161683054359
25.230777859175642
2.4784413808848953
10.391025961330035
31.185108933855826
.20645215464803326
7.750876572941826
7.750876572941826
7.750876572941826
7.750876572941826
7.750876572941826
7.750876572941826
7.750876572941826
7.750876572941826
