.28542821511358696
7.075184131716199
.4224436398106638
3.454104157780204
.14243135537077822
5.857167140176091
.0031948900823933098
8.692280283233673
15352423633150454e-24
.19230707464984742
.9636055859859782
8048165696146963e-20
7.936930856809844
6.9757451946631175
.8676461816926493
.03076520032177549
3.992213947480604
1.0295839639758508
3.4851644608835453
.0019771977044567837
10.718707691611446
2.639061466765897
.12261763026493631
9415212874097415e-22
1.2643482135351205
2073530322285636e-23
470448392472745e-25
.980015503232088
2431439813835442e-20
.9890965393264296
9.836960359785145
.46812578337063127
5.272389857065518
121.30930467179105
153.02410323088773
4.6717056875897915
1.800410734788437
3.1506295597968674
5.436934127621559
14.298450183176971
9.483426259766377
.00033479294603627784
.23697386351845845
.03647487425616775
42.25705130259651
45.27047954744047
4588623660121714e-24
4.3846493415213015
.2936832288934276
.32625374332378426
.7465069792284231
6.53901288289548
16.352496779890142
12.725917718571107
5.900091189385835
.7889571850397998
.214150613804408
1.04965680373643
2.545114086784689
1.379103018050016
.0006373265123401196
12.819835083201115
11.871449389394368
1.039745569614643
2.1052389833514646
.45731999687206754
.10814128354960002
.21948224693330165
.3439582080332123
.12399448324769166
1.9878763393943752
.0033013888638245884
.0007025841007083051
.0007000518548690458
.011634573807315357
3.1050871899699963
.017808356114689824
.0065893945880930675
.020951866730791854
3.8404435089731006
6.957753345587757
7.406584903985302
.34482776567450135
.001513329060675708
67507544770364645e-22
.014261799933353416
.42530205653925796
.012676720038308237
9325617427863429e-22
5.185073021009506
.027081389523601094
.16864437011383174
8.727354138014855
.00015139920663952822
471875643596833e-22
1.4947352207608657
.0001520668628864989
1.9443729862546104
2.13630932035182
.010250682382209532
2136298506658824e-21
.005665717226364469
.00026378031555278353
.004548178591611797
.0011437891196734676
4391966367769511e-20
.0017164731210864508
.05449282378622543
.6197155705222647
.015887909348702486
6733269963046467e-20
3398243607912194e-22
4694591437537423e-23
.009170974634655675
6623799440273748e-25
16856298524017343e-22
.11169092801685798
969513895381899e-21
.2131512904558556
3805564752536779e-21
3436870780183848e-23
57.07971886066639
198.56096633617557
9.153473995689387
16.91849460379418
45.27406429755323
10137532400829599e-24
3.4374671868377207
1.699473301894276
.01103034139031326
.021104572776205546
2.0065571953652097
.13645147152705864
.0006223079350367596
.000769002208659369
.3163672958275309
.28489572820855735
5.5123804685915205
.30350540131537357
2.2030444980837243
.0011300805074216486
8.41562266198623
20.195845303118464
2.6557957923665576
2.1867341367339077
.4322639138585714
18.018855569328647
3.1098837486464777
17.243117617909142
4.857499407677572
1.5104811073023279
8.89579824902689
4.129837719251239
.0011300805074216486
1.8890263463260686
4.5203220296866
2.226215179817574
1.5033842458681324
8.312008966374956
.09858299430707854
7.1760465457419
1.1830013328173383
1.1234892818431597
14.314791565587267
7.511343624914215
.3544307796398481
9.440871158772694
8.152486975492733
1.9482546821229034
3.404283114820135
9.759893396565523
14.537087012364202
7.024502373723037
4.91020141300866
21.274170432188605
.0011300805074216486
1.550511190686576
20.02679716012519
5.305933327369308
21.420779680283097
22.58568615951936
2.4100857070620068
3.9823729359412203
9.714007351116827
.03778052692652133
3.2770691880496523
4.548807842966729
9.076907084559346
2.5676385126724313
4.348685684250474
9.025831405398833
12.051908839740586
12.482793153980046
5.94715578470332
.3908446553494957
8.476627812279839
11.024762947941792
1.4422025826237028
1.219329139680402
19.321704126607305
11.86541914329397
6.307928728357921
.39433197722831415
.08670018772965551
.09445131731630356
1.5288663431919605
3.2170061295852515
1.8357231122376263
6.3945570381314765
8.43006047341288
5.688736931619548
2.4028218851295913
17.818225891251245
5.646918820705082
7.682352619043855
12.510348016494827
5.454936760524403
8.032832553046587
.0008970058182177353
17.064533436104224
2.746209588835376
2.4104570145370965
.0001342629450467152
23.756037052246327
2.6424545184758834
.7483793009337875
.6321400983553886
1.0481556888352963
.0011300805074216486
10.985901687889745
5.967351271816319
3.2156142583241594
8.245728344719673
.03778052692652133
5.031145935598477
.3391652469736835
4.495595620877847
3.9648580363363473
.0008970058182177353
1.8830119982521278
4.532706379952867
2.152524759912764
3.970307489667038
6.437868426119998
.5667079038978206
.37780526926521424
.1745408030548324
5.465720613451755
.0012742035637068028
1.0663920780435208
15.757367094407275
20.250834891175458
7.804320367277493
.1011251554063322
.10768224307272004
16.4045599524013
23.730587138673332
2.331076334049437
9.77318846100831
29.330881081605508
.20595152002476982
7.516921229340667
7.516921229340667
7.516921229340667
7.516921229340667
7.516921229340667
7.516921229340667
7.516921229340667
7.516921229340667
