.30732043236630807
7.064243369236132
.35233900925601763
3.172666814630281
.138509282151753
5.748612722000069
.0030737223864243475
8.178104129488753
11763158941920106e-24
.16061729305712635
.9177125788787592
8434598809910645e-20
7.878163715939773
6.962405910338034
.38983554420844313
.024543150093252256
3.1607432674297335
.6981655107194006
2.9583244036847876
.0015331898441936064
7.7729171879527295
2.3083173562922408
.09759985140520522
761823726271957e-21
1.0712005117585677
7325074346021753e-24
3002354824308589e-26
.9528031629019121
23422690649214875e-21
.866135691150928
9.284441196888347
.44162231266952773
4.97594563643003
116.81788343519733
148.2786194658681
4.611797347307102
1.6485310054137006
2.979741285715438
5.373639770152968
13.330228373111812
8.982937386395907
.000317636966214539
.23173674733212016
.028947107354722522
41.42017172488675
45.01396983314038
4647279287285419e-24
4.991150335243692
.12793915482494914
.2476265868266364
.6206065814965362
6.217862144276905
15.245420732878216
9.894536758633134
5.8707285275818455
.34487932923514986
.17126192018602276
1.0587960868743644
2.324830759498311
.6260728342156978
.000637693058647411
12.266176077963962
11.441013402551851
.8146361013100111
1.6338404940056133
.3420447679804145
.08627411514198953
.09622029075350656
.29401048035222027
.05971621105234992
2.0081635668991344
.0026362710916987865
.0005520911829052398
.0004430939246284902
.009184916198221375
1.6851901911628642
.013971798193632068
.005254252289107126
.016879028353907893
2.7510443148409958
5.3856018223176445
6.345609534349207
.30682625699715227
.0010963890631086302
4301390406031956e-21
.008192388510368704
.32535838044943993
.004509326462141381
6646732299644515e-22
4.913875779728373
.01977356667562149
.12770565253871816
7.006259718383119
8691266915528761e-20
3380950506234874e-23
1.1987601798851113
9983743842198319e-20
1.5510507382363934
1.7291100073999162
.011594976109088046
14081435255619788e-22
.006138539871235903
.00014282909255400303
.002656462181587892
.001110598543248126
41277227847282e-18
.0016366197149301892
.04788433132386106
.5928297533764179
.004558369258817417
7731223207856286e-20
18455137038607483e-23
3623484854433924e-23
.006773332609194398
598665902626176e-24
14230911243143254e-22
.0498941003743933
5421178461378232e-22
.16173585875225985
18450879430162066e-22
3827634714731696e-23
54.63437733239626
190.05445322491548
8.761331733317025
16.193692550170525
43.33448660182864
6806478433073239e-24
2.8871679739204588
1.450594726734887
.008388458321563737
.01614034981445527
1.6220596446371511
.11060660690607621
.0004954911925416959
.0006145438575012005
.3160903778264993
.2769018347744627
5.452370295290354
.2949893387894688
2.1886230406407154
.001081666940392134
8.276774783814794
19.629169782289292
2.6228258746178046
2.093052669786
.41848855049974243
17.246913157994456
3.012454373568235
16.759292726690617
4.54870834871543
1.5038820069393521
8.514695024980558
3.952912116226579
.001081666940392134
1.8807734298298304
4.32666776156854
2.216489128078049
1.4708292731042918
8.078782184358065
.09847514332711134
6.974693750017388
1.149807480995134
1.0520691094547445
13.913132618202793
7.189551561713164
.3392466770960682
9.036416568448788
7.803227810280002
1.9377320834669731
3.2982184251011906
9.341771634396906
13.914306394642784
6.723566985238949
4.699844395366182
20.36276768747088
.001081666940392134
1.516935709420518
19.464864963630212
5.199992426008629
20.50309607626981
21.61809701555097
2.3068356773876277
3.8117648440357996
9.297851384413626
.03761546859659656
3.1366768817015127
4.353933219465517
8.688045010863718
2.5304804898887623
4.226665848583358
8.452059634416905
11.535595273924265
12.13253827701076
5.818373342606131
.38658975029803966
8.113482190283069
10.552453146596331
1.4359017824743554
1.167092088738214
18.493946624628787
11.111134884093373
6.130934463258079
.39390057330844536
.0857563317457398
.09403867149149163
1.431676365900428
3.012501168066936
1.8277030708099478
5.988055282047374
8.068909834045055
5.5291165782646
2.2500745861317073
16.685521925690363
5.48847184234023
7.353234391604439
12.159319977232377
5.221242838044526
7.807439186123326
.0008718367187521711
16.585719441073376
2.6285597389945705
2.342821965662058
.00013385287459890706
22.73830912522577
2.5683098482206845
.7163181236890578
.6293783584485856
1.018745472923755
.001081666940392134
10.51525673449629
5.799913274586018
3.1253872904863638
8.014361331642068
.03761546859659656
4.889976937686684
.3246351322512323
4.369453637135035
3.8536080262955346
.0008718367187521711
1.7633089946738527
4.244562401835684
2.092127035969369
3.8002162912821222
6.257228181126738
.564232028948949
.3761546859659665
.17377825642566577
5.406218399644513
.0011932024899550572
.9986015728038429
15.315230899011635
18.963490060823062
7.585338827140531
.09679287159338089
.10352135136062511
15.701775276770269
22.713949506626076
2.231211130103121
9.354497127477888
28.07432230729403
.2055946673086052
7.354146365521463
7.354146365521463
7.354146365521463
7.354146365521463
7.354146365521463
7.354146365521463
7.354146365521463
7.354146365521463
