.3292126496190292
7.052989587831517
.2926329879115541
2.892501740680979
.13468021211328332
5.626815349232077
.0029556074774082894
7.727253839112215
9166092888422663e-24
.1355455772156452
.8742369483088619
8626955519521039e-20
7.745519363537978
6.872767487557279
.17905945250183466
.020483101635456073
2.543444626040446
.47403188536858154
2.5009416633710604
.001217578776503752
5.982075310303225
2.018199789588675
.08087113938348559
6198030604219596e-22
.91251177413207
27044076848436907e-25
197987726755926e-25
.9262982193320827
23415600859742226e-21
.7835097438777271
8.763243803686176
.41580543071459164
4.69802121236739
112.4068548038293
143.22713121778057
4.514062914148074
1.516005265952851
2.8187748092791036
5.241648503895468
12.441097118682226
8.453597900030033
.0003013535224470629
.22661738751817467
.0234609141673464
40.60083099121652
44.67019937859881
4717199170275689e-24
5.469438188259883
.05719117804551165
.19010684161232805
.5185720448522524
5.902722838606662
14.238250587628338
7.827254732830489
5.824465987997991
.15592853341876917
.14318106762341182
1.0658670881153476
2.1325882103488114
.2893967968304397
.0006361753236023974
11.737291225810633
11.01668103568645
.6505922304769042
1.2746040296369066
.25959845262140674
.07201414038956092
.04360035804958232
.2627895036045631
.028477546954428345
2.024795236620884
.0022032452321426197
.0004540726655706223
.00029622060004834346
.007586311706847224
.8807638517263221
.011353424131635367
.004383989900372405
.014211028886347178
1.9857647068060593
4.192721294058481
5.4514380743290145
.2664118940607083
.0008036668582107361
27566301996287957e-22
.005006759220362551
.2509205198386737
.0015648603319182227
478804373068791e-21
4.646919268152539
.015113270396213562
.09763913486343469
5.697628762069985
53089444642358997e-21
24689373642324073e-24
.9672934153296431
6608564675452227e-20
1.2595838133265684
1.4221558308389108
.012900509612498211
9439170512603269e-22
.0065444803307936165
8152787294752329e-20
.0016445189230389363
.0010784764274478372
3918862748684608e-20
.0015716641248799419
.04177347259826263
.5670821357682231
.0013803376580239885
8794164640050454e-20
9973604002999639e-23
2882448431150598e-23
.005042819991284179
557459160732118e-24
12051032143101237e-22
.020767789844370048
32155464957579187e-23
.12456942045562192
9126118576774931e-22
42214211183114045e-24
52.29376063877086
181.91224226477874
8.38598345784154
15.499931058504522
41.47797376682681
4765519615536907e-24
2.5303098826078254
1.2863912519244556
.006653491200324346
.01287186835415929
1.342182401161948
.09166514954371635
.0004151125900195039
.000516651531489382
.3158137022115911
.26913219205517724
5.393013362086417
.2867121752587206
2.1742959832688875
.0010353267454225594
8.140217431010699
19.078391069649825
2.5902652156659753
2.0033832297970986
.40515206850381713
16.50803015388319
2.9180765978924352
16.289040455446678
4.259537278448336
1.4973117362020303
8.149913027094016
3.7835635752633814
.0010353267454225594
1.8725565680198457
4.141306981690243
2.206805566741052
1.4389791390846742
7.852098055556549
.0983674103363793
6.778989454456445
1.1175448080859052
.9851868371582835
13.52274130989846
6.881540649414397
.32471285289162977
8.649283255992735
7.468926109250581
1.9272663153190999
3.19545749480922
8.941556463965373
13.318197142232437
6.435519534261094
4.498496182274844
19.49039691461962
.0010353267454225594
1.4840871616470457
18.918696512020905
5.096166456826466
19.624713429842785
20.691946096850774
2.2080074604374467
3.648463258811468
8.899517821777744
.037451131360396864
3.0022970529143724
4.167404347462279
8.3158364458484
2.493860143755754
4.108069005178379
7.914744215824323
11.041393487660963
11.792109013451674
5.6923791336745575
.38238116196984245
7.765888737492893
10.100370608099501
1.4296285087603762
1.117092155376129
17.701638881515628
10.404776392847682
5.958905374488522
.3934696413455172
.08482275009600419
.09362782840099239
1.3406616524333759
2.8209900576224065
1.819718066702415
5.607381864017147
7.723225926236973
5.373974015192079
2.1070325560933933
15.624787786826648
5.334469737859502
7.03821106728947
11.818139240710659
4.9975571524944415
7.588368723559811
.0008473736818070533
16.120337496586053
2.5159483923354755
2.27708426608013
.00013344405657160754
21.764166680085104
2.496245140056687
.6856300067905633
.6266286838117874
.9901602945230625
.0010353267454225594
10.06476774473847
5.637172374067686
3.0376914374550785
7.789484800141893
.037451131360396864
4.752768118747954
.31072728801496297
4.246850283254505
3.74547888526303
.0008473736818070533
1.651211689216705
3.9747265366936837
2.033423634433299
3.637409462961452
6.081655392235696
.5617669704059536
.37451131360396955
.17301904114966143
5.347363896546881
.001117348068300809
.9351183456016336
14.885497840920472
17.757940639648105
7.372500321972775
.09264612329794333
.09952118912877873
15.029088241119355
21.740850663201563
2.1356227794507663
8.953736778296376
26.871577247075173
.20523843290347044
7.194895695423374
7.194895695423374
7.194895695423374
7.194895695423374
7.194895695423374
7.194895695423374
7.194895695423374
7.194895695423374
