.3335910930695734
7.050715873511966
.2821581457492898
2.8372176408156657
.13392441755607615
5.601030915401053
.002932374245144999
7.644125991136724
8747598536080812e-24
.1314180796559207
.8658184988504495
8643252440539288e-20
7.711374721875881
6.846932512906105
.15686462862189102
.019830481882734376
2.4431482813074274
.4396293653101696
2.418446439178121
.0011676241239469418
5.719950123476408
1.9669932339517497
.0781789577673915
595856818445848e-21
.8857463836914418
22722531036552376e-25
18344481578951524e-27
.921083049461238
23446721084662608e-21
.7710199513254649
8.662676339446467
.4107293213783784
4.644494784743938
111.5355170517121
142.18478762528218
4.490755691866437
1.491598351358752
2.7876928451512666
5.208309787830619
12.27180311040515
8.3463232751764
.0002981990168949415
.22560743089734722
.02259428787445156
40.43901546302723
44.58558065724525
47309400862514156e-25
5.545234591575568
.049858792741737434
.18079768472152952
.5012408559142701
5.840676559969662
14.048270258366031
7.498419329381646
5.81350311440848
.13632160704026544
.13865978835939125
1.066834320071234
2.097476740237255
.2538155498276605
.0006356574729870008
11.634409432032243
10.932171551360565
.6241834854919011
1.2152445031769963
.24640144716587978
.06972263806280597
.03813232273293152
.25791817346847434
.025076884065592185
2.0276771487349166
.0021336901684386924
.0004383353297460208
.0002754750392813311
.0073293750426749
.787049425885836
.010939458852814585
.004244155592374658
.013780821669455266
1.8666522330527504
3.9960713871156304
5.297923116865994
.25857294799041963
.0007576396681755438
25282518970734533e-22
.004577061016620051
.23849051811200148
.0012954335872727497
4498951059718536e-22
4.596790204881258
.014401598058862776
.09277323084046496
5.482443526013585
48526116876213313e-21
2326490780400827e-23
.9285341847654612
6102441340223538e-20
1.2130716367283783
1.372702319024399
.013133801224389436
8746124348071836e-22
.006606450055501564
7354761245767733e-20
.0015066170121143976
.0010721794007924857
3876426108344627e-20
.001557785310696019
.04061124351801479
.5620668305251512
.0011204957916271256
8986418465317864e-20
8978634961917974e-23
2758119807498616e-23
.004765805729533977
549808343887445e-24
11641004864392057e-22
.017701437120379436
2917998444646485e-22
.11858770684899943
8097498611715265e-22
4286895719672212e-23
51.837852866567665
180.32629388213485
8.312872727435153
15.364799468198763
41.11636025147529
4459386765736268e-24
2.4731343987388485
1.2597777448449825
.006378597742202043
.012353164162947001
1.2960086072021844
.08853446052173317
.00040240851036531727
.0005011791760892294
.31575839615851065
.26760468269266585
5.381219811964936
.28508488746119126
2.17144185186601
.0010263005536887404
8.113177884196064
18.970108144600974
2.5838018001949115
1.9859173223157982
.40253634558856355
16.364109748102692
2.899559769453771
16.196589003942425
4.20395922033182
1.496001131844638
8.07886040730829
3.750577689002438
.0010263005536887404
1.8709175100079614
4.105202214754967
2.204873938929849
1.4326925041897844
7.807532025741873
.09834587788694216
6.740514050302916
1.1112019765415195
.9723322081899562
13.44599049907961
6.82154596116713
.32188193938379894
8.573877023734301
7.403810473625513
1.9251799575469861
3.175293722705053
8.863602133702631
13.202086357413943
6.379413349928659
4.459277366345876
19.32047562136858
.0010263005536887404
1.4776034581074635
18.81131996286881
5.075651767445062
19.453621137557107
20.51154945043767
2.188757596782589
3.6166552049256526
8.821929993053084
.03741835020015918
2.976122409053101
4.131072058318919
8.243337271535394
2.486599990857034
4.084752902339346
7.811473347359309
10.945132345882488
11.725180725221815
5.667510177395272
.38154496315177444
7.6981841205320825
10.012313497535699
1.428377147866227
1.1073531159633543
17.547312349091147
10.269015809185948
5.925084508688921
.3933835115477686
.08463725799955737
.09354587550039817
1.3231688201460454
2.7841820338584338
1.8181252584916845
5.534217251349787
7.655893252448695
5.343473035136836
2.07954018539659
15.420916965442302
5.3041929716116964
6.976850494081721
11.751063213128095
4.953987420273602
7.5452995381795285
.0008425642562878621
16.02884354982018
2.494013836233242
2.264160254615341
.0001333624429601485
21.57442219386393
2.482077240655866
.6796525432244835
.6260801926301488
.9845404572649432
.0010263005536887404
9.977021027267853
5.605177563213866
3.020450459793878
7.745274143399212
.03741835020015918
4.725792907258781
.30801830354126625
4.222746501691557
3.724220729482264
.0008425642562878621
1.6296668280670479
3.9228646634401407
2.021882563795001
3.605697778343764
6.047137836085062
.5612752530023882
.37418350200159267
.17286759672846308
5.335670173595057
.0011027690115120344
.9229170057939909
14.801012454226235
17.52623663229181
7.3306563374946085
.09183841531978136
.09873995830688026
14.898061555439114
21.551309450816195
2.117003980348299
8.875676257545447
26.637305303947464
.20516726013676403
7.163462520948925
7.163462520948925
7.163462520948925
7.163462520948925
7.163462520948925
7.163462520948925
7.163462520948925
7.163462520948925
