.33796953652011763
7.048438840550877
.2721326805610616
2.782385821724793
.1331720122736539
5.574867351602452
.0029092720591398823
7.563048877135975
8356213877826917e-24
.12756406489898814
.8574880192465449
8652906680580276e-20
7.6750662223406545
6.818859805363726
.13727847111431093
.019217425998855498
2.3484833474488442
.40809473607939756
2.3391070554325673
.0011198930929017946
5.472951219399516
1.9181090938823666
.07564339615251409
5731786515581199e-22
.8605645766130433
19081834589005984e-25
17037398972146035e-27
.9158964543769859
2347249058744663e-20
.7595632477711044
8.563303468877882
.40568509046165985
4.591594542363499
110.66782595236991
141.13416186200226
4.466418097003381
1.4678093325170236
2.756949814019415
5.173058552030789
12.105047783137483
8.23891230019633
.0002950776657438563
.22460203492552908
.02179389673729522
40.27786321598536
44.49421886927886
47441218285490016e-25
5.6135183144394425
.04343128090178035
.17208867216482443
.48468239585908607
5.779000497902667
13.861602917923902
7.1937125178053725
5.802075458557525
.11908969316178199
.13441061421929557
1.0675975247377718
2.063403092464321
.2223976315181368
.0006350745227796216
11.532461770569165
10.847709597717007
.5993183048769273
1.1594103005716903
.23409210569765337
.06757011571708395
.033324282042182275
.2533824687864558
.022056097469236497
2.0304154758908677
.002068349760097746
.0004235578699410726
.0002566079614087845
.007088047235856818
.7014866969230168
.010549756163323999
.004112801193987307
.013376194677028492
1.756842319101739
3.811221339181029
5.1526624657442195
.2508143159691065
.0007149078469175162
2320474234677792e-21
.0041948485722906066
.2267205342464992
.0010723999453043777
4232375699264966e-22
4.547056744614935
.0137442807897446
.08822358467903678
5.278669151120355
4446615701412518e-20
2194597595691267e-23
.891861736480416
5639994050812089e-20
1.1699838062139987
1.3267767116986282
.013353330863661408
811050701481583e-21
.006660082196042577
6654057987011342e-20
.0013836139685895086
.0010659241684682981
383256001705465e-19
.0015431656496096443
.039460642957446786
.5570951916153954
.0009109141958435483
9165681514757499e-20
8059442737341659e-23
26386098669193305e-24
.004506493747519454
5420644803457984e-25
11233705027615068e-22
.015059647382301216
26530126583957727e-23
.11299873864204782
7170090389225803e-22
4345147926005672e-23
51.38588482703288
178.75405049211113
8.24039378431241
15.230835619206752
40.75787162380201
4177335214840627e-24
2.419451949407538
1.2347077839033846
.006122618214676233
.011869919165304782
1.2522298562029512
.08556430749230741
.00039052880277480427
.00048671026796403747
.3157030997890625
.266085793499104
5.369451995692807
.2834667829106446
2.1685914620691173
.001017352361902747
8.086227855909375
18.862436290836648
2.5773544723564
1.9686023466906384
.3999374004246127
16.221433032293888
2.8811596901956045
16.10465928222338
4.149096747485986
1.4946916736606992
8.008421789617758
3.717876850686764
.001017352361902747
1.8692798854147676
4.069409447610993
2.2029440004007754
1.4264332139214906
7.763217494684482
.09832435014988755
6.702255773777108
1.1048949393960903
.959643086680177
13.369672814873603
6.762069717762505
.3190754892501597
8.499122415367241
7.339257535573371
1.9230958559090583
3.1552563786756953
8.786321446751774
13.086978945382656
6.3237920078840535
4.4203974603012135
19.152022705080814
.001017352361902747
1.4711479563730143
18.70454937006476
5.055219326437107
19.284007341437384
20.332711703882122
2.169674081063274
3.585122020732028
8.74501264051272
.0373855977082953
2.9501739537014173
4.095053735102845
8.171464599736467
2.4793609120826465
4.061568378887419
7.709532124349156
10.84970304595468
11.658630132321496
5.642749392233708
.38071058894242826
7.631064573858524
9.925017333585062
1.4271268813348652
1.0976982365804646
17.394319431310826
10.135003186451604
5.891454503635818
.3932974005995502
.08445217065194505
.0934639942707385
1.3059012136681731
2.7478479251706807
1.8165338432524312
5.461994656466684
7.589142434796129
5.313144180770413
2.052401787763862
15.219671046075934
5.27408706575055
6.9160201690284415
11.684365714610177
4.910794196434174
7.502473404438475
.0008377819717221362
15.937865929368465
2.4722688278696348
2.2513091770160116
.00013328087923255503
21.38631738697396
2.4679892947332323
.6737267339839524
.6255321811249499
.9789523343437849
.001017352361902747
9.890032574144637
5.573363308160121
3.003306777863847
7.70131297994269
.0373855977082953
4.698969924545545
.3053327287905003
4.198778744610353
3.70308253950916
.0008377819717221362
1.6083993638941847
3.8716705283888344
2.0104066226944997
3.5742601306420396
6.012815072302348
.5607839656244302
.373855977082954
.17271628475118217
5.324001966666967
.0010883776647414231
.9108727621380466
14.717003842552138
17.297515888123204
7.289048490499181
.0910376871601312
.0979648115342617
14.768167138488389
21.363406161168662
2.0985460758292165
8.798290297752821
26.40505782472212
.2050961120428511
7.132166069607456
7.132166069607456
7.132166069607456
7.132166069607456
7.132166069607456
7.132166069607456
7.132166069607456
7.132166069607456
