.3686186406739272
7.032406352900058
.21456146296851955
2.4134070962242826
.12799371423487993
5.3827585501847715
.0027513670764500705
7.046958627800981
6275354156785163e-24
.10727421974692876
.8015641341041356
856909854782979e-19
7.37508300545783
6.574357451259311
.06859140298333208
.015837807653830447
1.8442858811279896
.2518199001729343
1.8704370408174935
.0008592991254242738
4.201443887975732
1.6382792249505613
.06196929060152133
44777598319665563e-23
.7241103776030169
72380656344117e-23
10949582494704732e-27
.8803852047379214
23593431009415705e-21
.7046047353244491
7.900378952986271
.37128893469411706
4.238248253582416
104.70680974663505
133.5741435099561
4.274778929506197
1.316818439157876
2.5509906861062457
4.8871425747881165
11.00535165964655
7.497122028764517
.0002741397218008835
.21769072451571317
.017711166866871474
39.168077354717994
43.70328867945354
4825022239995462e-24
5.915510126028058
.021110297563442088
.12561948657454297
.39302684247708053
5.358807549735914
12.645443318723293
5.6122813086452465
5.7114721437437845
.05914924920213038
.11095027329039683
1.068242583756268
1.8528128500846288
.11224907076372978
.0006293934492139584
10.844403441055626
10.260171735258956
.46789779738262355
.8562934902523983
.1690132937200975
.05570587677007933
.016586201510399683
.22971097393033427
.011352083043044869
2.0458460262011573
.0017081700741665407
.00034210774820418646
.00016687029915757605
.00575696628461596
.38451174663893406
.008426254505977435
.0033887275778604416
.011137317759111054
1.2025509733355544
2.8098083787214945
4.348202398826484
.2025881420777399
.0004964887660116649
1316306057942493e-21
.0024592578127107696
.1605430529287157
.0003775814728717143
287222973619356e-21
4.234705926822608
.010326448203648041
.06399655138447831
4.182245703738145
26015533835821232e-21
15127043607675046e-24
.6893688672662247
3381658963185152e-20
.9476016090386553
1.0881073045861847
.014542834891109874
5013738675127679e-22
.00683612336654345
3614141973276906e-20
.0008203208168437746
.001023279980756239
3519419923199348e-20
.0014342231680107762
.03225885286195103
.5234978786941306
.00029371342287435773
.00010140462034852897
4628314785738512e-23
1964726242933963e-23
.0031437528890776887
488778369070329e-24
8708286923633404e-22
.0061093327447380935
14612428097026955e-23
.0833152780618774
3800918770776907e-22
45989982921899044e-24
48.33054366836043
168.12555572966141
7.750430161468781
14.325228970513692
38.334458985657086
275857004936801e-23
2.1269945251483833
1.0968050649187173
.004750202194893235
.00927566852649045
1.025752248779832
.07024511192966962
.00032619869782847153
.0004083967731503423
.3153162962497086
.25569223678028624
5.28779469709772
.2723943087009588
2.148743224407588
.0009568618487072076
7.900067676789864
18.125652117334507
2.532671398608767
1.8515516858885714
.38220860300094334
15.256926686571814
2.755587348722369
15.475596424391444
3.784591690707013
1.485557503182973
7.532250934679861
3.4968164913484934
.0009568618487072076
1.8578565788928636
3.827447394828835
2.1894816479924937
1.3833772219422746
7.4599790530884125
.0981737878794848
6.440459476377219
1.0617367231308286
.8753368438792967
12.84744105313209
6.360005415551179
.30010365528620103
7.993775108112033
6.902874359570578
1.9085701798349917
3.018491055475859
8.263897640293067
12.308843363031597
5.94778715624807
4.157566094380188
18.013267121915696
.0009568618487072076
1.4267422779356056
17.973932405433953
4.914476857805486
18.137404115030748
19.123753813103313
2.040667943617333
3.371955099394068
8.225045004582988
.03715713157785723
2.774760259136689
3.851566904702817
7.68559942095734
2.4292740279667275
3.902919768759854
7.032236892217513
10.204593121560807
11.203233277230062
5.472426540661273
.3749208364193548
7.177330912261018
9.334888078013945
1.4184056042600204
1.032430457046928
16.36007471090812
9.244626283533877
5.661328852301188
.3926951515179392
.08316784291766952
.09289282894464332
1.1911756179528508
2.506444910263589
1.805432871663963
4.982149332640933
7.137901411738721
5.105607864487222
1.8720948738227943
13.882597606617463
5.068076356433797
6.504802163388006
11.227963603917935
4.618804447096592
7.209419867701211
.0008050574345471503
15.315318173866578
2.325270781022357
2.163370962370254
.00013271132818202448
20.114713405359158
2.3715873546712523
.6336677756344362
.6217095080731186
.9407135524899335
.0009568618487072076
9.301983469101321
5.355662592551886
2.8859948427573108
7.400492585836713
.03715713157785723
4.515423821656938
.2871780223666728
4.034770570938273
3.558436717187265
.0008050574345471503
1.4670988020755806
3.531537826823148
1.931878284198546
3.3617390438550383
5.777948965127229
.5573569736678591
.3715713157785733
.17166080286351426
5.243035860877828
.0009927618749375562
.8308510735421559
14.142144087143432
15.777900320046655
7.004331527913686
.08562469887537234
.09270652066268951
13.890070185438741
20.09316445270406
1.9737691216046485
8.275154838216453
24.835045743767193
.20459876574499616
6.916886109711375
6.916886109711375
6.916886109711375
6.916886109711375
6.916886109711375
6.916886109711375
6.916886109711375
6.916886109711375
