6549121079092745e-20
7.16587899087021
1.1182495945776736
5.000948406398575
.19017329220168802
5.855568728690512
.004474130965286375
37.792758707657626
1494886306308778e-22
.6800934619014619
1.8597878220472244
.016113027350622113
88.99166690917798
1.4137305335828112
3.374411046155645
2.1269594656384645
12.540900167148498
67.3763895594898
21.624034704442323
.007229029718056013
63.47229881581373
7.03028890604876
47.106521857466284
43123580047656425e-22
2.8692664566258865
.00011236603072027478
38755388980688164e-28
1.3283643945443078
6.490450632451981
145.3404834161405
5.824333975027212
.5231747577155669
10.635903531524306
211.63649155320127
79.87626936123843
1.2687685338985097
11.034061723929202
6.265222691081019
1.1656187185654223
33.07490423584032
6.114174315509888
.00027143456476511546
.31739558342799823
.34612534118304944
46.4855066688204
266.2052072536606
17887988512239462e-23
19.82342825649962
1.1026295790021148
23058366534803006e-21
.9649006524873327
.0181021753928623
36.27495397533891
107.94116781474756
.023949787154962685
.18522481000875368
2.2967335733734524
.00013819490366021565
.00017102012208953938
.061203877720865385
17938656408308074e-22
23.688563124329463
.058827290693260786
3.6407637661480785
10.315052944338879
.01105507204122466
5.824808058124402
.022971242821625618
.05960919116059172
13530972777756833e-28
16263102837525527e-21
7.7410317453921245
2.216710377855626
4.711842223051142
1.1714952686520814
153.1236649972028
5.194174320231056
1.511594459768856
1.7619456830703366
25.724194288989633
34.30904214089297
22.5178597215298
10.666027441693524
1.9047415648808903
.00032525806160106445
19.90163687741825
16.086709234140972
.0021548417765927517
3065602623571218e-20
24.43686645153776
.1685658809167079
.1542379842916095
24.518830411192404
.3933073754312997
13362222048247429e-24
7.803963266755796
.2100960283534074
12.77264577997039
35.10631978276765
.011525303388322142
2.172151948528412
1.9350824205995225
1.0565867784524683
6.943398305978534
.001241356747266431
.7545723639690571
11.894902683938762
5.563587783267246
.8325698821250868
8.881704408879795
.019276252909466735
.003974817139099408
.0008669482228709722
.9558960610627194
.00033863592886677186
.5287352266099138
101.7500058304485
15.789100748550263
1.0447744772242606
.011062834269731236
.00013600912433888327
101.00562311412062
351.3642766861583
16.19756304074257
29.93818336387592
80.11488435053124
.0007237927245044953
850.7038290780308
187.1353550938466
118.0685984993341
257.5162306819055
49.31053132756345
10.562268765613467
.03817933707579247
.048758202647305175
.31999916171360016
.41285453025123336
6.357771660771911
.43982259992695466
2.39995284679158
.0019997380523172482
10.453568659419453
29.266659342613142
3.12544387241745
3.8695433067020595
.6593070789812848
31.885331093274623
4.709037859815594
24.987735930520053
11.434307521721298
1.5991956128322746
15.741591990559684
7.307969284351513
.0019997380523172482
1.9999738036872952
7.998952209268994
2.3569666191609637
1.9998690218686146
12.045286108132299
.09999967254448233
10.39911459653211
1.7143376021045407
2.6446368527905624
20.744173963635173
13.291725299326062
.6271842689998925
16.7061277309317
14.426262836007629
2.0907580119652245
5.142858493436469
17.270654686542386
25.724154940781577
12.430233601123092
8.68886468322358
37.64578529169931
.0019997380523172482
2.062559393473045
29.02168448074277
6.901363294509772
37.90521821732795
39.96658269412482
4.264775886413531
7.047022443285674
17.18945686873077
.039999476073745904
5.798949643305511
8.049359383265354
16.06207378601284
3.1049608447640478
6.301865586651383
21.24634987405652
21.326498910130805
18.089347061171352
7.9111728453606025
.45078547964961313
14.999847426995775
19.508909179468382
1.526906911842342
2.1576682925726933
34.19079147356297
27.930595553774616
9.14108810398879
.39999869017792933
.09999672549308845
.09999869018436473
3.598873918550705
7.572669453505334
1.9435399312661752
15.052463315510867
14.917444023949864
8.243790906921996
5.656120989138672
41.94320106556072
8.18319050183293
13.594334883867752
18.129277985693147
9.6528030891296
11.640719680595225
.001299889324566512
24.72894198877517
4.859565118030641
3.4930958940142207
.00013972450820762
42.037581352520775
3.829293355135823
1.3242973007811425
.6692673394576653
1.5189270378510924
.0019997380523172482
19.440142096082077
8.647542810351709
4.659883538575679
11.94923603714556
.039999476073745904
7.290847795184726
.600171090415766
6.514759031059683
5.745644599157248
.001299889324566512
4.432514849322432
10.66976118867479
3.11931528140491
7.025671989159423
9.329389252685823
.5999921411061881
.39999476073745893
.18479204086439643
6.303955944241889
.0029994106370180053
2.5102329276262085
22.83467158551222
47.66943941389228
11.309572942433812
.17894638477919128
.17997878209870324
29.02874844127951
41.99254636583979
4.124964564418926
17.2941810159496
51.90256678323009
.21066011036334156
9.999345109343075
9.999345109343075
9.999345109343075
9.999345109343075
9.999345109343075
9.999345109343075
9.999345109343075
9.999345109343075
