.4346996031603038
6.9976459905384765
.1450507697626732
1.7389711139739414
.11740297022471474
4.950245832725096
.0024343530506630282
6.140980527364876
41118305293948354e-25
.08780461985341013
.6938944087914516
7891744188840491e-20
6.6083444991960265
5.914802467429173
.039166803937428184
.01137256363506056
1.304137674669634
.11875375987074432
1.2859117269482874
.0005496966599000144
2.8460851588147977
1.2948686139584424
.045953222619689316
3083217142174e-19
.5800264328916589
2418818755162617e-25
6232654075064834e-27
.8083944037114205
22450997534037947e-21
.6674659391693047
6.650776558255415
.3033214121454114
3.5652634574190336
92.60902060666537
116.81940708941002
3.8121277782817953
1.0576542021671973
2.156006615246587
4.185860729733256
8.974552559695594
6.04389850959228
.00023406286660848077
.2035161069247128
.013941886881474061
36.87847738070353
41.405456795935166
49416562224896025e-25
5.876404453134365
.01158268082060919
.07643431289874279
.2878315074418136
4.53208653676096
10.463116690812516
4.012882521665821
5.482088193802943
.03403409360924956
.07985456555979462
1.0497028528968149
1.5287570040656275
.06611619844043863
.0006106037294334525
9.501682874926658
9.038560136340243
.32900467629726426
.525856342316415
.10123708555669755
.04003449242252754
.009565550579154161
.2023340039477183
.006917824859238262
2.0614051384885936
.0012314710734902706
.0002352902097452309
8831693452372517e-20
.004005562269727388
.2397124602914672
.005793579289491057
.0024318937949920133
.008137834189531446
.6964715609198268
1.7223957467297466
3.441857812997006
.13738049142896522
.00029486166364780776
4837226137672502e-22
.0011451075733181935
.08041120552890019
.0001355379870467081
15630917379587347e-23
3.7709009062800987
.006720218158997049
.038534014436497864
2.986474984463696
11999088711332488e-21
8331825844343744e-24
.4588724805658699
1456241299653334e-20
.733879039985492
.8541083913304098
.01562170972788361
2464715818014349e-22
.006468424556084147
15608782941357245e-21
.0003869845902771068
.0009376570686397096
28432833838741776e-21
.0011815758804887015
.022386492145646274
.45780475981668123
9757018754268252e-20
.0001090957685858681
3113346063772065e-23
11974545735284457e-24
.0018103591802583485
38067444717822214e-26
5249063158853228e-22
.00255562592248628
5878748753006041e-23
.05228932607220417
225851080453039e-21
4487627831730573e-23
42.347072101977
147.31108922595843
6.790902811298539
12.551721086655276
33.588533780939585
14655300285030603e-25
1.7457599028529833
.9129410576256057
.003098440008959331
.006141149846708345
.7986817847367749
.05513609648607169
.0002444491237637719
.0003089413549249588
.31448394061143503
.23464378970336122
5.115937958715924
.24997095606833902
2.1065653545818916
.000838399376942282
7.5131497901747215
16.633558207364523
2.4389505946823804
1.6223238306791499
.3466128384943872
13.368071728806019
2.5031564638453885
14.20165367030402
3.103984457763752
1.4660532553646288
6.5997348511079235
3.063899738075103
.000838399376942282
1.833464325447253
3.35359750776913
2.160735407901037
1.2949168611693211
6.845877599437997
.09784995223478915
5.910284324614232
.9743351285112377
.7179194430355433
11.78984663225363
5.572616971772762
.26294988973590266
7.004120896984997
6.048277052736497
1.8776243190530204
2.743452180085102
7.240801419867822
10.784970286346516
5.211432614562893
3.6428464859730267
15.783168648758823
.000838399376942282
1.3355089291176967
16.494327980348917
4.624218361582644
15.89193709618283
16.75617363506097
1.788026907736376
2.9544965746402023
7.206758861251961
.036669286508945007
2.431236312292613
3.3747309473328686
6.7340983180219665
2.3247001124491136
3.5816335176296854
5.767584934024496
8.941232766909067
10.280989153999792
5.122491021692186
.36273566740479934
6.288755030915143
8.17919991167673
1.3997830101476145
.904612356625834
14.334646598029034
7.582106247388289
5.195291313448864
.3913998089391566
.08046483437803668
.09167321627236276
.9769589183614336
2.055694955099856
1.7817289018931057
4.086177680077972
6.254207025144296
4.685316977738341
1.5354241267489528
11.386001641904716
4.650875043193001
5.699487432052562
10.303683693527907
4.0469820966275645
6.6159443111044896
.000738785540576777
14.054569438949368
2.037395029037019
1.9852834311155032
.0001314916155111281
17.624449348890263
2.176359562260813
.555217734930172
.6135469318749587
.8632745200286358
.000838399376942282
8.150368995648313
4.9147873354041245
2.6484213032671238
6.7912880260987105
.036669286508945007
4.143716567119909
.2516244903577597
3.702630432859288
3.265508125136725
.000738785540576777
1.2032610785539457
2.8964388822658025
1.7728471054030985
2.945545298538743
5.30231132146205
.5500392976341759
.36669286508945104
.16940702619544706
5.072633813543458
.0008142271827191263
.6814338321684046
12.977970410535992
12.940459994621378
6.4277387328762146
.07502409494638461
.08230988722151883
12.170436312086489
17.60556822356982
1.729410367878101
7.250664941689534
21.760389868233478
.20353056235539718
6.474584305846609
6.474584305846609
6.474584305846609
6.474584305846609
6.474584305846609
6.474584305846609
6.474584305846609
6.474584305846609
