.620457097587823
6.900142499429429
.08167955563728158
.6961520001877343
.09194081028241495
3.891175077227623
.0017097809471262459
4.280843351437769
2501523204089026e-24
.07809524783684861
.46548340908084335
5569136763821607e-20
4.637627394318782
4.17234853352327
.023927780808438628
.005495947656096773
.8239317613833388
.049018776412030826
.7711029260153096
.00025239687891576043
1.731998678538913
.8990132578940847
.029595746504425643
2003052134224929e-22
.4617214509318653
4201815770672527e-26
41172918920117084e-28
.6358260602838118
13896980270617236e-21
.6219390912165789
4.161088483732934
.1647945311642227
2.17861481903421
64.69029412342236
77.35645145836776
2.66365212833728
.586504246595078
1.3321259261093594
2.5534416930038675
5.06189890589061
3.207897823002845
.00015130083074538486
.16848694722655166
.011738395917172548
31.12196212713604
34.20418448740859
51532851679340985e-25
4.428027385443791
.006595634142517908
.0362579290344271
.18742652785093777
2.8022053796033757
6.43457924584933
2.6138632031538656
4.803093371744551
.022030688898822447
.03874338170193609
.9611345832092949
1.062958922375677
.0449927817940974
.0005409693584388308
6.5642778604851495
6.1728399162015775
.2072070959876114
.2510489323008326
.046826890641452464
.019404846863911935
.006164596142531855
.17265263783292006
.005233693991895247
2.0339845143743513
.0005997725829700269
.0001013055242115674
3228793153798537e-20
.0017781956544737777
.14944976958443884
.0026144314527410248
.001172691451971672
.004050124725187862
.3785474687534186
.8215300459410149
2.5429569065610944
.07030200198065771
.00016687197406195072
7838389593276613e-23
.00046491528323367956
.016122027865078173
6231299191261428e-20
6518532675352103e-23
2.995592148310684
.0034831323663030347
.01814408497975685
1.9045711500497327
4640864632923537e-21
3269230389366128e-24
.2442019012656158
3520539721247943e-21
.5844924483140415
.6754315855864258
.015152246675236184
11060258187066325e-23
.004412706415424062
6671437159067064e-21
.0001590755672395542
.0007354168386786956
14842653268949846e-21
.000637953550743447
.012285040348478318
.31427746761587844
43391387789387514e-21
.00010012851542917613
23369588267435626e-24
6095106940788858e-24
.0009414210617591008
18319818907412842e-26
18708270522464325e-23
.0014361283613770594
16430561635915907e-24
.027886281482985355
1281801688858537e-22
3109839891149686e-23
29.206188074705953
101.59841433812527
4.683591447035952
8.656747881773681
23.165545717006857
6700510409067095e-25
1.214525994922956
.6504658139959655
.0013208460957762423
.0027304177789095004
.626858050238921
.04463188126784773
.00014049982714642745
.0001823103074072722
.3121558904089928
.18430326825436902
4.662174288607603
.19634214155127164
1.9923832988753465
.0005782324177153537
6.524036295589569
13.064991595098881
2.1936612197546754
1.1188942367205736
.26332939243445574
9.21977359302346
1.910705202625687
11.154828301071337
1.7778514767363305
1.4125865057122764
4.551745557295585
2.113129138580656
.0005782324177153537
1.7665981473418573
2.3129296708614158
2.0819337008713115
1.075395384384652
5.377161770362095
.09694534158607997
4.642290847399166
.7653010922926182
.41119862529789286
9.260450784949896
3.8433566068974
.18135289059314783
4.83064500239136
4.1714127650847335
1.7932951688113907
2.097297224139382
4.993880275146217
7.438244367984204
3.5942527670637854
2.5124206778782865
10.885432429906563
.0005782324177153537
1.1091060601996943
12.955631846386957
3.896879209491642
10.960448518962494
11.556500468781467
1.2331773498821315
2.0376752946985395
4.970401594800028
.03533196294683707
1.6767899518502394
2.327505110907842
4.644414176169886
2.0542288959685666
2.8132292093605202
3.3034667317712993
6.166644182181317
8.075303865341294
4.2540979783869615
.3305624336695515
4.337267090068457
5.64108069492475
1.3487331267294538
.6238985911161413
9.886406869364988
4.342759756729714
4.080692567285292
.38778136634431987
.07332791855601592
.08832990736709291
.5595671883521434
1.1774286763911501
1.716749507183337
2.3404166875137538
4.313439809832416
3.6801282185926487
.8794361209926289
6.521495229317597
3.6530754629679025
3.930857403059484
8.09312951421888
2.7911474012758077
5.1965584116543555
.0005802863559248944
11.039299547544072
1.4051630832287998
1.5593603616290095
.00012812264575914678
12.155338181521813
1.7094429847404138
.3829259682873286
.5911709642308852
.6780674470146446
.0005782324177153537
5.621196412161007
3.8603679638625708
2.080228513713074
5.334283854045785
.03533196294683707
3.2547228588723813
.17354191977885658
2.9082674243233138
2.56492541624371
.0005802863559248944
.6891849861089965
1.6589767810314555
1.3925001639896728
2.031501723767868
4.1647524832556835
.529979444202557
.35331962946837164
.16322877651331752
4.622711051593702
.0004663602601409041
.39030097002855124
10.193674271090309
7.4118334753709725
5.04873049251349
.05174307734575141
.05891671815195632
8.393781062975407
12.142316131358717
1.1927503356303137
5.000683009292988
15.00783897267082
.20055755920479099
5.376976921923264
5.376976921923264
5.376976921923264
5.376976921923264
5.376976921923264
5.376976921923264
5.376976921923264
5.376976921923264
