.6993537923241576
6.858758745116577
.07013706558590174
.49288183826306287
.08286046446737988
3.5226331913180076
.0014680247333563672
3.679874324513049
22604751752453e-22
.0775977529578088
.3937396423294261
4756826678698477e-20
3.974733537347941
3.5812082884340093
.02105617375743515
.004162403953132714
.7203356450055393
.040440947273108194
.6685861940911613
.0001928650372994849
1.5092079526386537
.7919798469250697
.02598094127245407
1847830048377142e-22
.43492385210810147
23359785995636632e-27
40214471246377954e-28
.5741043033145867
10589351075001544e-21
.5841702563797668
3.434249893657791
.12651396476310653
1.7638757295177112
55.393483706332546
65.25998712079665
2.2822331145110484
.45751529181636774
1.0830118645090396
2.062698719642978
3.9750695298917864
2.4413657250037035
.00012624174342252767
.1555220719980828
.01139545166844658
28.95176487630605
31.371549881076284
52565530988725985e-25
3.7999919791697456
.0056576555248422184
.0292445911255781
.16487021426845955
2.289983812295412
5.333111475771314
2.310710552070641
4.52858051378323
.019930293732893078
.029379552771574984
.9265270176142238
.9506905474466082
.04149026074440701
.0005103622621102799
5.611977757993638
5.221042454573561
.18110730325058547
.20336658560740337
.037471060275885745
.014716582719961097
.005550358364674884
.16619174000242826
.0050615335852888165
2.0052010838876844
.0004552830590581759
7332982409646094e-20
2326379809622696e-20
.001303304476993711
.12894874376826043
.0019387882247012156
.0008872670184595596
.003091220471832138
.3333256571511195
.6654930971595
2.308521152084918
.057110281783927346
.00014752672452276327
4532958561879918e-23
.0003776348590898234
.009196481303971315
5593558336388621e-20
5227363516146012e-23
2.7222907226682405
.0028146079500524514
.014676660271642068
1.6687157774480916
3682422378901356e-21
2488867059617458e-24
.20161427351042172
2282579684599047e-21
.5556615856248233
.6372121950747187
.014559952656608716
9217566525428094e-23
.0036570741138041165
56694720635200135e-22
.0001295018841648717
.0006637484761974407
11260959529106194e-21
.0004885969478755869
.01028937801965784
.26797651425010466
3909235249487188e-20
9372442334398907e-20
21891033833671434e-24
515162613783276e-23
.0008156842966386957
13485995350535675e-26
13094040815580698e-23
.0013434818291769718
11472801895560187e-24
.023792326277583396
1069523843908088e-22
2579816683157503e-23
24.942709352270818
86.76721909087918
3.999887280373035
7.3930478636466495
19.7838715661239
5567441849891316e-25
1.072035940231582
.5791177761071554
.0009870158325905932
.0020788488426499185
.59038623336094
.042614131365837485
.00011621757681351037
.00015257038521681102
.3111723205134986
.16633701484113003
4.481839468554405
.17720231454647006
1.9457792681272275
.0004938228534392571
6.144379636805086
11.79138992724664
2.0970935383716425
.955559611924232
.23432006275628559
7.873883864484458
1.7036288165893778
10.067433194427766
1.4031007264016129
1.3904717606350454
3.8872880702784736
1.8046574853456685
.0004938228534392571
1.7389411737516456
1.9752914137570288
2.0493399921842466
.9938106058055874
4.852985221973534
.09656366156209789
4.189750995163767
.6906980020067691
.3245226597386874
8.357723410123253
3.2823087538080555
.15487924780490575
4.125474162203211
3.5624757302022005
1.7586340811132657
1.8712003408694808
4.264880576828392
6.352419798408182
3.069568746121613
2.1456610009721047
9.296392140543833
.0004938228534392571
1.0249638240919328
11.692690786874303
3.623685033508992
9.360457485233136
9.869498600258513
1.0531598351430287
1.740218288671011
4.244829281590809
.03477882347503284
1.4320144863420294
1.9877391513333815
3.966429053029981
1.9490957632083903
2.538989965728991
2.607133740722106
5.266446039503165
7.28810699678989
3.93136120021217
.3177761427027354
3.7041188714537885
4.817603579293206
1.3276180380929539
.5328227423481677
8.443202942133599
3.427355686899585
3.682898445348281
.38625464624839156
.0704915644904917
.08694705868758235
.44161682723277784
.9292401827418744
1.689872938874568
1.8470836272337254
3.683769864453532
3.3213819153138977
.6940610485942995
5.146838649467819
3.29696631673842
3.3570363054207606
7.304194965549132
2.383699584871938
4.689987442052098
.00052371887439547
9.963166416241728
1.2000393302907828
1.4073507760967543
.00012671799077247883
10.380918816407762
1.5428030431364388
.32702696791504826
.5819158884403696
.6119680679872503
.0004938228534392571
4.800621976477182
3.4840515275670385
1.8774436527130398
4.814287131211414
.03477882347503284
2.9374459259877352
.148208511648526
2.624763664277423
2.31489132596002
.00052371887439547
.543912676220711
1.3092834564682476
1.2567564462511132
1.7349459270401306
3.7587640315787616
.5216823521254936
.3477882347503294
.1606733487449911
4.4439026857880455
.0003680568530784942
.3080299911034459
9.19997439316055
5.849503779894703
4.556570085903372
.0441896948662357
.05111649231870989
7.168468575387623
10.369797707019597
1.01863430021584
4.2706902573039685
12.817015508614208
.1993080134108772
4.9690530290279415
4.9690530290279415
4.9690530290279415
4.9690530290279415
4.9690530290279415
4.9690530290279415
4.9690530290279415
4.9690530290279415
