.8656170722229071
6.771079688363448
.054455022483104486
.2680104862547292
.06654621994326977
2.865005018259224
.0010619687109816188
2.685935761431231
1974584684627092e-24
.07731152107995361
.27763240852404053
3421885010400996e-20
2.8752675137167016
2.5962070081949653
.017176169117276402
.002370361420095607
.5607062504631423
.030107669637290838
.5118123340869856
.00011146530651741692
1.1562082887716263
.6080807141500667
.0204256697799911
16809369929652314e-23
.3853824108249644
8041051706012658e-27
4158197855824412e-27
.4628695095006897
5757127270220214e-21
.4919231786616912
2.3222555932975624
.0720499372270876
1.1315489501789806
39.863463644937625
46.104933754508124
1.6521218430413969
.2721480917669464
.7001999000949011
1.3212201976964852
2.41093651109687
1.3744676984146664
8692750698702042e-20
.13140975160618837
.010724146781073621
24.85333638259552
26.028649472901115
5554797753213003e-24
2.711334882818064
.004377364053699214
.01994642795084434
.12951955784724903
1.5135304975455728
3.6999460298950813
1.8371802744831636
3.9917138160075045
.017228442543362196
.016768325026346353
.8699150624924341
.7858865728793439
.037282814636300204
.000449077505369688
4.034449062168115
3.6471268310325615
.14096680034083273
.14058803331144676
.025186620872566425
.008404844071627842
.004733283072123887
.1564628166353297
.005038463550633302
1.926368912143944
.0002602015639348109
3828690554738802e-20
12465712090374956e-21
.0006985076458467604
.09945837236274017
.0010696897401421958
.0005042587225335752
.0017807529550585117
.27573945201077305
.4601279782742477
1.8845575516413147
.039243054678091305
.00012148987716652789
18650387188016822e-24
.00026801695200006357
.0034248628909682704
51468847634452634e-21
3752951248342507e-23
2.2168327685383815
.0018275460434402965
.010138929908951703
1.3034266366505691
24942978604027983e-22
15458598902702627e-25
.14235631313408006
11070711668346681e-22
.5038581844308329
.56874090624257
.013204820643706844
676584306919811e-22
.002433415245333552
441754876906653e-20
9215254715276885e-20
.0005351307302058374
6348335933410035e-21
.0002795499771178741
.007519477025972684
.19166409141194465
36554422204278005e-21
8081664525410536e-20
20226421292978714e-24
38868299390543796e-25
.0006514338238782614
7141072905425614e-26
6640932645073753e-23
.0012845485831190434
5949632780980481e-24
.018394605155971133
7707610293029205e-23
17219898434806422e-24
17.887192545421428
62.22347109890093
2.8684435573355396
5.301784532181338
14.187629539327725
40843031541266843e-26
.8412414208068989
.4625017104571206
.0005760348126162452
.0012645050583440767
.5252034863087072
.03902750966387564
811834132591714e-19
.00010936080100244999
.3091097255679181
.13400516001375407
4.124323489889403
.14275851071565387
1.8511065132422995
.00035413572511493044
5.415098629440505
9.499431593710096
1.9072842523447835
.6852615137240807
.18322847463880376
5.646606981430341
1.337808478239838
8.110569962047219
.8522127179521921
1.3449951832123264
2.787695162164111
1.294176004018381
.00035413572511493044
1.6820676038162496
1.4165429004597216
1.982314561349551
.8415832134269817
3.9096833728564784
.0957642394757006
3.3753656879134835
.5564431727267651
.19710797143000436
6.733186019924476
2.353845680663477
.11106872503905381
2.9585058157994926
2.5547621320743263
1.6877687303424116
1.4713877220964064
3.0584784909908893
4.55551778512502
2.201283205358217
1.5387202296087081
6.666731903385214
.00035413572511493044
.8679645233072103
9.419917156641183
3.109061589817318
6.712675154367393
7.077724368123573
.755253668968108
1.2479646521514822
3.044099083620387
.03364135207632491
1.0269421209729448
1.4254695601757374
2.844449622023166
1.7448282616271924
2.045472301855325
1.583516057998046
3.776732230979072
5.871476924333374
3.329173157027011
.2924271650225059
2.6563388334872657
3.454853344650134
1.2841971458415655
.3821037582708905
6.054883396709379
2.081700943033735
2.9670328997708397
.3830569579028024
.06486845798628352
.08410338019081252
.2682284097982499
.5644001794480451
1.6346041878542743
1.1218782291466562
2.641745927753512
2.675786357315182
.42155751295504007
3.1260773170384324
2.656116555034167
2.4074351318039326
5.884437784728367
1.7094251006522463
3.7783683820162235
.0004219207109891854
8.026570100030453
.860585522600243
1.1337961434888855
.0001238081023474646
7.444479709281033
1.2429197966710421
.23452120858351308
.5628838277374016
.4930164158125899
.00035413572511493044
3.4426753091764986
2.806836968270164
1.5125144414724028
3.8785072461852272
.03364135207632491
2.366478151118076
.10628493269461677
2.1145736874364762
1.8649329666400822
.0004219207109891854
.330360672907252
.7952301584705948
1.0124736748404999
1.244183677665964
3.0281520681776
.5046202811448749
.3364135207632501
.1554183883848958
4.08941292127312
.0002235496890714031
.18709068493058212
7.4117239740981375
3.5528607612655714
3.670884102726987
.031689804400652236
.0378962493449152
5.140731740599286
7.4365044158942055
.7304943341959932
3.0626447935294885
9.191480405049132
.19670020889189588
4.207916067134913
4.207916067134913
4.207916067134913
4.207916067134913
4.207916067134913
4.207916067134913
4.207916067134913
4.207916067134913
