1.4351117681506773
6.45964907163259
.028636398113896247
.0728310711645425
.0313442984750787
1.399413301682376
.00034582837433560354
.9848879141751318
16169925575306047e-25
.07398361172940192
.08572902502708693
13018695717139136e-21
1.0279573626063971
.9039632267323717
.011353037109824514
.00038383525213920086
.25325079035789094
.0147437286274133
.21412945566421399
16689220173749975e-21
.46483358499682914
.23412201643802855
.00977259526238286
15752374503334422e-23
.24129154363167113
5516230196411716e-28
5665509657945906e-27
.2211051949569239
7398546240463691e-22
.2432658300424743
.6709428172290687
.009703141220363507
.2672393656414605
12.817123809806594
14.48347888327272
.5787317813350933
.04943481716796425
.16821185318419338
.3131126382027506
.5079631267386566
.21037164522807816
25876752076666603e-21
.07395406235353175
.00791322279802067
14.697401908701853
12.308627220167224
70622370292899535e-25
.846482388850539
.002339015709675368
.006639125994933931
.05955280312391457
.4115541132327139
1.2226304859276118
.8840697292406136
2.5711377683646037
.013393214827288032
.0027290745602227677
.7660762380334095
.4980773192858367
.0329252337978524
.0002861131616450841
1.3027252606131245
1.0231856437913365
.06372506003623912
.05080913682497037
.008025527049863649
.0013730814034116974
.0034097300366128774
.13989475011736346
.006352711422985196
1.5686695350739501
42383015340178676e-21
5024634628855546e-21
1824540917642603e-21
9973011238794432e-20
.052007028004967815
.00016380358728855144
8127289024429536e-20
.00029352116936839023
.1767786667176676
.16643330283356467
.8803649885982212
.013900417199605091
7301042066260038e-20
32944787970858613e-25
.00010554382247824464
.0003454606965866643
6001715718877958e-20
2272424865019112e-23
1.0316933333334255
.0003984785181267638
.0036822390761926116
.5929204018271905
8827717994705928e-22
44850503487944586e-26
.052736605455451085
24446859175767604e-23
.34409098067492033
.37331227095931035
.009183834937279587
27642324823087658e-24
.0005931840413362748
222588141549245e-20
3632181091138965e-20
.0002566553905325383
9917346534192885e-22
44824977315345666e-21
.0031713809307189434
.061067987641143275
4612821467574058e-20
51362394128875065e-21
21090464028972803e-24
19250385508622574e-25
.00038118022492783824
881926922923576e-26
9094711122624752e-24
.001379313352694095
8478564389602954e-25
.009849525402700598
315985049056589e-22
4507701858561507e-24
5.726068952098939
19.919050183337543
.9182494990647646
1.6972134516555302
4.5417605251768745
16914800466288074e-26
.40397716069821604
.23614586817064157
.00014512215624278534
.000372305881305708
.36187872811998106
.029892547069563916
2993867545903649e-20
4451400383679041e-20
.30214786747655126
.06391331408326589
3.1023335470336346
.06808819550301135
1.5603890175346973
.00011336634160226449
3.5128189940986716
4.530722212480273
1.3781178253503275
.21936671547756298
.07890428785470335
1.8075984165189842
.5845073021504328
3.8683092899215348
.15428626493560202
1.2002039391043722
.8924002285685644
.41429313271738866
.00011336634160226449
1.5009898839328524
.4534653664090601
1.768914695585269
.4761762993204373
1.8647104436116577
.09307583559359989
1.6098694060389227
.2653937151698066
.03568481443697142
3.2113706131041195
.753515826245681
.03555544987735371
.9470803343474283
.8178334351420194
1.465983500421973
.6458581848015011
.9790837037983234
1.4583176696902571
.7046773486096901
.49257691559791084
2.1341619970270966
.00011336634160226449
.49110311144022606
4.49279806694726
1.8398190567206103
2.148869404147482
2.265729384469626
.24177268589552894
.3994999008287986
.974480551130104
.03001979767865698
.3287459102133307
.4563229791348017
.9105685324915097
1.1941641962463616
.9755811915278617
.2866828585251192
1.2090119292498012
2.8003813342638773
1.883679864828484
.2199649485151293
.8503502873389542
1.105971684523522
1.145950924035631
.12231950101500227
1.9382963390390566
.37687522897509496
1.415116444762067
.37230334237439955
.048794328051262006
.07504949419664264
.04856059834077324
.10218011745416206
1.458635993367343
.20310703893692567
.845678789325507
1.2762073778147685
.07631960044638544
.5659511797771565
1.266825931227103
.7706709438840011
2.80656297339729
.5472231581299448
1.8020801967424052
.00020123367575486378
3.828245835921088
.27549164180312635
.5407602887662143
.00011433808421200472
2.383135532286487
.5928064511604725
.07507520297937736
.5022883321374149
.235142535024784
.00011336634160226449
1.1020732375959206
1.3387115295795882
.7213887177432406
1.8498410939863574
.03001979767865698
1.1286838605921632
.034024056689344134
1.0085388668873994
.8894735578008361
.00020123367575486378
.05980914533519827
.14397003040466333
.4828959420254924
.3982895308640719
1.4442670282656318
.4502969651798555
.30019797678657056
.1386873085324337
3.076073669885342
40471874953075804e-21
.033871265206525
3.5349970270277886
.6432168930893407
1.7508159282581046
.010144577166924098
.013595283811429108
1.6456570440647416
2.3805824720605204
.23384669875400815
.9804174254290942
2.9423874337761284
.18802368116931592
2.380881496602186
2.380881496602186
2.380881496602186
2.380881496602186
2.380881496602186
2.380881496602186
2.380881496602186
2.380881496602186
