644322716039457e-25
7.165924944266054
1.102416022324812
5.000174575398608
.16642614496511296
5.684396075248045
.004473486049581386
37.81982128097154
1421437888646323e-22
.6765372411500329
1.8600802110874688
.01376777201974149
89.00377089548861
1.2106102796120863
2.9076444197316027
1.776102939343363
12.10359448061156
65.87114054314519
21.628777361506422
.0072300261064706115
63.475000556510075
7.020450055726243
47.830009340225786
4206165509665067e-21
2.8559458206799744
35857255240932656e-27
36082041883131646e-34
1.3282677972212182
6.768959372886789
145.02772239902717
5.7868372331525855
.5218884446436473
10.638204464488219
211.68793743839083
79.58953858951374
1.0932454670079828
11.042902852645442
6.266626819401614
.9951762710643423
33.0857033842222
5.25039266201966
.00027001229684415226
.3174169351546619
.34105378290322386
46.42281743166372
266.2522917035016
17889425098815482e-23
19.791297510773905
.39249226452233804
6904454593627581e-27
.9489622215678596
17821268374615873e-24
36.281014508653
106.9500326100108
23440703730197318e-24
18202569468214077e-23
1.8614737141063582
.00013632789889418887
.00016930508396741155
5988392773935316e-23
17584283609710948e-28
23.69476824167789
.01880192779105017
3.490181318095904
10.007921924077712
.003321554357616647
4.798824689431087
.007348602885264417
49326089326110695e-24
0
5167789143019795e-27
8.312467783510334
2.446989732271031
4.544846138205263
.9767542712152397
153.18038200243885
4.206042925113082
1.3219157956046625
1.4988976839182806
24.711395513667686
33.2522904682984
22.627823033355874
10.12076038844172
1.7853824041114186
.0003180158800988179
18.812256213228853
16.096286765381173
.0010241322146600591
54343949775232025e-21
24.253113810381308
.08112114463494245
.3837496961381803
23.809094585576684
.3725844689902007
1365620374095682e-29
7.353139831444649
.19767859035343519
11.416619616142563
35.359990121001154
11494684901850708e-24
2.060965331447674
1.9365814967463133
1.0369131424388864
6.656656669534999
.0012397769424932834
.7969350390044613
12.577109100051052
5.342097226048906
.831848957427669
8.310731625536963
19757811432805854e-24
41823998852656906e-25
8600618642069493e-25
.9340699680736007
.00036548471290775986
.510492501539521
101.42765240939919
16.590809541271575
.9894858658396238
.011061989370811863
1529442717137961e-25
101.01885392845496
351.4103021980578
16.19968477359915
29.9421049925277
80.12537866884324
.0006823243292713038
2207.462976202762
580.4909787289606
236.40551133986844
513.5094870588335
6496.853434112503
2436.3042815678323
44565230040633087e-24
5810105609036756e-23
.3199999999991753
.4128896815585663
6.357979853056809
.43986004735274037
2.3999999999536086
.001999999999742271
10.454088927473022
29.269151167848854
3.1255606729237653
3.8700501815420076
.6593709587467427
31.889507780499333
4.709486273717537
24.98986343917234
11.436554280089158
1.5992165596002066
15.743653995372217
7.30892656159788
.001999999999742271
1.9999999999742273
7.999999998969083
2.3569974914522565
1.9999999998711355
12.046311669250988
.09999999999967785
10.399999999128875
1.714483564431481
2.645156504721182
20.745940166452222
13.293466393972052
.6272664244122421
16.708316081118944
14.428152544711335
2.0907918848906535
5.14334547475269
17.272916984606056
25.7275245701887
12.43186184822299
8.690002845158096
37.65071654582468
.001999999999742271
2.062694477274274
29.024155448300952
6.901779696235982
37.910183454797654
39.97181795151843
4.265334533112507
7.047945538878598
17.191708530621717
.039999999999484545
5.799709252757931
8.050413775844966
16.064177771014222
3.105096250642426
6.30240214080733
21.25052462747079
21.329292486753396
18.090887226414573
7.911690974100811
.4508002411201429
15.00181227004344
19.51146466843287
1.5269269117500948
2.1579509274171116
34.19527015504606
27.936083712909802
9.141866395550963
.3999999999987114
.09999999999677839
.09999999999871136
3.5995810711330574
7.574157428044188
1.9435653883644677
15.055421015209498
14.919398072904162
8.244492800704244
5.65723237582631
41.95144259988975
8.183887235968603
13.596115617606157
18.130821550739675
9.654067518193457
11.641710796073161
.0012999999998911094
24.73104746316426
4.860201676687872
3.493393303581797
.00013972578680477118
42.0430878918281
3.829619389265839
1.3244707716352386
.6692761057321168
1.5190563625095652
.001999999999742271
19.442688577186566
8.648279080424407
4.660280290909486
11.95025342035819
.039999999999484545
7.291468553376261
.6002497073483818
6.515313711413461
5.746133795482667
.0012999999998911094
4.433385806292015
10.671857719241968
3.1195808665010887
7.026592288037812
9.330183576605792
.5999999999922682
.3999999999948454
.18479446132876268
6.304162374271461
.0029999999994201098
2.5107261701618597
22.836615777715345
47.67880611246069
11.31053586337854
.17896982512161802
.17999999997912397
29.03255094226058
41.998047005975096
4.125504897111353
17.296446395747598
51.909365545550585
.21066120325418627
9.999999999355678
9.999999999355678
9.999999999355678
9.999999999355678
9.999999999355678
9.999999999355678
9.999999999355678
9.999999999355678
