1.4693017108361572
6.440172075654399
.027538519524763515
.06866562300184467
.029961015470224405
1.3384717239779451
.0003231982589483664
.931241750268218
1597826367130209e-24
.07361708563712407
.07994452724607129
1335168138743839e-20
1.029300217593523
.8507498248078683
.01119937984500404
.00033921264728687154
.24229647060323395
.01409610743078762
.2028564150572304
14864342141119237e-21
.4396258040699376
.22054266477156145
.009218066810856126
1569657610978919e-22
.23392215994173576
4860831768681405e-28
5751502953675526e-27
.21150597538798568
6463581722750356e-22
.2329108266528723
.6247414269034459
.008586488892632258
.24632313537894138
11.971390215624226
13.535751677414813
.5450136754273908
.04480923000459653
.15514309269966384
.2883956923711084
.46636567422128333
.18903492473039152
2411497434779753e-20
.07145128751775101
.0077359339645963875
14.23947692611873
11.661510694586497
7103720388554129e-24
.7900876968876205
.002273418584742315
.006200984173231838
.05701356952251529
.38228447372319174
1.1466612288514635
.844667362898368
2.503822426209943
.013312814787419934
.0024125025935090505
.75496070656981
.48568249162778077
.03297615225210722
.00027849957324856833
1.2172299182147905
.94619754841775
.06097258010102994
.04777975944324273
.00747627873674486
.001214037829049208
.0033686641148410554
.13691321840155027
.0064995758384474986
1.5451809452603358
3746259324007426e-20
4402305696614516e-21
1262075539395111e-21
8774991802953408e-20
.050520790017707186
.00011324415722893601
7181183505525623e-20
.00025953767895975507
.17167004727971766
.15651604713021283
.8390162278384798
.013066865686291293
7051633183022545e-20
30670692772721953e-25
9967720608927661e-20
.0003113384279385173
6091869505575768e-20
2240392512974348e-23
.9785922939698402
.0003625327170007076
.0034636431751059035
.5674269048930644
8303839886574031e-22
41832837794561026e-26
.04962966279202568
22687824350317763e-23
.3353772822266745
.3631634191163401
.0089816560866461
2610675861286663e-23
.0005449489688401805
21277206925066223e-22
343012466292888e-19
.000245594391658122
8755141887451092e-22
39609166290263745e-21
.0030079055981705703
.0570235440465332
47056338629266925e-21
4926099784556776e-20
21033380135870394e-24
18177226230873794e-25
.0003691923783689957
7666615364581333e-27
796039689985988e-23
.0013905814792940989
7422570355360626e-25
.0094842429819135
3022259620042761e-23
4097716502591979e-24
5.347638169791033
18.602617949152076
.8575632098859431
1.585046130649368
4.2415996289361795
1597616663774106e-25
.3809236942877804
.22351343008030553
.00013380203297735872
.00034656547720120717
.33951788391829113
.028174828388750576
27923564088412194e-21
4177579892609448e-20
.3017349331740555
.06113480639996278
3.0497499954384555
.06512819292669536
1.5444659357236339
.0001058740613487746
3.4227255744376652
4.333757829411543
1.3514923510629504
.20486896519810432
.07501272192802093
1.688135851784921
.5561625116376968
3.700142027159393
.13925249932626063
1.1920249541509909
.8334222945873193
.38691286963802385
.0001058740613487746
1.4907611442363093
.4234962453951002
1.7568601386823788
.46017109838352555
1.7836457645377382
.09291685864342253
1.539883448058926
.25385623683252334
.032207660224430446
3.0717624884054233
.7037166383572775
.03320562195440082
.8844886410175428
.7637835539325195
1.4536366847081834
.6147093651146064
.9143769363680259
1.3619387575236368
.6581058520839143
.46002294723393894
1.9931171369558933
.0001058740613487746
.4745961916490461
4.297482362737661
1.7827721173292643
2.0068525446768986
2.1159893532832075
.225794145044988
.37309730923109274
.9100780019479368
.029815222884726118
.30701938665532336
.4261650010483239
.850389871532591
1.1672849440598325
.9331696865820417
.25874827276610407
1.1291094107797892
2.678640173364386
1.8203657629287875
.2162366136845835
.794151396413011
1.032879003788126
1.1381416550775614
.11423551445321783
1.8101960653498563
.34015223319355237
1.353596995005206
.3716674345736901
.047967279950941216
.07453805721181549
.043828818401650926
.09222361266492866
1.4486958811468194
.18331614168330226
.7897886335305139
1.2207267310104617
.06888296319945171
.5108044861511479
1.2117531246638813
.7197379895944631
2.6845530776954463
.5110576684090741
1.7237382464868771
.00019248543100736448
3.6618202543150056
.25728464527567035
.5172517813650073
.00011379316903928939
2.225636233662369
.5670353375374932
.07011354987441518
.4988654066020459
.2249201682204816
.0001058740613487746
1.0292382017357284
1.280513635697613
.6900277388353652
1.7694228311212072
.029815222884726118
1.079616513300645
.0317754371742894
.964694590765124
.8508054156477812
.00019248543100736448
.05398129881470497
.12994148617371692
.4619029751546819
.3719669315361879
1.3814803132855669
.44722834327089256
.29815222884726195
.1377422013112741
3.0239352147261123
3652826609022858e-20
.030570824546958697
3.3813198700702536
.5805413722922257
1.674702592899263
.009474131123473182
.012783870979097198
1.5368970399841662
2.2232519029062288
.2183919793138644
.9156225135275473
2.747927676526993
.18751513111876736
2.3008554919176274
2.3008554919176274
2.3008554919176274
2.3008554919176274
2.3008554919176274
2.3008554919176274
2.3008554919176274
2.3008554919176274
