1.5034916535216372
6.420583941558679
.02664695873897336
.06482360214263912
.02863043993697256
1.280051893819946
.0003020385682228344
.8811697502072654
15902904593156295e-25
.07323766533083968
.07455332301553093
7453061345210129e-21
.625348690133888
.8024694395701717
.010875624870332501
.00025164142308929183
.2311857429251906
.01357150261112654
.1922262266269583
13214354018113809e-21
.41502257694281774
.20770575430326338
.007282351842121988
1574732009448785e-22
.22672203004094146
42170299457729973e-29
5879207908376042e-27
.20232283876107293
47412110189011043e-23
.22299723222636086
.5818493552951761
.007590945147333303
.227165576297622
11.181250497024743
12.64062761463148
.5142351707406281
.04064578176062802
.1431615123128306
.2663198955602931
.42850139474921883
.17032372543745886
22476591284909032e-21
.06903372908107473
.007559978800375094
13.795572905654767
11.040894378218455
7140468848999504e-24
.7374651965980764
.002171043243084904
.005831778510733056
.054436228086966174
.3552149546374716
1.0754268886229037
.806781847259184
2.4382696940883557
.013001183164144068
.0017914324754478067
.7436701419263574
.47334224149217663
.03245106214167629
.0002711028693785909
1.1373272486565082
.8748044496346858
.05817960179597285
.04523856919038532
.007013174803384942
.0009011393752617285
.0032692485572320103
.11249171939873122
.0065348103371850345
1.5216214358577256
2779454297921713e-20
32387847063120457e-22
1706496058492613e-21
6482975512811367e-20
.04822691285411545
.0001534590672799136
53261114837832213e-21
.00019262714187952764
.16784429298578488
.14820119265694973
.7995326075891098
.012371053162093946
6858041104326503e-20
2878972258523524e-24
9478784303225838e-20
.0002810498267889011
611695611433538e-19
2201253819887185e-23
.9336048625663024
.00032968854700245117
.0032811513570648607
.5415551998735898
7866663129452661e-22
3926811074673586e-25
.04703926739820383
21229337944742655e-23
.32674064750121196
.35321822706795003
.008784373134692337
2482119478626467e-23
.0005006692179536014
2045877799443865e-21
3261306691538524e-20
.0002350101138013407
6488105485965968e-22
29379140415133572e-21
.002872982159863251
.05324687529266331
4749283017710496e-20
3966488215669838e-20
1730446718536878e-23
14495706227609614e-25
.0003599108003793871
5594548927247502e-27
5892226990710458e-24
.001378394318835722
5489920757602085e-25
.009197717715973485
28402237146044856e-24
3126944513109121e-24
4.994161750898288
17.372993474586465
.80087867686779
1.4802753117845544
3.9612318479440374
15189234473652553e-26
.3015090303482371
.17757448344572763
.00010247484831172495
.0002679645830948962
.27786508743741356
.023233737023035324
218468832285198e-19
3288718238121087e-20
.3013225632135731
.058477020548265625
2.9980576918807027
.062296797852427505
1.5287053409361058
9887583467917581e-20
3.3349425388357736
4.145351242035833
1.32538126288487
.19132722099978314
.07131292488237213
1.5765508498556096
.52919115033524
3.539281370061438
.125671329131134
1.1839017061203616
.7783334649465491
.3613381072399704
9887583467917581e-20
1.4806021098244155
.3955033387167049
1.7448877293700187
.4447037289837248
1.7061032195198667
.09275815323171543
1.4729382709573895
.24282004396058554
.029066476280076955
2.938220119299909
.6572012928264318
.03101074564398537
.8260243494085214
.713297812960297
1.4413938560678792
.5850616187607973
.853937042208523
1.2719152332171098
.6146053585088094
.42961564239508215
1.8613730126086627
9887583467917581e-20
.4586439629285532
4.110652821692297
1.7274936806536387
1.8742005162084292
1.976123432054854
.2108692561008712
.348435749009886
.8499222653727008
.029612042196488244
.28672554666842487
.3979956908509828
.7941794928742023
1.141010669875452
.8926008954746583
.23351278796595018
1.0544757990079323
2.562188476306917
1.7591792394881018
.21257147106908955
.7416583550459819
.96460617757655
1.1303856035570032
.10668459958627732
1.6905429395478522
.3069774938272532
1.2947504695302057
.37103261292686174
.047154249637055674
.07403010549122079
.03955423342081371
.08322912721100419
1.438823507315612
.16543748433955183
.7375839687797058
1.1676566319045274
.06216487015779824
.46098618704399574
1.1590731457757262
.6721636401292941
2.5678443219442646
.47727699201675616
1.6488001319606016
.00018411728386967248
3.502625605039361
.24027824877676765
.4947646819983541
.00011325085083474256
2.078522704164982
.5423839386656325
.06547907653523741
.4954658071074066
.21514194733356462
9887583467917581e-20
.9612060308621752
1.224844349667708
.660029345619609
1.69249861653456
.029612042196488244
1.0326810658317083
.029675095418826458
.922755280157511
.8138173440497108
.00018411728386967248
.04871655161014004
.11726841066216723
.4418221200000694
.3473800887597493
1.3214215832876786
.4441806329473244
.29612042196488314
.13680353466537884
2.972680463585067
3296569736719209e-20
.027589279704415673
3.2343197462465083
.5239216978119712
1.601896263423246
.00884789542178276
.012020809011043852
1.4353088538257726
2.0762959765731464
.20395637011374138
.8551002872917476
2.566290923322166
.18700795654988317
2.2235186449186237
2.2235186449186237
2.2235186449186237
2.2235186449186237
2.2235186449186237
2.2235186449186237
2.2235186449186237
2.2235186449186237
