1.5089826496773857
6.4174275378186465
.02646510994433431
.06420163359801963
.02842414461354105
1.2708179620577222
.0002987712168704132
.8733363722937217
1586235864319187e-24
.0731727043341475
.0737223720562627
11039939432489001e-21
.8655752866241325
.7938801056724339
.01089133177688938
.00028751755167489163
.22896602537408636
.013462647912485935
.1905239882583122
12973139339617424e-21
.41140507975472684
.2057064769173657
.008389485422593289
15729074137423002e-23
.22557389923088084
41535860078681205e-29
5889002653266735e-27
.20088557112999625
5407748805195527e-22
.22144167929768496
.5752524273945162
.0074383345923520585
.22424436496492187
11.059301846965377
12.495794396830133
.5088884460452288
.04001201742728513
.14133346300157143
.2625339009376819
.42274898401829614
.16727440762924733
2222436587398462e-20
.06865320798354556
.007531495708110767
13.725583197566053
10.942171603236519
7142739803373863e-24
.7293640135175758
.002170919447631006
.0057641317768285264
.053921795302326214
.3510614894687993
1.0644090364127192
.8008009704391071
2.4278948079380824
.01304749912608175
.0020456933509056304
.7414324432478008
.47139863410132554
.03260565131050481
.00026993272413848357
1.1249927222387084
.8638272726407898
.05762095983558932
.04476627553128775
.006928844108071633
.0010296001690443372
.003277510685480688
.13064807976379156
.006588172305360853
1.5178157214074608
3175938018320509e-20
3695978355303853e-21
13915043960115599e-22
7402334603163903e-20
.04821941483506866
.00012544288959106525
6085570894215105e-20
.0002201119332849296
.1669388470803714
.14665446760880493
.7933424454176313
.012241201920512468
6814203277456878e-20
28461503170540375e-25
938678195739046e-19
.00027657198017018886
615442630003515e-19
22033253811972097e-24
.9250917897150126
.00032471264135675075
.0032469716182040305
.5363842859251626
7785759698093415e-22
3882296410492527e-25
.04655234973799415
20955453404702526e-23
.32536771855488694
.3516232138791958
.00875235276890032
2457706676190882e-23
.0004938613117258567
20299157930007147e-22
32296563779094803e-21
.00023335338899051924
74122970288478e-20
3356876385370006e-20
.0028466403625035533
.05266413902901787
47824503507411574e-21
4591618729131644e-20
2024939938183849e-23
16724140098835978e-25
.0003578944818927855
63751029314043734e-28
6715846088035859e-24
.0013856839357477449
6259963186191675e-25
.009136197207709307
28325785602982965e-24
3588995221233659e-24
4.939611982744551
17.183233347973708
.7921309133147674
1.4641066974926715
3.917964471017435
15039432142301217e-26
.34812028340332024
.20515312057806037
.00011834830662852738
.00030994852113206474
.3196318311155407
.026743479659571898
25191040539187573e-21
3795922625657963e-20
.30125638803974086
.05806107500138761
2.989837816724404
.06185368232758489
1.52618917929451
9779584285536553e-20
3.3210556933866537
4.115865465004035
1.3212350240920954
.1892374097226134
.07073597457483882
1.5593306460192538
.5249830698782734
3.514106552479712
.12361741290934095
1.1826022598226698
.7698319561495037
.357391316775784
9779584285536553e-20
1.4789770062199352
.3911833714214638
1.7429725468104391
.442268542697732
1.6939677510910705
.09273268999419755
1.4624612988256567
.24109287121766565
.02859142673970222
2.91732063497407
.6500228753177137
.030672024339083767
.8170019270287356
.7055066695688053
1.439437257591481
.5804352151247277
.8446097376489572
1.2580224751239788
.6078922039325345
.424923076383648
1.8410417795909984
9779584285536553e-20
.4561324402767657
4.0814138536341815
1.7187769615429607
1.8537291721206268
1.9545388137668362
.2085659928897859
.3446298872310711
.8406388130463042
.02957954012439863
.2835937273812937
.3936485003223215
.7855049025486194
1.136846419045548
.8862518482056447
.22969635897999593
1.042958068259772
2.5439636954102496
1.7495460188079093
.21198865674943498
.7335574377479462
.9540700664189572
1.129144896342956
.10551931490723003
1.6720776334552563
.30196039041427697
1.2855409426584528
.3709307599767902
.04702496525198356
.07394885031099678
.0389077766496051
.0818688674311003
1.4372442597565043
.16273364779125654
.729527554811214
1.1593511202390963
.06114887521189075
.45345203415376967
1.1508286882269119
.6648217932770512
2.5495793111626845
.47206383502300375
1.6370722589234512
.00018280766235320587
3.4777115189737997
.23765375973998357
.4912454335089431
.00011316399428257014
2.055819608576601
.538525975625263
.06476386773302438
.49492198560149064
.2136116481818457
9779584285536553e-20
.9507070585126968
1.2161320632330308
.6553345738178772
1.6804599172977595
.02957954012439863
1.0253356319048306
.029350963030694305
.9161917455238867
.8080286821607182
.00018280766235320587
.047920349991889884
.1153518279966701
.438679450595862
.34358575764909577
1.3120223454680402
.4436931018659802
.2957954012439871
.13665337959278023
2.9645301660252805
324269206943162e-19
.027138372806841612
3.211314112870907
.5153589549689948
1.5905020163996395
.008751252447850258
.011902577308093264
1.4196313950027541
2.053617202878997
.20172861433446956
.845760276946354
2.5382600781343667
.1869266309010987
2.211342713488659
2.211342713488659
2.211342713488659
2.211342713488659
2.211342713488659
2.211342713488659
2.211342713488659
2.211342713488659
