1.54106216704879
6.39892655046939
.02559851813648632
.06084248047994662
.027240547600002704
1.2183188744736562
.00028037511834187896
.8295048754394638
15749962647108216e-25
.07279717893458516
.06905160970366916
10827767083649157e-21
.8372811616579479
.7505653255472141
.010695099217644024
.00025957348967011086
.21879945152726155
.0129488421893094
.18101584773245077
11621757293517708e-21
.3899509833527644
.19440169844119254
.00802218728486715
157374521371138e-21
.21898134330789173
36822113846101244e-29
5993104782943378e-27
.19269044354259623
4832775904740535e-22
.2125832143053758
.5382411351066431
.006623234358027142
.20796699963401136
10.3729605771626
11.716922743956045
.4814055909361666
.03652673621060219
.13114239876271278
.243307359860088
.3907929939058064
.15155565936350235
2080809333877885e-20
.06647194226614188
.007367243053138559
13.323562408615325
10.382186285670997
7159116359355869e-24
.6837686179260742
.0021009351921838886
.0054254771131985674
.051560453728221024
.3278022433614529
1.0022622588790495
.7667442338562729
2.368183507428612
.012895195002327864
.0018472275413338398
.7290169992808394
.4599637946164478
.03245531656975109
.00026320972891151294
1.0555605131863897
.8023245695257555
.05506471784870302
.0424173122858159
.00650588140123704
.0009299304775767221
.003219556494254192
.12979759271794317
.0066904703648118765
1.4956010175764962
28677025469173862e-21
33124277704265e-19
1261043181202688e-21
6658787560764725e-20
.0466487126463148
.00011407650947171118
54933303475649704e-21
.0001988066788450184
.16297067705559748
.13896615382472854
.7581505433644539
.011598159511694715
6616831190220185e-20
2682655685333871e-24
8930837668186043e-20
.0002519645468344268
6223645671936848e-20
21808186501698828e-24
.8826327815828838
.0002969585315211196
.0030778337715603628
.5126964602729337
738294609447908e-21
36527653704958246e-26
.04414691732322427
1963198221983768e-22
.3174128143403573
.34247474537889755
.008570339904066374
23370603713930144e-24
.0004560492191632756
195144107270245e-20
30723980744457885e-21
.000223905237861847
6686385226342102e-22
30305424757321155e-21
.0027188651822287516
.049385366811602445
485977459575851e-19
4475850821614842e-20
2035338906004372e-23
16115129520774561e-25
.00034865412029422906
5666741906460973e-27
6032386455469437e-24
.0013865219964140105
5621875143857927e-25
.008852939470692135
26999886849729603e-24
33267962642862163e-25
4.632643908052811
16.115395615732307
.7429045971155467
1.3731210055714023
3.6744858304723484
14298244545651663e-26
.3339972029755767
.19752231459403952
.00011108969001983887
.00029354099556349813
.31172534877215313
.026240995454303504
23934609284203668e-21
3627561710487736e-20
.3008700695696155
.055689526825768165
2.942264095095184
.05932722225987476
1.5115718061689856
9171840161118756e-20
3.2410740501103303
3.9477498516711402
1.2972698052521836
.1774774084259272
.06745747048494624
1.4624273410858972
.5010593853332469
3.3705702334696617
.11227517881484037
1.1750390861155027
.7219913900805697
.33518153090485975
9171840161118756e-20
1.4695184076809602
.36687360644475187
1.7318256002957868
.42830593552059715
1.6247763671981235
.09258406822195113
1.402725969690584
.23124525198434204
.025968085516606933
2.7981604845737476
.6096277448421009
.028765936919432772
.7662300223861152
.661663544886897
1.4280593790081293
.5541292792375303
.792122168597442
1.1798437156471706
.570115248958511
.39851658552865066
1.7266317707720265
9171840161118756e-20
.4417321439195247
3.9147054422190855
1.6687242485481237
1.7385307158545111
1.8330756262395196
.1956048328822389
.3232131497759615
.7883980137986283
.029390368153619135
.2659700312705476
.3691855419621603
.7366903542726436
1.112820014939664
.8500522264504289
.2086210928593873
.9781443073173521
2.4400535893616087
1.6943121022152239
.2086155342046814
.6879711214283842
.894780176356191
1.1219236020145622
.09896190492178687
1.5681677608438263
.2742547027223878
1.2330320582264491
.3703362728878045
.046276713091278544
.07347592038404803
.03533788224338574
.07435717601480951
1.4280525573849927
.14780239268034376
.6841916722120824
1.1119965537926486
.05553829947708454
.4118465758210394
1.1038222269109643
.6235069963642021
2.4454398310748555
.4427278209646493
1.5702048141006617
.00017534074621132189
3.3356617824169765
.2228849646756186
.4711801451622897
.00011265789037035384
1.9280624103669457
.5165294780580504
.060739171085383854
.4917567786035255
.20488652012445763
9171840161118756e-20
.891626159776732
1.1664582365633787
.6285669414080227
1.61182027101195
.029390368153619135
.9834550286403647
.027526971866336774
.8787692061967588
.7750241443187881
.00017534074621132189
.04352352745122548
.10476798381505534
.4207612592651384
.3222339067576733
1.2584318082674752
.4408555223042878
.2939036815361921
.1357794312818015
2.9173591348439216
29451662461493654e-21
.024648353236987275
3.0801455782625142
.46807336815411515
1.5255367680775673
.008207413149451484
.011234751915791708
1.3314095837312916
1.9259968713380282
.1891923575254726
.7932012085879678
2.380522018551215
.18645221627610864
2.1415296776029846
2.1415296776029846
2.1415296776029846
2.1415296776029846
2.1415296776029846
2.1415296776029846
2.1415296776029846
2.1415296776029846
