1.5995961904182638
6.364894612130804
.02409400815118078
.055246216457210166
.025205151845451617
1.1274761509330067
.00024966648717100986
.7559429876612245
1555380410921865e-24
.07207676493979916
.06128459776268539
9667609586004174e-21
.7397883003878019
.6782039388589489
.010349059312826994
.00021311685187830893
.20152649943476972
.012054824958445612
.1647497624033114
950156943742608e-20
.3534441013491759
.175263052104841
.00731447417563537
15759497544501358e-23
.20731526318639618
2967647732235128e-28
6185693114223764e-27
.17858823065865073
3897757998875887e-22
.19732114446698568
.4769481734936135
.005356394829745741
.18147261189708502
9.228369491974997
10.419439049294969
.43544287960890715
.030964208507886507
.1145355566880321
.21205674855827483
.3391524058942781
.12681755816534124
18458258735875737e-21
.06266994725435569
.007070535443371172
12.619733207453422
9.413679399797699
7158570813040102e-24
.6078998473345688
.0019778976155266676
.004856973153302798
.04754186907310846
.2894600552031136
.8980454275232923
.7077165643656925
2.2629709264835802
.012614802295523425
.00151720165228645
.7037037283200536
.43926854070516347
.03216482711312227
.000251396446856662
.9397165008996534
.7007880038453241
.05072141205141876
.03845458219938846
.005798208610538733
.0007640882655070955
.0031132807252378966
.12689339121304669
.006877232230412327
1.4549149759779731
23550566682525042e-21
2685752504263104e-21
1052255087603504e-21
54339660545594685e-21
.04389592372627919
9573470238451527e-20
4509084023230916e-20
.00016334582981153667
.15594483039790846
.12599508552919061
.697757707265018
.010515302569110731
6268011123741325e-20
24194799856475846e-25
8157038405027167e-20
.0002135418050661377
6346056142520376e-20
21457664960269855e-24
.8096014983389591
.0002521034766750503
.0027923886558793667
.47242514505702443
6705297600481571e-22
32719026926195523e-26
.04008341359256822
17449226653680706e-23
.30319340812951223
.326205625140863
.008246855523474423
2131240991163474e-23
.00039433069672362245
1815220210111546e-21
280549499018699e-19
.00020764086651303435
5482583015938572e-22
2488337655524244e-20
.0025006507723237263
.04392057736963094
4999642372965718e-20
4226584547892678e-20
20315166513093206e-24
14903847895296089e-25
.0003325575390336188
45220744354706175e-28
4908982729171773e-24
.0013851416467852047
4572055155038235e-25
.008361149654141153
24722983817859803e-24
28657059186717114e-25
4.120850787975604
14.335041077988247
.6608319256079112
1.2214249336019247
3.268545593065374
13029813124527603e-26
.3064029618034338
.18236317345587472
9815389295627188e-20
.000263577581739547
.2950823037905009
.02512099455364282
2158795016508846e-20
33065643999940604e-21
.3001664481795347
.0516090923281924
2.8574007234065166
.05498024971130348
1.4852599889389022
8158577586641838e-20
3.10006618731109
3.658493763485006
1.2546561878575377
.15787052337188026
.06186192044564119
1.3008651173027277
.46018115187525965
3.1236047474783573
.09419341720936922
1.1613633388876659
.6422291131751713
.29815222217774967
8158577586641838e-20
1.4524153491294909
.3263431034656749
1.7116696672445393
.4039550938630509
1.505727168588424
.09231349845286574
1.2999466543755465
.2143016513222351
.02178596141207858
2.593136107068624
.5422788849230334
.025588008958609066
.6815804655375622
.5885660099154807
1.4075299461233812
.5091640303748153
.7046121669234287
1.0495000267258359
.5071315472410372
.35449031224749294
1.5358814608568236
8158577586641838e-20
.4166179706159061
3.6278705552168287
1.5811214758531817
1.5464658653982566
1.6305658903930342
.17399531362932064
.2875060525638752
.7012994395604304
.029048306982589735
.23658688962342694
.3283996270163197
.6553042036365906
1.0702810823331799
.7877679402075002
.17502295561502523
.870083438218928
2.261268108330053
1.597983935132134
.20259846128156941
.6119672468057732
.7959289917346968
1.1088660418266556
.08802905035883091
1.3949238234603272
.23008636377025152
1.1426864073692395
.36925399381146295
.04494195938574214
.07262076745647457
.029646765390026024
.06238205609473213
1.4114321010668751
.1239990226267397
.6086053336973564
1.030519310980426
.04659393348525617
.34551925681220685
1.0229439262572348
.5546248207874203
2.266259694032525
.3938172944200527
1.455154134791402
.0001624933317969423
3.091254078041916
.19826166235545833
.43665624401821773
.00011174025154472613
1.7150589729583412
.4786827800985407
.054028987765086765
.4860334443917337
.18987425350169204
8158577586641838e-20
.7931234163516722
1.0809905247735874
.5825111320314882
1.4937203801957502
.029048306982589735
.9113961684846043
.02448591904696057
.8143807944296588
.7182372503516942
.0001624933317969423
.036514123806452865
.08789524553731148
.3899316068078568
.2866349917952031
1.166225089051372
.4357246047388471
.2904830698258983
.1341991560357346
2.833214093947591
24708513128444958e-21
.020678770183072452
2.854459834614172
.39269080233526704
1.4137589669254902
.007300696020552616
.010111269069787505
1.1843215971554053
1.7132216251492178
.16829125895745795
.7055719995553922
2.1175329316565765
.18558967436365786
2.019775469315254
2.019775469315254
2.019775469315254
2.019775469315254
2.019775469315254
2.019775469315254
2.019775469315254
2.019775469315254
