1.6960508564771333
6.307990344823683
.021789267916017447
.047293607996838606
.02217526727022544
.9908718068443155
.00020620235953346404
.6506542929447263
15233903804065397e-25
.07079501673687452
.05035818549746911
8366442572032884e-21
.6228373523251551
.5748938901042389
.009805455715014613
.0001552896957231426
.1756472850101904
.010683825205291177
.14077739053055638
6804263831950238e-21
.30009615194468164
.1475477342104511
.0063148128021661715
15793922400980402e-23
.18910829492387365
21025294933684374e-29
6501538432972674e-27
.1575641119590423
27634052523932243e-23
.17452469405442042
.3912272008019583
.003770539166416434
.14544929443003554
7.610905275110671
8.58948792476503
.36975843178439527
.02365539890561563
.09191574126108021
.16949321419026367
.26971414788330605
.09495522485919244
15162765136179865e-21
.05687588469555633
.0065918075507181
11.539169371630624
7.969098313986277
707332157238702e-23
.5010220112082844
.001788395544482314
.0040389260695499595
.041506145487813235
.23622130416537962
.7492704505878862
.6187466748527265
2.099654582032346
.012150554508770731
.0011061327242499045
.6552357108528404
.40556009378680075
.031651657815587805
.00023314625409769297
.7758760852744467
.5598521828584029
.04421261276785144
.032696435564292185
.004785913085477385
.0005574441219223661
.0029380874187407784
.1232537930525706
.007186759856835046
1.3875878126941021
17166616952031686e-21
19213124198396718e-22
7778711400214258e-22
3925329472186321e-20
.03967461443028302
7158552072252733e-20
32844656806836444e-21
.00011914841102728505
.14476028185183504
.10714450474093187
.6082838935509127
.008945144985036586
5716476063572039e-20
20623568822367647e-25
7020579114540639e-20
.00016444512255629935
6529441955465706e-20
2100571950620845e-23
.7002476275493721
.00019210529936740722
.002377197630024809
.41202643138050143
5724023272338878e-22
27331355176059066e-26
.034163164585563045
1438431342787204e-22
.28062740851563417
.3005906957279994
.007737219385667278
18265856450635984e-24
.0003102402656967073
16074598197568387e-22
24135579881879587e-21
.0001833768430842023
39884522534130016e-23
18139086958845286e-21
.0021763995916819255
.03620468437949845
5220167109966439e-20
3877136843919745e-20
2039393598603761e-23
13204266060280366e-25
.0003076339695200907
31433622003115697e-28
3523534411530318e-24
.0013751221381328145
32764954400799263e-26
.007605667025057126
21350470294448766e-24
2259049848910016e-24
3.3978853016461708
11.820089560029613
.5448950234824546
1.0071371283474622
2.695109238326283
11143845364411016e-26
.2680547812805331
.16121099977356215
8122993590541442e-20
.00022391298870826258
.2712744618691977
.023523912237311193
18406462308963474e-21
28681818812680425e-21
.2990105812078981
.0455270806878755
2.722866136629786
.04850095500475796
1.4428977750907261
6727229955736572e-20
2.8809654761612458
3.2273487723263923
1.1874679078363166
.1301735875741384
.05363571422524316
1.0726402602115592
.39996725278367784
2.7554951842815907
.07052739107982992
1.1391742686774895
.5295559039203167
.2458441485789892
6727229955736572e-20
1.424665423609163
.269089198229464
1.6789664148244183
.3668119202209768
1.3282807196514883
.09186936689453057
1.1467509609999407
.1890466995476043
.016312254784688975
2.287541040838368
.44714102676312656
.021098827405386527
.5620034223265225
.4853075000861163
1.3743425879487365
.44288850138702557
.5809944228838091
.8653748699891262
.4181599672085963
.29229823731459204
1.2664251411733336
6727229955736572e-20
.37831046104346505
3.200334438013341
1.4466850320825686
1.2751526089872494
1.3444980557167636
.1434694312304434
.23706575180826098
.5782628831619783
.028493308472183183
.19507988912370813
.2707849235795826
.5403370896468624
1.0037019284271282
.6949313184792552
.13104856798188755
.7174352768502511
1.9947829148048053
1.4510512792959382
.1930595471044837
.5046032045318796
.6562905480734409
1.0876799877883578
.07258516061900004
1.1501972288058449
.17227733572602932
1.0080234687797316
.3674774675781223
.04282596358390402
.07123327118045818
.022198037600300216
.04670861082338322
1.3844652036810274
.09284436026854975
.5018311082526759
.9090750041304388
.03488724229590175
.25870780010710226
.9023923608988702
.457320981381011
1.9991862537279497
.32472566105732076
1.2836676004037015
.0001433438701249917
2.7269569660859756
.16347847157273385
.3851973200354544
.00011024440791204523
1.414167601670029
.42227112646850407
.044550097257949034
.47674726334831324
.16749801381411797
6727229955736572e-20
.6539771851668164
.9535983026252869
.5138635483247245
1.3176889033785075
.028493308472183183
.8039902472485984
.020190089063583418
.7184079096543535
.6335946588996076
.0001433438701249917
.027339977314028527
.06581163036360255
.3439790727766131
.23634751066462464
1.028788171507186
.4273996270827487
.2849330847218327
.13163513976648042
2.6998182827626507
185005175524901e-19
.015483244529814035
2.5180683741610546
.2940275298452203
1.2471507569076958
.006019855844430853
.008499727416844833
.9765432320769323
1.4126525996872235
.1387661006498111
.5817858616812788
1.7460311946315972
.1841770401869162
1.834059601104883
1.834059601104883
1.834059601104883
1.834059601104883
1.834059601104883
1.834059601104883
1.834059601104883
1.834059601104883
