1.884413687639583
6.1935192614614385
.01784610699280832
.03520791010233444
.017260492399907727
.7657815817284798
.00014188004382182954
.49061709603177384
14613405452001588e-25
.06798990096738892
.034345005692616365
6474821246084252e-21
.4514929805949383
.41895549453772707
.008809286243827963
8269182153088246e-20
.13358960566108558
.00834453122786762
.10275125310849977
35202638231611024e-22
.21675158496191155
.10495168032297214
.004637638691623537
15843151326840879e-23
.1571270137221198
11072897816512655e-29
7104123033532955e-27
.12337166681052682
14039245346627775e-23
.137336314709086
.2665271409176079
.001892308779786259
.09541269623039005
5.223460133959176
5.894870351424364
.27039018688254735
.014129709833554466
.0604118842446338
.11036221547332845
.17485598404134728
.05479592555820127
10350103795564485e-21
.04706657835125302
.0057031133385017346
9.685832977754208
5.6721511276419045
6649795165304078e-24
.3438626604406969
.0014585234825178787
.0027939986114233193
.03165739096492816
.15962804813923356
.5253663235934712
.47195678079954373
1.8138351846427565
.011212166948415018
.0005895963146077495
.5447570601402169
.3415272481744186
.03045550420087954
.00020148512626892845
.5336514255518746
.3589684042138075
.033631453663755036
.0237523246347224
.003262025185359672
.0002975109203904639
.002591772285251086
.11498555335974635
.007774287606248261
1.2560141086645475
914628863369803e-20
9939591184628034e-22
4283407484315838e-22
20632502757211004e-21
.03236703662831417
40534160945148974e-21
17480848339654254e-21
6354620961387535e-20
.1243313785738248
.07785665105942312
.46505485876090497
.006510911630491698
47244124363369135e-21
15538728160588464e-25
52241612492012895e-21
.00010200526906092752
6794860519351089e-20
2047472431224099e-23
.5225688224867102
.00011225634095431413
.001731043336655217
.3137076837009412
4205840820129177e-22
19306220987333613e-26
.024926453738531647
9852933462543215e-23
.23976948393961464
.2548109961681044
.006820590042630521
1339763056584599e-23
.0001940132840300879
12578211104954058e-22
1794294165435446e-20
.00014386071147671304
21201749502410183e-23
9674610692232865e-21
.0016521282178570537
.02482968332394934
5589541930893476e-20
3232566834225988e-20
20139512299587633e-24
1027100646310256e-24
.0002640786438205217
15249689822083872e-28
18169674443172293e-25
.0013250945252992043
16827930390083808e-26
.006305173361100114
15903586016091527e-24
1400205112232528e-24
2.3313152437283513
8.109854373300545
.37385666722209465
.6910045311722686
1.8491351805721772
8112482799206075e-26
.20404753738009554
.125171275560111
5662207388176113e-20
.00016391867671799353
.22687405299425228
.020388959134271124
13420088765696111e-21
2160452425932172e-20
.2967661479969617
.035638861332913205
2.4781285570651828
.03796682729953304
1.363622265018804
46156042219187026e-21
2.4967365132461645
2.5263872322153875
1.0664558177503038
.0893130997963222
.04059161787775868
.7359467338277911
.3041490141783366
2.157017522150844
.04008221450196116
1.0970569657939737
.36333237929416823
.16867556149878069
46156042219187026e-21
1.3719930039419959
.18462416887674574
1.616892034311501
.30383560265979453
1.0397858079981983
.0910081899015367
.8976832659807614
.14798684670366385
.00927060090100664
1.7907003198098574
.3067868980992989
.014476067785790922
.3855948712755429
.33297320904217875
1.3117714713534332
.33730475990853426
.39862474284637084
.5937403552049244
.28690277020179594
.2005480691288428
.8689040313479108
46156042219187026e-21
.3133600098230192
2.505240255514103
1.2162155019322127
.8748920141511402
.922470458592914
.09843548040733709
.16265263594645873
.3967506124308193
.02743986007883983
.1338458125818951
.18578761908386016
.37072943375552014
.8853874300155724
.5439962440151942
.0744776849334153
.4922378623254295
1.561527570313236
1.2019266976644296
.17570690327283656
.34621214029484987
.45028599355520604
1.047466520239443
.049801237062818166
.7891591665881265
.09790886942888757
.7890865849812831
.3640327596061468
.03897666576898483
.0685996501970998
.012615616301628753
.026545495720819053
1.3332790577871103
.05276542215157142
.34431018371331
.7116291561837378
.019827160875737555
.14702913830287045
.706397944520962
.3137714432720308
1.564974529417858
.2227967740070331
1.0048624009517169
.00011221040824759492
2.134677640357521
.11216383690593723
.3015346836901223
.00010738071961240096
.9702712700050585
.33055627318340264
.0305661644307769
.4591210673909212
.13111841123275547
46156042219187026e-21
.4486987774694205
.7464822510267995
.4022553492576762
1.0314944731330316
.02743986007883983
.6293682024364489
.013852575419000007
.5623738549846896
.4959815531464812
.00011221040824759492
.015537889866622913
.037402147514164506
.269268802015994
.1621598451727426
.8053413140335702
.41159790118259854
.2743986007883992
.1267683540567793
2.457152298233044
10514237115293738e-21
.008799456763223704
1.9711584458658185
.16710209097893317
.9762768052577547
.004130269402669287
.006055605629797535
.6700138235972085
.9692318154905004
.09520848911554539
.399167755093456
1.1979654340002959
.18144928509539063
1.5191780132989714
1.5191780132989714
1.5191780132989714
1.5191780132989714
1.5191780132989714
1.5191780132989714
1.5191780132989714
1.5191780132989714
