2.0351039525695427
6.098225850822924
.01514646367871506
.02793248157384713
.014118508673573229
.6198649758876019
.00010517626827708846
.3952645898196518
14105998499282696e-25
.06549919980224873
.025302833102498406
5364899305217008e-21
.35177583271622004
.3270117111880085
.00805324126485555
4996841447516007e-20
.10679546535951072
.006765912550146878
.07929631143982925
20648860106406697e-22
.166183433922035
.07960762393777214
.003591856771206578
15844734940163913e-23
.13478955424010003
6789683175970028e-29
7556233512645418e-27
.1014408848397601
8214998431264046e-23
.11339161671966497
.19648489607581898
.0010870228901712269
.068677354567058
3.8650824852714423
4.364431801051167
.21162242240631032
.00944718052983264
.04353354711777792
.07885378936535874
.12499799356854384
.03578844179632036
7637629379444608e-21
.0404567958312251
.005043678361836336
8.417991777996098
4.279495758253949
6147297626657955e-24
.2546562292236472
.0012282363213359506
.00206079415554697
.025356039196852264
.11708681605154721
.39485872257492555
.3770334994236297
1.613449572589576
.010423459760571088
.0003565161176089632
.4528114812979579
.29324974396027376
.029279080949945083
.0001795260308536829
.3955444624652111
.2500628693464709
.02688831813811603
.01832202168112347
.002376907413969886
.00018007899002610373
.002311824952282717
.10874264026587954
.00820572867997137
1.1517930965483842
5528675091209211e-21
5902004818497658e-22
26558491284350866e-23
12374525864872804e-21
.0272839819292915
25830415200347765e-21
10560131294647784e-21
38434258021233006e-21
.10927335098444088
.06006931195789189
.37537271493396396
.005032863843150362
4010639028157124e-20
12622099951538374e-25
4111628659096195e-20
7126110552757643e-20
6891701707355805e-20
20276202875666218e-24
.40988175250043807
7265202044936808e-20
.001337724814678284
.2509640118041597
32851339998410105e-23
14637249222945527e-26
.019289151512524864
7238332738173932e-23
.21018051171110896
.22210365197524118
.006156988688468315
10360762033914795e-24
.00013313048383512208
10258977800460242e-22
14110957667325251e-21
.00011846819275587032
12806399401518818e-23
5856432176518212e-21
.00131799258443321
.018365054514837404
57976274245849326e-21
27913688334981057e-21
19746420120661503e-24
837515292448557e-24
.00023337097116944293
8543652882128439e-28
10653893991567458e-25
.0012568604327850208
9838334523250257e-26
.00540623401055754
12444566922310172e-24
9534005841987737e-25
1.7247601560113777
5.99985511687063
.2765876838915469
.5112209025336257
1.3680323547446205
6216674788806366e-26
.16416939064246538
.10223798649796068
43169773310379476e-21
.00012963478195816925
.19624187954465008
.018135747879611842
10493014580920855e-21
17314234252663617e-21
.2949827374716244
.029298769108794056
2.298274580812051
.03121259392805572
1.3033495484538915
3414729208886989e-20
2.226592292798774
2.076947282480241
.9785876688103228
.06607586698236574
.03248075985011295
.5444701684457359
.2443091346766923
1.7732878094720923
.02550955810202088
1.0644870702426212
.2688015757977076
.12479002509359742
3414729208886989e-20
1.3312606899155892
.13658916835547535
1.5688890533202393
.2613338339513768
.8548096985075593
.09032506423173203
.7379869546648198
.12166024083112091
.00590009647079799
1.4721378083059233
.2269679399435403
.010709724907354529
.2852718748043672
.24634116965524847
1.2637719913156942
.2712742345977388
.29491167078810027
.43926264816752836
.21225720889720825
.14837003272249735
.6428350077056908
3414729208886989e-20
.26952592802557396
2.0595623166158026
1.0585718600532477
.647265053870236
.6824646715448729
.07282481208886098
.12033412748676806
.2935251463887867
.026625213798311703
.09902218295498068
.13744991533774442
.27427408529254155
.8008595889717248
.44722024647664793
.04739989680505016
.36416879034397964
1.2837344973581373
1.0337962677167418
.16295470560389502
.25613563275681556
.33313184160025716
1.0163688870066545
.0368440903207318
.5838379390963764
.06231222562007996
.6487094367086945
.36130025692692813
.03614787454277692
.06656303449577948
.008028967486902142
.016894372575236412
1.2936960999217424
.033581542808352724
.2547285219256549
.5850315514670423
.012618616976186516
.09357388040626252
.5807309633748826
.2321352656641534
1.286568248357938
.1648301317159702
.8260991055963767
9224836933310265e-20
1.754922154282767
.0829813631430356
.24789218132429863
.00010514342089914507
.7178288013725583
.27175087988907926
.022613545154015608
.44549048513622014
.10779267106024482
3414729208886989e-20
.3319575829618878
.6136843405950445
.33069481346739465
.8479933778751716
.026625213798311703
.5174046801145358
.01024845104286456
.462328512016801
.40774728665193394
9224836933310265e-20
.0098887925545042
.02380388077375247
.22136634458582674
.11996954963998248
.6620724773788305
.39937820697467674
.2662521379831179
.12300480104213891
2.2788207060980072
6691584931714673e-21
.005600245803697869
1.620492743659478
.10634892686840224
.8025988382828033
.0030556674471549834
.004617092893926529
.4956914986191181
.7170597892299515
.07043741037695198
.29531340362560465
.8862821338302457
.1792961974739941
1.3066691697568829
1.3066691697568829
1.3066691697568829
1.3066691697568829
1.3066691697568829
1.3066691697568829
1.3066691697568829
1.3066691697568829
