2.1481216512670125
6.024211121497779
.013363985715316428
.023512439081809052
.012138985069096537
.5273913000134999
8401516262908868e-20
.3379761688219266
13727943331932212e-25
.06351259425096882
.020126516340285967
4633212367036707e-21
.28963508925806586
.2723202738653859
.007493566722041992
34589353448357344e-21
.08989656195873036
.005744113107611636
.0650307859024983
13792814343842125e-22
.13575764022712494
.06456959920896946
.0029762239372022204
15829640231004273e-23
.11980988293848098
4749660571326364e-29
7876211769660025e-27
.08759028632572938
55666218620022996e-24
.09821973736236493
.1564575563988022
.0007163170748119398
.053886039606405055
3.083514538130981
3.484374435691987
.17657649908786097
.0070234342452823555
.03418048382063037
.061501596799163366
.0976828183913278
.026201550866871006
608473089280413e-20
.03611819677628598
.004581869713923206
7.576413712878086
3.451228352430458
5722820104237529e-24
.2033519629873079
.0010718946306106634
.0016314169688501268
.021370590296241755
.09294404007357229
.3184119644203241
.3171708963195332
1.4778768460635345
.00979811144322469
.00024689052086753106
.3874199150312703
.25957184385263277
.028226050177674385
.0001647959509224291
.31594948384862503
.18998226869785126
.02263461419974974
.01505238687243015
.0018642876894109754
.00012480134354297866
.0020997562267057444
.10530079597766787
.00848329390034245
1.0749366944695502
3827847915944782e-21
4042953335110754e-22
1876408370597246e-22
8528783645598062e-21
.02383678307560952
18711440021309134e-21
7308786448299134e-21
26619358232403408e-21
.09882276053170609
.04935703393711371
.31990283874192715
.004141820999773647
35258591584348755e-21
10883654251111162e-25
34325267447811396e-21
55001527740091784e-21
6883641350585544e-20
20226261718406414e-24
.3401998671194457
52292257482760136e-21
.0011004612299753685
.21134817319876498
2730080890793896e-22
11899176504349323e-26
.015882719858483888
5720396729684659e-23
.18977572715961075
.19975797149560856
.005697389508552187
8505981145855488e-24
.000100309669532599
877470579109051e-21
11773436156835218e-21
.00010240657099060637
8865584372671399e-23
4059936496566659e-21
.0011095351215933084
.014647920252275374
5886656976069912e-20
25230833491504192e-21
19495473182594676e-24
7249262039319801e-25
.00021265008610359457
5584485535281778e-28
7193631990917571e-25
.001189889742321041
663322001387761e-25
.004808509809924631
10273685678933532e-24
7209609512845494e-25
1.3758600541653228
4.78615009589002
.22063702272698948
.4078065093276084
1.0912943826645316
5060717135115554e-26
.14093086820837553
.08871148640607084
358787235680301e-19
.00011054182618407494
.17800674221888096
.016794816257774986
8842576897812396e-21
14847910374213642e-21
.2936522163815818
.025295514025850094
2.1720032672175806
.02694784223045504
1.2598998444940923
2723966864566138e-20
2.043344954893629
1.7931623311493032
.9174710963881367
.052709442300437274
.027480111242006267
.43432981266307263
.20729060580738168
1.530993554364269
.01817668835748588
1.0406957934931231
.2144259590806083
.09954636885955395
2723966864566138e-20
1.301507025089683
.1089586745826408
1.5338243966417018
.2334067239017827
.7380122570248394
.08981608712780827
.6371516596243344
.10503712005458328
.004204079678678306
1.270991366214425
.1810548098853765
.008543264777871899
.22756449686769573
.19650904726881016
1.22892855153161
.23038173886549063
.23525426763268886
.3504046222277001
.16931989871891787
.11835639903124863
.5127965215561665
2723966864566138e-20
.24072338019095377
1.7781527706373936
.9538996630972824
.5163304178690158
.5444095381523085
.058093149679936736
.09599185056822457
.2341482219436717
.026030140501793586
.07899107915332851
.10964530187138552
.21879143980192875
.7428029999152472
.3861140369203687
.03377452282615022
.2905014299302079
1.1083306558992498
.9233209354535765
.1540016827993989
.20432219768655974
.2657429162140758
.9936530512334276
.029390934112012195
.4657339141962437
.044400216633606715
.5600726294689555
.35926434851123307
.03416184570171833
.06507535125448416
.005720994431113722
.012037987646318332
1.2647820033550552
.02392833445993746
.20319972997554026
.5050954106893668
.008991322678396616
.06667552827619375
.5013824360589155
.1851768421697306
1.1107772156129057
.13148680015617908
.7132245533851893
7964395745304218e-20
1.515137301608035
.06619514162056932
.21402128281577576
.00010349609113465481
.5726198915806141
.2346200336350679
.018039072477430626
.43553377667312115
.09306435408816699
2723966864566138e-20
.26480619724584936
.5298332086008061
.2855101271073407
.7321272884952381
.026030140501793586
.44670877791071895
.008175301567468082
.3991579754373089
.3520344888963455
7964395745304218e-20
.007046202046153315
.016961317824195563
.19111981986441934
.09570102282949833
.5716098029742415
.39045210752690485
.26030140501793664
.12025564481007356
2.153618223153779
476805021219918e-20
.003990422816890038
1.3990757350186163
.07577831388171773
.6929352593457566
.002437539367256893
.0037672699576239703
.39541853385375336
.5720064421775287
.056188693203937726
.23557473431417755
.7069969586248817
.17769816470769104
1.1670336195089122
1.1670336195089122
1.1670336195089122
1.1670336195089122
1.1670336195089122
1.1670336195089122
1.1670336195089122
1.1670336195089122
