2.336484482429462
5.895137483941233
.010787037870254146
.017669179608296077
.00943009365630108
.400766059086318
5776520929806089e-20
.2629869659895518
130866616211328e-23
.060023135013726504
.013749611102389385
3611902358379325e-21
.20779515554424827
.20166842761934614
.006600054167014147
1879843157055189e-20
.06706094588963696
.004316202704123561
.04640619243718167
6999103895847799e-22
.09641743787294559
.045385103673851374
.0021619943675958626
15750392898268939e-23
.09795777711095989
2664312388155485e-29
8352050669010737e-27
.06857818425173502
29334144018602332e-24
.07731007600498364
.10715379807235112
.0003567625292473279
.03619173329571195
2.1159571990995105
2.3948897496902073
.13117539545192303
.0043282985843213365
.022976334318585655
.040883471447201926
.0652755137931184
.01579873636337406
41694042359256025e-22
.02989915518034899
.003876743767332803
6.355476142096417
2.3996463973274236
499242507781391e-23
.13980601659943578
.0008447262553302857
.0010921301430588325
.01597032726523566
.0633884115493562
.22203325108479677
.23583272456526752
1.2769683702453296
.008741882620299332
.00013425700394180818
.2912333994734106
.20929852389764303
.0262708711825842
.000143176610840038
.21723284300798631
.11933552676515133
.016885730835674673
.010793205248049302
.00122859510876468
6794889483190304e-20
.0017574960553734538
.10009396417077901
.008867461583780534
.9506828734571375
20808817436917458e-22
2167947791022488e-22
10637597784061364e-23
4610153909866058e-21
.018827263826614822
1112622468118125e-20
397135501984161e-20
14476721582968312e-21
.08289648360685285
.03539916155938981
.24555399415539975
.002978280269724361
2809250172092539e-20
8574764755653128e-25
25342242030778515e-21
3622884156147465e-20
6728164550335858e-20
2024638048610823e-23
.24729514074149261
30126720164421982e-21
.0007906995400649383
.15776002009565165
20037428633773331e-23
8414985383197425e-26
.011427711183630628
38258921294244836e-24
.15908632383131185
.16645427310163788
.004999700998886813
6067174018795196e-24
6251878734281536e-20
6717072570953551e-22
8684200213640645e-21
8032041070434116e-20
482112331149556e-22
2212119499566454e-21
.0008274589182980803
.010048658703615746
5907333104585975e-20
21353658992695177e-21
18909530844063016e-24
5701980113141802e-25
.0001818510313066773
2755590759188515e-28
3728538329564865e-25
.001059332950993457
34372559864278665e-27
.003935969417262634
73753561231072284e-25
4530765766071669e-25
.9440250976501382
3.2839428675624296
.15138668085791918
.2798101293985834
.7487747631316254
3550446708804191e-26
.10977141047822729
.07025058656385129
2681737873981535e-20
8591365115103118e-20
.1512913871711649
.014754715683279483
671092649950488e-20
11574887629442678e-21
.291448004130031
.01980160541336571
1.9767788009233327
.021095066028063745
1.190678604690179
18690077363119473e-21
1.770829184521323
1.403707111357521
.8239739444603379
.03616576865074999
.020797238355980886
.2980086837831522
.15763264105882405
1.1984785216440796
.010332403715648364
1.0022194187602438
.14712505559484304
.06830220144763831
18690077363119473e-21
1.2533879951791842
.07476030945247306
1.4771161802458903
.1933345931812996
.5777240774351997
.08897415743631205
.4987692971749413
.08222420793472207
.0023897779198568374
.9949459612425229
.12422795767972283
.005861829000533448
.15613986010194575
.1348316436511399
1.1729778595895433
.17546098619406403
.16141607738534766
.24042471232019352
.11617622987040471
.08120841274134655
.35184740255460034
18690077363119473e-21
.1993950988234142
1.3919574630055942
.8019364372809529
.35427213085577974
.37353818497746305
.039859716206875874
.06586332369482989
.1606571812414976
.025067759903583616
.054198507315806374
.07523142814754163
.15012036267694479
.6552430619019973
.30225429678343946
.019198877060517126
.19932306336468816
.8676133757640135
.7648017779762454
.1401596703187073
.14019251597514987
.18233539208390076
.9569159303641301
.020166134892224526
.319556122366536
.025238973915266243
.4384309882075117
.3558966297452482
.031091303315615965
.06266939975895922
.0032520568628727478
.006842904815189498
1.2180207628265927
.013601884293784502
.13942235211488302
.39539421924186235
.005111050705370442
.03790120964578801
.3924876620370298
.12705622638188344
.8695285695023425
.0902176344035516
.5583199915536382
6234616214686827e-20
1.1860660733304076
.04541877267469028
.1675382041277916
.00010080769594200773
.3928942826919041
.18366313186458835
.01237723059512421
.4194313181978608
.07285179561168012
18690077363119473e-21
.1816926768507919
.41475923837282347
.2235004543778792
.5731172596186406
.025067759903583616
.3496885236582021
.005609356734490271
.3124652347104022
.27557645335444325
6234616214686827e-20
.004005361305147552
.009641535348036866
.1496106881149479
.06566377673973661
.44746241398141734
.37601639855375524
.25067759903583686
.11580957970402966
1.9600462453568206
27103627877654765e-22
.002268326261050168
1.0952118079095787
.043075620625568335
.5424373099732566
.0016724799388094231
.0026840481846805184
.2713103116148107
.3924733738713532
.03855300284945119
.16163596064263314
.48509502902101836
.17506636505252895
.9666729659064964
.9666729659064964
.9666729659064964
.9666729659064964
.9666729659064964
.9666729659064964
.9666729659064964
.9666729659064964
