2.374157048661952
5.86835203675681
.010308654077662453
.016692498085455726
.0089653397513054
.37911809366563537
5359598823322975e-20
.2504953771331371
12931779322884692e-25
.059302435949229855
.012741952020363684
3298861374873316e-21
.18840622197162402
.19007693596570932
.006459471863743624
16429483901611074e-21
.06355603117379925
.004061718320765398
.04333954385355577
6107081769431348e-22
.0899850607255235
.04227475355427669
.0020101605550856294
15697326984522263e-23
.09402220627451811
23899522662327542e-30
8420426322541797e-27
.06530308203272527
25496244561593896e-24
.07369457929580547
.09935786600919877
.00031028378666953004
.033449705953482685
1.9625160483195907
2.222035017524441
.1237056818522226
.003934946074181144
.021238472159991813
.037717974868097845
.060280892110853676
.014310871806347394
3866317794012438e-21
.028790689197014965
.0037453592965195942
6.135874906651468
2.2302811602106294
4848417241884335e-24
.12972060932941004
.0008079114715565695
.0010041209119846187
.015139726568439352
.05873470035031227
.20653925830634426
.22200258525428393
1.240237419302614
.008571466152566305
.00011735543525471774
.2742351266050318
.20018123806427388
.02597742725803562
.00013925283084663544
.201554973058457
.10862803296704218
.016003422655106108
.010072257423854142
.0011259999628339757
5940660818751485e-20
.001699630486483386
.09780436289868714
.008972824198616962
.9265522795396993
18187284964370555e-22
18906162339633006e-23
9201309237091878e-23
40257313206046015e-22
.018014494382574568
9668548597041764e-21
34707757091125094e-22
12653754317291922e-21
.07978218898769178
.03303571129872404
.2329779660684132
.002780585913693554
26741693681511138e-21
8167644576590173e-25
23794897572608076e-21
3338429220542594e-20
6694602937602911e-20
20226086703437013e-24
.2313533931523424
26974367887572934e-21
.0007381013363314689
.14952943555035994
1879576229279672e-22
7834765850012279e-26
.01066992672824982
3518314278136557e-23
.15343715481847334
.1603569612963254
.004869997228299018
5652319854913548e-24
56873524162298746e-21
6350618860417936e-22
8152857882491537e-21
7651042181539617e-20
421430376624006e-22
19343487944221443e-22
.0007780793402220424
.009319527796075968
5908089599371429e-20
20382673878000784e-21
1860511875409477e-23
5355190173923664e-25
.00017589290493842368
2361989398037517e-28
3218812467659158e-25
.0010358705925695153
2968504747599645e-26
.003771145642806243
692332442926403e-23
40746609141955913e-26
.8755514589767566
3.045746321837857
.1404060438909251
.2595144638010427
.6944633547738925
3296247901613863e-26
.10309961618553555
.06618667738307854
2502907232113817e-20
8076598422010158e-20
.14365625910274527
.014088412414606025
6274948299419062e-21
108771487798355e-19
.2910091510997977
.018855347331297446
1.9398924463284675
.02008699742432605
1.1772976106513433
1733441679082569e-20
1.7208538031853013
1.3366282472325866
.8064506439710777
.0335425314284545
.019670155397773947
.2763930095964263
.14923263971520828
1.1412069033274457
.009230549446055112
.9946965634670986
.13645353010078687
.06334798966432487
1733441679082569e-20
1.243979819347227
.06933766716329798
1.4660286568282146
.1861871711362877
.5501164130026241
.08880672093933493
.47493463989908563
.07829496484176682
.002134930444202368
.9474005406873108
.11521724354885145
.005436648820528962
.144814457430188
.12505180488192733
1.1620971983025923
.16616185508262885
.1497079711215718
.22298581697668382
.10774953739539964
.07531806562543633
.32632660658141777
1733441679082569e-20
.19202362483344199
1.325440078593156
.7745831986980802
.32857546035342133
.34644407617408074
.03696854327941136
.06108601275284869
.14900412052733003
.024879596386944466
.05026728873293426
.06977461387355645
.13923157646030007
.6390110501797055
.2878104895667719
.01715149629194195
.184865422933218
.8261527895242193
.7365276807336186
.13754431482376758
.1300238332701137
.16910993040284777
.9497331319298914
.018703410397413914
.29637753260948346
.02254747327959253
.4174797139365627
.35522688375733974
.030511144909232492
.06219899096736134
.002905255398477036
.006113172983705919
1.2088780603691551
.012151370483434138
.12930953224868308
.37649954036354444
.004566004925433084
.03385939993525892
.3737318786264627
.11784036744112747
.8279764620189027
.08367381505436952
.5316395889620735
5936682998738632e-20
1.1293876079066762
.04212438078102488
.1595320664232131
.00010027845570740836
.36439620439201714
.17488643324461073
.011479464192877813
.41628298455639245
.0693704314014728
1733441679082569e-20
.16851383368735348
.39493916453386846
.21282005211321048
.5457297409015525
.024879596386944466
.33297798000224454
.005202489303546255
.29753347804028396
.2624074985767497
5936682998738632e-20
.0035782269638262856
.008613355731653364
.1424612514992173
.06090093967788462
.42607955553066335
.373193945804168
.24879596386944536
.11494029031154203
1.9234721173892424
24213279327567012e-22
.002026430469484587
1.042874989597287
.03848200835412196
.5165158920951333
.001551168771019944
.0025081502095577893
.2516311692995074
.3640058256480138
.03575661068418121
.14991190543136837
.44990928891503745
.1745447011268003
.930935855681437
.930935855681437
.930935855681437
.930935855681437
.930935855681437
.930935855681437
.930935855681437
.930935855681437
