2.374157048661952
5.86835203994444
.010316981930389829
.016692050744033776
.008965007194095669
.37910974933761943
5359598818972768e-20
.25049333246404554
12944119202766102e-25
.05930348307166189
.012741952008160879
35293444730198325e-22
.19826782180598795
.1900015890632174
.006441441591491158
15823910333057875e-21
.06351069959359947
.004065264010320501
.04333926050123669
6106691882632309e-22
.08997927260851796
.04227512297617981
.0019348102917296425
15711292563277202e-23
.09402356034913396
23842022616911248e-30
8428722616458415e-27
.06530308238811139
245563909443343e-22
.07369555133644085
.0993578656738031
.0003102841437581244
.0334497243503367
1.9625160485821809
2.222037625169029
.12366452705778301
.003934914003242615
.02123848339112787
.037701603034228114
.06028093313047505
.014305462422749006
3866317769100952e-21
.028790689197043296
.003745449843588223
6.135874899092996
2.2302811726974783
48484186812598296e-25
.12972037289576718
.0008059464420715239
.0010050828881261813
.015129007112786457
.05873469864317949
.20653926396064837
.22200737126799205
1.2402374518664858
.008550504188189758
.00011304330869832865
.27423513773579883
.20018139185189443
.02591441166975886
.0001392528517107171
.20155497127450256
.1086280527428819
.01599199300770894
.010081445919159406
.0011270917640222669
5721793316792615e-20
.0016954778709443027
.09420019613512885
.008951498948637306
.9265529362764087
1751676015139127e-21
1820908779907605e-22
9385133871850379e-23
3877364354323902e-21
.017971383189631193
9868762399381739e-21
33428151501497814e-22
12187291325387449e-21
.07985748942942152
.03306599980632886
.232980161472351
.002783248688453823
2676811253015914e-20
8174837925679573e-25
2381782604502296e-20
333842972865898e-19
6685078541233678e-20
2024225271698536e-23
.23154262615597043
26973775568140144e-21
.0007388062530291533
.14942296393618046
18813836430286178e-23
784194650113562e-25
.010680254469496454
35216596833435435e-24
.1534364791892334
.1603580030124818
.004870013372871726
5657791191160222e-24
5687369687490492e-20
6355987205783324e-22
8160546512895727e-21
765104212634369e-19
4058936156976931e-23
18630350651396304e-22
.0007788130710939822
.009319527800124542
5899562708384308e-20
19631482077314366e-21
1787629370442571e-23
516196744331879e-24
.00017604768583229818
22749136374732647e-29
31032507426463125e-26
.00103353548279548
2861666807636282e-26
.003774761636981659
6906407326491231e-24
39244309927044376e-26
.8755514589767456
3.0457463218378793
.14040604389092515
.25951446380104465
.6944633547738907
32993022033717414e-27
.09929785971857272
.06374543387428756
24102294586610728e-21
7777528120226791e-20
.13872767100524463
.013609542492939265
6043315299382023e-21
10475624574128285e-21
.2910091510997977
.018855347331297463
1.9398924463284675
.020086997424326014
1.1772976106513433
1733441679082593e-20
1.7208538031853018
1.3366282472325868
.8064506439710777
.033542531428454286
.019670155397773937
.27639300959642693
.14923263971520848
1.1412069033274443
.009230549446054177
.9946965634670986
.13645353010078623
.06334798966432477
1733441679082593e-20
1.243979819347227
.06933766716329896
1.4660286568282146
.18618717113628772
.5501164130026235
.08880672093933493
.4749346398990864
.07829496484176686
.0021349304442024753
.9474005406873106
.11521724354885049
.005436648820528945
.1448144574301887
.12505180488192763
1.1620971983025923
.16616185508262912
.1497079711215716
.22298581697668518
.10774953739540041
.07531806562543575
.3263266065814158
1733441679082593e-20
.19202362483344196
1.325440078593155
.7745831986980801
.3285754603534238
.34644407617408113
.03696854327941133
.06108601275284909
.1490041205273308
.024879596386944466
.050267288732934484
.06977461387355594
.13923157646030132
.6390110501797055
.2878104895667716
.017151496291941147
.1848654229332188
.8261527895242194
.7365276807336187
.13754431482376758
.13002383327011388
.16910993040284863
.9497331319298914
.018703410397413727
.29637753260948163
.022547473279589357
.4174797139365631
.35522688375733974
.030511144909232492
.06219899096736134
.002905255398476671
.006113172983706517
1.2088780603691551
.012151370483435408
.129309532248683
.37649954036354494
.004566004925432442
.03385939993526065
.37373187862646223
.11784036744112726
.8279764620189021
.08367381505436927
.5316395889620722
5936682998738636e-20
1.1293876079066767
.04212438078102467
.15953206642321352
.00010027845570740836
.3643962043920181
.17488643324461095
.011479464192877797
.41628298455639245
.0693704314014727
1733441679082593e-20
.16851383368735348
.3949391645338693
.21282005211321045
.5457297409015528
.024879596386944466
.3329779800022451
.0052024893035462535
.29753347804028407
.26240749857674944
5936682998738636e-20
.0035782269638263116
.008613355731652938
.14246125149921735
.06090093967788416
.42607955553066335
.373193945804168
.24879596386944536
.11494029031154203
1.9234721173892424
2421327932756295e-21
.0020264304694847827
1.0428749895972864
.03848200835412389
.516515892095133
.0015511687710199464
.0025081502095577668
.25163116929950424
.3640058256480165
.03575661068418123
.1499119054313695
.4499092889150362
.1745447011268003
.9309358556814369
.9309358556814369
.9309358556814369
.9309358556814369
.9309358556814369
.9309358556814369
.9309358556814369
.9309358556814369
