2.3807951673044947
5.863595647083917
.010238840083015942
.016527557835992763
.008885309114637604
.3754448689379948
5289212986037243e-20
.24836692872604277
1292326095225376e-24
.05917701765324725
.012571995015459865
38247962088931e-19
.2093030593080236
.18791806468017647
.006401658906828575
1363262053323843e-20
.06317152852124591
.004023599332106265
.04281906352549529
5961073415487627e-22
.08888315152177816
.04174849229145659
.0016918523407721366
15708960114634172e-23
.09334558345609921
2334693440878679e-29
8444824211502475e-27
.06474220270053797
21135555894349914e-24
.07307689676496192
.09804266475643957
.00030273417941635637
.032988716665224106
1.9366190151756268
2.1928751838617364
.12233253618506047
.0038695247912811323
.020946258446832136
.03714538768009855
.05944195875970794
.014050951582017312
3815180363305551e-21
.028599653900955056
.0037227215821653923
6.097965401239877
2.201625647523884
48231079648580705e-25
.12801798738177605
.0007981348399916356
.0009907297848225285
.015048461482111104
.057950156426074546
.20391768241364117
.21964816130414372
1.233877670121738
.008504891015915304
9742715280655825e-20
.2713139793431682
.198607109766369
.025815074893446567
.00013857443913995647
.1989082001914007
.10683771862955253
.015906711720452417
.009963694900532248
.00111038001596698
4930001525369641e-20
.0016822840989991822
.0827767553381297
.008953774413415334
.9223305167452991
15090753950388073e-22
15681163756120403e-23
9316722906531479e-23
33399917905417346e-22
.01779913851498332
9764568320776954e-21
28798062249968583e-22
10499642970926092e-21
.07935653026804451
.03268005423864698
.23083490185324315
.0027510246076713984
26549569199212377e-21
8108939999376044e-25
2356608243014431e-20
3290766654002294e-20
6670118568993929e-20
2024651922037904e-23
.22892288630586602
2645519400883449e-20
.0007302298862630136
.14862645444676004
18611895563621309e-23
7747246422683198e-26
.010556759571945731
3472130157954581e-23
.15245880859775676
.15930305609554032
.004847597323613562
5590300383829215e-24
5593317839504602e-20
6295997704835736e-22
8074016913581876e-21
7585776148764589e-20
3496909620115297e-23
16051600287505874e-22
.0007707844550530943
.0091964753988706
5891471328187664e-20
17179886058708134e-21
1569827495202166e-23
45072242435001235e-26
.00017509446555130276
19531680952984892e-29
266938038883361e-24
.00102766684511018
24612469127852444e-27
.003748185980931216
6817054477369355e-24
3398277710385071e-25
.863995072062588
3.005545574552678
.13855282721056233
.25608913737076006
.6852971462738756
3258137661260107e-26
.08664566551580406
.05565290584219261
21006308038266788e-21
6786965941137852e-20
.12143399389417003
.01192542926144811
5269076795801443e-21
9141460456763661e-21
.29093189122616214
.018693299835864347
1.9334644267137198
.019914364824873326
1.1749554253765755
17105620156073856e-21
1.712194535119686
1.3251409351198218
.8034016932810557
.03309980419946848
.01947787692892276
.2727449035639142
.147798842006573
1.131399090339123
.009048037693516206
.9933768559678674
.13465248257413218
.06251186076374439
17105620156073856e-21
1.24232937683362
.06842248062429103
1.464083612396011
.18495521448976895
.5453885771607587
.08877725035250811
.47085293471817324
.07762207864483261
.002092717366942419
.9392583472769782
.1136964933610889
.005364890597020366
.1429030541840736
.1234012485077568
1.160190445642758
.16457431076968107
.1477319784821013
.22004263145522587
.10632735331793088
.07432394392182916
.3220194279600168
17105620156073856e-21
.19075304974785237
1.3140489203551866
.7698603944701905
.32423859915422015
.34187136745737146
.03648059618571411
.06027973964214015
.1470374179983538
.02484658753667233
.04960381175306359
.06885366008329999
.13739386155303027
.6361926979705322
.2853369753867245
.016812367005526872
.18242538776160142
.8190526291275316
.7316542505929318
.1370885485490663
.12830765118860762
.1668778516749504
.9484730793847137
.01845654444230532
.29246565124102153
.022101651621021068
.41389179052953784
.35510900141003243
.030410043305215136
.06211646884168101
.002847811011504208
.005992299798275416
1.2072741888966687
.011911106571128819
.12760277821265853
.37326381065379094
.004475723240045983
.03318991233236372
.3705199348828215
.11628499469142252
.8208606285319733
.082569405974311
.5270705474933227
588566168397722e-19
1.1196813728520334
.041568381887031707
.15816100858211835
.00010018548889770608
.35958654587928907
.17338341619620645
.011327946965169384
.4157306836872645
.06877424484133123
17105620156073856e-21
.166289622828569
.391544960155839
.2109910242084498
.5410396051993229
.02484658753667233
.33011628529327613
.005133821747011235
.2949764021043823
.260152303953172
588566168397722e-19
.003507476194551068
.008443047489548588
.14123690444285777
.06009710934314179
.4224177229684812
.3726988130500859
.24846587536672404
.11478779399391204
1.9170985081087901
2373452039012454e-21
.001986362716363065
1.0339122652759178
.037721119868892164
.5120768273993332
.0015306949241622935
.002478342509255966
.24830989432214828
.35920131973683905
.03528465986556375
.14793322106685539
.44397094483980215
.17445294220950586
.9247760724488432
.9247760724488432
.9247760724488432
.9247760724488432
.9247760724488432
.9247760724488432
.9247760724488432
.9247760724488432
