2.3721721208673183
5.86977208401856
.010340637555170491
.016742726992332153
.008988956840141145
.38023422121323325
5380773326336486e-20
.25113352978971076
12950645891299616e-25
.05934153294244534
.012793091618988154
35875153367278598e-22
.20102257344531926
.1905804458107038
.006449337891717405
15918194665172944e-21
.06373721762379983
.004077916432782994
.04349617216361384
6150725752980528e-22
.0903076718113197
.04243351763289931
.0019413801825247789
1571231601456302e-22
.09422730619165208
2398243141579344e-29
842412729426507e-26
.06547162562929952
24709783817797156e-24
.07388162317700198
.0997535749555634
.0003125727137049001
.03358852878653833
1.9703072810154383
2.2308173901041823
.12403902445312089
.003954655049123695
.02132646648800836
.03785869666463241
.06053358502322799
.014378973911286315
3881703418158996e-21
.02884804352774144
.0037522828028450877
6.147253571311407
2.2388976446816016
4855947843489008e-24
.13023265420228677
.0008079656389905238
.001009426050241154
.01518267356469831
.05897077915885919
.20732750535144315
.22271625678029552
1.2421456790466854
.008560732403887076
.0001137164111984858
.27511040505748485
.20065369793742924
.025933830375945526
.00013945647457108123
.20235121101530637
.10916794971073253
.01604903486655951
.010117041549246905
.0011321503813707526
5755785281185307e-20
.0016987545667744312
.09420830447523246
.008947317328482815
.9278177874780588
17621089590328084e-22
18319615230651972e-23
9448084710686595e-23
3900637805385479e-21
.018015961962843448
992525087245443e-20
33627376117894455e-22
12259838631808736e-21
.08000961319627091
.0331826728309701
.23362520125092473
.0027929956358796215
2683479834933604e-20
819481551361747e-24
238939214951925e-19
3352787343710301e-20
6687140563540492e-20
2024092402607882e-23
.23233275597989234
27132009816675126e-21
.0007413992208337647
.14995495355972496
18874883148039462e-23
7870541068574537e-26
.0107175957450126
35369867426940266e-24
.15373038019871815
.16067445651459428
.004876795699367658
5678291975583791e-24
57158120356207054e-21
6374109986736891e-22
8186698284665056e-21
7670653265911146e-20
4083084568098004e-23
18740860442136801e-22
.0007812551787606212
.009356548998500113
58997721677363585e-21
1965753924529816e-20
17874243640804052e-24
5172737657532473e-25
.00017633604556923022
22908268372598796e-29
3123422928209452e-25
.001034939153701794
28801796801391748e-27
.0037828235166009953
6930578480666389e-24
3941980899196815e-25
.8790282612540915
3.0578409367681667
.14096359427605248
.2605449920121438
.6972210587884891
33119614085445904e-27
.09951339833306837
.06387351470748968
24162584119909668e-21
7794056518854704e-20
.1389038235850194
.013622235312642856
6057843966391464e-21
10498079897702846e-21
.29103225730288257
.01890404261789444
1.9418186276052953
.020138873535609628
1.1779988709384381
1740325151111186e-20
1.7234512537035553
1.3400801855304603
.8073645357577629
.033675728339341494
.019727961106029784
.27749056227063157
.1496636648320016
1.1441541519910499
.00928534788367536
.9950915214131959
.1369953851103818
.06359954362208631
1740325151111186e-20
1.2444737586373391
.06961300604444282
1.4666107636620844
.18655703130462759
.5515371280879622
.08881553512293938
.4761611926641118
.07849716720299
.0021476047550280826
.9498472705215731
.11567476956934027
.005458237674966314
.14538951356220897
.125548383804322
1.1626679606807326
.16663909004891828
.15030245932622763
.22387129045551937
.10817740926193459
.0756171525830406
.32762244485258474
1740325151111186e-20
.19240507909676577
1.3288631226432168
.7760006995371833
.32988022879064305
.3478198006282645
.03711534483418669
.061328584432760416
.14959581375137845
.024889475172746714
.05046689941503723
.07005168786381565
.13978446305211822
.6398561419637154
.28855378079492144
.017253318529628883
.18559952087442697
.828286388346449
.73799079041148
.1376808869746871
.130540156045876
.1697814635093461
.9501102365273177
.018777681371663267
.29755444353774857
.022681329483411904
.4185578852352069
.3552621404917575
.030541440401217094
.06222368793186697
.0029225028502840584
.006149464683390129
1.2093580620232691
.01222350878043977
.12982301854534106
.37747187742525534
.004593111647253312
.034060410961318566
.3746970680032677
.11830830984894494
.8301147706061248
.084006082573031
.5330125863243569
5952014908301455e-20
1.1323043323922968
.04229165609252059
.15994406942477007
.00010030627133799457
.36584321648970586
.17533808999954267
.011525048980429917
.41644827543867174
.06954958551510959
1740325151111186e-20
.16918299970234874
.3959591232473009
.21336967515908412
.5471391270916223
.024889475172746714
.3338379195133976
.005223148313902447
.2983018795834007
.2630851847590234
5952014908301455e-20
.003599469604713441
.008664490113146506
.14282916789708752
.06114277643527122
.42717993653691727
.37334212759120167
.2488947517274679
.11498592893406534
1.9253819943960977
2435702482013579e-21
.0020384606551549955
1.0455682890423188
.038710462136496385
.5178498314257404
.0015573284399466745
.002517116514562517
.25263039306128543
.36545128755731215
.035898599672014975
.1505072034562422
.45169587224404434
.174572148212992
.9327851565231363
.9327851565231363
.9327851565231363
.9327851565231363
.9327851565231363
.9327851565231363
.9327851565231363
.9327851565231363
