2.5518760440017867
5.736908568255426
.008356916208809574
.012767664289519304
.007056330137013358
.2908420194695827
3763335168669829e-20
.20038276713662245
1232202107707531e-24
.05584668893146668
.008899514073228162
2989184525773572e-21
.1516211241350859
.14383560065406686
.0056636100651962585
8601293260690228e-21
.0480572290847303
.003051887454268298
.0312705785989416
3197566499142056e-22
.06474340429542916
.030180484196645853
.0013729670934527515
1554826289755088e-22
.07726256957249815
1412238029233489e-29
8775691725015024e-27
.05184089295419225
13037931148789029e-24
.058795138876395196
.06959640632489321
.00016045165165311825
.023129649064007208
1.3757552246839893
1.5606515671462045
.09388085016214523
.0025260981918029035
.014693692410101553
.025810191339326438
.04155194683414533
.00903260580768686
27087554289897164e-22
.024092232833391656
.003169830126971405
5.197619444617393
1.5761377838971875
419491779239024e-23
.09111272922769613
.0006350222810855064
.0006764220190732889
.011462421414787835
.04102208273044299
.1466478238273966
.1661230238029831
1.0809722946315028
.00757811571145621
6147955873684836e-20
.2042414341185369
.16139817706856358
.023911374580596726
.00012234718438969153
.14152910915196004
.06939158067374586
.012101065397769433
.007309976612008564
.0007473048893677115
3114866092954116e-20
.001401568034525099
.08670579197064816
.009208329131486977
.8166755608031805
9523064187629625e-22
9814175622167056e-23
55130502563763106e-24
21006626477712275e-22
.014196678665767234
60789951398788755e-22
1816810102299293e-21
6627342407023814e-21
.06687282314507903
.02398024100465799
.18211944951987644
.002022791490481467
21235193341976095e-21
6563652864396485e-25
17827329328225705e-21
22829057741287254e-21
6367208008766248e-20
2030949573812739e-23
.16947085708830217
1600106871838364e-20
.0005365850739341155
.11311479084888015
14027802965431184e-23
56344672683739234e-27
.0077652247864713544
2376192142905404e-23
.1288596378291957
.1339913848268709
.004299730289398593
40650945206189035e-25
36376725317420076e-21
4897780642018052e-22
6103351368879848e-21
6083010241586789e-20
2208349489302956e-23
10150726623781868e-22
.0005851689478817971
.0065319511381198795
5750805993604036e-20
16170042669134572e-21
16528207418690067e-24
39636683524345e-23
.00015154143957502397
11278443798149211e-29
15988794821198344e-26
.0008987663543943591
1479772801067281e-26
.0031008758090530844
4981391607036544e-24
24400846395818376e-26
.6137310993135173
2.1349621648921238
.09841974995750492
.18191060676487944
.4867946410099101
2329614784859466e-26
.07592398782289632
.049408328513610524
1797208341139644e-20
59846349250419305e-21
.11399905824432703
.011504323216298344
4534410253527633e-21
8033890788186497e-21
.2889477728259465
.01496626415580705
1.7749548812869413
.015943875457041925
1.1161735605773673
1215082284874828e-20
1.5034688266975238
1.0609367769636266
.7286814873345023
.023512147088878846
.01512347558664007
.19374187991234024
.11525734184571314
.9058228242382695
.005418794602053254
.9599623390056913
.09564917535724074
.044404735937984885
1215082284874828e-20
1.200540768829087
.04860329139499111
1.4148357902763935
.1558742867782852
.4366500074902659
.0880210847776598
.3769751441106794
.06214593161837538
.0012533110444185203
.7519907485207106
.08076327760991364
.003810901601493075
.10150989441439379
.08765696281405848
1.1121138674205464
.12851806582719233
.10494007719409726
.156305296714757
.07552867550866814
.052795342570142983
.22874359346795214
1215082284874828e-20
.16076051525367618
1.0520562676664549
.6576102920139946
.23031996169110502
.24284523946703976
.025913662154597426
.04281916885078977
.10444670242493491
.024010815376581684
.035235619856798295
.04890957583102973
.09759648916578827
.5676975203629604
.22844701494937422
.01006878691969095
.1295842272645544
.6557514249845313
.616614593938808
.1258497363870742
.0911421816635091
.11854017536816285
.9165690043009539
.013110439719364264
.20775033498637974
.013236495531661441
.3313708079030886
.3520843391106392
.027916962970186022
.06002703844145438
.0017055303547049156
.0035887385641654515
1.166664742823375
.007133462766002927
.09064148150862143
.29884315980050413
.002680473463416416
.019877162748556956
.2966463529253325
.08260199616098622
.6571989487988475
.05865243209929097
.42198419282813054
4712189301383581e-20
.8964413636745814
.029527724795126675
.12662715809262431
978190153131578e-19
.25542905652690306
.13881455012293148
.008046704858281791
.4017466252724644
.0550621626170471
1215082284874828e-20
.11812233231765157
.31347944739667427
.16892402253932634
.4331681255457839
.024010815376581684
.26429830854978087
.0036467639299730204
.23616455052809354
.2082836169050883
4712189301383581e-20
.0021005983522243057
.005056470995254808
.11307735065506731
.042689439066681906
.3381968556408471
.360162230648726
.2401081537658175
.11092664234092409
1.7599306756624613
1421440707132978e-21
.0011896161277984926
.8277727427428898
.022590865296164837
.40997989302148935
.0010873153203025416
.001821668005576947
.17638469169615337
.25515541461440205
.02506413958646134
.1050830280473557
.31537075250821156
.1721046573972843
.7793714338914264
.7793714338914264
.7793714338914264
.7793714338914264
.7793714338914264
.7793714338914264
.7793714338914264
.7793714338914264
