2.635178623758986
5.672053940634262
.007554924696372741
.011262639637498344
.006304032640114395
.25646686730411256
3187119195125831e-20
.18111579719438367
12032377281595909e-25
.05420168226523264
.007519406754277713
2740638943062244e-21
.13255589343108234
.12638835626887468
.005317493534507222
6449792229895217e-21
.042113690847290323
.0026565768168829544
.02677180289949608
2355786275877534e-22
.05539354756296304
.0257319658535313
.0011654698043246673
15453993428533036e-23
.07034892936133923
11105787743533892e-30
8910577009361759e-27
.046518938458846595
968251413865465e-23
.05288094611666868
.058886745405188096
.00011766038940149543
.019475242018368318
1.1642701273327898
1.322217627706233
.08259667454686338
.002058679903015908
.012374547203979874
.021635835432119038
.034946803686141684
.00731212989608312
22920325781014543e-22
.022161555352689457
.0029240263520383613
4.8083216227008165
1.3378359402057893
3906273407012358e-24
.07717631318529233
.0005654371257686801
.0005592080025116148
.010049915804583295
.034670075184695344
.12477498615341491
.14456442391604143
1.0136832697103677
.0071338394409442875
4611181427119788e-20
.17690277586390524
.14553302097726534
.022943298546263563
.00011525834630928732
.11986018862966087
.05607933783257287
.010604500910318792
.006274773866363883
.0006135291666246645
23372496942595858e-21
.0012737064717099336
.08333442895993992
.009295558791112003
.7676771006513637
714145376703863e-21
7336392893748845e-23
4320026091222557e-23
15733395704452835e-22
.01265787413268752
4876772495898577e-21
13623002663336706e-22
4970365161526539e-21
.06137017269999221
.020585877858557863
.16239669780411334
.0017380033440155122
1897294987898173e-20
5926607932028777e-25
1555878388000343e-20
1914752731988976e-20
6179732187543359e-20
20347184030568002e-24
.14599679926154613
12524806839533941e-21
.0004609226937356698
.09914222074450141
12224980605879482e-23
4819933692187834e-26
.006673272575557996
19694187315906884e-24
.1184684805694107
.122911549140922
.004054849566507386
34729844157902835e-25
2948509782057386e-20
4327566325714157e-22
5324899805986296e-21
5462156929095224e-20
16567614214592564e-24
7619726445940308e-22
.0005107556981277353
.0055274755222406895
5639637328029794e-20
1474760994044061e-20
1585422511641495e-23
3499071275707648e-25
.0001412594303745171
8098970516796455e-29
11670243392476282e-26
.0008351446660903568
1083305717975496e-26
.002822927574236613
42555338338150504e-25
19498519147809459e-26
.5193728979455127
1.806722012008307
.08328818729840383
.15394272688500987
.41195230889946366
19737833208297314e-27
.06693756775290959
.04381388376389546
1570497323939939e-20
52995232198183996e-21
.10375455782974433
.01060211831532509
3967630341579506e-21
709529129985702e-20
.287986570662797
.013429032282581342
1.702536250471174
.014306230064701215
1.0886240981757584
1028269234267676e-20
1.411220397624047
.9519646372200712
.6948501089887588
.019897267686339374
.013368290649578193
.16395499875432387
.10209760232938686
.8127829244731916
.004215509498991447
.9441010875476276
.08094357520246626
.0375777215989285
1028269234267676e-20
1.1807044916686946
.04113076937070747
1.391458762522694
.14341015385178615
.39180031741597804
.0876552276576216
.33825484618542806
.055762728309888016
.0009750036679603693
.6747514231310917
.06834631255732525
.0032249938299782482
.08590323692426824
.07418012685483276
1.089430110140487
.11392174227380546
.08880604561814003
.13227410996403932
.06391650532422571
.044678312862671314
.1935753673861262
1028269234267676e-20
.14790566617709913
.943996272851026
.6090127768538607
.1949093765852297
.2055089532130403
.021929561374132118
.036235927816795105
.08838852484409529
.023614089833373837
.0298183129653958
.041389964049498254
.08259149888936158
.537059527286106
.20498250643426563
.007832935185855679
.10966127627831188
.588397141984795
.5673084099483446
.12071503370039574
.07712951008769657
.10031519418320986
.9014247315881905
.011094772740051662
.17580972131231845
.010297229687580112
.2973346742051878
.3506209106304864
.02677794346262
.05903522458343477
.001326804195226645
.002791831508223407
1.1473881919616549
.005549422382493883
.07670579017072542
.2681480427320062
.0020852536729408094
.015463285570497162
.26617687677247154
.06990233698470212
.5896959860937936
.04963490307893546
.3786408745184405
42281855773180066e-21
.8043650631113556
.02498797928560801
.11362088602569172
9668704000279512e-20
.2161580689918593
.12455647284358691
.0068095627316773575
.39510865210731366
.04940655541257873
1028269234267676e-20
.09996159248977537
.2812809913810112
.1515733070302589
.3886760704729764
.023614089833373837
.2371514013648738
.0030860915351219737
.21190734975852937
.18689015416490282
42281855773180066e-21
.0016341442991793373
.003933642641444215
.10146282175479009
.03612614336234351
.30345959719723
.35421134750060834
.23614089833373908
.1090938252645891
1.6881250364285603
11057988433268812e-22
.0009254526984610123
.7427496113398863
.017574389553396394
.3678695739483502
.0009201458252930364
.001567639433263536
.14926639465056565
.21592649820576076
.021210648810344245
.08892701846601217
.26688401783879584
.17097269791042094
.717050769258935
.717050769258935
.717050769258935
.717050769258935
.717050769258935
.717050769258935
.717050769258935
.717050769258935
