2.751335278913602
5.577619795055085
.006549865933409046
.009459535678808969
.005384863733929801
.21494114582387738
2528999687089502e-20
.15789620638980587
11634872895706046e-25
.05189910657449052
.005948403999821026
2442718964262036e-21
.11022861353326623
.1056749220471199
.004856472412803349
4320877387320895e-21
.03500042244374119
.002182060746064214
.021529724988121043
15372864484257212e-23
.044513484435978995
.020590029089047526
.00092449700045618
153056478307347e-21
.061638568574934
7981715544707404e-30
9070066693809835e-27
.04000204071687563
6407896736799524e-24
.04561812233976751
.04667656711621232
7638542154053705e-20
.015348622432260664
.9229724615604833
1.0497813269621865
.06917706260346547
.001554226028049913
.009754687064318026
.016949631680914505
.027505639953383877
.0054742377756253425
18168308689754242e-22
.019726419304927485
.002606776122932812
4.313756748090768
1.0643050162563799
3529689368249545e-24
.06125664670026425
.000479231729966697
.00042718979880104253
.008357665344781629
.027443274003714154
.09960305985356903
.11883468981810012
.9270046467603064
.0065333638629573275
3090062226041546e-20
.14421795951338656
.12574198002740522
.021581348532872743
.00010617052084399056
.095110039597191
.04158223271419357
.008813354722451632
.005065413225986765
.0004642127516652688
15671183679062628e-21
.0011075150994141443
.07874503273464285
.009381800428831353
.7023002850640641
4784608190736784e-22
48971855374914656e-24
3098516982350706e-23
10525932935074877e-22
.0107495058259982
3618196785688426e-21
9125949993052026e-22
3330366136645208e-21
.054310264027251066
.016619957288759462
.13856664721867026
.001404697771864478
16152781788779046e-21
5143223240149432e-25
12870547048791046e-21
15024999829158927e-21
5886613857386579e-20
2039765979652542e-23
.11836907685197523
8907338668499413e-21
.00037242901786972726
.08241368439309543
10095393922268903e-23
3875225498266441e-26
.005395158115602058
15116296063685896e-24
.10514738171219627
.10876547182348287
.003735865659382718
27830114227023966e-25
22008118843891864e-21
3637355267754317e-22
4402924403455365e-21
47010583307247887e-21
11106801880963776e-24
5111862417321738e-22
.0004217865102550015
.004381560972477858
5447306809758526e-20
12949445859549992e-21
14878662624618717e-24
2937440610432483e-25
.00012810018695648344
5107528851688895e-29
7515509766398485e-26
.000748220757930284
7015573173593133e-27
.0024725987220778115
3404696399940768e-24
14242289410997595e-26
.4117192242575346
1.4322314240418534
.06602452303533106
.12203405365188057
.32656437353998485
15634553451940506e-27
.0561223720106221
.037010206592551116
13038901899642981e-21
44750675327500915e-21
.09072355945345342
.009425021157545163
32957263618601173e-22
5964394779784648e-21
.2866516118679413
.011546829644626805
1.6064707496113095
.012301080073224235
1.0513418964835364
815133429440533e-20
1.2919879304707365
.8185380198949108
.6502872043291947
.01577303638497408
.011257641976292133
.12997101921823395
.08623217481845363
.6988639069046356
.0029762915429868385
.9224210875044689
.06416589337415814
.029788751872273107
815133429440533e-20
1.15359121559269
.032605337177619986
1.359505800674185
.12768261950783377
.33688589205201874
.08714761611799109
.2908453120958504
.04794706802135271
.0006883853949408833
.5801787925903208
.054179744261359734
.0025565291588507334
.06809753494568897
.05880434732889347
1.0585709678844535
.09630993737403341
.07039866029961156
.10485682668309595
.05066813091989417
.03541755910968762
.15345178851429897
815133429440533e-20
.13168511705984645
.8116864952295496
.5472057568129108
.15450928927107432
.1629118252600215
.01738408383068177
.028725080091784178
.07006768167158539
.02307182431185375
.023637684467841404
.03281080695184041
.06547224159659289
.4970853081659055
.17625231901445926
.005530315791234916
.086931096672551
.5059278597979168
.5050927141873814
.11390369551565245
.0611423934254145
.07952223555319697
.8807247361348431
.00879508970128693
.13936853917865538
.007270190624076481
.2556604793437841
.34859046447196435
.02526699968681387
.05767956077963454
.0009367684040086056
.0019711269798781826
1.121039979488069
.003918078920102549
.060806500589632544
.23056462325900912
.0014722592543624667
.010917599896611695
.2288697343752043
.05541324175940456
.5070446589347286
.03934676582586193
.32557086635553867
36355664011982145e-21
.6916258863926955
.019808564305015257
.09769587170566052
9513046460726431e-20
.1713536321097656
.1070987352473692
.0053981020120812085
.3860355181943027
.04248177133483982
815133429440533e-20
.07924192709757148
.24185686812006632
.1303289111324332
.33419953711152306
.02307182431185375
.20391244684821175
.0024464180126740702
.18220658172665533
.16069577665690496
36355664011982145e-21
.001153760858285318
.0027772840577560474
.08724187219247984
.028638051348844933
.26092693793047306
.3460773646778069
.23071824311853817
.1065886336408952
1.5928726874147243
7807311895329847e-22
.0006534007432629082
.6386464080422581
.012408110339572356
.31630926282994415
.0007294214366829864
.0012718879177931674
.11832701409016769
.17117006045099623
.01681418477695371
.0704945583475943
.21156529581347852
.1694067209916741
.6384130975391705
.6384130975391705
.6384130975391705
.6384130975391705
.6384130975391705
.6384130975391705
.6384130975391705
.6384130975391705
