7724738511043441e-20
7.1658706946865935
1.1194613574299448
5.001104062042246
.19023298647486941
5.8762569574606385
.004474246489209502
37.787810606209966
15007913640538022e-23
.6802479209477363
1.8597353420242522
.016529862499699597
88.98949422761218
1.4497418291529744
3.4573665272467644
2.1949952154500503
12.619353277087322
67.4890485142697
21.623181675595657
.007228850870965341
63.47181376971604
7.030602753860803
47.077687298924616
432067877412058e-20
2.8703340432756264
.00014858105695560685
4589549313093981e-27
1.3283815291066021
6.472302557033057
145.34562158079643
5.831054025513801
.5234046491952039
10.635492810612911
211.62725196785638
79.9275933940459
1.299660360701386
11.032449858877644
6.264971845097701
1.1959427682278136
33.07298171517497
6.266794014653781
.0002716891121244647
.31739175078137055
.34633728745273284
46.4966670978473
266.19675346560973
1788773427085119e-22
19.829183316432566
1.215732184292107
3064877414478738e-20
.9679584230653953
.02134868862125543
36.27386679415587
107.98372527761731
.028253727933058977
.21835186674077328
2.3741934149984694
.00013853414318865687
.0001713288018803184
.0722067615745869
21156566669151607e-22
23.687780745202865
.06605856425115152
3.667993989685095
10.339021413682914
.01247431635805218
6.013030597243835
.025790723345427626
.07243670143528676
3149163325003122e-27
2152092085418796e-20
7.705908553406366
2.203121612490673
4.746442397265822
1.208231348793469
153.11350895613236
5.367432478419542
1.5543305418178874
1.8150064332931917
25.8032105339691
34.39199576543485
22.511714532562813
10.709530896839292
1.9137099846610568
.00032579994622825524
19.98815760192269
16.084990701002454
.0023565051416213263
27515997149786102e-21
24.43209329738155
.18424061877673079
.12685375088769757
24.645241247587713
.39492970036976105
15553599627153368e-24
7.839869953675906
.2109970350806614
12.782081006466376
35.05295753193575
.013574228070253694
2.180828699481658
1.9348119854952126
1.057882333302802
6.965798047312091
.0012416397410225193
.7518448447598232
11.851810989427703
5.581097268643271
.8326990111953261
8.925151046874602
.02267126997180352
.0046663301505020394
.0010217985961059465
.9575670113140368
.0003369862607852315
.5302241821472005
101.75981383741929
15.74379965151729
1.0494368284066433
.011063027354639014
.00015905701423706933
101.00324826261473
351.3560153839073
16.197182202470472
29.937479455146352
80.113000683584
.0007276380717475806
700.3763548868812
151.16257380318672
105.10234899425801
229.7967388077875
29.160670289589437
6.213004545653651
.044031379160450745
.05616334145668702
.31999901123499847
.4128482206326744
6.3577342893457836
.4398158781578186
2.3999443825272984
.0019996910343317294
10.453475269964638
29.26621206289737
3.125422906272651
3.8694523257203506
.6592956127175013
31.88458140306701
4.708957370523019
24.98735404520496
11.433904257695259
1.5991918527522158
15.74122187311185
7.307797458849874
.0019996910343317294
1.999969101284689
7.998764137326919
2.3569610773853906
1.9998455111979754
12.045102021110827
.0999996137638205
10.398955667801413
1.7143114020375485
2.6445435819997734
20.743856932294978
13.291412783320817
.6271695225980608
16.70573493524988
14.42592364467388
2.0907519315675787
5.142771081351798
17.27024861766201
25.723550112592658
12.429941340572876
8.688660390009584
37.64490016127653
.0019996910343317294
2.0625351458078005
29.021240944955725
6.901288549793736
37.90432698709948
39.96564299694589
4.264675612694862
7.046856753185009
17.189052708979347
.03999938202569379
5.798813297982663
8.04917012614616
16.061696133373882
3.104936538972063
6.301769275807857
21.24560055989188
21.325997479948107
18.089070603311324
7.911079840780252
.45078282990106117
14.999494749499693
19.508450484586707
1.5269033217297974
2.1576175613199586
34.18998757720438
27.929610500294878
9.140948401563545
.399998455055282
.09999613770534786
.09999845506423444
3.598746993821521
7.572402381348502
1.9435353615527013
15.051932446724372
14.917093283928546
8.243664917808905
5.655921509623405
41.941721816896596
8.183065438870367
13.5940152528841
18.129000917572398
9.652576131726185
11.640541776525984
.0012998694584751753
24.728564058584553
4.8594508595846
3.4930425093446433
.00013972427869064362
42.03659296187181
3.829234832390762
1.3242661638073578
.6692657658548135
1.5189038242261337
.0019996910343317294
19.439685018057034
8.647410650734683
4.659812321995738
11.949053418048665
.03999938202569379
7.290736369815285
.6001569791497403
6.514659466584842
5.745556788988921
.0012998694584751753
4.432358523827405
10.669384888593159
3.1192676091907314
7.025506801052178
9.3292466724711
.5999907303854064
.39999382025693775
.18479160637541817
6.303918889148306
.002999304854100505
2.5101443969797512
22.83432260528537
47.667758212820814
11.309400099250313
.17894217737886778
.17997497358751446
29.02806591524953
41.99155903405669
4.124867577954158
17.293774393916465
51.90134644633117
.21065991418146515
9.999227555989876
9.999227555989876
9.999227555989876
9.999227555989876
9.999227555989876
9.999227555989876
9.999227555989876
9.999227555989876
