.00014064429522621334
7.1658258335010885
1.1220429758501311
5.001982142597929
.19043946181005939
5.956181930787039
.004474868481003473
37.76066220104469
15138374290579288e-23
.6806319069323025
1.859452381105227
.01875621239592807
88.97777812682806
1.6416254967452129
3.897916436717846
2.562454236849637
13.03608600958559
67.70895990777156
21.618577958689773
.0072278864738334215
63.4691976451109
7.03095410294316
47.03873158942126
4339024014131636e-21
2.874857393631869
.0004278838015167997
8420136051548223e-27
1.3284730302856087
6.412115097667689
145.32615296227362
5.867216583936752
.5246391042060168
10.633289886389358
211.57743390723448
80.20360192129664
1.4631286455583832
11.023630591737195
6.26362548355064
1.3580651409666427
33.062698312392406
7.077361938476976
.0002730570542140231
.31737108348434623
.3468244031924539
46.5563712717578
266.1511558837054
1788636414802284e-22
19.860143547970157
1.764469431601671
8949634576764244e-20
.9841805153844859
.03883760624228186
36.26800646943756
108.08700783474406
.05144407760540679
.39601885976219803
2.7845661909617894
.0001403799622803237
.00017300340457103726
.13151392064809136
3846531018944015e-21
23.683901868496935
.1053083744758418
3.8137539545710735
10.390596530606283
.020096823032517936
7.014369354006373
.041078363187800955
.1525118113358969
6964265318797534e-26
6222912217589172e-20
7.593398247850805
2.1603909109451944
4.9364276772604185
1.404517549747679
153.05887818902895
6.279391990941175
1.7894654203416511
2.1021666888655757
25.97563406953955
34.57067502083793
22.49143409609994
10.803159217102602
1.9331023853448988
.00032687404777492844
20.170094494201262
16.075725351095002
.0034306438448694345
15110096164712482e-21
24.31654061937473
.2681203332231769
.04199412637594973
25.312099535565977
.3982222732741577
25925380680335455e-24
7.915327938858106
.2130368212791692
12.80918147154375
34.75862186180775
.02454707246422454
2.2012590553882876
1.9333498938020064
1.0601104088038036
7.012575189102706
.001243161798357367
.7428172761458903
11.711709662286667
5.619040201443333
.8333934313795605
9.018267513418795
.04086291160807952
.008356399215501284
.0018523829563379477
.9610680372883027
.00033168251587245123
.5329281447937766
101.76820892514678
15.553698584331155
1.0609061899656802
.011064152629137906
.00028150100019421056
100.99044248677549
351.3114684366539
16.195128630054928
29.933683808395482
80.10284349412517
.0007386695445985438
233.40729519832198
47.537815600147766
56.47993228025849
124.8325745466086
40.26375839284594
8.4741342644808
.07155765517835981
.09093097225171932
.3199981997580853
.4128141967427545
6.35753276218521
.4397796317934754
2.399898738243865
.001999437501939714
10.452971667887088
29.263800158648213
3.1253098456577346
3.8689617341804134
.6592337826300073
31.880538891472593
4.708523343812112
24.985294772714642
11.431729841877187
1.5991715761163343
15.739226109983335
7.3068709340326405
.001999437501939714
1.9999437430731828
7.997750007758856
2.3569311927649363
1.9997187311906295
12.044109353092026
.09999929678099662
10.398098662962248
1.7141701211999028
2.6440406621513404
20.74214737737986
13.289727621154078
.6270900064195444
16.703616885578306
14.42409464266013
2.0907191424280773
5.142299724355139
17.268058995681628
25.720288732169774
12.428365400736878
8.687558791405465
37.64012732316244
.001999437501939714
2.0624043915973016
29.018849229410147
6.900885491802269
37.89952125735235
39.960575921636
4.26413491246133
7.045963311939259
17.186873381485757
.03999887486146367
5.798078090902644
8.048149605815373
16.059659738665594
3.104805469670672
6.301249930698867
21.24156022783376
21.323293646675673
18.087579836205634
7.910578318660311
.45076854100825575
14.99759302682475
19.50597709043183
1.5268839616620062
2.1573440060896836
34.18565277288481
27.924299052385596
9.140195072357711
.39999718712398646
.09999296803250797
.09999718715365913
3.598062610586167
7.570962317556844
1.943510718881604
15.049069980915053
14.915202008587872
8.242985536056283
5.654845908068667
41.93374564871288
8.182391051277575
13.592291725026552
18.12750685970621
9.651352322310741
11.639582449363555
.0012997623328702792
24.726526113646536
4.858834750306136
3.4927546386747843
.00013972304099287477
42.03126331955065
3.828919255241816
1.3240982656858926
.6692572800322908
1.5187786474325042
.001999437501939714
19.43722034238562
8.646697995251701
4.65942829480713
11.948068665643726
.03999887486146367
7.2901355213695735
.600080887777675
6.514122576644473
5.745083282789916
.0012997623328702792
4.4315156104822915
10.667355863445843
3.1190105422773673
7.024616066676811
9.328477825117625
.5999831229219547
.3999887486146365
.18478926334690038
6.30371906782574
.0029987344683625296
2.509667036179851
22.832440769686013
47.65869310914897
11.308468062330189
.178919490054934
.17995443701629388
29.024385569205702
41.9862351013973
4.1243446033916715
17.291581789202134
51.89476609352293
.21065885624480765
9.998593655953146
9.998593655953146
9.998593655953146
9.998593655953146
9.998593655953146
9.998593655953146
9.998593655953146
9.998593655953146
