.0001716587360920382
7.165803846811456
1.1220027677433153
5.0024236436960745
.19055412516254297
5.981511123857279
.004475172155925443
37.74709905651905
15139270684036535e-23
.6806620776911727
1.8593139835018664
.0198323159298056
88.97204673194949
1.734100041831869
4.109233735714328
2.7412251313302374
13.234831223633453
67.68836303306114
21.616324635388022
.007227414718326101
63.46791751986067
7.030655500715417
47.06210856285232
4339214214262314e-21
2.876633979324165
.000616150231905066
10267848946107047e-27
1.3285172629795599
6.396843863868169
145.30007095556493
5.884857898350065
.5252397929978909
10.632219446430556
211.55307443337693
80.33816067307897
1.5412319559061638
11.019239334920625
6.262970723158418
1.4365247548666036
33.057718920485755
7.466396766628848
.00027372324513365195
.3173609733256392
.3468318734276281
46.5852872739823
266.12884333921284
17885690873607556e-23
19.87524133478
2.0004691418087126
.00012914055103534517
.9918532807612644
.047381380912154124
36.265140598784434
108.09315937871511
.06276995564377506
.48228537974352703
2.9806257025939793
.00014129199206806763
.00017382840803028318
.1604922254623773
4690057198006718e-21
23.68212885519121
.12467229391145408
3.8839380652078153
10.390050386267278
.023791626107113058
7.494145713747682
.04861074658204377
.19818033452328734
19747270867520802e-26
8978807952264636e-20
7.566928877845666
2.150711801475396
5.029813261965346
1.4988835962049072
153.03223934113996
6.711901565855416
1.9053173608056488
2.2417986032952966
25.975392686100164
34.56895116845824
22.485853101626326
10.801743700096603
1.932817938948714
.0003267882963886314
20.163627904344494
16.07119355816304
.003948047186671497
11197116148803526e-21
24.23113504077624
.30864038511049396
.02514677777393211
25.62741903972207
.39800532793444043
30133093651743204e-24
7.912564485404827
.21308293701670025
12.8167814508978
34.61267007501838
.02987283411187208
2.202397140750445
1.9326329378066602
1.0596225804508237
7.010780495104224
.0012439038164724285
.7405269401145678
11.677680248215827
5.618777397314422
.8337319057121712
9.016204166418277
.04972920674866045
.010150384757136406
.002256148340904031
.9609689910609197
.00033041930475291863
.5325181229861382
101.75670514540516
15.486481743047877
1.061926127997492
.011064723461738655
.00034110000692664074
100.98417835684296
351.28967765496316
16.194124095491905
29.931827113047703
80.09787495841765
.0007406025259867643
140.14869215212
28.2208291226216
41.74220642496232
92.62030414581287
29.98388966615434
6.288206287358631
.0828584796602097
.10520721338301518
.31999780277572176
.4127975529163446
6.357434175287664
.4397619007757247
2.399876408892495
.0019993134829137966
10.452725309246864
29.262620301914176
3.125254536695545
3.8687217542535
.6592035368076522
31.87856143862638
4.708311027914105
24.98428741659104
11.430666245230713
1.5991616566646427
15.738249853666769
7.306417711056247
.0019993134829137966
1.9999313376842665
7.997253931655187
2.356916573029658
1.9996567119940432
12.043623759168858
.09999914171000303
10.397679432832797
1.7141010093569493
2.6437946632675056
20.741311096304642
13.28890329977735
.6270511099340663
16.702580811035624
14.423199959947825
2.0907031018205644
5.142069147250138
17.2669879105119
25.71869338090134
12.427594507038402
8.687019928561357
37.637792620566586
.0019993134829137966
2.0623404282701556
29.01767924859795
6.900688320132637
37.89717046533984
39.95809728867244
4.263870421144293
7.045526272268978
17.18580733201271
.039998626753685346
5.797718453756533
8.047650403577954
16.058663606825807
3.1047413511936686
6.300995877154102
21.239583934434883
21.321971027636646
18.086850581879247
7.910332980301368
.4507615508953249
14.99666277175227
19.504767194010476
1.5268744906009126
2.157210192603669
34.18353234083673
27.92170100368797
9.139826558335331
.3999965668400121
.09999141743153374
.09999656688421331
3.597727850459803
7.570257922837678
1.9434986635393405
15.047669830580357
14.914276863979618
8.242653195692398
5.654319786893014
41.92984417519461
8.182061153959726
13.591448636518868
18.126775995603673
9.65075367828579
11.639113165140047
.001299709929104098
24.725529190547473
4.858533371567246
3.492613817931803
.00013972243550199203
42.028656248146866
3.8287648810271584
1.324016135898405
.6692531287170987
1.51871741337524
.0019993134829137966
19.43601471073619
8.646349378024903
4.659240436161958
11.947586943885188
.039998626753685346
7.289841597974787
.600043666585664
6.513859940508811
5.7448516527499995
.001299709929104098
4.431103306727103
10.666363383385518
3.1188847901340395
7.024180351111215
9.328101719918688
.5999794013052797
.39998626753685323
.1847881171233192
6.303621315422544
.0029984554691237144
2.5094335392830236
22.83152021224471
47.65425899227713
11.308012127963403
.17890839222324248
.1799443911614647
29.022585274861598
41.98363082295691
4.12408878284226
17.29050924498508
51.89154721904705
.21065833869290884
9.998283559970213
9.998283559970213
9.998283559970213
9.998283559970213
9.998283559970213
9.998283559970213
9.998283559970213
9.998283559970213
