.00020267317695786305
7.165781848123533
1.121601012771091
5.002867792627154
.19065942064718688
6.000886680090592
.004475475416059483
37.73335377873405
15122605912933395e-23
.6806397752484541
1.8591756063905525
.020899979599616786
88.96631549577087
1.8256762128337318
4.317807683317924
2.9185826630380554
13.429805156929689
67.63219965001696
21.61407101039285
.00722694298743584
63.466637196369724
7.0302004588179
47.09910696940324
4336962419179362e-21
2.8782630337470403
.0008383662671852463
12096969600073221e-27
1.3285611642426658
6.386527845145345
145.26847982744104
5.902465269068651
.5258383806013016
10.631153704010124
211.52872589825512
80.4724137389497
1.618147403853882
11.01479856283083
6.262318497859675
1.5144335043654042
33.05277291283747
7.850620772647263
.0002743874083245222
.31735086349687064
.34676248225406814
46.614013904571294
266.106527017482
17885011345497089e-23
19.89030584391068
2.218472509641667
.00017583908545103599
.9993193668979798
.055916964220505384
36.26227524482373
108.08453453829536
.07407988632729294
.5681030062383952
3.173534437993304
.00014220954354792406
.0001746570716878505
.18943857238225628
5531226021656814e-21
23.680399486204948
.14414825759025052
3.953215884362688
10.38233637225457
.027468026562357365
7.96641284065432
.056180277985344605
.24793404284490875
4732763598165657e-25
.00012241345107250916
7.550347978585084
2.1448820928954726
5.1227882186698395
1.5918647426377839
153.00565783365067
7.135663570936908
2.0205843669377885
2.3800511665089137
25.951514378601036
34.542485959692065
22.481565371647854
10.787159188481834
1.9297631808448947
.00032653281402856394
20.13054370581966
16.066662211721706
.004460830635649199
8277035598660523e-21
24.138246647541905
.34877716993747415
.016032757822080003
25.935070220725954
.3972795236328958
33830696129978075e-24
7.898743963335071
.21285592736129852
12.821796342221585
34.46632621681033
.0351728268603137
2.2010262230024673
1.9319151567057715
1.0586899059556183
7.002117752878633
.0012446440850470166
.7389769255142932
11.655659200368861
5.6132717966903325
.8340695373619628
9.000687734458882
.058586342063225265
.011941061086312687
.0026584341409745874
.960375165925639
.0003296157079706859
.531650242065571
101.74001410451147
15.431022202015283
1.0616587939743922
.011065294797355593
.00040075262164982465
100.97791461545535
351.26788822488834
16.193119623237102
29.92997053286508
80.09290673089328
.0007414292614617093
89.57802776932313
17.927984196091774
30.84767361133595
68.66170504783962
28.70374877310432
6.008938948286881
.09292478310141399
.11793740615503188
.3199974057938508
.4127809097609798
6.357335589918915
.43974417047285247
2.399854079748883
.0019991894715804025
10.452478956412891
29.26144049274955
3.1251992287121637
3.8684817892118115
.6591732923729835
31.876584108435555
4.708098721589811
24.983280101081984
11.4296027475402
1.5991517372744801
15.737273657904412
7.305964516191898
.0019991894715804025
1.9999189323722995
7.99675788632161
2.356901953385064
1.9995946947209176
12.04313818482385
.09999898663924991
10.39726021960585
1.714031900300444
2.643548687271159
20.74047484894657
13.28807902953077
.6270122158612189
16.701544800757496
14.422305332729966
2.0906870613361193
5.141838580484053
17.26591689177833
25.71709812858769
12.426823661156115
8.686481099141274
37.63545806278524
.0019991894715804025
2.062276466926766
29.016509314957
6.900491154096582
37.89481981913981
39.95561880945095
4.263605946232847
7.0450892597069386
17.184741348663472
.039998378647445994
5.797358838917621
8.047151232304532
16.057667536773046
3.1046772340407993
6.300741833852257
21.237607824908363
21.32064849063566
18.086121356954905
7.91008764955134
.45075456089079036
14.99573257438068
19.503557372635317
1.526865019598567
2.157076387417698
34.1814120403126
27.91910319671019
9.139458059170686
.39999594655699966
.09998986685460483
.09999594661861494
3.5973931214791843
7.56955359365469
1.9434866082718547
15.04626981051424
14.913351776755269
8.2423208687278
5.653793714667146
41.92594306466551
8.181731269942665
13.590605600305398
18.126045160968086
9.650155071392907
11.638643899837122
.0012996575274507296
24.724532307642313
4.858232011521962
3.492473002866427
.00013972183001373313
42.0260493384518
3.828610513036554
1.3239340112051783
.6692489774276568
1.5186561817868074
.0019991894715804025
19.43480915386842
8.64600077485364
4.659052585090863
11.947105241548687
.039998378647445994
7.289547686430393
.6000064477023702
6.513597314962104
5.7446200320489345
.0012996575274507296
4.43069104133224
10.665370995664537
3.1187590430607828
7.023744662571731
9.327725629883547
.5999756797116895
.39998378647445976
.18478697090684787
6.303523564535204
.002998176495842709
2.5092000641105123
22.830599691918408
47.64982528795105
11.307556211978964
.17889729507991572
.17993434586743973
29.020785092184273
41.98102670605199
4.123832978160619
17.28943676729468
51.88832854422815
.21065782114228157
9.997973473604585
9.997973473604585
9.997973473604585
9.997973473604585
9.997973473604585
9.997973473604585
9.997973473604585
9.997973473604585
