.00024919483825660036
7.165748837304278
1.1206670826892595
5.003535039961724
.1908146113247398
6.022024461023454
.004475929495241297
37.71239924677163
15081628957713319e-23
.6805497459032576
1.8589680797473498
.022485873517322053
88.9577189344913
1.9613875079988794
4.6255947527727885
3.181157217764858
13.715109383747405
67.51547672668937
21.61069028517745
.007226235437080872
63.46471633286274
7.029349257749037
47.167374621425985
4331350426880036e-21
2.8805437308145168
.0012354175162665583
1480899606357201e-26
1.3286264177318814
6.376435401624348
145.2151494702672
5.92881184103165
.5267323450698032
10.629563789876933
211.49222558145547
80.67322258910852
1.7313543482130578
11.008045965456342
6.261344864221091
1.6302789897514638
33.045415796128665
8.418126787780956
.0002753798270054766
.31733569937232403
.34657564816579467
46.656752650039316
266.0730454254475
17883980645081146e-23
19.912838184186654
2.5160245109800696
.0002590542715114948
1.0101197500264953
.06870471405359788
36.25797807055623
108.05566789284497
.09101191890951611
.6959725065574265
3.4569952285389363
.00014359599767810953
.00017590691332645034
.23279058624087887
67883767467452164e-22
23.6778543073412
.17357976182994567
4.0553574227718485
10.36421956458682
.03296031819595791
8.65993744599123
.067607020898229
.3299027904272007
14141911180189792e-25
.00018092660525557085
7.5361741321038185
2.1402871720318037
5.260951617056682
1.728449581079896
152.96589148571175
7.755367634256133
2.1912100604446967
2.583987663798307
25.894069209789592
34.48025414047977
22.476302451500608
10.753321275114542
1.922625366643886
.0003259944899973566
20.05679698243031
16.059865928479837
.005222380911591595
5246404935064878e-21
23.992859536666977
.40824337890321233
.009713113185250376
26.38227363436385
.395730288888288
38535330846064246e-24
7.868017204535275
.21225939224418008
12.826894498090892
34.24680583684807
.04307572492818957
2.1966435689387436
1.9308371684163532
1.0568775398057935
6.982877064149565
.0012457511741539406
.7374550169856914
11.635647001925392
5.600236016671908
.8345743863652324
8.965066264830668
.07185755834321113
.014621567458330334
.003259306578316001
.959044663075138
.00032890666945587394
.5299523276242947
101.7093928273507
15.36239915159805
1.0600791844673396
.011066144415738575
.0004903582438868777
100.96851973184293
351.23520661387255
16.19161303167437
29.927185878510215
80.08545496740834
.0007414986313793679
54.46803921089526
10.85658181867394
19.589749567714072
43.75709989652765
28.067463792652617
5.8681135232581045
.10595937969764628
.13444726986318928
.31999681032196764
.4127559462860831
6.357187714732232
.43971757635887815
2.3998205864230093
.0019990034690027477
10.452109438048357
29.259670868191076
3.125116268572321
3.868121869557055
.6591279283227535
31.87361834311152
4.707780280053131
24.98176920396709
11.428007686526719
1.5991368583046024
15.735809477791802
7.3052847766016376
.0019990034690027477
1.9999003245486269
7.996013876010992
2.356880024088205
1.9995016724175878
12.042409860013652
.09999875403357111
10.396631431456134
1.713928241940032
2.6431797661860226
20.73922054112614
13.286842720022987
.6269538792753029
16.69999090582762
14.420963495947738
2.0906630008402027
5.141492749719377
17.264310488236745
25.71470543564402
12.42566748198156
8.685672917676657
37.63195649762075
.0019990034690027477
2.062180528631089
29.014754502937482
6.900195415605103
37.89129412321838
39.95190137886421
4.263209264623937
7.044433791688154
17.18314249761277
.03999800649097254
5.796819458482221
8.046402533447688
16.0561735475362
3.1045810607941875
6.300360788104063
21.234644005341814
21.318664838944358
18.08502757469464
7.909719667692494
.45074407608722816
14.99433738650464
19.50174278127401
1.5268508132051994
2.156875695200196
34.17823183611598
27.915206939419008
9.138905338280658
.39999501613428445
.09998754103429564
.09999501622743132
3.5968910864001913
7.568497222747199
1.9434685255108333
15.044170024642137
14.911964253505781
8.241822403403384
5.653004698099229
41.920092079402686
8.181236468854873
13.589341144029753
18.124948964262636
9.649257230671173
11.637940037357161
.001299578928932015
24.7230370586446
4.857780006502011
3.4922617909133717
.0001397209217862646
42.02213927709108
3.828378972720199
1.3238108337163863
.6692427505417748
1.5185643390330021
.0019990034690027477
19.433000958772244
8.645477896449632
4.6587708226849465
11.946382724458548
.03999800649097254
7.2891068413322415
.5999506237059614
6.513203396495396
5.744272618506859
.001299578928932015
4.430072715157753
10.663882587200547
3.118570431956831
7.023091180432795
9.32716152326161
.5999700973645877
.39998006490972526
.1847852515954718
6.303376941046373
.0029977580845868077
2.508849892080418
22.82921898101631
47.64317550490131
11.306872372467579
.17888065065551606
.17991927897784157
29.01808502752835
41.97712083355171
4.123449300888075
17.287828175487537
51.88350090632959
.21065704481872477
9.997508362087936
9.997508362087936
9.997508362087936
9.997508362087936
9.997508362087936
9.997508362087936
9.997508362087936
9.997508362087936
