.0003207274931282404
7.165698065344107
1.1189361802899427
5.004556564237793
.19104887459902647
6.042857389854579
.004476625696270733
37.67940646800818
15004762144170285e-23
.6803442806890283
1.8586490747083324
.02488855227102285
88.94450135802123
2.1662883751403936
5.087262846501564
3.575539831032663
14.137400993805214
67.30742099459798
21.605491683822628
.007225147600559555
63.46176187675306
7.027840604352172
47.28229814702474
4320744700278377e-21
2.8838470715483635
.0019953419857766364
18913975454606037e-27
1.3287254076760195
6.3672643443824875
145.12609137290255
5.9691707992300875
.5280978255427199
10.627139132052935
211.43615725770232
80.98066187060863
1.9005396757208317
10.997453276974522
6.259858629779247
1.8060708036078297
33.03424588510909
9.270653970324773
.0002768968201166623
.31731238415341545
.3461907539925706
46.72165865306595
266.02154671544696
178823731300495e-21
19.947328353321033
2.9156412140426116
.0004177332956276877
1.0258123590603312
.08833029536428001
36.251372501981045
107.99242351372268
.11696421900835034
.890560973438974
3.8793000565811213
.00014575137826495263
.00017784482612564215
.29927658474113733
8710313930864504e-21
23.673996822314376
.21936073904734074
4.208239991102623
10.330608988751397
.041381151094597744
9.690857541490637
.08535288887086935
.47209914451794904
5440907975015978e-24
.00029355616378614957
7.526959891726303
2.1380883769819787
5.469537695951852
1.9313642136969909
152.90498768860476
8.67252627580708
2.446394872137378
2.8882424860678078
25.786695523261997
34.36487349110443
22.46925774967077
10.690982408731955
1.909373463050772
.0003250301315563576
19.92277178711863
16.049417411946383
.006377647462701326
25932747850332246e-22
23.766080762060245
.4979709413745839
.0067717770978867955
27.03777646280597
.39295565966666485
4413403920222804e-23
7.8122907551545
.21110527935447015
12.83179664300814
33.91040821741066
.05511790702611078
2.1877934210488825
1.9291769541428512
1.0537135504140673
6.947877157639448
.0012474456621075387
.7360622084146381
11.620215140223374
5.576026389167156
.8353468858574483
8.899439545602588
.09222503341341716
.01872863600030003
.004177579124524236
.9566426669534106
.0003283984717094731
.5270364004438539
101.6557105251511
15.276910923019711
1.056610405942475
.011067422001496525
.0006283038625990904
100.9540756725397
351.18496063455956
16.189296739235246
29.922904642648234
80.07399833653027
.0007402762120170535
38.19650820981167
7.601714559899232
9.733344584689242
21.816573102941188
27.930288987962665
5.837246505595528
.12189502316179042
.15468390321430295
.31999589471442186
.4127175648834537
6.35696034554096
.43967668784474934
2.3997690873142625
.001998717501408786
10.451541284563156
29.256950066180828
3.1249887116663553
3.8675685150875205
.6590581817249234
31.869058660204626
4.707290679873957
24.97944619602295
11.425555522461705
1.5991139803672594
15.7335583903649
7.30423971852987
.001998717501408786
1.9998717131173533
7.9948700056351445
2.356846305552336
1.9993586478700631
12.041290058868146
.0999983963753927
10.395664668165256
1.7137688669618545
2.64261260604597
20.737292039838703
13.284941969722695
.6268641903402102
16.697601887352874
14.41890050391321
2.090626005471363
5.140961038663418
17.261840740981036
25.711026816493582
12.42388992717073
8.68443038807392
37.626573055209285
.001998717501408786
2.0620330206589323
29.012056475241472
6.899740706798631
37.885873581243075
39.94618605656053
4.262599390896919
7.04342604967396
17.180684361850158
.03999743426234708
5.79599019403177
8.045251454718603
16.05387663040283
3.1044331886616
6.299774929350736
21.230087582875925
21.31561509571729
18.083345881841623
7.909153884681595
.4507279549153123
14.992192370424398
19.4989529579707
1.5268289694230017
2.1565671431828553
34.17334246654979
27.909217035561582
9.138055528584305
.3999935855015708
.09998396491111627
.09999358565586766
3.596119283710714
7.566873212908838
1.9434407214170655
15.040941922759963
14.909831021320374
8.24105601176951
5.651791704954643
41.91109707815498
8.180475710993617
13.587397119794304
18.12326355919435
9.647876855440934
11.63685784710316
.0012994580835206553
24.72073810971822
4.857085076412096
3.4919370520281046
.00013971952528871038
42.01612779674673
3.828022978927518
1.3236214558564432
.6692331760681238
1.5184231305783704
.001998717501408786
19.4302209693356
8.644673969647236
4.658337612308905
11.945271852696582
.03999743426234708
7.288429040934686
.5998647977236571
6.512597745906428
5.743738469351241
.0012994580835206553
4.429122132570175
10.661594385232966
3.1182804419313586
7.022086491587485
9.326294207975094
.5999615139352059
.39997434262347065
.1847826079784568
6.3031514964344355
.0029971148408253164
2.508311555765058
22.827096134687114
47.63295247337028
11.305820967575869
.17885506087037187
.17989611428256436
29.013933843158046
41.97111579332424
4.122859420533347
17.28535506390728
51.876078708144064
.21065585113337812
9.996793239350314
9.996793239350314
9.996793239350314
9.996793239350314
9.996793239350314
9.996793239350314
9.996793239350314
9.996793239350314
