.0003457384867011432
7.1656803116261845
1.1183023423935214
5.004911385113656
.1911297480558858
6.048044362169912
.004476868524663725
37.667653934286136
1497664468148327e-22
.6802623938679462
1.8585375627816745
.02571857983837666
88.93988009422151
2.2368785193758587
5.245455181496199
3.7106127743231694
14.280534864086182
67.23199365753402
21.60367394978969
.007224767275230043
63.46072860931548
7.027283149485868
47.322656722227364
4316847979844871e-21
2.884968645520266
.0023038127697993824
20332249295120405e-27
1.3287596467219847
6.3649948020299805
145.09389098765098
5.9832385322455295
.5285726765916919
10.626296999070513
211.41656934886458
81.08777853232942
1.958347086657842
10.99369077167771
6.259342029741655
1.8668807014177515
33.0303804912795
9.563149743161361
.00027742466939929285
.31730423253129303
.3460416680231473
46.744124382420836
266.0035356707828
17881804247621918e-23
19.959341880615856
3.0412740263606146
.0004819797628924955
1.0310497444226416
.095181550075929
36.24906341513511
107.96748892190669
.12601360374993212
.9580171531313191
4.023188967948408
.00014651175510883288
.0001785270699271653
.3224709235374621
9379096170154327e-21
23.672655099874227
.23552142221644498
4.260525085409563
10.318319308124575
.04432319077171217
10.041276247840816
.09160899965222147
.5261677523347956
8141743832234139e-24
.00033947997400657386
7.525591477077162
2.138035066624361
5.541267467928651
2.0002725540204587
152.8837603569808
8.983438335198363
2.533340063536773
2.991826536375636
25.74737409903845
34.32271535383994
22.466897275052286
10.668281555298861
1.9045247902320532
.0003246801244978066
19.87414725078054
16.045764586794903
.00677744314612688
20264369190858404e-22
23.68711159878859
.5288708038556742
.0064504837330017495
27.25823603175045
.3919523999308192
4570341367484615e-23
7.7921024910706445
.21067725431923312
12.833049090663105
33.79327837174947
.05929689509627775
2.1844867533093133
1.9285957675617806
1.0525691954257579
6.935155301030322
.0012480359021570279
.7357153140944582
11.617083256744394
5.567181999819275
.8356159075878813
8.875503172089617
.09933309181826641
.02015981220684242
.00449706603599109
.9557780085246373
.0003283061430509796
.5259978833738652
101.63595645822947
15.250431326372075
1.0552991819023203
.011067859248828736
.0006765382009244601
100.94902587536559
351.16739410433297
16.18848693869594
29.92140787693274
80.06999297619363
.0007396604040616256
36.46160930837435
7.256332501371761
7.621612238776357
17.097600553276976
27.908321077235325
5.833268337262809
.12647163507557793
.1605094507339103
.31999557457797134
.412704145882338
6.35688084909086
.4396623923010973
2.3997510811990495
.0019986175240881755
10.451342640154751
29.255998812638488
3.1249441133345037
3.8673750564636062
.6590337969576425
31.86746454643268
4.707119505917765
24.978634020227936
11.424698261136328
1.5991059813013688
15.73277138619326
7.303874355082739
.0019986175240881755
1.999861709386661
7.9944700963527024
2.356834516168262
1.9993086425491153
12.040898551216225
.09999827132250845
10.395326665987376
1.713713145886973
2.6424143303839536
20.736617792438793
13.284277447146762
.6268328341319953
16.696766661015914
14.418179259896727
2.0906130704015724
5.140775141834444
17.2609772910013
25.70974073200718
12.423268475051756
8.683995986473585
37.62469094632938
.0019986175240881755
2.061981447809252
29.011113184111327
6.899581727472177
37.883978501959994
39.94418791893091
4.262386172537828
7.043073732318522
17.17982497137224
.03999723418773323
5.795700274336027
8.044849025318992
16.053073603677046
3.1043814876575158
6.299570099961345
21.228494685884314
21.314548872960483
18.082757924218274
7.908956071358383
.4507223183735645
14.99144244992677
19.497977605991206
1.5268213319401955
2.1564592701069754
34.17163309080574
27.907123002379635
9.137758416012012
.3999930852900338
.09998271456978247
.09999308546933305
3.595849466284567
7.566305469156973
1.9434309999647015
15.039813398393484
14.909085220598051
8.240788064026972
5.651367650085869
41.907952481591714
8.180209732944626
13.586717468189136
18.122674303697096
9.64739426153914
11.636479489064346
.00129941583324842
24.719934345496632
4.856842121441433
3.491823516014171
.00013971903701442734
42.01402611910765
3.8278985154953893
1.3235552473369472
.6692298284391635
1.5183737609284764
.0019986175240881755
19.42924905538077
8.64439289876605
4.6581861522235215
11.944883466957863
.03999723418773323
7.288192066679762
.5998347920449342
6.512385996846406
5.743551718799566
.00129941583324842
4.428789814802153
10.66079444403839
3.118179054899912
7.02173524165245
9.32599097505498
.5999585128159982
.3999723418773322
.1847816836614445
6.303072672886517
.0029968899668018426
2.508123356733113
22.826353939892023
47.62937856504795
11.30545337279172
.1788461144085778
.17988801557986206
29.01248254483101
41.9690163672187
4.12265319207043
17.2844904377238
51.873483828502806
.21065543376955423
9.996543212745575
9.996543212745575
9.996543212745575
9.996543212745575
9.996543212745575
9.996543212745575
9.996543212745575
9.996543212745575
