.000370749480274046
7.165662557808124
1.1176644327929153
5.0052646698536964
.19121018487333433
6.052511945100212
.004477111037476207
37.65579085844662
14948408534946171e-23
.6801775225858341
1.858426064525114
.026543477625132778
88.93525892614487
2.3069345737583054
5.402014641542794
3.8442018964208162
14.421410974036966
67.15623582358572
21.60185617604547
.007224386965761344
63.45969520752399
7.0267167882004555
47.36250524872638
4312926310054016e-21
2.886078929991942
.002634454245378782
21742176480992563e-27
1.3287936974455903
6.362997756520692
145.0613732437129
5.997283717064012
.5290461986580591
10.62545774650909
211.39698979579333
81.19470037958303
2.015477163306954
10.989898276226034
6.258826991129046
1.9273568429495411
33.026535590800144
9.852817924734389
.00027795119745165336
.3172960811236926
.34588832581103496
46.766473258224075
265.98552212433583
17881229983418184e-23
19.9713312745214
3.160501932720089
.0005507599977374071
1.0361640673582586
.10202721265134582
36.24675459014239
107.94171847674113
.13504986292797083
1.0251729242334997
4.165178482218045
.00014727566018559452
.0001792117549182315
.3456373961989543
10046204009294702e-21
23.67131461817732
.25176244315819996
4.312218540620612
10.305964349957396
.04726533383808383
10.38659344782248
.09789196021772428
.58237613998581
11854595074277774e-24
.00038882146023283125
7.524761100246402
2.138189107675043
5.612356321185924
2.0681370859011525
152.86256715884156
9.289480324932542
2.6190622069412357
3.0939478999930192
25.7078407818265
34.280348366959316
22.464552489982477
10.645503926140249
1.8996504047250866
.0003243285452339593
19.82540089267269
16.04211198789393
.00717519880244572
15826909019787176e-22
23.60854358539301
.5595346730506733
.006258267221799717
27.474375565515516
.3909471177640826
4710156772615373e-23
7.771878670894804
.2102452345755674
12.834156984736934
33.67644319260815
.06345940736817136
2.181147093215018
1.9280142353215806
1.0514190137390966
6.922386920286568
.00124862499038828
.7354093073219702
11.614609833005181
5.558296985332251
.8358843711319441
8.851467037161914
.10643310084130345
.021588151795036387
.004815732351457357
.9549150258166931
.00032823842790517945
.5249616447975881
101.6159119868806
15.225079013039197
1.0539752670003966
.01106829137323163
.0007247530790100861
100.94397633078604
351.1498284527971
16.187677178663456
29.919911186086576
80.06598781620808
.0007389919875903878
35.451567236567286
7.0559357952938235
5.965329777865121
13.391484870890736
27.798175111710844
5.811224955183846
.13060222492798734
.16577379774701906
.3199952544418411
.41269072731752454
6.356801353634896
.43964809722224724
2.399733075218941
.001998517551768504
10.451143999521829
29.255047590024986
3.1248995156391386
3.8671816075166343
.6590094130925839
31.865870512399475
4.706948338186073
24.977821870839815
11.423841064131409
1.599097982275491
15.731984421388148
7.303509009911356
.001998517551768504
1.9998517057060092
7.994070207074016
2.356822726843161
1.9992586384788347
12.040507056293691
.09999814626978058
10.394988674799217
1.7136574266237932
2.642216069598593
20.735943566961204
13.283612957810737
.6268014794922411
16.69593147645759
14.4174580519574
2.0906001354118136
5.140589251727488
17.260113884211968
25.708454711851672
12.422647054018276
8.683561606602337
37.62280893159395
.001998517551768504
2.0619298762494442
29.010169923651123
6.899422751808822
37.88208351747018
39.942189881249604
4.262172964844075
7.042721432586257
17.17896562388167
.03999703411412019
5.795410369142281
8.044446616049198
16.05227061711925
3.104329787514456
6.29936527723173
21.226901908408028
21.31348270353692
18.082169985711637
7.908758262982616
.450716681902304
14.990692566940718
19.497002302799537
1.5268136944955935
2.156351402426986
34.169923800565925
27.905029126313348
9.137461313099966
.39999258507912233
.0999814642440847
.09999258528530046
3.595579669102866
7.5657377680030145
1.9434212785609657
15.038684958700376
14.90833945718123
8.240520124996422
5.650943627034001
41.904808120968056
8.179943763543578
13.586037850580642
18.122085067358757
9.64691169177705
11.636101143327377
.0012993735843499002
24.71913060740844
4.856599178623557
3.4917099836917203
.00013971854874185062
42.01192454659603
3.827774056110035
1.32348904212925
.6692264808269486
1.5183243928837757
.001998517551768504
19.42827719004179
8.644111837023534
4.658034697062674
11.944495093847028
.03999703411412019
7.287955100129763
.5998047878671174
6.512174254671143
5.743364974319852
.0012993735843499002
4.428457521967989
10.659994562863533
3.1180776711649396
7.021384009287194
9.325687751994108
.5999555117118026
.39997034114120184
.1847807593490558
6.30299385032432
.0029966651096507042
2.507935171821773
22.825611769228473
47.62580492487655
11.30508578995946
.17883716839429237
.17987991724175345
29.011031319098983
41.966917046128
4.122446973923214
17.283625854789562
51.87088907865934
.21065501640655723
9.996293192394171
9.996293192394171
9.996293192394171
9.996293192394171
9.996293192394171
9.996293192394171
9.996293192394171
9.996293192394171
