.0005112049495706256
7.16556286932595
1.1140840647920236
5.007214461614844
.19165219953997206
6.0699034331523585
.00447846692535085
37.587167590875445
14791303347767287e-23
.6796720959593125
1.8578001710892615
.031082847415482933
88.90930933407209
2.6907392296658146
6.252030592985222
4.567273611010568
15.173015044816735
66.73225347405464
21.591646987295398
.00722225153753673
63.453889378861135
7.023450143575153
47.57135692036846
4290961859457035e-21
2.892176305832271
.004902933807051226
2950931346671209e-26
1.32898152579891
6.354338968614883
144.87565637219677
6.07574068735083
.5316809394051003
10.620797116404017
211.2871905528599
81.79155417614597
2.324288100796349
10.968057274650453
6.255963079897563
2.2609285281327414
33.005316196721694
11.428829350164511
.0002808836826414018
.31725030884696337
.3449871756878201
46.88984884319215
265.8843157824224
17877939880286667e-23
20.038203261445528
3.7310024122010286
.0010209042231579405
1.0627854307456794
.1403659781889067
36.233793593559994
107.78897663549917
.1855448629008945
1.3967575322624222
4.9288992661878765
.0001516321018141642
.00018310287834298733
.4751996668035253
13761342882176276e-21
23.66377784164794
.3444605920416707
4.591987610690277
10.236897961265512
.06380105485753317
12.235181951092736
.13367277187469
.9347020374810853
6732360520529135e-23
.0007301202001831624
7.52513256506174
2.1409889160255346
5.999695708444252
2.4306490905889984
152.74416497606313
10.922897532918228
3.0779859544121786
3.640994971419364
25.48705572220338
34.04371525382073
22.451419408552386
10.518936318671821
1.8724588226315053
.0003223615760468056
19.554970519269204
16.021604128905825
.009372457769854
38764016787811945e-23
23.176277857026545
.7275889270867612
.005876157463055577
28.613589353550044
.3853707644207122
5244730300713326e-23
7.659955705293623
.20781576588803619
12.838689951392329
33.02634111691739
.08652336945562916
2.1623674182454184
1.9247423697246975
1.0449615299718078
6.85127156813739
.0012519119013564475
.7340776867722667
11.606903143839054
5.508758475820311
.8373816712467373
8.71774919892057
.14612899735190538
.029549953397163962
.006589679747066892
.950193043491299
.00032808514161878895
.5192486126897152
101.50058133267675
15.09471065814132
1.046577870642086
.011070621741462356
.000994771446686902
100.91562404606954
351.05120047838665
16.183130521706293
29.911507536146527
80.04349956316726
.0007347736617332223
33.70498583666003
6.715798684739241
1.4791137378705477
3.328765629683053
27.320934836411638
5.720606148769318
.14716992708964335
.18698152545756266
.31999345664354595
.4126153801259216
6.356354945551519
.4395678282769414
2.39963196065869
.0019979562251723234
10.450028553660035
29.249706336805055
3.124649077986294
3.866095426468768
.6588724961780728
31.856920297970174
4.70598721873587
24.973261533992513
11.419028455264973
1.5990530624949066
15.727565755533245
7.301457662476814
.0019979562251723234
1.9997955284730833
7.991824900689294
2.3567565220446185
1.998977851388025
12.03830875540609
.09999744400791834
10.393090805156055
1.713344554863129
2.641102963033804
20.73215769291658
13.279881969689072
.6266254288287615
16.691242065360125
14.41340859907833
2.0905274972389707
5.1395454643501415
17.255266010362806
25.701233939953177
12.419157886670101
8.68112264174309
37.61224175731138
.0019979562251723234
2.0616402872586734
29.00487337907916
6.8985300523832995
37.87144352034918
39.93097125899123
4.260975841986399
7.040743332946301
17.17414054226504
.03999591056946167
5.793782603615228
8.042187160367586
16.047761992004354
3.1040394684668766
6.298215167837206
21.217959489150104
21.30749635396089
18.078868625549354
7.907647512636542
.45068503020219247
14.986482108831137
19.491526150774416
1.5267708052312017
2.1557457448025024
34.160326443263884
27.893273361344498
9.135793037069636
.39998977603167335
.09997444301888928
.09998977642365416
3.5940649317655415
7.562550491809394
1.9433666864982002
15.032349496909069
14.904152129712028
8.239015608399207
5.648563010807767
41.887154562066364
8.17845030670228
13.582221919929696
18.11877641968283
9.644202149347059
11.633976677027741
.001299136350644505
24.714617501232684
4.855235098391418
3.491072483201043
.00013971580675717414
42.000124594884895
3.8270751985730773
1.323117311794211
.6692076817871065
1.5180471841379197
.0019979562251723234
19.42282034094127
8.642533634491446
4.6571842543229165
11.942314322385824
.03999591056946167
7.286624498512197
.5996363198045536
6.5109852915836814
5.742316376925918
.001299136350644505
4.426591911809793
10.655503745452702
3.1175083867585536
7.0194119027210435
9.32398511043866
.5999386585419249
.3999591056946166
.184775568728307
6.302551220887323
.0029954026816288604
2.50687863479744
22.821444373089943
47.605741237911204
11.303021758933998
.17878693813290863
.17983444577729213
29.002882947598504
41.95512973574044
4.1212890961123545
17.278771377098266
51.85632002492168
.21065267261596562
9.994889256940121
9.994889256940121
9.994889256940121
9.994889256940121
9.994889256940121
9.994889256940121
9.994889256940121
9.994889256940121
