.0006266494252943024
7.165480970202962
1.11115544916625
5.008766702452142
.19200356855403541
6.079733775771564
.004479573573154108
37.52830836700001
14664552207164476e-23
.6792402717965366
1.8572860495326642
.034699619286580566
88.8879827103587
2.9945283009459036
6.915672448834842
5.128757661305491
15.744725592176017
66.38673169663575
21.583253812117576
.007220496740308629
63.449114207574496
7.020716012731646
47.72253903894352
4273060616852553e-21
2.897067262066746
.007289240909462317
35701620415663804e-27
1.3291317631154886
6.348618142011668
144.72118166800962
6.139700233000761
.5338158983138047
10.61703102392861
211.19713799433816
82.277608184819
2.5638158617677687
10.94943977728227
6.2536442029107695
2.5276869662689987
32.98833438180911
12.662995231731573
.00028326337839941224
.3172126923327879
.34422520904287324
46.98862103561664
265.80107127456534
17875142630634235e-23
20.092573409436667
4.102108815739085
.0015130602206959549
1.0823206588434917
.17174318818723489
36.22314650211977
107.65893781098477
.22672086782719744
1.695212814252199
5.5168243549408285
.000155299405086468
.00018636110433767239
.5809866703985823
1677539114944437e-20
23.657545704248896
.4225180210900588
4.8093837684223
10.180755786130826
.07740465394275681
13.647762275411571
.16369908621375237
1.2656578622548156
20350997646934113e-23
.001093436015445193
7.5281727747350216
2.1443339687135787
6.303446452418279
2.7066992591400245
152.64759085287008
12.16612080302674
3.428236635489603
4.059202948226154
25.30802979623251
33.85150734711119
22.44063716193058
10.41699080305641
1.8505101350796855
.0003207600117518573
19.33763849379146
16.004753551530538
.01113345669073553
1260737989831446e-22
22.83226081269617
.8608069993357587
.006135118780162226
29.464712573940233
.3808889506069003
546056339451325e-22
7.570343550078284
.2058383552509836
12.841107859233656
32.500155072610745
.10507439005463345
2.1470442732515047
1.922045693788864
1.0396874863115035
6.793770636225523
.0012545867853467605
.7331992606779287
11.603957669996833
5.468653928876586
.8385993327079335
8.610166102403321
.17849538051357164
.03601036243746682
.008027016528653952
.9464618424559327
.000328077717779766
.5146633352634029
101.40426139382735
14.994892063416126
1.0405849619197969
.011072414683044056
.0012153467995354098
100.89232643313308
350.9701559913022
16.17939444699478
29.90460209676081
80.02502053686653
.0007310722628249896
35.55452916635564
7.094119747865855
.4859871976253539
1.0950694397770477
26.888209524570602
5.6393224594014155
.1547814176594002
.19682718216028952
.3199919789878842
.4125534603563254
6.3559880531084465
.43950186384623957
2.3995488548217265
.0019974949724055886
10.44911182508281
29.245316934072225
3.12444325095148
3.8652028907918337
.6587599814436971
31.84956573612244
4.705197393375007
24.969513882608847
11.41507434876425
1.599016142552638
15.723934853550837
7.2997720311773975
.0019974949724055886
1.999749355936854
7.989979889622355
2.3567021077685846
1.9987470937580913
12.036502207855113
.09999686680195936
10.391531149798924
1.7130874391442634
2.640188419170801
20.729046489385617
13.276816145611818
.6264807646418729
16.687388686849683
14.410081086437842
2.0904677956808686
5.138687703537257
17.251282419987927
25.695300494007796
12.416290771333152
8.6791184978152
37.60355850872211
.0019974949724055886
2.0614022960142315
29.00052071758542
6.897796402989044
37.862700431845084
39.92175270317926
4.259992143309049
7.039117890756289
17.170175680702204
.039994987118737085
5.7924450376455106
8.040330522553614
16.04405716878278
3.103800867043579
6.297270016369655
21.210612272889385
21.30257725637425
18.076155591974327
7.906734671107508
.45065901640447287
14.983022295122893
19.487026292243154
1.526735554187125
2.1552480643845637
34.15244011177874
27.883614661048178
9.1344220600601
.39998746720783745
.0999686724368563
.0999874677968427
3.5928204024637367
7.559931781279084
1.9433218168265456
15.027144193226732
14.900711322892013
8.23777920769108
5.646607063346187
41.87265015209843
8.177222994820472
13.579086296956557
18.116057397282525
9.641975666670268
11.63223080619978
.0012989413937248635
24.710908663668587
4.854114207656143
3.4905485899721054
.00013971355307972142
41.990428349577556
3.826500882573391
1.3228118538902336
.6691922306994867
1.5178193760231342
.0019974949724055886
19.4183363439912
8.641236679222324
4.656485366715026
11.940522180388932
.039994987118737085
7.285531019859159
.5994978863854126
6.510008210436159
5.741454647276143
.0012989413937248635
4.425059100509506
10.651814027295554
3.11704055300751
7.017791385154047
9.322585892092555
.5999248067810561
.3999498711873708
.18477130251382662
6.302187434026011
.0029943654531761846
2.506010569257082
22.81801963749961
47.58925663314487
11.301325553371226
.1787456629694036
.17979708005176884
28.996187275373895
41.94544387804971
4.120337645838246
17.274782360220396
51.84434835568147
.21065074620516122
9.993735468790454
9.993735468790454
9.993735468790454
9.993735468790454
9.993735468790454
9.993735468790454
9.993735468790454
9.993735468790454
