.0008416992285266581
7.165328571125302
1.1058183175533385
5.011521145502557
.1926300303983736
6.0951615832026445
.004481615912201239
37.41310110507496
14437796632000802e-23
.6784312605468859
1.8563290993420798
.041177087386467325
88.84826022630142
3.5343761007409467
8.075370956499922
6.1024461902613725
16.71325238005503
65.75819163779342
21.567611941852512
.007217228805412427
63.44021132945234
7.015608541002283
47.9582568918205
424063297949888e-20
2.905982040980342
.012975752305888754
46788306145417446e-27
1.3294022192434154
6.338083039777365
144.43267701972565
6.257594268162403
.537721039460722
10.61016343688214
211.02984909071938
83.17235367200605
2.979146626561626
10.91325178846078
6.249404892431797
3.0077914448203953
32.95774965878407
14.826611420725726
.0002876241952301966
.31714263252611724
.34280521555057036
47.166560944845976
265.64585674735724
17869708517300266e-23
20.19239554776598
4.633039823684073
.0026801672003925006
1.1141350175505682
.22986449845243218
36.20332669938913
107.41569295436742
.30260950544305587
2.234842702387695
6.5270363458758265
.00016234758196890609
.00019258030600493914
.7762801636287532
22295819247955756e-21
23.645813871989866
.5721644594033357
5.187064119621302
10.079271819291403
.10276117841159514
16.052543229961756
.22100891843383152
1.9632188914742683
10129388956245416e-22
.0019729194251442046
7.5340033178985095
2.1505954811169503
6.836594287311999
3.1745618192577982
152.46935249586377
14.274550387458325
4.022415133080235
4.771008160907855
24.985729234031112
33.50430093841358
22.42031601486478
10.234767536401431
1.8112513841069533
.0003178516515785097
18.949905696673575
15.973377665917585
.014312059084703448
14979632880291032e-24
22.21912312139889
1.0982433343722477
.006220935202273299
30.87704929981232
.37288380277523825
5571150206162981e-23
7.411232770081836
.20227774442084134
12.843917137467823
31.540784000452813
.13862698377776655
2.1193951088291993
1.9170054440590512
1.0300651074775464
6.690390074324796
.0012595065339372727
.7316013079762714
11.598806587283441
5.3965442568164415
.8408367729828956
8.418380398000814
.23802278724474826
.04781312729743557
.010651872191703432
.9399163183259489
.0003280523151281432
.5064344836384994
101.22456933963066
14.814653799720169
1.029909714596043
.011075457935726108
.0016212948326949082
100.84894201371854
350.819236322901
16.172437192073836
29.891742904732453
79.99060920770633
.000724263696685032
36.73643851844285
7.346788756047766
.05881501418668731
.1327629826645259
26.076218449763314
5.48590826131861
.16083556371003638
.20486418711175794
.3199892264312382
.4124381410740651
6.355304662859756
.43937901179344857
2.399394053062571
.001996636035331532
10.447404358835655
29.23714211727297
3.1240598727983953
3.8635408260019255
.6585504403882452
31.835870195867624
4.70372646127066
24.962534262520713
11.407712295354052
1.5989473704102277
15.71717344950109
7.296633077179334
.001996636035331532
1.9996633486453506
7.986544141326126
2.3566007482834235
1.9983173098030012
12.033137696515576
.0999957915924135
10.388626450095897
1.7126085872307184
2.6384856524992006
20.72325218878508
13.271107020046824
.6262113734482186
16.680212990785193
14.40388464887164
2.090356588250455
5.137090249621909
17.243864245599376
25.68425133166785
12.410951677811966
8.675386415006036
37.58738871056701
.001996636035331532
2.06095903951891
28.9924143276125
6.896429969987112
37.846419200816165
39.90458606499903
4.258160316326939
7.03609101989626
17.162792382789583
.03999326697290702
5.789954244997217
8.03687312312638
16.037158109856
3.103356449558698
6.29550976775155
21.196932672069888
21.293416996332926
18.071102842478318
7.905034512188249
.4506105619431488
14.976579488753671
19.47864673205564
1.5266698907631229
2.1543212923566673
34.13775431913006
27.86563136508952
9.131868754617166
.399983166369654
.09995792389306624
.09998316743226753
3.590503244039004
7.555056068703699
1.9432382364290879
15.01745256663078
14.894303910827471
8.235476536941867
5.6429653329888865
41.845644748767036
8.17493725108721
13.573247193072241
18.11099349420767
9.637829548416319
11.628979299094501
.001298578306261985
24.704001330377448
4.852026903952122
3.4895728920401514
.00013970935502953687
41.972372166126156
3.825431277351887
1.322243035365529
.6691634493869254
1.5173951065456892
.001996636035331532
19.409986320970976
8.638821231753218
4.655183759524818
11.937184497930842
.03999326697290702
7.283494526922294
.5992400980217125
6.508188496031902
5.73984976332127
.001298578306261985
4.422205196939027
10.6449442320241
3.1161692601596966
7.014773684843418
9.319979990028475
.5998990045936051
.3999326697290701
.18476335567827468
6.301509828372594
.002992434263091705
2.5043943394285497
22.811641415281027
47.558564353937534
11.298166542778324
.17866880106042646
.1797274959322474
28.98371870819291
41.927407038241675
4.11856587128535
17.267354080690062
51.822054916399665
.21064715773686107
9.991586549015002
9.991586549015002
9.991586549015002
9.991586549015002
9.991586549015002
9.991586549015002
9.991586549015002
9.991586549015002
