.0011532469708134879
7.165108313673703
1.0983085964383557
5.015181229734715
.19347505966679576
6.11514149314398
.004484529875797952
37.23433747706507
14127540174956208e-23
.6772593982241926
1.8549444477751056
.05000394037167174
88.79072315591792
4.261947284800773
9.599731081169963
7.3678890653569935
17.92957864413025
64.87686041095628
21.54492795209453
.007212496543604994
63.42729570755433
7.0082086045401955
48.22077165107092
419540519383049e-20
2.918475968710585
.024000182491367844
6183356575430058e-26
1.3297737827445761
6.322228203039633
144.01411798426437
6.425560365602513
.5432180399883502
10.600533836621752
210.7885339589545
84.44454025942149
3.51890011855692
10.857615811544076
6.2434370104015215
3.667411957190703
32.91570361468939
17.68090239873739
.0002937802428161443
.3170411633374434
.3407616248028354
47.41120249076162
265.42064765431866
1786130448899733e-22
20.33361102251909
5.164668365594277
.0049307285895702855
1.1521165842141985
.31329954801887633
36.17464270650467
107.06401068683135
.41061909900458315
2.9803572488505905
7.822961366380222
.00017308597403156313
.000201952967829703
1.0549745719296857
3008073362357639e-20
23.628548181383188
.797702305011693
5.678890079959359
9.93825170605118
.1393736315760839
19.095838422696474
.30677698067059056
3.114667202850693
557911528992834e-20
.003720193240451125
7.5411048859907215
2.1590640926739812
7.541592155405019
3.76283984331559
152.21460454631946
16.92967130264122
4.77011926752542
5.671938751493931
24.540722095408093
33.02221221337774
22.390543532926063
9.985865666559649
1.7576458816654195
.0003137850227231476
18.421984990927545
15.927954367960561
.01869598268706018
15199371063741162e-25
21.390194866677984
1.4197334212636203
.006337107465660532
32.59988011137322
.36196882719649626
5436621778250233e-23
7.196200515088729
.19736818254397698
12.844661522042506
30.20083700627787
.18488236087646992
2.081053142266353
1.9096666697771745
1.0165371767023252
6.5479691413720875
.0012664923179846318
.7292433750745989
11.590005289186632
5.297149376663942
.8440086547472183
8.157792806333857
.32224050373414215
.06433252599121841
.014326833926417993
.9311462486076202
.00032791063628603883
.4951097984885479
100.96457926898916
14.561232449186297
1.0153561811908567
.011079180262338815
.002195673235085695
100.78612306645937
350.6007105291344
16.162363358291003
29.87312329620189
79.94078294517237
.0007147488606589954
38.40993184403276
7.706178908922223
.006121355020006631
.013848949298440202
24.951801135458126
5.27162649031981
.16098426183209907
.2055253572146832
.3199852387792432
.41227113247340713
6.354314749553442
.43920109402442986
2.3991698058022664
.001995392327948046
10.444931206941938
29.22530311960043
3.1235045472287597
3.861134221008992
.6582469915178907
31.81603958772389
4.701596302709473
24.95242618205754
11.397055135420189
1.5988477438254465
15.707383200141278
7.292087994213738
.001995392327948046
1.999538754406775
7.98156931179218
2.3564539141295358
1.9976948355270219
12.028265117362283
.09999423393139023
10.384419782978082
1.7119151005350328
2.6360207618310385
20.71486072106069
13.262840428892604
.6258213055064411
16.669822862745995
14.39491244894552
2.0901954899060353
5.134776861111949
17.233123018403944
25.668252575532403
12.403220878625408
8.66998250465482
37.5639754734832
.001995392327948046
2.0603170523932146
28.980674427578187
6.8944508662591915
37.8228446132771
39.87972944243699
4.2555079023006614
7.031708228943137
17.152101655371066
.03999077508813551
5.786347674386887
8.031866943599166
16.027168541602986
3.1027127242935633
6.292960526612013
21.177130358008583
21.28015329705606
18.063785309744297
7.9025721001326525
.450540374058398
14.967250556409505
19.466513455718694
1.526574767615157
2.152979362605679
34.11648986414125
27.83959910880297
9.128170986466701
.3999769357255609
.09994235427301143
.09997693772033878
3.5871489722688112
7.5479980855823765
1.9431171579042439
15.003423163569224
14.885026228056054
8.232141744944686
5.637693637621936
41.806552271934066
8.1716269732666
13.564792398380975
18.103659808549704
9.63182613088902
11.624270375824782
.0012980524728722581
24.69399793766965
4.8490045695964685
3.488159859084286
.0001397032734385687
41.94622751670497
3.8238822452403554
1.3214194083264756
.6691217554135297
1.5167806676561881
.001995392327948046
19.397895813300277
8.635323113365107
4.653298735692009
11.93235077311188
.03999077508813551
7.280545221056271
.5988668305251821
6.505553134882447
5.737525525619919
.0012980524728722581
4.418073943728569
10.634999655037007
3.114907429558392
7.0104041724881645
9.31620604998442
.5998616263220325
.3999077508813551
.18475184351567342
6.30052829424325
.0029896387113011553
2.502054717747906
22.80240429598465
47.51413482999597
11.293591575537427
.1785575080139496
.17962673553534247
28.965664709206415
41.90129039766164
4.116000410834446
17.256598221643443
51.789774885794955
.21064195914629036
9.988474177635107
9.988474177635107
9.988474177635107
9.988474177635107
9.988474177635107
9.988474177635107
9.988474177635107
9.988474177635107
