.0011532469708134879
7.165108313367114
1.0983112973376148
5.015181273369067
.1934750619450445
6.115139261982414
.004484529876534793
37.2343367732598
14127659170228375e-23
.6772595630564253
1.8549444477944188
.050003923417167806
88.79072315661176
4.261945930478519
9.599728298140521
7.367864991174295
17.929569993744106
64.87711761866298
21.54492796083105
.007212496543604698
63.427295707543045
7.008209097898963
48.22070753833085
4195422959947946e-21
2.918476442967163
.024000222942746
6183424249440799e-26
1.3297737817284963
6.3222106342452635
144.01413522073184
6.4255603597980535
.5432180398601715
10.60053385319334
210.7885339788041
84.44454023119377
3.518899133427358
10.857615619287076
6.2434370192773185
3.667410713982255
32.91570373291618
17.680896855060396
.00029378024278709994
.31704116333744364
.340761862809056
47.411202485850545
265.42064765565783
1786130447551798e-22
20.333611178461435
5.1646691194735395
.00493077373996761
1.152116472726441
.3132995634670424
36.17464270900893
107.06405674273134
.41061920680107616
2.9803580073928706
7.822952920059677
.00017308596318114475
.00020195295977714096
1.0549748552199583
30080741994765966e-21
23.628548141814072
.7977026886752482
5.678886514909443
9.938302891948286
.13937513280093136
19.095800596413568
.30677713014473534
3.1146635639444624
5578925558243679e-21
.0037201997689667097
7.541069715057845
2.159050366771546
7.541587075384674
3.7628297944128617
152.2146049775707
16.92965936572838
4.770092092802492
5.671915911506274
24.540884945958084
33.02238978738877
22.390533606341723
9.98595383140575
1.7576630779189704
.00031378624804883167
18.422160094357064
15.92795436763458
.018696064400434267
1874437675609265e-24
21.390251350480067
1.4197328502520197
.006291736607621771
32.59986803687739
.3619721683723894
5436146141685423e-23
7.196272674794884
.19736985974224652
12.84466829533662
30.20083896446654
.18488258747439065
2.0810696905029724
1.9096666678822942
1.0165402154856817
6.548016237076226
.001266492316141409
.7292407701015957
11.589962645774003
5.297185752363433
.8440086547272819
8.157876536778272
.32224024719790056
.06433237072009017
.014326871766776803
.9311501828122151
.00032790900872770224
.4951132813905113
100.9645956914957
14.561232065863122
1.0153650741668916
.011079180321054772
.002195659128415224
100.78612306645941
350.6007105291346
16.162363358291007
29.873123296201904
79.94078294517242
.0007147538690740524
38.135090215315955
7.650788525091627
.007548953706267744
.01707871157858641
24.949721863157055
5.271166227200201
.16096786971087354
.20550422272244037
.3199852387792432
.4122711324734072
6.354314749553442
.4392010940244299
2.3991698058022664
.0019953923279480467
10.444931206941938
29.225303119600436
3.1235045472287597
3.8611342210089936
.6582469915178908
31.816039587723907
4.701596302709474
24.95242618205754
11.397055135420217
1.5988477438254465
15.707383200141285
7.292087994213742
.0019953923279480467
1.999538754406775
7.981569311792184
2.3564539141295358
1.9976948355270219
12.028265117362283
.09999423393139023
10.384419782978084
1.711915100535033
2.636020761831045
20.714860721060692
13.262840428892611
.6258213055064414
16.669822862746003
14.394912448945528
2.0901954899060353
5.134776861111949
17.23312301840395
25.668252575532417
12.403220878625415
8.669982504654824
37.56397547348322
.0019953923279480467
2.0603170523932146
28.98067442757819
6.8944508662591915
37.82284461327712
39.87972944243701
4.255507902300663
7.031708228943141
17.152101655371073
.03999077508813551
5.78634767438689
8.03186694359917
16.027168541602993
3.1027127242935633
6.292960526612013
21.177130358008636
21.28015329705607
18.063785309744297
7.9025721001326525
.450540374058398
14.967250556409512
19.466513455718705
1.526574767615157
2.15297936260568
34.116489864141265
27.83959910880304
9.128170986466703
.3999769357255609
.09994235427301143
.09997693772033878
3.587148972268821
7.547998085582397
1.9431171579042439
15.003423163569261
14.885026228056061
8.232141744944686
5.63769363762195
41.80655227193417
8.171626973266601
13.564792398380982
18.103659808549708
9.631826130889026
11.624270375824782
.0012980524728722581
24.69399793766965
4.849004569596471
3.4881598590842864
.0001397032734385687
41.946227516704994
3.8238822452403562
1.3214194083264763
.6691217554135297
1.5167806676561881
.0019953923279480467
19.397895813300288
8.635323113365109
4.65329873569201
11.93235077311188
.03999077508813551
7.280545221056272
.5988668305251824
6.505553134882448
5.737525525619919
.0012980524728722581
4.41807394372858
10.634999655037033
3.114907429558392
7.010404172488168
9.31620604998442
.5998616263220325
.3999077508813551
.18475184351567342
6.30052829424325
.002989638711301163
2.5020547177479124
22.80240429598465
47.51413482999609
11.293591575537427
.17855750801394968
.17962673553534253
28.96566470920643
41.90129039766166
4.116000410834448
17.25659822164345
51.789774885794984
.21064195914629036
9.988474177635107
9.988474177635107
9.988474177635107
9.988474177635107
9.988474177635107
9.988474177635107
9.988474177635107
9.988474177635107
