.0012576644839754612
7.16503465937026
1.0958515131689401
5.016321007717609
.1937423249794381
6.121445288711364
.004485494507127595
37.171518610085805
14028199877439196e-23
.676867364353759
1.854480813788513
.05282487328469225
88.77144152056805
4.492662044851937
10.074112553514224
7.758402566707288
18.295325015392432
64.58915050988418
21.537317491785274
.007210911039582084
63.422962214700824
7.005730369016443
48.29301501899003
4180709531286213e-21
2.9225550956753987
.028405088335191713
6661606966936755e-26
1.3298932823984608
6.316704608620096
143.87374877360554
6.481120253196524
.5450192679447281
10.597385824626672
210.7079250963166
84.86470414290046
3.685455882964483
10.838183673598566
6.241480034334706
3.8796614795136697
32.902172738924975
18.570728564174964
.00029580192478720596
.31700716263450346
.3400811435193643
47.48991659608841
265.34507363302805
17858347805261291e-23
20.38004077815942
5.300949342743337
.005827655223785176
1.1631706935233697
.34105887169339466
36.16503641017307
106.9465206100971
.4462987001985467
3.2210082970166276
8.219131223868839
.00017683196501486878
.00020519478173001645
1.1472319611871158
32635005944424886e-21
23.622696777859417
.8753174908470505
5.830761049722897
9.892556518129892
.15157481087573552
20.01682528088512
.3361302512159326
3.5281527059879028
8895704594798326e-21
.004431150593957382
7.543023334677625
2.161701240127148
7.761869671985435
3.9400225071628556
152.13005884842858
17.730580526428476
4.995376855398182
5.9447284745113445
24.397237737032874
32.86609441954756
22.380479600595358
9.906263560190839
1.7405055588079112
.0003124605834966104
18.25354740687883
15.91273902263726
.02011038219136879
3481283315756339e-26
21.12725859358913
1.5220100810190669
.006341028547013882
33.107195128924594
.3584821925552978
53625352010683506e-24
7.127993508349998
.19578668196405433
12.844097380461484
29.76535166723073
.19976336271259468
2.068647262950752
1.9071977291999038
1.01211169271842
6.502117887668875
.0012687971307813728
.7284334229321907
11.58657158639851
5.26514224561243
.845053725351995
8.074782869235161
.3498839816195845
.06970827682701655
.015523759693960516
.9283695781240398
.0003278310194118838
.49146542172979374
100.87756972751367
14.478082401737117
1.0107135887972412
.011080245912709171
.002384101605801513
100.76507759138829
350.52750046520055
16.15898844312612
29.866885393080935
79.92409025273172
.0007116650575188659
38.75839750112562
7.784028595138965
.00014135685374924503
.000320035085075087
24.586683495190936
5.20147665342303
.16009474981528252
.20454118553779577
.31998390229951895
.41221517344718783
6.353983007341443
.4391414796988073
2.39909465237594
.0019949756636472755
10.444102442926017
29.22133626532731
3.123318447874367
3.860327965132469
.6581453196890992
31.809395977992402
4.700882580290596
24.949039300558994
11.393485538078233
1.5988143546330225
15.70410329084908
7.290565309825958
.0019949756636472755
1.9994969974699508
7.979902654589099
2.3564047036318625
1.997486252090311
12.026632478183698
.09999371187529114
10.383010268769745
1.7116827362134728
2.6351951509523537
20.7120490193845
13.260070972452318
.6256906257433621
16.66634198332705
14.391906600899409
2.0901414993910685
5.134001745085594
17.229524514464654
25.66289270501392
12.400630922112944
8.668172097675
37.55613161874066
.0019949756636472755
2.0601019304417236
28.976740777626958
6.893787682198719
37.81494670323545
39.87140202764728
4.254619295985151
7.030239915293037
17.148520069763624
.039989939949399034
5.785139408486495
8.030189783585538
16.02382185690335
3.1024970049220717
6.2921063607115455
21.170497607062135
21.27570971968553
18.061333447956876
7.901746976285812
.45051685251969936
14.96412519659921
19.462448590326634
1.5265428877198621
2.1525297920484867
34.109365889975926
27.83087964945149
9.126931987372824
.3999748475011646
.09993713654317184
.09997484987349757
3.5860254647237078
7.545634026307132
1.9430765792356757
14.99872403920696
14.881918037772673
8.231024367084677
5.635927892349628
41.793458314232446
8.17051780929165
13.56195989037711
18.101202534454828
9.629814878242733
11.622692572288457
.001297876283596216
24.690646133555294
4.847992033329729
3.487686398748025
.0001397012352079387
41.937468589794506
3.823363216111304
1.3211434784824632
.669107781953497
1.5165747896248032
.0019949756636472755
19.393845276179203
8.634151010264862
4.652667126914565
11.930731152728164
.039989939949399034
7.279557006774879
.5987417792128661
6.5046701130316045
5.736746750886417
.001297876283596216
4.416690187589926
10.631668736124249
3.114484632101108
7.008940307406729
9.314941528223004
.5998490992409853
.3998993994939903
.1847479852903498
6.3001993600819
.0029887023460497407
2.501271065500569
22.79930924459891
47.49925323756887
11.292058656210052
.17852022284542315
.17959297758923087
28.959616295436668
41.89254085421578
4.1151409355276956
17.25299481577133
51.778960496044334
.21064021682919912
9.987431260451551
9.987431260451551
9.987431260451551
9.987431260451551
9.987431260451551
9.987431260451551
9.987431260451551
9.987431260451551
