.002090341789706505
7.1644507384185845
1.0772896908108671
5.023968060123811
.19560848662981783
6.165595035519952
.004492967680206106
36.62547146703298
13310400988217023e-23
.6737465678508485
1.8507912176857746
.07314991490051241
88.61771317898457
6.133632161467708
13.329124774343258
10.397506860239275
20.645073082401648
62.423309537687906
21.476441670709054
.00719827727103632
63.388319416558026
6.98598016019968
48.6931624365931
4071319353739487e-21
2.953190213964819
.07500438199984297
10047970593933701e-26
1.330765021534852
6.2697975557596894
142.75205802978627
6.91144646251777
.5586887799767473
10.57355093834455
210.06977421210593
88.10857852411085
4.810427160677151
10.671053892843997
6.226565758145984
5.433854242355465
32.803206862739664
24.672427036250575
.0003112175057114335
.31673615768130886
.3347213114135468
48.064945951324006
264.7406606133051
1783224292988906e-22
20.73444517749818
5.983095184421392
.015304792306244637
1.2312784809620003
.5587343434597573
36.08855187821496
106.01429640039788
.7213783103979772
4.9882708136186675
10.851755799598573
.0002096195856912386
.0002330158779615308
1.8618349915840575
5207483985333283e-20
23.5750857918272
1.5211038257960252
6.853432126236455
9.554258433537136
.2465428847173289
26.025218365669684
.5773187122702753
7.087291890294554
.00012980367293016608
.01228921296011602
7.551846002682984
2.179811372696902
9.280625525920964
5.086206565560039
151.46847062330224
22.931107341587015
6.452300856052112
7.729378111579676
23.345606414776785
31.711788835106578
22.299055063105364
9.332278733463813
1.6168612617694953
.0003025450501996664
17.044536689157653
15.791565916173832
.030513120490124432
2347960526740923e-24
19.27010310461938
2.2528345370119074
.006360115316048022
36.25325442189575
.3333922589579651
4712286695905118e-23
6.644436359872369
.18420305141103852
12.826028508761603
26.546015710562465
.30772788830747194
1.976905463165349
1.8873539998894622
.9786406760894025
6.166989045466069
.0012865509783725451
.7217408490634197
11.55265268600563
5.03118315259967
.8530777371765329
7.480579381913658
.5590904080467732
.1096267427992224
.02444079606189919
.9085525101114755
.000326719779674065
.4648544912287148
100.18447088832716
13.8479846641405
.977479563213505
.011085517644170826
.0038059901096613178
100.59740765844651
349.94423368367154
16.132100392489647
29.817187831279366
79.79109906993872
.0006888283125163162
41.35237622669847
8.368506662358605
.010123309766508768
.02303833800935348
21.88758604874555
4.675289987168733
.14938970651229125
.1919086803419637
.31997324474366023
.41176919998351447
6.3513381492323715
.438666374803696
2.398495425722021
.0019916560866297234
10.437495818157885
29.189721852790214
3.1218347955534673
3.853904500311931
.6573350995854028
31.756466139420993
4.695194877548939
24.922047064006552
11.365059766580043
1.5985481175167622
15.677972154858047
7.278434037505967
.0019916560866297234
1.9991640380409628
7.966624346518894
2.3560123113624165
1.9958236829075613
12.013620926721947
.0999895488372237
10.371776943673543
1.7098308755160716
2.6286205645394642
20.689640760698385
13.238006629686959
.6246494961400476
16.63860971229105
14.367958919099742
2.0897110020091385
5.127824768927434
17.20085512533687
25.620190455367567
12.379996660671916
8.653748530809517
37.49363939206267
.0019916560866297234
2.058387244305941
28.945390991682665
6.888501404086611
37.752023816363476
39.80505726352793
4.247539742740094
7.01854181627562
17.119985469494598
.03998328076081926
5.7755131177132855
8.016827799307777
15.99715871923265
3.100777287709469
6.285298963390335
21.117679027052525
21.240307605111138
18.041792984734755
7.8951701094869
.4503293239806266
14.939225360979371
19.430063685476405
1.5262886853635371
2.1489480498961964
34.05260897351079
27.761443986162597
9.1170576068713
.3999581953488948
.09989553751061568
.09995820190204814
3.577078638038736
7.52680831507733
1.9427530150247154
14.961303506141991
14.85715499229022
8.222119264402814
5.621866734514057
41.68918721192675
8.161678168341652
13.539393213908113
18.08161893707428
9.613791167911023
11.610118041321229
.001296472117959191
24.6639334512335
4.839925126435389
3.4839130888757834
.0001396849824048329
41.867685955629206
3.819226739226886
1.31894513711521
.6689963610584955
1.5149340152054809
.0019916560866297234
19.361574525094923
8.624809766953208
4.64763343041922
11.917823356414308
.03998328076081926
7.271681291707989
.5977454916460848
6.497632744086395
5.730540194254078
.001296472117959191
4.405670923499834
10.605143632359693
3.111115087289548
6.997277650269689
9.304863741171847
.5997492114122887
.39983280760819256
.18471722076118727
6.297576889523351
.0029812457894340346
2.4950306082212466
22.774642789872985
47.380746665163684
11.279841836366186
.17822317078623043
.1793240018185295
28.91142840099604
41.82283297839525
4.10829346990569
17.22428637279731
51.69280192760288
.2106263232397928
9.979118414537803
9.979118414537803
9.979118414537803
9.979118414537803
9.979118414537803
9.979118414537803
9.979118414537803
9.979118414537803
