.004439963897021503
7.1628361144024195
1.0348594289521875
5.03487248211714
.19884784261626795
6.246125821717284
.0045119142713179365
34.781108868620485
11866624780304373e-23
.6648990960395714
1.8404476208981
.11491137171999814
88.1840341360287
9.459084902915025
19.341842627770212
15.082648301002575
24.220656830927783
57.4372552378148
21.30199203560669
.007162721413758214
63.28973527775838
6.930087306140053
49.098286851141786
3833050196482924e-21
3.0232844216299353
.28156240575964064
16565277588998724e-26
1.3325976278840628
6.119501010436724
139.55538686423387
8.01427919347185
.591552714859516
10.515549491637547
208.31018142310364
96.34974004553635
6.807711107627263
10.117974694888407
6.189551772430923
8.843511667136031
32.58866731613912
35.56018682523946
.0003488205700444234
.3159727231340805
.32008651573404556
49.29985031295016
263.0166678542409
17736117711483485e-23
21.59492633523427
6.588632606705766
.05831005776063837
1.3339222581483137
1.1382389749671116
35.873742542927864
103.40333164370115
1.4110322750904265
8.821089033976786
15.351781854557764
.0003385758464532709
.000335178197285628
3.680495353795514
9947231999979203e-20
23.43495504790009
3.43881814687087
8.584486489088835
8.824623461959083
.48309510193694144
35.82149032426006
1.2648517130875485
17.06312366670849
.004818889937278978
.05203674460559811
7.534144483793932
2.2104816050361364
12.037952634428033
6.9162181440707355
149.68376140484128
31.376213066370575
8.763369119459854
10.690738543357766
21.13848538018773
29.232881269474937
22.060974172059723
8.17775620540303
1.365095407593793
.0002802299625124914
14.6338790496234
15.451340470962847
.05362279508056742
356433593697097e-23
15.791492912842072
3.7328432042168878
.006138285568432772
40.68603781976305
.2828246050504569
3473402716896961e-23
5.718743238479484
.15958782094997934
12.671803498399386
19.873466173615615
.528101799227957
1.777024328560002
1.8300328172279463
.8999835916992437
5.464617225986313
.0013312700773440505
.70170491745764
11.416359330721711
4.54421576180812
.8730528866756988
6.298593728031068
1.0436556974380289
.1964354846210516
.04422036485114613
.8695672974878189
.00032026008838257475
.40919788935834
98.21274457782285
12.382902359273672
.9147688244501249
.011072030453025718
.007025080055912739
100.12578487913123
348.30361812570806
16.05646955666204
29.677398294712987
79.41702084283617
.0006399205677990546
45.45128734828876
9.360764508025333
.017413691363242886
.04006861902750581
16.320340223138647
3.555749488303067
.12491798028038979
.16244588807972846
.3199431735084193
.410513366321205
6.343880908254758
.4373285088340611
2.3968053540837544
.0019823187647157662
10.418875981989745
29.100697624417485
3.1176520721145304
3.8358365481254895
.6550542207155322
31.607584839489732
4.6791825797296
24.8460385970355
11.285230663726043
1.5977970971927276
15.604470372120206
7.244311137426014
.0019823187647157662
1.9982248027391316
7.929275058863067
2.354905423737252
1.991139756351943
11.976981203385165
.09997780264449269
10.340144595687457
1.704616150445777
2.610156920201419
20.62654049159274
13.17594394214252
.6217210018743932
16.560604249336222
14.300598766624237
2.0884967163508117
5.1104348195312035
17.120213732187313
25.50007736587154
12.321956512631084
8.613177853805064
37.31786096170026
.0019823187647157662
2.053556489586514
28.85711193541153
6.8736066013115815
37.57503402297336
39.61844239765418
4.227626341934333
6.985637348107108
17.03972321108359
.03996449605478264
5.748436241559619
7.979243146820124
15.922160519657487
3.0959297830680605
6.266129753997743
20.96934673441949
21.14072837002543
17.986768250102937
7.876641219758987
.4498005827595951
14.869186985741273
19.338971272153692
1.5255716135341117
2.1388733086529905
33.89296285080403
27.56644534885988
9.089251962727975
.39991121057797074
.09977824803896396
.09991124013695658
3.5519529471600526
7.4739394021558585
1.9418402824126195
14.856214095179645
14.787501380996657
8.197043046589114
5.582378285971032
41.39635897501534
8.136786286711965
13.475917559749451
18.026472739322873
9.568719599806991
11.57470894063992
.0012925180744609301
24.58871219166804
4.817234492621471
3.4732876818911285
.000139639130961313
41.67140103265251
3.807578676420572
1.3127616321342204
.6686820571859036
1.5103136960253452
.0019823187647157662
19.27080320402423
8.598505404128622
4.6334588527377685
11.881475801150232
.03996449605478264
7.24950376568594
.5949431292725887
6.477815948838775
5.713062915041719
.0012925180744609301
4.374725133111017
10.530652242151735
3.101626657717609
6.964472873189692
9.276485316778192
.5994674408217393
.39964496054782633
.18463043802035473
6.2901827707822635
.002960305276876624
2.477505310586362
22.705183580530132
47.047940452392574
11.24544002806143
.17738762135110017
.17856718481137523
28.775885263912947
41.626758336043835
4.089032886262241
17.143535128804604
51.45045469934761
.2105871236960664
9.955698781759713
9.955698781759713
9.955698781759713
9.955698781759713
9.955698781759713
9.955698781759713
9.955698781759713
9.955698781759713
