.005708009199397699
7.16198161154606
1.0178271859331631
5.036303788676856
.19973585686669412
6.2711256898025125
.004520827721780454
33.67452812167454
11359121250065328e-23
.6600448943334131
1.8349031778423925
.1307335627258354
87.94987845005124
10.754680216426783
21.494359106566954
16.68569771014108
25.221880565834454
55.340790239819434
21.205594643103915
.0071435896562154835
63.23601086342625
6.89965136678439
49.147470693259194
37431669954785933e-22
3.052491838345482
.41538343140040657
18924054192540702e-26
1.3332831645046157
6.031380360500329
137.80567839032943
8.548779087598495
.6064241467548733
10.488209142848124
207.38344139422674
100.3157830197313
7.497020388594614
9.78994988585294
6.171765835646929
10.276027643748357
32.50034623144899
39.08914251826169
.0003660968743239707
.31556149535520295
.3124112848885348
49.79687434290341
262.07343454327696
17671863395051176e-23
21.984168173982106
6.6933577105481605
.08760447378929245
1.366917156932566
1.4306743835651459
35.75838530341157
101.99219682309648
1.7357883626373776
10.37573148173128
16.850928890194332
.00043990848764456614
.0004098283127783466
4.550850338447334
.00012151274500253618
23.357403183118155
4.4548942305142605
9.112293368277893
8.548150485553405
.5928296020964058
38.929718043526165
1.6135742844062104
21.704678980897338
.013500465964078908
.08109532221722675
7.50702503542268
2.2179448633315806
12.953827206483135
7.484480451099661
148.75044936331258
34.0794363171562
9.466816709034822
11.660267629664974
20.322247907364062
28.298811397410965
21.928436001603412
7.765842526524217
1.2717151304537602
.0002711963723046166
13.772704138199197
15.26887007716407
.06356017033499868
4995669975191436e-24
14.657231840347901
4.296082037956614
.005989647942364326
41.852476181632916
.2643961494128156
3083092087183603e-23
5.406546810437507
.15006170654259654
12.544603706456876
17.540200995031693
.609512667088952
1.6980230496372306
1.7983445063529353
.8658220520528331
5.201102839611483
.0013525226124432395
.69056734619018
11.327019657528332
4.365923670244027
.8824127904165953
5.872502119189127
1.2492515808550138
.2304907080604684
.05229516661260791
.8568436430867419
.00031535291530213847
.38830088834873794
97.1250912102315
11.762421003895765
.8963596656438044
.011049891536122515
.008326020166396069
99.87217850451638
347.4214076345271
16.01580048187482
29.602229072333273
79.21586723627041
.0006217308613524507
46.49308393668104
9.64990388603343
.02551664971160882
.058973886028403054
14.371444982462036
3.1549443855604413
.11605048475862276
.1517062772482815
.31992694582244297
.409837209336747
6.339860018832527
.43660818460101436
2.3958937501544018
.001977297793585728
10.40884102297124
29.05276583567286
3.1153970665060164
3.8261208430075766
.6538265646374107
31.5275266905209
4.670563753369617
24.805114661515326
11.242381653512036
1.5973919327504191
15.56494615601907
7.225962182794973
.001977297793585728
1.9977180990786785
7.909191174342913
2.3543082741089463
1.9886165009958796
11.957253905426603
.09997146402628641
10.323113332975272
1.7018084754453924
2.6002463881204614
20.592566495706613
13.142570886647086
.620146258570282
16.51865826299339
14.264377097926177
2.0878416832008835
5.101074316501383
17.0768503234261
25.43548878680608
12.290746502910785
8.591361727099507
37.223339381287154
.001977297793585728
2.0509541371424937
28.80958135690377
6.8655815512815614
37.4798610546306
39.51809372566638
4.2169182811575965
6.9679435825664315
16.99656367497388
.03995436198157359
5.733876155197385
7.9590326992408285
15.881831633244255
3.0933168284111257
6.2558088052874625
20.88972800271804
21.08718148911846
17.957142225768767
7.866659611445384
.44951548938670755
14.831525152583348
19.2899880217449
1.525184763806393
2.133455803998992
33.80711611867679
27.461778024503467
9.07428104654765
.39988585610514565
.09971500641953404
.09988590495393396
3.538466499904549
7.445561523552879
1.9413478765643064
14.799806380665494
14.750046447491028
8.18354168862476
5.561182495532926
41.239180707118294
8.123384177718279
13.441784707746718
17.996781317684
9.544483202655721
11.555644225735708
.0012903891666219073
24.548212098732662
4.805033026467491
3.4675668262069674
.0001396143920833823
41.56585246737764
3.801307209698291
1.3094365673803114
.6685124948595873
1.5078260567958568
.001977297793585728
19.22199261499975
8.584342797105608
4.625827077934543
11.861905810237122
.03995436198157359
7.237563100637807
.5934362110466893
6.467146331581018
5.703652923286101
.0012903891666219073
4.358114693546439
10.49066829863036
3.0965179652855195
6.946832714677024
9.261206008349404
.5993154297236035
.39954361981573583
.18458362000536077
6.286195916405155
.002949065262841892
2.4680984447878807
22.667785849491665
46.869303635736934
11.226917652319035
.17693832018850042
.17816007325433428
28.702999463847323
41.52132284526275
4.078675865768292
17.10011264979636
51.3201369864394
.21056597149665013
9.943082504979394
9.943082504979394
9.943082504979394
9.943082504979394
9.943082504979394
9.943082504979394
9.943082504979394
9.943082504979394
