.006490727105875124
7.161458707940244
1.00923242879998
5.036131142937717
.20008438412079235
6.282098221465543
.0045258819266112485
32.969012195327004
11119610225170407e-23
.6570094625640103
1.8314931211014838
.13875110503488058
87.80524410340111
11.438414084434024
22.590987719678136
17.479224646127598
25.66081007845425
54.22299877725913
21.1451237297864
.007131800125260844
63.202662442288116
6.880730278348739
49.148793292523656
36996708681414597e-22
3.0679265117182584
.500378724068124
20142804534169016e-26
1.3336179458381645
5.975086088819461
136.7160586628628
8.859763476398726
.6147744718268396
10.472336941921355
206.8188775659683
102.61763860676233
7.842691294619022
9.581612095594439
6.161348234763077
11.057623916397716
32.45273476768734
40.73464091650954
.00037587284759079656
.3153079330214023
.3077366098460658
50.060389544027935
261.48618563661176
17628236810369158e-23
22.2014300847998
6.73149339274279
.10699950126880008
1.3834683382606585
1.6044834202117761
35.68737659479753
101.11773088124788
1.921808128666149
11.204034044432316
17.588914385755956
.0005180433693084387
.00046499197953534134
5.053530336601845
.00013416406975001136
23.309152915205484
5.06343183982077
9.350267222690881
8.412252181341202
.6561899892435954
40.42267879400077
1.8177431314255068
24.277391814898838
.021806273056585657
.1007495827883906
7.485414496237074
2.2199228197733696
13.388059909587822
7.754363219313507
148.18073186348255
35.39178636820594
9.794594017554186
12.134999048560026
19.924502937346222
27.841368489642782
21.8453251131738
7.56738427274489
1.2248673944916741
.00026652421388942416
13.35384636379231
15.156665326845175
.06911219474423289
416611653591605e-23
14.138131563758376
4.586794445337846
.005926612742389098
42.35254950246147
.255278552149752
29041703325531478e-24
5.260953525818946
.14518653739834242
12.455742113853422
16.44305654656216
.6503512711103675
1.6573087742791863
1.7785264263307747
.8471940332559772
5.069999551852458
.0013647497735234657
.6836091317314069
11.267521475403232
4.279580770067572
.8877562556125042
5.662497415581343
1.3600914030352904
.24801218644872264
.05659182294386759
.8515052236483455
.000311941509519742
.3778696390109859
96.44227133088708
11.42916511010871
.8894629369451974
.011031834876521195
.008999512773519396
99.71595732002245
346.87796716259675
15.990748386693138
29.55592493279625
79.09195688610413
.0006129386777663339
47.03422007810939
9.804839469440529
.021720422044004803
.05031701066638479
13.485046681288587
2.971731168760151
.11166925968992684
.14639762841802587
.3199169294772727
.40942039842335337
6.337379343292419
.4361641471830523
2.395331223519172
.00197420488214596
10.402651635358822
29.02321871406286
3.1140059483671343
3.8201359817673213
.6530699262357738
31.478210978803105
4.665251593760115
24.779887468221602
11.216013779966561
1.5971418908681352
15.540599292242915
7.214659251506121
.00197420488214596
1.9974053936095162
7.8968195285838405
2.353939751105752
1.987060584231646
11.945093189394827
.09996755163009283
10.312614563709431
1.7000777093536086
2.5941477721810515
20.571623530415383
13.122013129502392
.6191762188202335
16.492819592016783
14.242064598893174
2.0874374577860024
5.095304980947383
17.050138522152732
25.395702309270927
12.271521179044315
8.577923022492072
37.16511421531963
.00197420488214596
2.0493494466840487
28.780281557748662
6.860632659314142
37.421234634577516
39.45627907915313
4.210322130170796
6.9570442468729965
16.969977458978697
.03994810787219034
5.7249071616486376
7.946583090808135
15.856989093641834
3.0917050481298056
6.24944654895069
20.84073325024022
21.054196682746987
17.938879528574496
7.860504645134969
.4493396018945375
14.808325514186723
19.259814405601198
1.524946024608232
2.1301186284436286
33.75423464754572
27.397369190806046
9.065052359436681
.3998702065203713
.09967598969413759
.09987026968047584
3.5301673832146934
7.428098709108507
1.941043994800994
14.765094925818113
14.726974259000984
8.175218897505939
5.5481393022554855
41.14245836344438
8.115122567737961
13.420758916978958
17.978478306907338
9.52955361472014
11.543891953089759
.0012890768204636771
24.52324617940188
4.797516939783819
3.464040255990408
.00013959912386810551
41.50083469361736
3.7974412202418235
1.3073883319794328
.668407851710265
1.5062925738869017
.00197420488214596
19.19192535803576
8.575612384930647
4.62112253875257
11.849842064723738
.03994810787219034
7.23020238468036
.5925079514532821
6.4605691416429
5.697852218200093
.0012890768204636771
4.3478931745945175
10.466063493026791
3.0933687576195315
6.935966400840494
9.251787215600661
.5992216180828548
.39948107872190336
.18455472688599622
6.28373623868296
.0029421485273738632
2.462309768536206
22.644732353349067
46.75937640594524
11.215499699788976
.17666155127871877
.17790924163885755
28.658101909374054
41.456374725238035
4.072295955121922
17.07336446133054
51.23986145116559
.21055291607941562
9.935302921158225
9.935302921158225
9.935302921158225
9.935302921158225
9.935302921158225
9.935302921158225
9.935302921158225
9.935302921158225
