.010043944243859406
7.159115662886998
.9849134851542594
5.0293009711903744
.2005558471586697
6.304669289228451
.0045447448528552975
29.687460022431672
10527816300485442e-23
.6427537216797038
1.816123030981187
.16267049872767153
87.14681274881927
13.806018998524621
26.19154053300668
19.90482677426958
26.688294174229334
50.36955971164298
20.859019136649298
.007078468432038755
63.049428197657306
6.793170075319365
48.99097457839844
3590598263664345e-21
3.1169578187042117
.8765968998875809
2438653994791053e-25
1.3344319865082237
5.704336411964368
131.66982105753974
10.112484339565686
.6462565904148484
10.406781432847138
204.32294560777737
111.87621701331011
8.948487987010084
8.616913857465613
6.117755189470548
13.910728384641276
32.28089986083778
44.871695622806406
.0004132526307089271
.3141594837777586
.2870045382790199
50.95826460447379
258.7646637824148
17394574097919798e-23
22.998694429460194
6.794300024167545
.20297280610147714
1.4387544781185007
2.3341325940832935
35.366942026753534
97.0939666814719
2.6499476092076937
14.06530213395251
19.860336119235562
.0011168147916490608
.0008462973275188628
7.0506478331836275
.00018474264082286507
23.0884416536296
7.595708339627027
9.924092041003883
8.043308434760943
.9181980238136459
44.791561963565684
2.633207250767167
33.58604842641181
.08442212207018253
.19851386153786263
7.348316497770462
2.2074274567492935
14.56312615957133
8.524035936312849
145.62273261428575
39.356012655448176
10.67214338092039
13.575681252681532
18.8499386749644
26.611702911398734
21.45585098099672
7.0326698971559365
1.080335294027248
.00025181105166810193
12.174230608056451
14.651668079078423
.09074942538629532
4974259315476e-21
12.888620827753524
5.530406282359939
.005784044296124185
43.48475931157097
.22827080260975563
2451278677872268e-23
4.899460823418924
.1296146087080324
11.991071374583875
13.551435686732614
.7727182880470199
1.5247937091929298
1.6860882264346992
.780071383502017
4.685690467575687
.0014128320847417825
.6512497478952706
10.961374486770811
4.049899351015186
.9084506763382475
5.041905162867909
1.7423857358325887
.3023232039548638
.07126740921006901
.8456697886727054
.00029362281117583
.3467776295877002
93.20044165243691
10.255655661218468
.8894965804723437
.01091399407785266
.011057324451750034
99.00984436927187
344.42163989536243
15.877514007447296
29.34663223855394
78.53188749943365
.0005896383820063904
48.208807135855615
10.216935952493895
.02703753532759013
.06310150989921075
11.089489029612464
2.4704935143447684
.09869070423970143
.1307155719316853
.31987146333570876
.4075335721286427
6.326130296383703
.4341540715129484
2.392779244335056
.0019602250571291433
10.374600606978149
28.889464332410853
3.107698650995787
3.793084669591707
.649646094169801
31.255306109452487
4.641212443497945
24.665688607014236
11.097089952852443
1.596007295674543
15.43055252823843
7.163570494303587
.0019602250571291433
1.9959864548338182
7.840900228516575
2.3522675335383076
1.9800126553408168
11.890043865987119
.09994979288677162
10.265088567445064
1.6922428497877138
2.566641923203015
20.47681858090249
13.02909296246309
.6147916813935649
16.37602992443188
14.141213074934676
2.085603424595714
5.0691965088412285
16.929402343649773
25.21586916344421
12.18462355239742
8.517180662898772
36.90193900075152
.0019602250571291433
2.0420805846839127
28.64764675933252
6.838211542976591
37.15624576901663
39.17687956883399
4.180507814961404
6.907779724185859
16.84980892046411
.039919729096676376
5.684367701392429
7.890311402851242
15.74470189648846
3.0843987822910957
6.220645785428996
20.61975815101112
20.905106794379115
17.8562076594578
7.832624127437334
.4485420100216436
14.703464158938042
19.123430974640378
1.5238627167068484
2.1150347402616014
33.515212700929766
27.10687382757381
9.023275791340463
.3997991715470865
.0994990616891999
.09979932274169094
3.4927368821649187
7.349338291726847
1.9396650946546488
14.6085400542988
14.622688971779828
8.137543153844335
5.48931216704235
40.706223289072106
8.077723779830539
13.32572325834544
17.895623945622482
9.462072527409006
11.490691577719444
.0012831360709306314
24.410230057339714
4.763544555286173
3.4480761216529197
.00013952983344700846
41.20695718763229
3.7799405974722626
1.2981303971645657
.6679330208012232
1.4993507789815137
.0019602250571291433
19.05602266593548
8.536091415766816
4.599825955703032
11.795231709006268
.039919729096676376
7.1968817782131955
.5883122585151787
6.430795413264465
5.671593493842255
.0012831360709306314
4.301792295409643
10.355091417757658
3.079112874098364
6.886851135508525
9.209150074269436
.5987959364501454
.39919729096676376
.18442362087263772
6.27258240996577
.0029109528129536094
2.43620180300055
22.54037341909586
46.26358493272175
11.163812730054754
.1754105678593123
.17677500238685415
28.45516691836559
41.16281205110442
4.043459036834388
16.952463814302316
50.877019527588445
.21049366003576642
9.900063276704081
9.900063276704081
9.900063276704081
9.900063276704081
9.900063276704081
9.900063276704081
9.900063276704081
9.900063276704081
