.012454071080963419
7.157545378552975
.977963242575481
5.021936402872976
.2003557451666046
6.305606990740971
.004554021747931844
27.493040523546007
10419468569473195e-23
.632558572706017
1.8057935357205694
.1701892002522791
86.69718417326345
14.967157076949986
27.85174465870987
20.862019624050255
26.900503641040643
48.44431429981482
20.65138048004341
.007042466571408014
62.94369509127014
6.731880556313769
48.78440921459104
3572628471263578e-21
3.1338873610107143
1.1055424034869987
26581283260720006e-26
1.334436930104155
5.508418925993471
128.1490858683388
10.834897663981373
.6628942478375038
10.366039736493883
202.68885372385537
117.23327621749448
9.440496013281301
7.973675336325555
6.090382537318792
15.398854178018698
32.18938412302338
45.70596352186659
.00043337936675824044
.31338293445713655
.27332418091332616
51.37297189141155
256.8572216674214
1720368348546303e-22
23.391473167340436
6.792226874368434
.2726594786347589
1.4660984262672212
2.7788007759336772
35.15142608924702
94.3002614556211
3.055444292646531
15.427602881539423
20.8004614361016
.0019407182729278454
.0013070825021716892
8.18328225940595
.00021441255959524523
22.938424276403914
9.089235168945411
10.045752763847672
7.945944020780378
1.0822131952895901
46.42767776305072
3.0910569249081985
38.195209689109525
.14003696690427023
.26714389051426374
7.224069756962493
2.181726738987186
14.913088237722638
8.795029530320265
143.88900182624346
40.958822431380604
10.922007814133007
14.144120396673939
18.5586575333813
26.298361843086433
21.180418084658054
6.881013648683848
1.0197394924619727
.0002458338756053452
11.780587003679065
14.313438361156916
.1032600316577943
5681346624522681e-24
12.633416658111214
5.934203814466954
.005823632380922449
43.69816596597153
.21801990129984203
23336177892571296e-24
4.823264001665652
.12273423883898417
11.642380097594108
12.627753567506845
.8158694683557702
1.4623257925104038
1.6210738572706171
.7450713465654918
4.5471530902539135
.0014395444436410404
.6285623050416776
10.723103426681249
3.9905504662677784
.9197041822726811
4.804465616588948
1.9158571168432317
.32199998590559875
.07794517435395629
.8532623071013029
.00027917366887192667
.3349019253975355
90.83802760284247
9.652379583115522
.9086447311298722
.010804393021334664
.011731920379185162
98.53374019743978
342.7654350940314
15.80116452214688
29.205514412069068
78.15425475494737
.0005829516281154336
48.523032660456586
10.374943056983145
.030721808490797215
.07188968135803964
10.314530318132475
2.3029095489657
.0937707828235632
.12480813214359583
.3198406275901654
.4062587004848219
6.318511499671325
.4327959239818623
2.3910497991961175
.0019507990113316349
10.355616821148104
28.799090529118548
3.103427720377802
3.7748450344644215
.6473339511936133
31.105010129033623
4.624977369468472
24.588527879331977
11.017143141717526
1.5952381650565666
15.356352326438614
7.129123356049024
.0019507990113316349
1.9950245705744916
7.803196045326541
2.3511339541451433
1.9752463197473655
11.852848697772245
.09993774902855687
10.23297668456977
1.6869490713822088
2.548151054159232
20.412761734669914
12.966440550936406
.6118353603713094
16.297283248131798
14.073212861595968
2.084360327657256
5.051563469954863
16.847994690362555
25.094614751001025
12.126031902825046
8.476224480494025
36.724490311493675
.0019507990113316349
2.0371648376308724
28.55802942467981
6.823045149556097
36.97757420627517
38.98849147549937
4.160405195633406
6.874562595467672
16.76878400448014
.039900491411489845
5.657033538874542
7.852369618376348
15.668991058794253
3.0794528141413546
6.201185977794809
20.471207141913208
20.804581350461866
17.8003487698642
7.813769240288996
.4480018140042979
14.632760274177404
19.031472994857968
1.5231283532260618
2.104864268124986
33.354049609639176
26.911587664123907
8.995048623746223
.3997509961142275
.09937923122593616
.09975122852872462
3.4675741433704452
7.296391423415278
1.938730352177617
14.50329568864619
14.552373507017538
8.112086789690046
5.449765492649003
40.412963275939504
8.052454546329765
13.261644454097292
17.839641751572582
9.416572686123777
11.454745687951862
.0012791220855712195
24.33386847084096
4.740638313488429
3.4372896373633663
.00013948285372803373
41.00880715163823
3.7681159542707854
1.2918881360883137
.6676111377255957
1.494660417443248
.0019507990113316349
18.96438882944604
8.509388288370015
4.585436496579931
11.75833313802581
.039900491411489845
7.174368048963723
.5854832678991106
6.41067820260925
5.653851265434393
.0012791220855712195
4.270800875348716
10.28049018974405
3.0694806033855295
6.853734645150525
9.180341443284624
.5985073711723475
.39900491411489847
.18433474543085515
6.2650281029875385
.002889981423539934
2.4186506642553005
22.46986123340514
45.930287996069474
11.12888940284975
.1745670789752194
.17600977313844746
28.31833584094783
40.964874293836786
4.024015437782873
16.870945266361577
50.63236949908093
.21045347649303314
9.876231598736826
9.876231598736826
9.876231598736826
9.876231598736826
9.876231598736826
9.876231598736826
9.876231598736826
9.876231598736826
