0
7.165924944311085
.11024159951702348
.5000174574752617
.01664260421815088
.5684395838995224
.004473486048944567
37.81982130717505
14214377677884777e-24
.6765372303804276
1.8600802113751278
.013767769692739136
89.00377090739727
1.2106100776410975
.29076439634941514
1.7761026612663322
12.103594054574643
65.87113795860282
21.628777366159163
.007230026107450956
63.4750005591681
7.020450024131859
47.83001122463821
4206165330729966e-21
.28559457876666405
0
0
.13282677971244766
6.768960023154492
14.502772132262393
5.786837196254463
.5218884433734099
10.638204466762806
211.68793748895462
79.58953830673649
1.093245291390012
11.042902861226887
6.266626820788575
.9951761020905261
33.085703394920735
5.250391800650984
.00027001229544313104
.31741693517566916
.03410537675363419
46.42281736955418
266.25229174981666
1788942510334225e-22
19.791297479119656
.39249149027918845
0
.9489622097845105
0
36.28101451461751
106.9500296104729
0
0
1.861473288960962
.00013632789708445752
16930508226378187e-21
0
0
23.694768252971105
.018801888609267212
3.490181172377541
10.007921406073894
.0033215470900819265
4.798823756412586
.0007348587577934005
0
0
0
8.312469170053804
2.446990308871484
.4544846044900731
.9767541065489062
153.18038205841106
.42060419356780226
1.32191572293843
1.4988975033669782
2.4711393782034947
33.252288702735
2.262782330864275
10.120759488531176
.1785382186604924
3180158675762612e-20
1.8812254417451006
16.096286774808487
.00010241311033517928
543439792865303e-19
24.253113359920153
.008112105890189446
.38374997090946694
23.809093889882114
.03725844346313916
0
7.353139090499391
.019767856625992144
1.1416613806679752
3.5359990257089855
0
.20609651329552123
1.9365814982086944
.10369131036851512
.6656656189948822
.00012397769409388414
.7969351391262635
12.577110724044788
.5342096856548487
.8318489567182746
.831073060630162
0
0
0
.9340699308467912
.0003654847782693807
.5104924740991307
10.142765136880817
16.590811763135548
.0989485776292869
.011061989370262752
0
101.01885394147271
351.41030224334213
16.199684775686713
29.942104996386174
80.12537867916856
.000682324264358284
2207.464898299482
580.4916319003833
236.40569968415767
513.5099111856958
6496.8608916586045
2436.3092028588267
0
0
.32
.4128896815931508
6.3579798532616385
.4398600473895839
2.4
.002
10.454088927984891
29.269151170300493
3.1255606730386796
3.87005018204072
.6593709588095927
31.88950778460876
4.709486274158722
24.98986344126554
11.436554282299808
1.5992165596208148
15.743653997401015
7.3089265625397415
.002
2
8
2.35699749148263
2
12.04631167026001
.1
10.4
1.7144835645750898
2.645156505232482
20.745940168189943
13.293466395685108
.6272664244930746
16.708316083272052
14.428152546570612
2.0907918849239793
5.14334547523182
17.272916986831923
25.727524573504063
12.431861849825017
8.69000284627793
37.65071655067652
.002
2.062694477407178
29.02415545073207
6.901779696645663
37.91018345968293
39.97181795666938
4.265334533662157
7.047945539786828
17.19170853283712
.04000000000000001
5.799709253505308
8.05041377688238
16.064177773084324
3.1050962507756457
6.302402141335231
21.250524631578447
21.329292489501984
18.0908872279299
7.911690974610579
.45080024113466594
15.001812271976641
19.511464670947205
1.5269269117697715
2.157950927695195
34.19527015945262
27.93608371830976
9.141866396316702
.4
.1
.1
3.599581071828845
7.574157429508249
1.9435653883895132
15.055421018119663
14.919398074826743
8.244492801394818
5.657232376919835
41.95144260799883
8.183887236654103
13.596115619358216
18.13082155225835
9.654067519437524
11.641710797048294
.0013000000000000002
24.731047465235783
4.86020167731418
3.49339330387441
.0001397257868060291
42.04308789724596
3.829619389586615
1.3244707718059159
.6692761057407414
1.5190563626368043
.002
19.44268857969204
8.648279081148804
4.66028029129984
11.950253421359164
.04000000000000001
7.291468553987008
.6002497074257327
6.515313711959196
5.746133795963974
.0013000000000000002
4.433385807148975
10.671857721304805
3.119580866762391
7.026592288943291
9.330183577387308
.6000000000000001
.4
.18479446133114402
6.304162374474556
.003
2.5107261706471755
22.83661577962819
47.67880612167686
11.310535864325931
.17896982514468088
.18000000000000002
29.032550946001848
41.99804701138716
4.125504897642984
17.296446397976496
51.90936555223986
.21066120325526153
10
10
10
10
10
10
10
10
