20203417591229604e-21
7.165913274239202
.11098116389453422
.5000944696323493
.018757241112483107
.5750576137647431
.00447362679226438
37.81156346534652
14549861042114246e-24
.6789722856525521
1.8599900090809216
.014505147245192692
89.00003685943447
1.2745616621554767
.3053304041996705
1.8141177375037396
12.171100816349004
66.58200096041351
21.627619210297013
.007229718717605898
63.47416713585029
7.027504969352986
47.321773210083265
4255305828507107e-21
.28637248952760724
17688445499013186e-21
11440486755028744e-29
.1328296663491018
6.602492665683512
14.527948191729509
5.787559884629834
.5222862668338912
10.63749231795747
211.67259008678306
79.678136777414
1.1487435271454045
11.04020051897537
6.266194672496885
1.0487297823710124
33.08235597732049
5.522896537482038
.00027002960938271597
.3174103482070229
.034458270946429254
46.442221972847285
266.2377683990796
178888728968229e-21
19.80116339516137
.6116356709956959
35647409044773176e-22
.9504077038845345
.005586852092146178
36.279090003790074
107.62957997371592
.007373125439835793
.005718622350819732
1.9374297857833997
.00013659224968951694
16956835319446535e-21
.018838402602883712
55283522023261e-20
23.69191755712997
.03025220194357611
3.5133045429162295
10.150066608837223
.005499254048903342
4.951569224460475
.0011821210834967158
.0155487635205061
3249767164674392e-31
25524873023589052e-22
7.963331983819857
2.3043637408439492
.4552926279060432
1.001225277590501
153.16469826587206
.4387052955396597
1.3163933849042873
1.5176360641212903
2.5184295551731606
33.73860925141316
2.256005727200894
10.370223879636876
.184365184641333
321448404014321e-19
1.9313670837122494
16.093303788363755
.00013761937325334933
4584272575477471e-20
24.352193833156555
.010821542943571912
.30098202735040336
23.91912727032565
.03821857143017659
42734667051990693e-26
7.556740476747691
.020400025331472095
1.2596736281365328
3.5392415684057763
.0035259084760994285
.21146114341020808
1.9365021038986296
.10471893043183665
.6789536786349377
.0001239784251263652
.7715086803020629
12.164158913327231
.5444242628804277
.83185332565583
.8586491739836738
.005955676017866359
.0012415323283711656
.00026416682736916974
.9442498193447778
.0003491813427355393
.5182148288540698
10.166474231133543
16.043567376300384
.1014038012968746
.011064246554830424
4356608717159425e-20
101.01477217199796
351.3961031528868
16.199030210957073
29.94089515519896
80.12214113179907
.0007001939011936057
1667.9630837739548
408.1676237655948
186.5693157487961
402.9372067119965
1995.1413581500954
497.64573362069524
.0012971604872250206
.0016694761140247972
.3199997413963596
.4128788374185217
6.357915627125975
.43984849486265243
2.3999854535835463
.0019999191879670874
10.453928427305938
29.268382442476366
3.125524640689298
3.869893808729377
.6593512518286806
31.888219256632425
4.709347938035216
24.98920710506923
11.435861130921413
1.5992100977059134
15.743017859058511
7.308631237932778
.0019999191879670874
1.9999919186493385
7.999676751868347
2.356987967621011
1.999959593574184
12.04599528476235
.09999989898296323
10.399726853391662
1.7144385352125213
2.644996186500772
20.745395294805938
13.292929259663161
.627241079155604
16.70764096677743
14.427569562401377
2.09078143537888
5.14319524105129
17.2722190570639
25.726485026722756
12.431359527810528
8.689651717879917
37.649195235204
.0019999191879670874
2.062652804351486
29.02339315749927
6.901651237857438
37.908651660186194
39.97020285473523
4.2651621884848
7.047660760383361
17.191013884379228
.03999983837298676
5.79947491035777
8.050088491730829
16.063528683652862
3.1050544786756236
6.302236614434342
21.249236671054987
21.328430657758645
18.09041208711374
7.911531133033355
.4507956873049728
15.001206108503101
19.510676290384616
1.5269207419538673
2.157863733494499
34.193888464803834
27.934390556675737
9.14162629345132
.3999995959318529
.09999898983423755
.09999959593246689
3.5993629069410664
7.573698371864414
1.943557535072795
15.054508532980048
14.918795241382615
8.244276267236536
5.656889501056778
41.94889999773778
8.183672294246247
13.595566254486757
18.130345362603222
9.653677437026458
11.641405038027195
.0012999658566739585
24.730397926607342
4.860005295925226
3.493301553053974
.00013972539236929574
42.041389103544496
3.8295188080916653
1.3244172552181135
.6692734014132912
1.5190164659932153
.0019999191879670874
19.441902978097335
8.64805194190852
4.660157893246432
11.949939558744667
.03999983837298676
7.291277050149962
.6002254537261765
6.5151425931281715
5.745982878948839
.0012999658566739585
4.433117106681394
10.671210916969605
3.1194989337880474
7.0263083723396305
9.329938528541222
.5999975755948015
.39999838372986757
.18479371463672287
6.304098691984638
.0029998181747680416
2.5105739995243885
22.836015996537224
47.67591638501601
11.310238803315375
.1789625936869808
.17999345421207086
29.031377856270556
41.99635003760848
4.125338202424198
17.295747517478706
51.907268101561115
.21066086610786203
9.999797967870915
9.999797967870915
9.999797967870915
9.999797967870915
9.999797967870915
9.999797967870915
9.999797967870915
9.999797967870915
