20203417591229604e-21
7.165913274212789
.11098116982190759
.5000944696044354
.0187594456463099
.5750576543536846
.0044736267924772154
37.8115634655398
14549863763005182e-24
.678974033767635
1.8599900090822816
.014505147302598616
89.00003685943373
1.2745616670993256
.3053301137544264
1.8140851461104857
12.171100953052076
66.58200672199823
21.627619210324465
.00722971871760557
63.47416713583905
7.027510201306431
47.32133696648281
425530622220564e-20
.28637296681153035
17688486146305714e-21
11440567069335148e-29
.13282966635966165
6.60235959016151
14.527966575945625
5.78755988485928
.5222862668347118
10.63749231795018
211.67259008680816
79.67813677758885
1.1487435314270857
11.040200519033037
6.266194672493127
1.0487297865154674
33.08235597727776
5.522896558601727
.00027002960937495243
.3174103482070225
.0344585249709333
46.442221972853005
266.23776839907606
17888872898148108e-23
19.801163393345945
.6116357666682477
35647421929292694e-22
.9504066804189717
.005586852088040443
36.27909000395039
107.63007034441138
.007373121032494199
.005718618936473446
1.9374252919068293
.00013659224966166463
16956836174398804e-21
.018838391340542316
5528348900611696e-22
23.691916228834042
.030252207103693023
3.513304589762648
10.150067755435366
.005499256252039379
4.95152464518595
.0011821212850890472
.015548608227412502
3249867372436166e-31
2552493173191811e-21
7.963056473875072
2.304252779838101
.45529088301444826
1.0012111096200347
153.1646982545068
.43870528755688676
1.3163443831990453
1.517599306373434
2.518431456175779
33.738607529761815
2.256000908241417
10.370225914106847
.18436605033571912
3214484697985072e-20
1.9313674925564654
16.093303788361037
.0001376196127311729
45842671861833304e-21
24.352195202131224
.010821543527855281
.30098129741647445
23.919127493401774
.038218579275873396
42734593614707003e-26
7.556742169315371
.02040017037516672
1.2597911470365215
3.539244642511634
.003525915979845233
.2114617900640277
1.9365021042921002
.1047191029334232
.6789537861789295
.00012397842512478866
.7714884949841032
12.16383082577931
.5444243453312203
.8318533256503277
.858652566699249
.005955599547093914
.0012415014727145926
.0002641666059806189
.94424990174895
.0003491684468649823
.5182122169588412
10.166491560553842
16.04295819119831
.10140382102600552
.011064246555420076
4356358752592133e-20
101.01477217199752
351.39610315288525
16.199030210957
29.940895155198827
80.12214113179871
.0007001940378365241
1667.9018127164782
408.14905022344095
186.56273712727278
402.9171002542976
1981.1210059260486
493.653156268407
.0012971093099696915
.0016693933214340447
.3199997413963596
.412878837418521
6.357915627125974
.43984849486265165
2.3999854535835463
.0019999191879670787
10.45392842730593
29.268382442476312
3.1255246406892967
3.86989380872936
.659351251828679
31.888219256632286
4.709347938035204
24.989207105069184
11.4358611309213
1.5992100977059134
15.743017859058444
7.308631237932746
.0019999191879670787
1.9999919186493385
7.9996767518683125
2.356987967621011
1.9999595935741818
12.045995284762327
.09999989898296323
10.399726853391643
1.7144385352125182
2.6449961865007463
20.745395294805903
13.292929259663104
.6272410791556013
16.707640966777358
14.427569562401315
2.09078143537888
5.143195241051278
17.272219057063825
25.726485026722646
12.431359527810475
8.68965171787988
37.649195235203834
.0019999191879670787
2.0626528043514836
29.02339315749922
6.901651237857432
37.90865166018603
39.97020285473506
4.265162188484782
7.047660760383331
17.191013884379153
.03999983837298676
5.799474910357745
8.050088491730794
16.06352868365279
3.105054478675622
6.302236614434331
21.24923667105478
21.328430657758553
18.09041208711371
7.911531133033346
.4507956873049727
15.001206108503036
19.51067629038453
1.5269207419538673
2.1578637334944895
34.193888464803685
27.934390556675467
9.141626293451305
.3999995959318529
.09999898983423752
.09999959593246689
3.599362906941031
7.5736983718643405
1.943557535072795
15.054508532979902
14.91879524138255
8.24427626723652
5.656889501056723
41.94889999773738
8.183672294246232
13.595566254486698
18.13034536260319
9.653677437026415
11.641405038027173
.0012999658566739563
24.730397926607296
4.8600052959252045
3.4933015530539677
.00013972539236929574
42.04138910354431
3.8295188080916582
1.3244172552181077
.6692734014132912
1.5190164659932124
.0019999191879670787
19.44190297809725
8.648051941908504
4.660157893246423
11.949939558744646
.03999983837298676
7.291277050149949
.600225453726174
6.51514259312816
5.745982878948828
.0012999658566739563
4.43311710668135
10.6712109169695
3.1194989337880417
7.0263083723396
9.329938528541204
.5999975755948015
.39999838372986757
.18479371463672287
6.3040986919846365
.002999818174768012
2.510573999524364
22.83601599653718
47.67591638501555
11.310238803315354
.17896259368698003
.17999345421207022
29.03137785627043
41.996350037608295
4.12533820242418
17.29574751747863
51.90726810156089
.21066086610786203
9.999797967870904
9.999797967870904
9.999797967870904
9.999797967870904
9.999797967870904
9.999797967870904
9.999797967870904
9.999797967870904
