22295848348253285e-21
7.165912065050214
.11104347563213363
.5001025750422702
.018834676794407205
.575660733112488
.0044736413119833
37.81070350013027
14578673339545276e-24
.679101073815824
1.85998066682529
.014581311402931809
88.99965013511309
1.2811623036591775
.3068484944360673
1.8195359423035775
12.178126387414615
66.6420612849691
21.627499140174066
.00722968688255857
63.474080820883934
7.027864270929235
47.29112602673962
42594733504619715e-22
.2864192922113426
20272563473355223e-21
12651643838112707e-29
.1328299633182515
6.592211402135306
14.529252774863549
5.787634745024131
.5223274147926571
10.637418683615712
211.67100077024193
79.68730486254782
1.1544592956954431
11.039919332896996
6.266149980911937
1.0542629428326336
33.08201011462671
5.550994610992365
.00027003140594147315
.31740966601477855
.03447713954510581
46.444226867009235
266.236264152018
17888814205119797e-23
19.802184649204353
.6335164008807378
4095879108505279e-21
.9506254362038358
.00616532801595136
36.2788906174857
107.66554250528304
.008138516001240437
.006311474655021686
1.945465200236936
.00013661977914330254
16959514265496566e-21
.02079424526740479
6101934068763178e-22
23.691709271305296
.03143649144122328
3.5157137811741173
10.162142817400197
.005728431395818828
4.969306189076983
.0012283693355429363
.01720675559151997
5318692605618659e-31
29257614285882363e-22
7.942249639114754
2.295925138137577
.4554924844231831
1.0043893572600713
153.16307578302838
.44057277266333816
1.318220156495078
1.5212888035621794
2.522399711686304
33.780183206900425
2.255609982924101
10.391650544576462
.18483126889776103
32173686485233376e-21
1.9356845727875243
16.092994863398765
.00014127143570817578
450338053813004e-19
24.359100033918555
.011102885908158605
.2928859080309097
23.93056663682665
.03830110845510504
4712958863694068e-25
7.574225041498841
.02044830378794539
1.2640704045780542
3.5393608668535985
.003888975645867858
.21189649412430905
1.9364937724930678
.10479831000648894
.6800893613789085
.00012397850103887734
.769951314711248
12.13892212344428
.5452972729492954
.8318537805590728
.8608894430929344
.006561999807860508
.001366617578000738
.00029142690215160186
.9451103984056292
.0003482034361038727
.5189447666133322
10.167703002504869
16.01534011206029
.10161538222162948
.011064484552342373
478383701941837e-19
101.01434944004966
351.39463261193396
16.198962420400758
29.940769856961182
80.12180583243547
.0007017514909737493
1620.1237283359724
393.93172880751587
182.42490535035395
394.017545126588
1464.2100414028948
351.40313246996567
.0014233457409367617
.0018304886508364157
.3199997146132687
.41287771432355663
6.357908975380349
.4398472984060042
2.399983947043005
.00199991081859975
10.453911804686607
29.268302827901874
3.1255209089088973
3.8698776137935833
.6593492108465255
31.888085809129997
4.7093336110492325
24.98913913052043
11.435789344903922
1.5992094284587743
15.742951976846745
7.308600652387157
.00199991081859975
1.9999910816805926
7.9996432743989985
2.3569869812543938
1.9999554088015936
12.045962517772551
.09999988852082055
10.399698564509286
1.7144338716717622
2.6449795831387406
20.745338864088517
13.292873630711437
.6272384542440416
16.707571047759988
14.427509185147048
2.0907803531417124
5.143179681823961
17.272146775370278
25.72637736517084
12.431307504401277
8.689615352966927
37.649037678865334
.00199991081859975
2.0626484883978304
29.023314209333925
6.901637933753555
37.9084930180606
39.97003558532142
4.265144339409036
7.047631266960765
17.1909419425173
.03999982163361185
5.799450640409174
8.050054803295772
16.063461460150485
3.1050501524481713
6.302219471365797
21.24910328380432
21.3283414014167
18.090362878365582
7.911514578719587
.4507952156758388
15.001143330664286
19.510594641077056
1.5269201029588162
2.1578547031524944
34.19374536841526
27.9342152048919
9.141601426799092
.3999995540832822
.09999888521381126
.09999955408402961
3.5993403127589896
7.573650829695306
1.9435567217210523
15.054414031726449
14.918732808421145
8.24425384151662
5.656853991219433
41.94863667305813
8.183650033378612
13.595509359043769
18.130296045230313
9.653637037807773
11.641373371586099
.0012999623205636618
24.73033065605996
4.85998495751864
3.4932920507277943
.00013972535151827303
42.04121316652119
3.8295083912020056
1.324411712726905
.6692731213316998
1.519012334031026
.00199991081859975
19.44182161659596
8.648028417855665
4.660145216888643
11.949907053041457
.03999982163361185
7.291257216736859
.6002229418710288
6.51512487092209
5.745967248977388
.0012999623205636618
4.433089278796942
10.671143930869935
3.1194904482634125
7.026278968273634
9.329913149650281
.5999973245041778
.39999821633611843
.1847936373031286
6.304092096543087
.0029997993440916723
2.510558239967065
22.83595387900475
47.67561711029343
11.310208037698194
.17896184475487636
.1799927762904355
29.031256364228756
41.996174289067035
4.125320938491228
17.295675137321943
51.90705087728684
.21066083119015747
9.999777044007963
9.999777044007963
9.999777044007963
9.999777044007963
9.999777044007963
9.999777044007963
9.999777044007963
9.999777044007963
