2648070986230065e-20
7.165909645562282
.11116137977617707
.5001188489059191
.018926312576509632
.5768287358971259
.004473670329847396
37.80898090435577
14633433216102771e-24
.6793047968549248
1.8599619823925584
.014733526727796825
88.99887668882235
1.2943510203074968
.30988728846404767
1.8312582266236168
12.192196199687846
66.7557611935753
21.62725894244392
.0072296232128504995
63.473908190146304
7.0284214939739265
47.24249769495073
42673714580226755e-22
.2864981868685953
25862590201332875e-21
15084498248760784e-29
.13283055662118395
6.575549205888094
14.531295096759012
5.787784467204054
.5224096803859584
10.637271483402323
211.66782225156564
79.70563658605877
1.165873032082805
11.039356222587509
6.2660606345075305
1.065321938783209
33.08131885585311
5.6071215687812055
.0002700349999700766
.3174083016347892
.03450707612685458
46.44823395647114
266.23325560707696
17888700101668185e-23
19.80422676563876
.6768424871197205
5250316409748804e-21
.9510871263580357
.007322194440504516
36.2784918270991
107.72238028770582
.009669745437503135
.007497082737511058
1.961640985908726
.000136674911818754
16964852128092144e-21
.024707224710974994
7249261132314732e-22
23.691326041119453
.03380441817029701
3.5205402172522855
10.185036332787156
.006188355895847013
5.005953169030288
.0013208339379776357
.02055748106454483
125766705049367e-29
37334883447121544e-22
7.90824827506416
2.2823685538875376
.4559369893984508
1.011097461198377
153.15983135148485
.4443032599225273
1.3232371837970678
1.5296008202384446
2.5298994719338945
33.859111137339454
2.2549936412140306
10.432370916305105
.1856985844527258
32228214671138345e-21
1.943894733085473
16.092377022952714
.00014857542173182009
43451279512936906e-21
24.371335705528807
.011665892271656748
.2770107827969944
23.953468964787916
.03845799261073806
5588808347033042e-25
7.607442682401475
.020536849703402256
1.2694756909734157
3.539504863205507
.004614277081686117
.21271066134360675
1.9364770699687222
.10494468821270297
.682245223546384
.00012397865281230444
.767430949954191
12.098114685205923
.5469546403138087
.8318546910110184
.8650777636244198
.007772757988829126
.0016162427220149215
.00034593383144383526
.9467398639637706
.00034663034322903624
.5203863853145712
10.169626296118913
15.974817446784021
.1020178938546962
.01106496266165605
5635531691258576e-20
101.0135039814611
351.3916915484934
16.198826840139336
29.940519262058928
80.12113523791847
.0007047260027633863
1528.376642694964
367.0997111711079
174.5940375166058
377.2970360955048
715.9150982930353
162.977476173454
.0016730942354716458
.002149032982327001
.3199996610470936
.4128754681427929
6.357895671909977
.43984490550247274
2.3999809339647604
.0019998940799701662
10.453878559527256
29.268143599402684
3.125513445361466
3.8698452241253487
.6593451289011714
31.887818915800782
4.7093049572080465
24.98900318197763
11.435645774221017
1.5992080899653365
15.742820213250464
7.308539481679964
.0019998940799701662
1.9999894077441522
7.999576319880662
2.3569850085223982
1.999947039282686
12.04589698406039
.0999998675965385
10.399641986975421
1.7144245446283068
2.6449463767273973
20.745226003114244
13.292762373506495
.6272332044538765
16.70743121060304
14.427388431396519
2.0907781886690584
5.143148563510534
17.272002212890637
25.726162043418867
12.431203458236004
8.689542623597562
37.64872256816638
.0019998940799701662
2.062639856517616
29.02315631364759
6.901611325622741
37.90817573580139
39.96970104859413
4.26510864148163
7.047572280485905
17.190798059696775
.03999978815488304
5.799402100816729
8.049987426848668
16.063327013989827
3.105041500011354
6.302185185368626
21.2488365118153
21.328162889853566
18.09026446127089
7.9114814701959855
.45079427241905123
15.00101777577493
19.51043134348717
1.5269188249695163
2.157836642581875
34.193459177434896
27.933864504626925
9.14155169369759
.399999470386154
.09999867597328707
.09999947038720758
3.5992951248203933
7.573555746252538
1.9435550950185883
15.054225030999165
14.91860794328215
8.244208990259825
5.656782972213563
41.94811002865848
8.183605511825027
13.595395568872203
18.130197410887007
9.653556239877679
11.64131003896236
.0012999552483719283
24.730196115514236
4.85994428096085
3.493273046152991
.00013972526981626348
42.04086129468376
3.8294875575077074
1.324400627814083
.6692725611688686
1.519004070140372
.0019998940799701662
19.441658894614832
8.647981369941954
4.660119864276528
11.949842041900336
.03999978815488304
7.2912175500725285
.6002179181922734
6.515089426654573
5.745935989162058
.0012999552483719283
4.433033623552172
10.671009959932265
3.119473477283399
7.026220160510853
9.32986239207554
.5999968223232455
.3999978815488303
.18479348263603718
6.304078905680689
.002999761683093605
2.5105267211492452
22.835829644446807
47.67501856648504
11.310146506714934
.17896034690007145
.1799914204548259
29.031013381670675
41.99582279419095
4.1252864108420635
17.295530377917252
51.90661643146588
.21066076135476566
9.999735196413425
9.999735196413425
9.999735196413425
9.999735196413425
9.999735196413425
9.999735196413425
9.999735196413425
9.999735196413425
