5830017567928355e-20
7.1658911897766355
.11181754227550442
.5002448278463664
.018998411657988788
.5843106888948973
.004473890303016256
37.79576731298622
14944367606932908e-24
.6801571969989123
1.8598199229890235
.01588604362603117
88.99299591575627
1.3940913739186536
.33289470349108313
1.9308684828307907
12.299764530424458
67.3890534339003
21.625430627748877
.007229139118224825
63.47259553171593
7.030571357347827
47.03792747249129
4311669082782415e-21
.28690770404523236
8667889901189314e-20
3392874530622815e-28
.13283505121985625
6.499783249419008
14.539493350388497
5.78892283792138
.5230338646944339
10.63615522405895
211.64365984742156
79.84482767022642
1.2518924807353822
11.03504263637047
6.2653828899169675
1.149094904588143
33.07608330623728
6.030906559851258
.00027006234566781827
.3173979278096925
.034633721498041524
46.478584491717555
266.2103780086219
17887836260045404e-23
19.819734618507162
.9885087207117549
180701653985143e-19
.9549442782354297
.016114388191366895
36.27545927781857
107.95932138463327
.02132023066007733
.016498542906830956
2.0853586384188705
.00013709680027938287
17005328859270935e-21
.054485943464907316
15971275115175849e-22
23.688848302944596
.05178871343278131
3.557508813752063
10.313513390693418
.009729196221578225
5.2974758289283015
.0020228190444185287
.04752807267255145
6629846741187729e-29
12537437807740284e-21
7.756197999343773
2.2225498847585246
.45992186459561
1.066459628450096
153.13517452759208
.4724624767920889
1.3778459775392768
1.6047714986037502
2.5719560558024166
34.30296183656807
2.252566607450808
10.663326777971792
.1904939101282902
3253162656524863e-20
1.9905986134601672
16.087679687543393
.00020414250694345942
3284367683161245e-20
24.40812070572338
.01595514576677346
.17273399347926646
24.128265246799213
.039348208634021775
12043112678187992e-25
7.795044732533331
.021017513250180888
1.2765590483317444
3.539375208910405
.010102303913355275
.21726619676572834
1.9363489097599444
.10573055696886016
.6944122297390504
.00012397980118789156
.7560253644374756
11.913992664990552
.5563186777595728
.8318616260586493
.8884139474812218
.01689687711913592
.0034879498988277984
.0007597665215173749
.9558286575266149
.0003396605470578341
.5288638330362098
10.177338868114855
15.828079157645181
.1043168678421315
.011068674542232187
.00011955143857022425
101.00707579453079
351.3693300681963
16.19779599690674
29.93861394002753
80.11603657670906
.0007221664022963745
948.606763640874
211.1819048535303
126.72731634195657
275.7392689340038
12.592925376606377
2.6945758127251866
.0034494570362829714
.00440611923012131
.3199992537586217
.4128583897761225
6.357794520292625
.4398267115598582
2.39995802424072
.0019997668128971502
10.45362578443862
29.26693293873931
3.125456697091048
3.869598959145802
.6593140927817602
31.885789673642947
4.709087094310212
24.98796952560423
11.4345541979025
1.599197912808289
15.741818388869051
7.308074388834711
.0019997668128971502
1.9999766800657324
7.999067251588596
2.3569700089693444
1.999883403048675
12.045398712156528
.09999970849954662
10.399211811504125
1.7143536283999015
2.644693906435331
20.74436788824989
13.291916463227283
.6271932892729533
16.706368001361565
14.426470317024705
2.0907617312410918
5.142911962529593
17.270903076096953
25.724524910044654
12.430412374901119
8.688989647984188
37.6463267199202
.0019997668128971502
2.062574225463387
29.02195578674856
6.901409014873703
37.90576337675818
39.967157500456885
4.264837223160863
7.047123794786092
17.189704090484213
.039999533601314634
5.799033044806209
8.04947515054969
16.062304793547032
3.104975712262725
6.301924498944449
21.24680822874408
21.326805631541244
18.089516167430563
7.9112297350868435
.45078710045963244
15.000063157406036
19.509189759987706
1.5269091078521644
2.1576993245327345
34.19128321146279
27.931198109953627
9.141173558439366
.3999988339981865
.09999708503371686
.09999883400328657
3.5989515582742446
7.57283282126318
1.9435427264809615
15.052788047390024
14.917658569220078
8.243867973089015
5.6562430105486605
41.94410592041501
8.183267001483774
13.59453039995257
18.129447465242183
9.652941917419728
11.640828502574976
.0012999014764380167
24.7291731645528
4.8596350091399785
3.4931285488346338
.00013972464859910927
42.038185944315124
3.8293291528609963
1.3243163470548716
.6692683020033444
1.5189412373724183
.0019997668128971502
19.440421687581274
8.647623650948724
4.659927100981272
11.949347743256334
.039999533601314634
7.290915952868524
.600179722180602
6.5148199335635475
5.745698311679962
.0012999014764380167
4.432610473463562
10.669991371039528
3.1193444419786283
7.0257730335939055
9.329476467448842
.5999930040197196
.3999953360131463
.18479230663379842
6.303978610266904
.002999475344317543
2.5102870817296683
22.834885052912597
47.67046780282206
11.309678668724933
.1789489584171693
.1799811117345141
29.029165937780125
41.993150309933185
4.1250238903755445
17.294429743863937
51.903313254957894
.21066023036426898
9.99941701524337
9.99941701524337
9.99941701524337
9.99941701524337
9.99941701524337
9.99941701524337
9.99941701524337
9.99941701524337
