8478151176399604e-20
7.165875771305024
.11212621590781917
.5003517721826537
.019000790211007836
.5890347263313385
.004474072653893948
37.78461538443861
15094929155787618e-24
.6805808466621284
1.859701707991071
.016838757995588115
88.988101855343
1.4763818750142366
.3518372058238775
2.016786303370054
12.389456400356703
67.68559274733018
21.623907273994767
.007228736257829444
63.47150297866127
7.031504769447507
46.9344279546281
4332798602511872e-21
.2871702831014017
.00016176223988712156
4983530663068572e-28
.1328387728003027
6.457485193619065
14.543310441062589
5.789869926168444
.523551561798597
10.635230210883837
211.62355883303485
79.96040738510207
1.3224692241318494
11.031410075022269
6.264820987488428
1.2183965889839796
33.071753690327434
6.379645928294245
.00027008511426335126
.317389294593224
.034697655724251486
46.503686332534464
266.19133542743003
17887125203211568e-23
19.83261349386396
1.2262348161273675
34173500996528266e-21
.9583011683192955
.023425649023662655
36.272935244731016
108.07638870311854
.031018576122736022
.02396575628715573
2.187765015903203
.0001374506301575961
1703910735225396e-20
.07928374778237803
23221749435671705e-22
23.68699280324382
.06673753992850011
3.588427463036189
10.374637693742807
.012693386601405133
5.542324244597909
.0026059453242858487
.07196604580242245
44060143152078723e-29
2343574586290232e-20
7.673053282459611
2.1903826820576913
.46352664775556096
1.113587524904913
153.11466857378272
.4956143090314182
1.4285590960492356
1.6708837276002322
2.5921423748504187
34.514176655488306
2.251357982512869
10.774596532185972
.19282349599225235
3267421629156308e-20
2.0132138214751056
16.08377089297934
.00025027688015967384
25795451925158892e-21
24.3834752144048
.019525452115364827
.1107581118005324
24.27360791474746
.039776824200646065
1703774347517908e-24
7.883822975536886
.02125389219409144
1.2784349169655482
3.5387646242794677
.014639568360090624
.21953068785179153
1.9362410746382752
.10609867970422306
.7002377158754136
.00012398074745830222
.7496961336504699
11.812189229702764
.5608229841230356
.8318674027774735
.8997792745204859
.02439757713560707
.005015207291891733
.0011029082562425136
.9601048179405172
.00033589394554725446
.5327751047763825
10.180922014039814
15.729963466837614
.10544648411633466
.0110718364359434
.0001703393549120265
101.00172633155087
351.3507211023521
16.196938141064862
29.937028353021056
80.11179352969087
.000731318263965985
608.5810765959847
129.73441705642026
97.51794809534519
213.27520985631037
28.762852228869868
6.099716786775479
.0047706168507277835
.006075208026698158
.3199989147984898
.4128441770664578
6.357710339403208
.43981157046182323
2.399938958087945
.001999660902707692
10.453415420322695
29.265925420348175
3.1254094698675146
3.869394020271805
.6592882644893587
31.88410096173734
4.708905788434811
24.98710931114626
11.433645827167204
1.5991894430512392
15.740984682180233
7.30768734393622
.001999660902707692
1.999966087682857
7.9986436108307615
2.3569575258594115
1.9998304441653627
12.044984047567096
.09999957609333981
10.398853817136377
1.7142946115287747
2.6444838096963723
20.74365376039086
13.291212506455016
.6271600723200237
16.705483210900606
14.425706272839832
2.0907480348597365
5.142715062742714
17.269988387141666
25.72316250654371
12.4297540444792
8.688529468060265
37.64433292265863
.001999660902707692
2.0625196064653184
29.020956701731247
6.9012406489087805
37.90375583940187
39.96504078905049
4.264611351966581
7.046750570162385
17.188793701930297
.03999932175365713
5.798725920653287
8.049048840125524
16.06145411349131
3.104920962328319
6.301707554283882
21.245120364182032
21.32567613683695
18.088893433225255
7.91102023792728
.4507811317767923
14.999268735016061
19.508156528527746
1.5269010209549285
2.1575850500369373
34.1894723976922
27.92897923175989
9.140858872220077
.39999830437335926
.09999576101427421
.09999830438414281
3.5986656544937645
7.57223122896679
1.9435324329865933
15.051592241072592
14.91686851108172
8.24358417674403
5.655793673781036
41.940773844876524
8.182985291335982
13.593810416361995
18.128823356396186
9.652430685359713
11.640427765373408
.0012998567271420482
24.728321859196924
4.859377636699754
3.4930082973801024
.00013972413160132771
42.03595954861281
3.8291973276521407
1.3242462095796843
.6692647573889637
1.5188889476010607
.001999660902707692
19.439392098165744
8.647325955256244
4.659766682318153
11.948936385235367
.03999932175365713
7.290664962034394
.600147935900484
6.514595659946913
5.745500515186183
.0012998567271420482
4.43225834310803
10.669143737827111
3.119237058095932
7.025400939733621
9.329155298874728
.599989826304857
.39999321753657124
.18479132792695463
6.303895141931369
.0029992370634386502
2.5100876623834685
22.834098958698405
47.66668082021298
11.309289331404196
.17893948105312507
.1799725328864214
29.027628516294545
41.99092629937525
4.124805423872884
17.293513808906454
51.90056438958773
.21065978845536296
9.99915222082681
9.99915222082681
9.99915222082681
9.99915222082681
9.99915222082681
9.99915222082681
9.99915222082681
9.99915222082681
