.0001576051859969553
7.165833260856605
.11242005024068565
.5006499370273946
.019006605078818895
.5974626168353273
.004474571539117138
37.75323246624923
1524446048562881e-23
.6811202770864716
1.8593766839166765
.019429109545259563
88.9746438175443
1.6994053226788475
.40293024530805144
2.2595843971944585
12.633133241611166
67.95650575404115
21.619715190552622
.007227628487937485
63.468497850454966
7.03220280491338
46.81959923365735
4353637277322133e-21
.2877203256710039
.0004812350385058445
9340194638052157e-28
.13284892486157443
6.393609677940768
14.54723901350742
5.7924715576548005
.524966987884851
10.632704800679758
211.56832135874623
80.2770390173662
1.5119795100365716
11.021225079874695
6.263285664015119
1.4070639049866909
33.059976412573626
7.320677068018748
.0002701477147789528
.3173655544862869
.03478210837581156
46.571990784816286
266.13895422103286
1788517330174732e-22
19.867895149091282
1.7965647993769926
.00010334004766881453
.9676988061686009
.04350059010371078
36.26599400352719
108.22243597515153
.05766482382868385
.04436139228457205
2.465689504593193
.00013843097522944328
17132297686908365e-21
.14745697410947345
4309573352483832e-21
23.68237464827096
.10782551551887845
3.6728629345330135
10.43355636729608
.020756933606467187
6.215996308198644
.004206970975213684
.14854677010673614
10425787095153322e-27
700307934261428e-19
7.551447395736134
2.144440005581572
.47400402216121745
1.2448600697602192
153.05834804768907
.5579349863814841
1.5803199871738882
1.8605275818368985
2.611986318678334
34.71740326736785
2.249804969767913
10.882178525854616
.19515373823557913
32806830531469035e-21
2.0353437199516624
16.073023864759886
.00037592202277442557
12975618040115378e-21
24.188529270961308
.02928225652773815
.030077720719749516
24.66662521408148
.04018773903198503
28680741872481346e-25
7.961533478865001
.021507684173657057
1.2810488017827828
3.5359888682822636
.027003501881483778
.22205289792371175
1.9359408723323566
.1064440763202979
.7058493206366019
.00012398329902994675
.7402011035945709
11.660688178593915
.5652672805572078
.8318832609775549
.911167404290666
.044823789744724
.009151623326913357
.00204017954337373
.9641239236263817
.0003305340067630521
.5360274852399688
10.184576731842526
15.534150073671615
.10663067090350022
.011080680981602361
.0003069571761272655
100.98701676915059
351.2995515278888
16.194579271757053
29.9326684217344
80.10012630905292
.0007427713839865709
165.6732755401644
33.40455367706231
47.88377729800288
105.82570341197939
4.076056103578942
.8505228690523252
.007809034017711721
.009900407254803413
.3199979826599784
.4128050946376513
6.3574788477044395
.4397699351297884
2.3998865269488228
.0019993696786079055
10.452836940831464
29.263154923608166
3.1252795986824053
3.8688304943316085
.6592172419022814
31.87945746513873
4.7084072332698925
24.984743874075864
11.431148179711897
1.5991661514506503
15.738692216448861
7.306623076156929
.0019993696786079055
1.9999369589192146
7.997478714431616
2.356923197647994
1.9996848144672847
12.043843793549566
.0999992119771751
10.397869396169451
1.7141323256087349
2.643906129719423
20.741690035537005
13.289276817562955
.6270687347701241
16.703050278745458
14.423605359971356
2.090710370273646
5.1421736271980025
17.26747324229158
25.719416268951882
12.427943815591258
8.687264098932241
37.63885052464173
.0019993696786079055
2.0623694116783327
29.018209395272308
6.900777663683904
37.89823565987648
39.959220410699864
4.263990267861654
7.045724304364801
17.186290382009666
.039998739178384285
5.797881413100098
8.047876602872982
16.059114975635918
3.1047704049865157
6.301110994975238
21.24047942798221
21.322570334834786
18.08718102469666
7.910444149343323
.4507647183064709
14.997084290379027
19.505315424160592
1.5268787822083727
2.157270826378786
34.18449315430763
27.922878225575
9.139993540974178
.3999968479087004
.0999921200511993
.0999968479459607
3.597879536203035
7.570577096562663
1.943504126158182
15.048304263499428
14.91469606694487
8.242803787169477
5.654558181717473
41.931612001956886
8.182210638433412
13.591830658096077
18.127107167849687
9.651024936798398
11.639325809200383
.0012997336745211832
24.725980920575896
4.858669932770626
3.492677627224906
.00013972270986729198
42.029837568400254
3.828834831726906
1.3240533506755778
.6692550097962159
1.5187451600113187
.0019993696786079055
19.436561008426214
8.646507344943233
4.659325559469067
11.947805223694207
.039998739178384285
7.289974781791682
.600060532310138
6.513978947309975
5.744956609937387
.0012997336745211832
4.431290128862175
10.666813093681764
3.118941771479273
7.0243777832266625
9.328272142303687
.599981087675764
.3999873917838428
.18478863650986135
6.3036656097071315
.002998581888621046
2.5095393408631654
22.831937339141955
47.6562681691782
11.30821872287997
.17891342089001672
.17994894316256604
29.023401027037668
41.984810877658404
4.124204700647894
17.29099523789057
51.89300576046101
.2106585732106512
9.998424072336421
9.998424072336421
9.998424072336421
9.998424072336421
9.998424072336421
9.998424072336421
9.998424072336421
9.998424072336421
