.00026146410258380163
7.165772581364865
.11238555692808837
.5010763091344698
.019008614115780042
.6032858758508484
.004475277970884815
37.70670524519242
15236587351453114e-24
.681279285953927
1.8589133318397248
.02305037932720615
88.95545192573448
2.0094614998028315
.4732765481023737
2.607894720375603
12.968203048195099
67.89567585012318
21.61373751257695
.007226048860074068
63.46421033220759
7.0313786550457875
46.835282121432044
43526955502639516e-22
.28833424167151545
.0012192633223705816
15434801868363046e-28
.13286322229102163
6.3589182817938665
14.546442901442948
5.7961729463166245
.526964947980193
10.629148765663356
211.48965107692885
80.72555781568126
1.7712339329011224
11.006217690123684
6.261120666999301
1.671429323002612
33.04350326227646
8.61887272684933
.00027023685551878394
.31733170020743545
.034813033309342975
46.667600944972484
266.06421367324265
17882358453439757e-23
19.917847136485772
2.448795738767266
.0002634131099385442
.9807998761443804
.0720470670874587
36.2560958347318
108.25881597837684
.09554464759315431
.07305471989630906
2.8506626765581764
.00013983937751261885
1726570329561015e-20
.24447516770126546
7123220912168932e-21
23.676304398563357
.16656307330986078
3.7900183481168552
10.427493355140301
.03203473834349269
7.15818147038253
.006491344586376589
.28076084759609493
14326166179732247e-26
.00017854998621100263
7.49108657553321
2.123108498225976
.4892404768356074
1.4301105430082681
152.978194703814
.6434204543566848
1.8059358401535321
2.1345460501457714
2.6105948799290273
34.69598106398866
2.2491783176338846
10.869584757383231
.1950045710088113
3278262748976481e-20
2.0332832841887782
16.057701948821247
.0005525932770275659
4757739141292179e-21
23.811421446178667
.04294325107904059
.007111090124723639
25.202655355110622
.040130404431642536
4056786973267596e-24
7.932796560303454
.021529563173061497
1.2820064702876466
3.5309666346298836
.044400099678958256
.22251394685575782
1.9355069420456215
.10638128843249907
.7051983771371513
.00012398679980915402
.7351023804218589
11.581598084409706
.5650070267788868
.8319057220384017
.9105005581609543
.07375982063840701
.014990349567014314
.003364365621389317
.9635866126034991
.000328154377069175
.5347480252153173
10.183752665450427
15.37638330833487
.10670813962003203
.01109337581924956
.0005003896534844341
100.96604214332595
351.2265879244338
16.191215718188683
29.926451518411927
80.08348981228741
.0007460849667015087
39.217414715956785
7.7789998369298745
17.461490051867212
38.88455045458299
2.679454809483027
.5550008159339553
.010959089144466813
.01386380847214711
.3199966532769882
.4127493628632354
6.357148715843625
.4397105629002836
2.3998117532293306
.0019989544170006656
10.452011986300343
29.25920417888605
3.1250943896715455
3.8680269527022624
.6591159648781028
31.87283622101037
4.7076963003263135
24.98137074683611
11.427587054526747
1.5991329342628553
15.735423348917465
7.305105517861151
.0019989544170006656
1.999895417093506
7.995817668002657
2.3568742406585006
1.9994771401535403
12.042217784582812
.09999869268803263
10.396465606053676
1.7139009049278104
2.643082478362823
20.738889752291755
13.286516684452323
.626938494938323
16.699581117649945
14.42060963106336
2.090656655356629
5.141401546855588
17.263886852656743
25.71407444234953
12.425362578124885
8.685459786657809
37.63103307610745
.0019989544170006656
2.0621552273483017
29.01429172002803
6.900117421927294
37.89036433801936
39.950921030015365
4.2631046530247225
7.044260933768504
17.182720853751395
.039997908341870114
5.79667721480703
8.046205088991018
16.0557795574954
3.1045556972999604
6.300260297876042
21.233862419345243
21.31814171669455
18.084739120016255
7.909622621846468
.45074131094660247
14.993969452041243
19.501264243071162
1.526847066542553
2.1568227692934956
34.17739316288443
27.914179461170264
9.138759573504284
.3999947707521305
.09998692764939192
.09999477085467527
3.596758695214178
7.568218648195021
1.9434637565308734
15.043616292136967
14.911598340333068
8.241690947024845
5.652796627301832
41.91854912172766
8.181105978816927
13.589007685683919
18.124659872841416
9.64902045500114
11.63775441318619
.0012995582007567113
24.722642728269694
4.857660805190609
3.4922060896296663
.00013972068225833725
42.02110812827348
3.828317910395532
1.3237783497448565
.6692411083205482
1.518540118058706
.0019989544170006656
19.432524107371883
8.645340001799713
4.658696515679675
11.946192180652485
.039997908341870114
7.288990580687298
.5999359019810125
6.5130995114455486
5.744180997838666
.0012995582007567113
4.42990965695922
10.663490080441447
3.118520691019069
7.022918846223
9.327012755814811
.5999686251280515
.3999790834187011
.1847847981602091
6.303338272266058
.0029976477457584537
2.5087575485524214
22.828854856881446
47.64142189703305
11.306692028798192
.17887626124139822
.1799153055627722
29.017372975153613
41.97609078940697
4.123348118750657
17.287403962825188
51.88222777717599
.21065684007761118
9.9973857007677
9.9973857007677
9.9973857007677
9.9973857007677
9.9973857007677
9.9973857007677
9.9973857007677
9.9973857007677
