.0003073477216221156
7.16574577808371
.11233433489006908
.5012638648887489
.019009167246670896
.6047416684533834
.004475588407065665
37.685505428434034
15215470573044333e-24
.6812786009912272
1.8587087010235486
.024623655465613938
88.94697374437885
2.1435519216856047
.5034358014650223
2.759352679525874
13.111172117623223
67.83335018386707
21.611098044684645
.007225351088674886
63.46231549820919
7.030803361180801
46.8616651287655
4349840961955587e-21
.2885844811986589
.0016497241522679985
18091935944482246e-28
.13286947810512234
6.350383827317729
14.54534825189711
5.797804653904659
.5278399747581871
10.627594440033294
211.45493639612872
80.92257564299724
1.8818666109770377
10.99941238083326
6.260173213385916
1.786513954390905
33.036344116482525
9.176653730192456
.0002702761681911548
.317316744970943
.03481627196630606
46.70918010328909
266.03118059031056
1788109849291142e-22
19.939771806355733
2.691378289961161
.00035680195383604684
.9863726206452972
.08462648268747519
36.25172366096947
108.25488554822769
.11222340405517173
.08557806169509513
3.0160953894582905
.00014046436997413765
173248097551375e-19
.2872320361989287
8357848687542445e-21
23.6736909922173
.19262154125834088
3.840382008851171
10.41765479475695
.03697817520583941
7.563311714130351
.007503160291144882
.3472503327913721
3336910745368408e-25
.00024225523436693054
7.477881459870993
2.118891491964729
.4958986205651076
1.5098809101281407
152.94284276622093
.6799489984566246
1.9044357026989274
2.253435347093937
2.6075963320410507
34.66192545505426
2.249032636012082
10.85080267314651
.1946504168934266
3275495705269452e-20
2.029692763612432
16.050934807710707
.0006300337497528969
304381426965525e-20
23.638755645976143
.04887416536386787
.005216320415301684
25.42983694101037
.04005386027705215
4445105562156743e-24
7.909077044848387
.02151005681336742
1.2821268344685985
3.5286261029560366
.05200525655534134
.22245661687943957
1.9353136673949924
.10630739893021394
.7042225467901627
.00012398829384381433
.7338617565715434
11.563063752791736
.5643666438427053
.8319155737219837
.9088132984776012
.08649179642945602
.01755302233512874
.003945697315964049
.9628853558163735
.00032772814564640775
.5337663636179145
10.18268950801467
15.326738572713484
.10661321097427773
.011098975943898534
.0005855981075172376
100.95677719361485
351.19435830935487
16.189729963213978
29.9237053766155
80.07614110880206
.0007461122967547829
28.785454434511188
5.701063895804804
11.173867753030091
24.9221071622709
2.926612325926665
.605270179413805
.0120047601133892
.015179850084772052
.31999606597334584
.41272474363261413
6.357002873021656
.43968433551696434
2.3997787198422107
.0019987709868913425
10.451647552055386
29.25745895730539
3.1250125700558233
3.8676720108382727
.6590712268635884
31.869911473060775
4.70738225289899
24.979880684868757
11.426014145632546
1.599118259528919
15.733979418830518
7.30443517926195
.0019987709868913425
1.9998770646898265
7.995083947565364
2.356852612373783
1.9993853990108896
12.04149950331213
.09999846327319982
10.395845488841077
1.7137986760077035
2.642718680833346
20.737652741273504
13.2852974734552
.6268809651639132
16.698048713527065
14.419286352263885
2.0906329251924642
5.141060487976217
17.26230266613113
25.711714841026964
12.424222389235782
8.684662782571753
37.62757993858096
.0019987709868913425
2.0620606103741537
29.012561106722632
6.899825755186317
37.88688740347112
39.94725501254654
4.262713457634817
7.043614531058069
17.181144115263578
.039997541293796526
5.7961452941558225
8.045466744851423
16.054306230552847
3.1044608467576675
6.299884506717525
21.23093976114118
21.316185499467984
18.08366042092383
7.909259708061313
.450730970243922
14.992593560008695
19.499474748022337
1.5268330551530163
2.156624852706205
34.174256941812594
27.910337314885204
9.138214474590088
.3999938530927993
.09998463379465607
.09999385323449131
3.5962636323706403
7.567176948108363
1.9434459219825808
15.041545667975111
14.910230006923117
8.241199355496452
5.6520185685524424
41.91277939462509
8.180618000995636
13.587760717196703
18.123578792598813
9.648135031670888
11.637060256912214
.0012994806861051367
24.72116809863327
4.857215051528107
3.4919977902721557
.00013971978649448153
42.01725214416884
3.8280895630011877
1.3236568758356226
.6692349669079154
1.5184495418089579
.0019987709868913425
19.430740920126027
8.6448243338461
4.658418638754274
11.945479627013878
.039997541293796526
7.2885558148069665
.5998808500462853
6.512711025082254
5.743838375100899
.0012994806861051367
4.429299918064501
10.662022342912021
3.118334680846802
7.022274401927135
9.326456428177018
.5999631194069476
.39997541293796524
.18478310244893306
6.303193663938875
.0029972351453749707
2.508412239692145
22.82749318586967
47.63486446580311
11.306017619377696
.17885984701410226
.1799004468787625
29.014710253156633
41.97223893622964
4.122969747843463
17.285817618298346
51.87746690687692
.21065607440483972
9.996926995054446
9.996926995054446
9.996926995054446
9.996926995054446
9.996926995054446
9.996926995054446
9.996926995054446
9.996926995054446
