.00037206964181280623
7.165707977371902
.11225473528008084
.5015273041973453
.01900997369872995
.6062194361441019
.004476024640513507
37.65494756685685
15182160907919007e-24
.6812506271230477
1.8584201315440478
.026815911346952295
88.93501527430632
2.329789229971933
.5450549763897837
2.969409505475302
13.307706817304899
67.7382990670288
21.607376538591083
.007224366928013855
63.45964201141808
7.029911544336961
46.904135256832525
4345317500734938e-21
.28892834337743334
.0023645990121111456
2181060034012485e-27
.1328782428103994
6.340896330379747
14.54352153501275
5.80010261823333
.5290663834764355
10.625418962911029
211.40601156220316
81.1993128194627
2.034060997451307
10.989635347378968
6.258845956585363
1.9471167540206415
33.02636638193651
9.947668543633597
.0002703315442725203
.317295650832974
.03481687427396807
46.76715704437891
265.98457092596925
17879306370583546e-23
19.970544051566403
2.9963935245373543
.00051198268710851
.9939891540712028
.10233698454944659
36.2455572464617
108.24172181048236
.13568748995766733
.10308319087171146
3.2445785240819296
.00014134866425697428
17408365423782342e-21
.3474241016144411
10090439852715192e-21
23.67003075915181
.2295303009060805
3.9099856621804516
10.402332323584814
.04393627564627158
8.122032084057647
.008934587592745468
.4488847963993108
9115644451242712e-25
.00034858197499900063
7.464285055717367
2.1148785211087975
.5051567828209026
1.6198422042002685
152.89303488900794
.7302298507880693
2.0406433933138626
2.417745790260235
2.6028765988518634
34.60901350812196
2.24885492207503
10.821697527284966
.19408756082923684
3271246415454506e-20
2.0240984570127765
16.04139127147307
.0007387808946249924
1623201680652874e-21
23.395762942644453
.05713502153778584
.004408193950291846
25.740650685815606
.03993580793767867
4884497903520799e-24
7.873540150536668
.021475535888861808
1.2821889499327954
3.525279858446427
.06265095109143723
.22231631424913406
1.9350396213258223
.10619265443889937
.7027089339972251
.00012399034716561557
.7324913199307073
11.543070028380518
.563357881388321
.8319293918093944
.9061344140815226
.1043932279245794
.021148698228525744
.004762226700786242
.961833086469779
.0003273595781082482
.5323260821078261
10.180925606890789
15.266075600293306
.10645302348754522
.011106859029927467
.0007053906231995012
100.94370980642704
351.1489013050231
16.18763443802214
29.919832187958722
80.06577641641128
.0007456406182241963
24.35290530245033
4.8194029053065135
5.9650548160445425
13.320353592700066
2.960872137191527
.611419722160291
.013199110670295475
.01668296596419573
.3199952375440245
.41269001905417796
6.356797157633949
.43964734269443223
2.399732124808536
.001998512275043445
10.451133514728438
29.25499738226275
3.1248971616454964
3.8671713969212473
.6590081260579915
31.86578637631703
4.706939303569738
24.977779003688866
11.423795820274037
1.5990975600620165
15.731942883921358
7.30348972631338
.001998512275043445
1.9998511776806183
7.994049100173775
2.3568221045658997
1.9992559991362135
12.040486392272769
.09999813966909546
10.394970834830971
1.7136544856302984
2.64220560516318
20.735907979757975
13.283577884827107
.6267998245360109
16.69588739386249
14.417419985260352
2.0905994526632314
5.140579440030154
17.260068311995013
25.708386833314847
12.422614254259797
8.683538679224457
37.622709595354216
.001998512275043445
2.0619271541707183
29.01012013615005
6.899414360658327
37.88198349666263
39.94208442110285
4.262161711345265
7.042702837550831
17.178920265922056
.039997023553612364
5.795395067406702
8.044425376139145
16.052228233994533
3.1043270586367773
6.299354466207313
21.226817839755746
21.313426429130832
18.08213895293727
7.908747822151018
.4507163843929875
14.990652986721349
19.496950824482234
1.5268132913675032
2.1563457089701172
34.16983358104644
27.904918609093226
9.137445631310918
.39999255867638184
.09998139824826467
.09999255888403089
3.595565428893041
7.565707804074201
1.9434207654350275
15.03862539833767
14.908300094400389
8.24050598254549
5.650921246602936
41.90464215794818
8.179929725054311
13.586001979098647
18.122053966081776
9.646886220847048
11.636081173351338
.0012993713543538736
24.71908818422562
4.856586355649561
3.491703991189261
.0001397185229692844
42.01181362168824
3.827767486851546
1.3234855476951928
.6692263041295593
1.5183217871225005
.001998512275043445
19.428225893180755
8.644097001925061
4.6580267029037925
11.944474594602651
.039997023553612364
7.287942592479054
.5998032041907814
6.512163078422133
5.743355117507895
.0012993713543538736
4.4284399831647665
10.659952344202512
3.1180723198934404
7.021365470589388
9.325671747169233
.5999553533041851
.39997023553612354
.184780710560972
6.302989689840659
.0029966532414280947
2.507925239202737
22.82557259571882
47.6256163039816
11.305066388074795
.17883669620701176
.17987948979527332
29.01095472070443
41.966806240054446
4.1224360893456735
17.283580220493505
51.87075212293432
.21065499437680466
9.996279995681068
9.996279995681068
9.996279995681068
9.996279995681068
9.996279995681068
9.996279995681068
9.996279995681068
9.996279995681068
