.000518002319398965
7.16562277765917
.11207161730956486
.5021162337402035
.01901178744351658
.6083979727791546
.004477001199108082
37.583324428095985
1510563733028847e-23
.6811422567289347
1.8577698005363628
.0316465870134519
88.90805412238379
2.737723693796888
.6351235481279475
3.426252457940814
13.72997146046074
67.52088908881052
21.598992393500446
.0072221482751040475
63.45361092154175
7.027766217294588
47.00067633211727
4334876205722543e-21
.2896836824583452
.004433834926799757
3008244078118922e-27
.1328977582883198
6.323625467685897
14.538929297979788
5.805268348286793
.5317982965155708
10.62058490505704
211.29587923553095
81.81831831216782
2.36160964072546
10.96685121310724
6.255891764594589
2.302033104172962
33.00437356538892
11.621400950845034
.00027045606408959135
.31724809378530094
.03481159481359973
46.89506293259434
265.87941521089834
178752001215892e-21
20.03925245500833
3.5602112996153434
.0009619310190707613
1.0101374497819573
.14212532414857593
36.23165707680239
108.19925599383332
.18831615107589622
.14187266532091314
3.739343402866114
.00014335418296780342
1759758273427081e-20
.4826054980016148
13958585457786826e-21
23.66180754342508
.31352288787683014
4.061001488953573
10.367142960323015
.05961566327289929
9.326868501937676
.012184788605300943
.7089436525237329
5264754322995345e-24
.0006593275213940176
7.441726114934181
2.10892843282057
.5253764387226771
1.856490067240074
152.78097134708494
.8385005245709712
2.333990907518102
2.772304594513233
2.591997427993988
34.48777408825629
2.2484741572417626
10.75515036243452
.19277912780552056
3261500668027611e-20
2.0112972084340393
16.019881311157864
.0009821375508021711
3960004197352125e-22
22.85643623064795
.07534377465889398
.0042218791992668665
26.402689604974654
.039666232880285084
5536669757654033e-24
7.793125433276327
.021391609869840632
1.2821457859072865
3.517666185276704
.08630283191881927
.22195160891331667
1.934416066672702
.10592612884576541
.6992425888486935
.00012399475057698852
.730015031628284
11.5079218976872
.5610388895175354
.8319602058518986
.8999268242902547
.14447500546602562
.029164001161004618
.006588621184126445
.9595569259308333
.00032689956369214636
.5291284226973307
10.176512639120968
15.147075548119007
.1060791188179223
.01112455979095916
.0009731055147169619
100.91425213375813
351.0464280611477
16.182910517755356
29.91110089975274
80.04241140002561
.0007437874635129694
23.39564947493077
4.628017058919777
1.4598097555136949
3.261646971283459
2.9278858551806617
.6031620235852571
.015000201692757313
.018947699587206185
.31999336963900304
.41261173403289386
6.356333342340564
.43956394401748045
2.399627067307912
.001997929063662212
10.44997457446028
29.24944787055421
3.124636958516424
3.8660428682651924
.6588658707789774
31.856487214376074
4.705940710151605
24.973040856724676
11.418795599560546
1.5990508886253763
15.727351944824617
7.3013584017354445
.001997929063662212
1.9997928098049742
7.991716254648842
2.356753318097661
1.9989642636424678
12.038202378388325
.09999741002194366
10.392998966175368
1.7133294148224587
2.6410491059221144
20.731974492339834
13.279701434378106
.626616910077096
16.69101515381199
14.413212653872689
2.0905239819644557
5.13949495543339
17.255031431108108
25.700884540743733
12.418989052599429
8.681004624943009
37.61173043215225
.001997929063662212
2.061626273574812
29.004617076304996
6.898486852950802
37.87092867143346
39.93042841152239
4.2609179155228665
7.040647616524272
17.173907065882457
.03999585619609947
5.793703839184458
8.042077829669987
16.047543828340824
3.104025419108751
6.298159513396014
21.217526814608444
21.307206686064067
18.07870887087219
7.907593761614599
.4506834984683817
14.98627837289328
19.491261170351923
1.526768729627451
2.1557164381995295
34.15986204567577
27.892704564459322
9.135712308253169
.39998964008777466
.09997410323783543
.09998964049024867
3.5939916419471687
7.5623962770240585
1.9433640445435796
15.032042958717582
14.903949513021196
8.23894280399391
5.648447825866771
41.88630040333299
8.178378037484798
13.58203727441376
18.118616312358775
9.644071039820782
11.633873872907273
.0012991248707719233
24.714399109483608
4.855169093182912
3.491041634193338
.00013971567405965618
41.9995536180063
3.8270413804633523
1.3230993244810787
.6692067720173035
1.518033769850618
.001997929063662212
19.42255629455003
8.642457264382271
4.657143100919876
11.942208793626873
.03999585619609947
7.286560109950697
.599628167960305
6.510927756990402
5.742265634707592
.0012991248707719233
4.426501645183185
10.655286459469025
3.117480838765576
7.019316476292289
9.323902718655072
.5999378429414919
.39995856196099466
.18477531753090265
6.302529800537965
.0029953415996721777
2.506827514775039
22.82124271044422
47.60477046632111
11.302921879310475
.1787845075875509
.17983224546852739
29.002488663635457
41.954559370551145
4.121233068640854
17.278536478296413
51.85561505654298
.21065255918842446
9.994821318212338
9.994821318212338
9.994821318212338
9.994821318212338
9.994821318212338
9.994821318212338
9.994821318212338
9.994821318212338
