.0005909686581920444
7.165580196616473
.11198153291651967
.5024080470056822
.01901268692208517
.6092391525405711
.004477485815832072
37.54614620004279
15068277098916324e-24
.6810799653175541
1.8574448027337593
.03400540858130316
88.89457473749782
2.935729811061418
.6783034574728186
3.6458368763265137
13.930909699761266
67.41388583026041
21.594803811758087
.0072210391549968654
63.4505938095596
7.026669606756672
47.04506867127173
4329757399789517e-21
.29005513921810083
.005703245665641908
3416202226206672e-27
.1329073905898291
6.3156562835245955
14.536548771300593
5.807843150495533
.5331471902133718
10.618203790955087
211.24090676848093
82.12526704419496
2.517782633718215
10.955088198817986
6.254434095160372
2.47587354065143
32.99363170521069
12.426256974388787
.00027051814531764916
.31722431799534845
.034807771737277525
46.957591908008276
265.82680487048646
17873112716699908e-23
20.07325004984016
3.792552990253904
.0012385362806860004
1.0177101961479031
.1619442051291037
36.224708866655675
108.17573241498113
.21448310779280327
.1609188197675006
3.9765231739791407
.00014436311784300104
17692634825723804e-21
.5499077813061558
1587278883969289e-20
23.657691516937664
.35596363482429494
4.133577158564468
10.34988282111547
.06746513670431872
9.901550055519552
.013823310481645163
.8535190827103561
10629306522132374e-24
.0008517604577442698
7.431745532052575
2.1064423315987324
.5351352138531896
1.969068678801743
152.7250608316611
.890126794747125
2.473278343608923
2.9412605128424674
2.5866643931353677
34.42838051395377
2.248282542364497
10.722622734404643
.19213564082799756
32567027123085125e-21
2.005047417919631
16.009130736032347
.0011029160790866322
19225184194352615e-23
22.591883637636403
.0842472870887028
.004207839451902202
26.714994085833546
.03953442479498984
5740084771201889e-24
7.753786517348902
.021349953487996242
1.2820909881256932
3.5138506096098867
.0979448206148916
.22177151046000687
1.934101500659458
.105793967780293
.6975455543680842
.000123996838553522
.7288766712989316
11.491955928312317
.5599051608873936
.8319754339341626
.8968823125344203
.1643534914393385
.033119616408025694
.007494075931316145
.9585038655584733
.000326727035245282
.5275750851353395
10.174232137863866
15.091219154807643
.10589754933341954
.011133372540103686
.0011054578062309858
100.8995265212378
350.995202653765
16.180549074602418
29.906736211191976
80.03073144887357
.0007427394477738744
23.355737846431094
4.619628296404266
.7098395806270948
1.5856869561322797
2.9072767967012623
.5983054186975624
.015573417681391663
.019666831257521767
.31999243569058117
.4125725970912667
6.356101447384652
.43952225061179306
2.399574540282349
.0019976375217975848
10.449395152520758
29.24667350947934
3.1245068650769476
3.865478727442055
.6587947546552383
31.851838651095285
4.705441492890988
24.970672120303366
11.416296309991562
1.599027553417868
15.72505697770339
7.30029297269621
.0019976375217975848
1.999763626505979
7.990550087190331
2.3567189256163994
1.9988184118599717
12.037060533925557
.09999704520036425
10.39201317212173
1.7131669025433225
2.640471046141286
20.730008028449937
13.277763633387925
.6265254728655885
16.688579566999135
14.411109448624408
2.0904862476367594
5.138952798933814
17.25251354189516
25.69713421550053
12.417176848507184
8.679737875126298
37.606242052098374
.0019976375217975848
2.0614758497416745
29.001865937857378
6.8980231458558885
37.86540246864636
39.92460168235257
4.2602961537312645
7.039620230932041
17.17140101450156
.03999527253011958
5.792858410159425
8.040904313348218
16.045202138169987
3.103874610335994
6.2975621219965365
21.212882827159415
21.30409749521228
18.07699407384774
7.907016794498996
.45066705640589394
14.984091544731996
19.48841696595603
1.5267464492451461
2.1554018716809122
34.15487736926391
27.886599547081534
9.134845770028877
.399988180801457
.09997045593222477
.09998818132529892
3.593205006811841
7.560741057087165
1.9433356847186571
15.028752819417015
14.901774698454268
8.238161325919018
5.64721152151146
41.87713253683002
8.177602304083498
13.580055355964081
18.11689773004399
9.642663757397854
11.632770379707475
.0012990016465152185
24.712054905682503
4.854460617053177
3.4907105028139176
.00013971424962662602
41.99342495788617
3.826678378922781
1.3229062551418502
.6691970061749516
1.517889781703558
.0019976375217975848
19.41972211570908
8.641637512258002
4.656701362785314
11.941076054322815
.03999527253011958
7.285868967033121
.5995406690008325
6.510310184152437
5.741720970810721
.0012990016465152185
4.425532794371167
10.652954283008688
3.1171851402782402
7.018292203383341
9.32301833024258
.5999290879517934
.3999527253011957
.18477262107489384
6.302299868469976
.0029946859941006147
2.506278832752991
22.819078075824923
47.594350969341505
11.301849777483696
.17875841898928355
.17980862795852845
28.99825656161661
41.948437276082934
4.12063168994566
17.276015159179263
51.848048179930615
.21065134160479101
9.994092059299856
9.994092059299856
9.994092059299856
9.994092059299856
9.994092059299856
9.994092059299856
9.994092059299856
9.994092059299856
