.000648749673054347
7.165546487706939
.11191083951565314
.5026378864052794
.01901339279945996
.6098513981331821
.004477867835111232
37.51608004978354
1503908601055007e-23
.6810290379585067
1.857187520197249
.03584740708840455
88.883901145459
3.089824567780342
.711666781889529
3.8156421543665604
14.085487698329345
67.32989830054895
21.591488512442993
.007220160955978787
63.44820385885703
7.025796543023886
47.0779829026038
4325748244504002e-21
.2903469532581996
.0068181901696481055
3736576457354007e-27
.13291495972430262
6.3094530656303345
14.534647142792604
5.809878312223723
.534207409375029
10.616334745502341
211.19741884818782
82.36714062364658
2.6380760132502368
10.945603594548176
6.253288729404907
2.611879242135375
32.98524238905293
13.049170278541446
.00027056722188797033
.3172054915754934
.03480451099078044
47.0064522238591
265.78512797275545
17871441268542735e-23
20.100002029985355
3.9580800111148875
.0014818239474093996
1.0234869490815433
.17760284795463682
36.21920754217061
108.1566513297656
.2351336140284902
.17583892096486206
4.159723818874738
.00014516507090320458
17768122002138698e-21
.6030641028867545
17379300731504726e-21
23.654426932732477
.3897930969508172
4.189725416702665
10.336361330130911
.0736882201893159
10.344084069454206
.015127586816229834
.9742429770864839
17498301668925426e-24
.0010217436011592971
7.424047492543798
2.1045474878585204
.5426999294631633
2.055617201474015
152.68084166975555
.9298855639164096
2.580180703572587
3.0712526478391506
2.5824897395877096
34.38187152334337
2.248130439477453
10.697192759899742
.19163179330940608
3252936537312487e-20
2.0001646302094245
16.00061959443186
.0011981413049010398
1132531720295236e-22
22.384755449360085
.09120761496811382
.004240322420429922
26.954056341862273
.03943136089233288
5860655517111096e-24
7.723020957220748
.021317264830374938
1.282040752657014
3.510828879502302
.10707627409408015
.22163040637646275
1.9338511236121592
.1056899837292857
.6962175780787047
.0001239984400317267
.7279915930728151
11.47957346964182
.5590186715618097
.8319874082416439
.8945013846139481
.18001307088100735
.0362263336488958
.008207340771255095
.9577047696198199
.0003265985916052641
.526360871604453
10.172413238062202
15.047771352843267
.10575610070004389
.011140334022627778
.0012094934827519262
100.88786704086435
350.9546432793297
16.178679325547375
29.90328032774127
80.02148346947492
.0007418906544631666
23.5659504529275
4.660988830449852
.41867639180177474
.9350339513334748
2.919816545462636
.6004193322924481
.01591850714330745
.020098840934433464
.31999169611192857
.4125416077327954
6.355917819041124
.4394892369975193
2.399532945687204
.0019974066840892056
10.448936339250656
29.244476718766947
3.1244038497594167
3.865032050684388
.6587384442456861
31.84815800064612
4.705046207354547
24.96879651073778
11.41431754593873
1.5990090748376735
15.723239863198254
7.299449384767006
.0019974066840892056
1.9997405169651437
7.989626736356815
2.3566916910515103
1.9987029214402179
12.036156400237436
.09999675630424382
10.391232602050671
1.7130382222973772
2.6400133785188995
20.72845094575847
13.27622931672833
.6264530744936019
16.686651112301366
14.409444167789411
2.0904563668379503
5.138523513422767
17.250519921608028
25.694164774093124
12.415741977257035
8.678734884954878
37.60189644953468
.0019974066840892056
2.0613567390161647
28.999687535253283
6.89765596486029
37.86102691870933
39.919988180924136
4.2598038537066545
7.038806765133448
17.169416767201138
.03999481033930287
5.792189014362753
8.039975143814338
16.04334802917792
3.1037551921936886
6.297089096372757
21.209206040147624
21.301635692712466
18.075636265662254
7.906559932243186
.45065403659402725
14.982360052748799
19.486164975060152
1.5267288059552362
2.1551528034574403
34.1509305903634
27.8817660179543
9.13415962894209
.39998702521697527
.0999675677767451
.09998702584825715
3.5925822036969888
7.559430568798293
1.9433132272668026
15.02614791542447
14.900052718623275
8.237542537040957
5.646232701511165
41.86987405629925
8.176988063944856
13.578486107877866
18.1155369245952
9.641549495986492
11.63189661326285
.001298904075256336
24.710198721501992
4.853899658144451
3.490448306827432
.00013971312164849742
41.98857239285448
3.826390947549794
1.3227533862429608
.6691892728432037
1.5177757692100071
.0019974066840892056
19.41747806287085
8.640988417275608
4.656351586312415
11.94017913026875
.03999481033930287
7.285321707213186
.5994713888673738
6.509821178490213
5.741289695804429
.001298904075256336
4.4247657255276165
10.651107827519159
3.1169510007148893
7.017481202152495
9.322318055044693
.5999221550895428
.3999481033930286
.1847704858173187
6.30211779445891
.0029941669311020955
2.5058444244014586
22.817364077863203
47.586101534651064
11.301000867312219
.17873776249713086
.17978992778600078
28.994905657852225
41.94358990961868
4.1201555288974205
17.274018823154456
51.84205686043687
.21065037742247278
9.993514607201087
9.993514607201087
9.993514607201087
9.993514607201087
9.993514607201087
9.993514607201087
9.993514607201087
9.993514607201087
