.0007065306879166496
7.165512789065062
.11184077343690875
.5028666337692183
.01901409600252836
.6104360246443986
.004478248308237569
37.485473549982444
15010268873239435e-24
.6809774746968793
1.8569303067529874
.03766696369367911
88.87322802099838
3.24159593427796
.7443227594892814
3.981909389827645
14.236204960376009
67.24662585653094
21.588174569389828
.00721928284316358
63.44581325159443
7.024921665677362
47.10882228351228
4321782158452091e-21
.29063691304063205
.008029271956675783
40545844520624626e-28
.13292247747570785
6.303270717439192
14.532739058016489
5.811910139716336
.5352606720517928
10.614480038014003
211.1539696343529
82.60796603238309
2.755505165504926
10.935972421559262
6.252151124276371
2.7464528024550483
32.97695453277552
13.659716036072972
.00027061622361358706
.3171866662983603
.03480115728908576
47.054743675766744
265.74343727710357
17869756631364629e-23
20.1266029843923
4.10953779839018
.0017464441411505804
1.029079069499845
.193229964281458
36.21370696782856
108.13738918779164
.25572108034086555
.1906171935737849
4.33896523211103
.0001459697084801485
1784380452693081e-20
.6560956625355445
18877629281599013e-21
23.65115685245657
.42382129036798954
4.2447391229610485
10.322980469827444
.07991878786878664
10.77587041476058
.016437942550861503
1.1001162447922177
2762505583423008e-23
.001207315482395937
7.416385455694328
2.1026619819810266
.5501230358002233
2.139937804480164
152.63667055360747
.9686880345206709
2.6841478022927285
3.197972088555355
2.5783621424552083
34.33585902070932
2.247977876405609
10.672071206176705
.191133735308094
3249202585093823e-20
1.9953441727173558
15.992110299854405
.0012930038238595403
7208348198303696e-23
22.179709908818644
.09809075607784995
.004295621802479436
27.18615942259386
.03932952800028465
5953175678101767e-24
7.692609846318476
.021284941330650033
1.2819877592532223
3.5078083036066614
.11612994219282984
.22149129463906447
1.9335996397886825
.1055867310971886
.6949046460513176
.00012399999665996803
.7271100059659872
11.46724335312882
.5581429521550847
.8319993078577177
.8921501418274398
.19559715752053508
.039309686563667796
.008917237233016531
.956934980709597
.0003264705982360813
.5251598273012785
10.17059048236577
15.004706223717047
.10561691089044446
.011147280528045051
.0013128072467226775
100.87620890780624
350.91408859174715
16.176809792551847
29.8998248436364
80.01223655872978
.0007410387240597383
23.902925963989606
4.727501122102773
.26680250023299085
.5956755527028782
2.9263949903731086
.6013086468359864
.016187770809010862
.02043502758246209
.31999095653498527
.4125106207020123
6.355734196002635
.4394562258629806
2.3994913518130665
.0019971758730553592
10.448477546126178
29.242280093060998
3.124300837838311
3.8645854255426113
.6586821386492598
31.844477775515813
4.704650955024483
24.96692104205391
11.412339124861155
1.5989905964710198
15.721422958670425
7.298605894318903
.0019971758730553592
1.9997174076913653
7.98870349222143
2.3566644568013473
1.998587437693425
12.035252334461054
.09999646740895803
10.39045209061018
1.7129095517169264
2.6395557902231372
20.72689398002337
13.274695177367235
.6263806844876347
16.684722880446863
14.407779079386529
2.090426486466249
5.138094263772343
17.24852653169439
25.691195675820566
12.41430727181394
8.67773201068434
37.59755134912862
.0019971758730553592
2.0612376351727946
28.997509296274448
6.897288803409695
37.856651874390515
39.91537521261049
4.259311610569947
7.037993393335183
17.167432749191114
.039994348153827304
5.791519695918349
8.039046081650973
16.04149413443807
3.1036357786458644
6.296616106279114
21.20552989042605
21.29917417468711
18.074278559465135
7.906103096384578
.4506410171583041
14.980628760848768
19.483913244393875
1.5267111628692143
2.154903764015135
34.14698426753432
27.876933326613106
9.133473539393073
.3999858696358321
.09996467970470452
.09998587038456824
3.5919595085313683
7.558120307653763
1.9432907700744693
15.023543462934782
14.898330937776269
8.236923794641674
5.645254051167805
41.862616833866554
8.176373869943328
13.576917041126668
18.11417622135991
9.640435363334001
11.631022912449003
.0012988065113262743
24.70834267674411
4.85333876405753
3.4901861305351427
.0001397119936794755
41.98372038856265
3.8261035377664956
1.322600535008891
.6691815396008233
1.5176617652802198
.0019971758730553592
19.415234269344936
8.640339371048357
4.656001836112102
11.939282273584888
.039994348153827304
7.284774488499304
.5994021167396054
6.509332209558427
5.74085845319228
.0012988065113262743
4.423998789638591
10.649261692072105
3.1167168787383464
7.016670294637182
9.321617832446229
.5999152223074093
.39994348153827297
.1847683505844189
6.301935725707979
.0029936479580717386
2.5054100913450665
22.815650208644154
47.57785352981881
11.300152020904507
.1787171083919464
.17977122955829886
28.991555141302705
41.93874310329357
4.11967942287214
17.272022717816967
51.83606623327216
.21064941324456776
9.992937188467122
9.992937188467122
9.992937188467122
9.992937188467122
9.992937188467122
9.992937188467122
9.992937188467122
9.992937188467122
