.0007643117027789522
7.165479101692167
.11177152604769479
.5030942957944203
.019014798091719264
.6110062098085514
.004478627228918535
37.45433767108579
14981914676416603e-24
.6809259062405384
1.8566731620231494
.0394644933223885
88.86255535305918
3.391102316216261
.7762945413480917
4.144695868267974
14.383194867350271
67.16425317862286
21.584861947794177
.007218404816530987
63.443421987338574
7.02404685301246
47.137501088567205
4317871937296495e-21
.29092519258633714
.009335694883762272
4370257799561629e-27
.13292994414391018
6.2970461908409145
14.530831122183269
5.813938644547231
.5363070425008796
10.612639428660913
211.11055896125106
82.84775042025386
2.8701755847263897
10.92619769077719
6.251021151854239
2.8796222946949914
32.96876638254588
14.25824258092662
.0002706651505154372
.317167842163877
.034797802458690644
47.10247569124605
265.701732702245
17868055451290175e-23
20.15305258653657
4.248629610718847
.0020323155509137597
1.0344950500306043
.2088255422856708
36.20820713016387
108.11812379018131
.2762450742331751
.20525511879613653
4.51435710838862
.00014677706635246512
17919685719387203e-21
.7090011446251606
20367825040559167e-21
23.647880663046504
.4580494895656457
4.298648924334736
10.309777399630558
.08615807858245718
11.197207607166478
.017754413966216492
1.230819461124811
4209312918709569e-23
.0014085016664846805
7.408635836719456
2.100738371758512
.5574069974644222
2.2220912079952857
152.59254645991496
1.0065666512304379
2.785233003561757
3.3214911103018547
2.5742940536010885
34.290468640529475
2.2478241987166765
10.647323832081904
.19064302689793766
3245509800056693e-20
1.9905993355066414
15.983602854280422
.001387513019805747
45855214693273404e-24
21.97676643745232
.10489904529835462
.004330693624753143
27.41158753388583
.03922917971392774
6023481295943373e-24
7.662605330481486
.021253154778435403
1.2819346314131332
3.504789979431531
.1251056338210593
.22135562639586273
1.933347067563008
.1054844775769099
.6936102527193522
.0001240015094032985
.7262225854253948
11.454814234123836
.5572806925065628
.8320111328638082
.8898359583365075
.21110261648633294
.04236894339839951
.0096237234999312
.9561953469604791
.0003263372862131929
.5239733986744262
10.168770053762657
14.96180208957649
.10548064109643106
.011154212215976823
.0014153538383509048
100.86455212190782
350.8735385904759
16.174940475590862
29.896369758831213
80.00299071651469
.0007401955633379671
24.12712653572463
4.7716376327463506
.16992161703656725
.37925315387731456
2.910613207742381
.5975991122273898
.016396425358364976
.020694551271105425
.31999021695975133
.4124796359987424
6.355550578269032
.4394232172079907
2.3994497586599235
.0019969450886929635
10.448018773146444
29.240083632349087
3.1241978293135197
3.8641388520107602
.6586258378655483
31.84079797565522
4.704255735898003
24.96504571424118
11.410361046699393
1.5989721183179049
15.71960626409564
7.297762501340636
.0019969450886929635
1.9996942986846407
7.9877803547718464
2.3566372228659076
1.9984719606192074
12.034348336591313
.09999617851450687
10.389671637795852
1.7127808908012445
2.639098281240248
20.725337131235857
13.273161215284157
.6263083028467202
16.68279487140987
14.406114183393525
2.0903966065216486
5.137665049979548
17.24653337212763
25.688226920643206
12.412872732158737
8.67672925230129
37.593206750822176
.0019969450886929635
2.0611185382111668
28.99533122090858
6.896921661503063
37.85227733563149
39.91076277735003
4.258819424314569
7.037180115526383
17.16544896044499
.03999388597369282
5.7908504548172735
8.038117126845712
16.039640453925685
3.1035163696923447
6.296143151712938
21.201854377884235
21.296712941103337
18.07292095524872
7.905646286921647
.4506279980987137
14.978897669008784
19.48166177392713
1.5266935199870784
2.1546547533506706
34.143038400723974
27.87210147291274
9.132787501377955
.3999847140580275
.09996179171610059
.09998471493423201
3.5913369212962687
7.556810273614204
1.9432683131416546
15.020939461869691
14.896609355890256
8.23630509871768
5.644275570451972
41.855360869313856
8.175759722075444
13.575348155689532
18.112815620330434
9.639321359425502
11.630149277261008
.0012987089547244833
24.70648677139839
4.852777934784923
3.4899239739355696
.00013971086571956022
41.978868944945894
3.8258161495712644
1.3224477014375995
.6691738064478092
1.5175477699135522
.0019969450886929635
19.412990735101374
8.639690373572591
4.6556521121824
11.938385484266176
.03999388597369282
7.2842273108883875
.5993328526166022
6.508843277354319
5.740427242971841
.0012987089547244833
4.423231986681047
10.647415876612056
3.1164827743472903
7.015859480826572
9.320917662443232
.599908289605392
.39993885973692805
.18476621537619414
6.301753662217031
.002993129074993951
2.504975833570764
22.813936468158104
47.56960695459692
11.29930323825577
.17869645667345435
.17975253327522045
28.988205011923306
41.933896857042875
4.119203371863458
17.270026843140133
51.830076298356495
.2106484490710759
9.992359803096035
9.992359803096035
9.992359803096035
9.992359803096035
9.992359803096035
9.992359803096035
9.992359803096035
9.992359803096035
