32216169637446685e-27
7.165924944292472
.1102416009280412
.5000174575960196
.016642609363243754
.5684395957921484
.004473486049169973
37.81982129407328
14214378305821067e-24
.676537235881013
1.8600802112312977
.013767770871462167
89.00377090144295
1.2106101799395
.29076441945753617
1.7761027107388607
12.103594161684631
65.87113931092287
21.628777364314356
.007230026106960783
63.47500055783908
7.0204500402785355
47.83001023029232
4206165423691185e-21
.2855945804507913
17649678796378565e-27
17760342054104718e-35
.13282677971708695
6.768959696248428
14.502772189558678
5.7868371974064505
.5218884440085293
10.63820446562551
211.6879374644794
79.58953844812528
1.0932453803404862
11.042902856936161
6.266626820098559
.9951761876759477
33.08570338957147
5.2503922369487
.0002700122954706706
.31741693516516545
.03410537754454094
46.42281740056377
266.2522917266591
17889425101094178e-23
19.79129749485771
.39249185161270583
34522269460617232e-28
.948962211133221
8910643549769651e-24
36.28101451155011
106.95003114237531
11720347774063188e-24
9101281576130842e-24
1.8614734090732088
.0001363278975020332
16930508268941934e-21
2994195341485069e-23
8792138742415522e-28
23.694768247205946
.01880190689450711
3.490181209028624
10.007921675220116
.0033215504999582995
4.798823986605006
.000734859472196059
24279339662452564e-24
0
25436921384385613e-28
8.312468471278105
2.4469900182771513
.45448460414175934
.9767541409717455
153.18038203336707
.42060422252548
1.3219156938346386
1.4988975198303687
2.471139468090758
33.25228962014942
2.262782317264436
10.120759956128449
.17853822993762422
3180158741230278e-20
1.881225539356604
16.096286770051588
.00010241316625597578
54343964633438805e-21
24.253113572384024
.008112110246577119
.3837498336382621
23.809094064633733
.03725844535600286
6828108734901605e-31
7.353139471908301
.01976785787460387
1.1416616718681891
3.5359990337156395
5657926699654879e-24
.20609652457542765
1.9365814980840086
.10369131314759393
.6656656483353115
.00012397769409504356
.7969350888131136
12.577109905832035
.5342097048922927
.8318489567251917
.8310731135988924
9725212433175052e-24
2058665693660066e-24
423340616829504e-24
.934069950678312
.00036548474551223025
.5104924885916129
10.142765190814245
16.590810802060716
.09894858222040413
.011061989373796098
7528241196725164e-26
101.01885393496383
351.4103022207
16.199684774642932
29.942104994456933
80.1253786740059
.0006823243016969083
2207.463932766793
580.4913036674461
236.40560536503372
513.5096985643423
6496.857149032971
2436.3067316805477
22282640439420083e-25
2905056193665039e-24
.31999999999958767
.41288968157585854
6.3579798531592235
.4398600473711621
2.3999999999768042
.0019999999998711352
10.454088927728957
29.26915116907467
3.1255606729812224
3.8700501817913633
.6593709587781676
31.889507782554045
4.709486273938129
24.98986344021894
11.43655428119448
1.5992165596105108
15.743653996386614
7.308926562068811
.0019999999998711352
1.9999999999871136
7.999999999484541
2.356997491467443
1.9999999999355678
12.0463116697555
.09999999999983893
10.399999999564438
1.7144835645032854
2.6451565049768315
20.74594016732108
13.29346639482858
.6272664244526583
16.708316082195495
14.428152545640971
2.090791884907316
5.1433454749922545
17.27291698571899
25.727524571846377
12.431861849024003
8.690002845718013
37.6507165482506
.0019999999998711352
2.0626944773407256
29.02415544951651
6.901779696440822
37.910183457240294
39.97181795409391
4.265334533387332
7.047945539332712
17.191708531729418
.039999999999742276
5.79970925313162
8.050413776363673
16.064177772049273
3.1050962507090354
6.30240214107128
21.250524629524612
21.329292488127688
18.090887227172235
7.911690974355695
.4508002411274044
15.00181227101004
19.511464669690035
1.5269269117599331
2.1579509275561533
34.19527015724934
27.936083715609783
9.141866395933834
.3999999999993557
.0999999999983892
.09999999999935569
3.5995810714809506
7.5741574287762194
1.9435653883769903
15.05542101666458
14.919398073865452
8.24449280104953
5.657232376373072
41.95144260394429
8.183887236311353
13.596115618482186
18.130821551499015
9.65406751881549
11.641710796560728
.0012999999999455548
24.73104746420002
4.860201677001026
3.493393303728103
.00013972578680540015
42.043087894537024
3.829619389426227
1.324470771720577
.669276105736429
1.5190563625731845
.0019999999998711352
19.442688578439302
8.648279080786606
4.660280291104662
11.950253420858676
.039999999999742276
7.291468553681635
.6002497073870572
6.5153137116863284
5.74613379572332
.0012999999999455548
4.433385806720494
10.671857720273387
3.11958086663174
7.0265922884905505
9.33018357699655
.5999999999961341
.39999999999742275
.18479446132995336
6.304162374373008
.002999999999710054
2.510726170404517
22.83661577867177
47.678806117068774
11.310535863852234
.17896982513314943
.17999999998956195
29.032550944131213
41.99804700868113
4.125504897377168
17.296446396862045
51.909365548895224
.21066120325472393
9.999999999677838
9.999999999677838
9.999999999677838
9.999999999677838
9.999999999677838
9.999999999677838
9.999999999677838
9.999999999677838
