.03228381011766097
7.125313005973955
8.399357633201495
10.371383921722607
2.065758279788988
41.29859144392804
.004835958410698644
21.998907842186036
7324742895586806e-22
.0620460975329036
1.7268068755207175
.0005216197906351941
49.902514729222986
6.136510915657698
127.89640641689284
38.08859345715093
33.11324836623571
15.188483797362126
15.704171374813932
.006745635612630954
61.7911495321708
1.7356644370965706
53.71981406973003
28688391072562677e-22
4.919018642471149
1.868610699573258
13410167530063675e-26
13.657005449082378
1.8369902356749948
55.522800157988456
18.364924514793444
.731671437516075
9.742535118165849
188.99687531486566
146.59157459774377
4.789071028966529
6.227049111848779
5.710782421516121
5.382731606125094
29.45028286920702
17.660638497276825
.0006072544175223291
.3070679358952013
.10045192745077011
52.46013978720616
235.78387104143235
13757823399034784e-23
25.583117768821502
6.125902413089079
.5583869348187056
1.7525295229117055
6.115645599025507
33.98861040584
5.581329811909248
.8521485125692809
49.78716638668389
30.4023300109446
19.022676795430296
26.228622012481562
2.006682655025061
9059082622928796e-20
21.766328344267627
16.17848771728045
13.689892619992762
5.744386874690549
1.2254593086431307
66.6318985244679
47.37744039198738
68.12087328649861
4.352358494375273
.6041167553644167
10.102207258304837
3.777008463104834
6.182312424752343
12.830453896161162
132.84262470846141
14.418311929778945
21.072503528306207
24.56294154535957
41.28356421234611
18.89906137085067
35.19703517255502
4.350585913106235
.027000370662980194
.0011473900555212073
12.86762411806728
11.705393535315961
.06684510764123161
14909208249379382e-25
51.983263894797126
6.729601873167007
.002785350161848977
49.557294046852824
.22456319556766968
9688325113357994e-24
7.522829840750094
.000807683080766393
6.261262845047361
8.327046850747077
.01975520248768388
.009877530930961394
.03393140266537261
.1469812560601631
6.15528027087781
.017207059136922893
.664885054220291
12.948004165518968
3.500006818085563
1.0011650264135765
1.826475093485176
.1694348400337636
.01538054270796191
.0007740775769459427
.5822892504894871
5047517288854016e-21
.016898018343054134
16.662150038717723
.8564749563010298
5.74396690872798
.0002735877208944539
.0006766080802550998
94.7024197808643
329.43757189772185
15.186762550618537
28.06990661499025
75.11535669541077
3359969118575626e-21
51.074545628053976
13.099624096050716
.016056951158394856
.05051590629521127
6.132761780893542
2.194268843437579
.08630954117935527
.14186213643292028
.319587033930246
.41116045804604545
6.347725141301913
.43801786923574443
2.3976766909321707
.001874945440100362
10.200737277074438
29.146569019029116
3.0685099729966967
3.6280664708884083
.6286201139949551
29.89554360389855
4.493538235909053
24.88520337774731
10.380855697024503
1.588924062730455
14.75924613647241
6.851919265231138
.001874945440100362
1.9871280761464867
7.499781760401434
2.3418279453659845
1.9364634982367255
11.995860504428979
.09983871115989046
10.356443753158237
1.7073031348303997
2.400984361116699
20.65905408252358
12.46226210085858
.5880451611656731
15.663590526043196
13.525999413132462
2.0741606169932894
4.908793543075877
16.192888470846295
24.118852442080687
11.654531343643491
8.146640605543967
35.29651965660104
.001874945440100362
1.9971662817567408
28.902599366194963
6.699531115837418
35.53976280555029
37.47248890518942
3.9986347671962355
6.607256675949479
16.11675776058871
.039742561522929695
5.43706920938382
7.5470433009433595
15.059728432302988
3.0390589108613337
6.276007046780992
19.2889068019288
19.995629846879275
18.015120771229295
7.660350390831145
.4435818822087875
14.063789756292103
18.291465857235867
1.5170996683006819
2.0230201259212244
32.057132929232836
25.357327623460794
9.10357933964821
.39935484463956183
.09983871115989046
.0993564038073243
3.267306808854831
6.874993408107192
1.9423108795173598
13.665667926652961
13.986528694719242
8.20996403566956
5.135018074476383
38.07894067093671
8.149612293134396
12.745987491796487
18.054887846587814
9.050424936995183
11.59295414040053
.0012945554691447794
24.627471349077
4.556306486424163
3.4787626210802847
.00013909691987949792
39.41424797033995
3.813580558101728
1.2416552170718531
.6649686702057065
1.5126944016851132
.001874945440100362
18.226990147892423
8.612059217839668
4.640762568346025
11.900204557143548
.039742561522929695
7.260931149739275
.562717725929726
6.488026922315963
5.72206840923293
.0012945554691447794
4.024143739209823
9.686747624282189
3.106515748082046
6.587238585799275
9.29110782940889
.5961384228439448
.3974256152292972
.18360513121374122
6.203218092298852
.0027230725551027606
2.2789631762225224
22.74097373405817
43.277616136667916
11.263166201631783
.16777932878528867
.16983816154697248
27.21722450534379
39.372023368560455
3.867548297973714
16.214946651913174
48.663614120337364
.21012315045429644
9.682317491183616
9.682317491183616
9.682317491183616
9.682317491183616
9.682317491183616
9.682317491183616
9.682317491183616
9.682317491183616
