.032240445097905975
7.125362399911866
8.396346267834012
10.381206504096337
2.0657744145266803
41.289670737609136
.004835938352827027
22.01129099740363
7318397774549875e-22
.062051842530734064
1.7269785240315016
.0005405275296411282
50.46204893283608
6.1810379494034935
128.72848636225308
38.08521059632663
33.11512596776291
15.192301087055398
15.709351207627757
.006746273526361648
61.7937381800042
1.7358977091810917
53.72081779294241
28671580481864795e-22
4.918817084487535
1.8676672357023694
13396232232950968e-26
13.656506066148607
1.841293780012911
55.650977031250214
18.364745050476134
.7316159886503969
9.743732558346874
189.02315544985743
146.55196719378182
4.817906376069446
6.230864193593669
5.71150939983377
5.425914275403633
29.455153616670774
17.786744185835367
.0006072839819107896
.3070816032291158
.10045431054953591
52.45992928246552
235.85064607872815
13769459898294554e-23
25.583657062617824
6.127201064279694
.5572594449728477
1.7522974249340184
6.1102068363747915
33.99167541087288
5.582153996715049
.8510131440585843
49.73853015621502
30.400329471518752
19.018416585286303
26.164861039129402
2.0042181341130076
9042661036494487e-20
21.768932899515065
16.167593272194267
13.691701849543572
5.741344581612864
1.2235659853556664
66.63306431468067
47.35700602696262
68.1039204468215
4.349400907992912
.6035378678169837
10.103399719174432
3.7772835405893637
6.183831425022486
12.831165687426298
132.87508014456085
14.41821760922228
21.073144326244876
24.560541476814485
41.25638079963884
18.88876409138826
35.20556288275578
4.347843341986769
.0269811137996673
.001147220038612077
12.915017685061045
11.710860569449796
.06666869378690427
14855774650381015e-25
51.98113029006686
6.7495342225323585
.0027849945092533472
49.55996053141508
.22549322660133342
9719771462980298e-24
7.516204462476327
.0008077987425049598
6.261674176839903
8.327496715986198
.019751330070941348
.009913579736594543
.033930641089761474
.14767759775473155
6.180054459481481
.017207492763188278
.6652268263349296
12.95091650061573
3.4971526782346
1.0012180521059173
1.8256811466426013
.16941104515884514
.015380190301093952
.000776910179175989
.5827626909637228
50484707881847145e-22
.01688755959933974
16.6689029973804
.8604699936697368
5.741132127141589
.0002736821493692377
.0006765890610237967
94.71063368166256
329.4661452704092
15.188079756254107
28.072341224674837
75.12187173578407
3372521075597736e-21
51.11241435986619
13.108743307216699
.016015579260696612
.05038128176250818
6.133186303277444
2.1943197260282004
.0866662944436519
.14244012660540387
.31958758828664846
.41116277595015915
6.347738904778141
.4380203385476666
2.397679810193112
.0018751080612443918
10.201073438172495
29.146733331892634
3.0685859032375036
3.6283811468824356
.6286604426465383
29.898136558017786
4.493821561174234
24.88534366729644
10.382206282910978
1.5889378435348895
14.76052626198454
6.852513558230752
.0018751080612443918
1.9871453105908796
7.500432244977552
2.341848256137085
1.9365474748353892
11.995928130714207
.09983892763550922
10.356502137283238
1.707312759697972
2.401296737638097
20.659170547289353
12.463343000215271
.5880961645574543
15.66494908878133
13.527172574469141
2.0741828678680223
4.909101317485079
16.194292941606857
24.120944361820282
11.65554218544171
8.147347194646208
35.299581057900554
.0018751080612443918
1.9972528907898883
28.90276230368726
6.699798770352255
35.54284530425259
37.47573903657195
3.998981583987003
6.607829748432849
16.11815562824342
.03974290621181755
5.437540787060741
7.547697884692514
15.061034619786668
3.039146666346019
6.276042427572765
19.29141635663725
19.997364143852266
18.01522233090442
7.660682589280008
.44359150028160155
14.065009562229196
18.29305234558911
1.517112826169158
2.023195590145535
32.059913366209706
25.360626701090478
9.1036306607896
.3993557105420369
.09983892763550922
.09935726552954394
3.2677318969777778
6.8758878689625975
1.9423125640850836
13.667445878179281
13.987741799510825
8.210010319082857
5.135686158412872
38.08389487522806
8.149658236316649
12.747092999734678
18.054989630448574
9.05120991474746
11.59301949531384
.0012945627671604048
24.627610185669944
4.556701672202654
3.4787822324948356
.0001390977626997086
39.41766651786615
3.8136020570418387
1.2417629105479255
.6649744375066202
1.5127029294520904
.0018751080612443918
18.228571044022345
8.612107768051873
4.640788730498628
11.90027164417139
.03974290621181755
7.260972083009611
.5627665325767885
6.488063498363096
5.722100667213105
.0012945627671604048
4.02466729448291
9.688007904263825
3.1065332609665925
6.587809922037604
9.291160207736223
.5961435931772626
.39742906211817575
.18360672362867517
6.203352595094583
.0027234268364325575
2.2792596773580205
22.74110193558031
43.28324670694656
11.263229697375989
.16779388092414455
.16985141912780247
27.219585158668256
39.375438253786456
3.867883745136791
16.21635303586362
48.66783490054334
.2101238722677295
9.682737374176936
9.682737374176936
9.682737374176936
9.682737374176936
9.682737374176936
9.682737374176936
9.682737374176936
9.682737374176936
