.03254210130220343
7.125018604634176
8.417275239046253
10.314047353494875
2.0656621309007366
41.352330539805244
.00483606918039855
21.92463436861759
7362625219215616e-22
.062009009677236264
1.7257848193495107
7348552652719079e-20
14.766358336429949
5.962577790256281
124.60206087880209
38.109317448603356
33.1018911721758
15.165637109108307
15.673301286854112
.006741836733534143
61.77571178674156
1.7342101916680033
53.71384266408109
2878861555663659e-21
4.919983437621382
1.8741819344987762
13492564438672977e-26
13.659966085616123
1.8115523885810108
54.763161679036976
18.365887946702145
.7319970505313658
9.735429204493458
188.84062740411866
146.82616317217148
4.675673340982875
6.204193720777379
5.706467488741687
5.21449746627498
29.42144402339002
17.153369170724766
.0006070765556742658
.30698654325745767
.10043277556418015
52.46128795398219
235.38265240437656
13687892585541313e-23
25.579699005925384
6.118081071565068
.56511862825347
1.7539031003257302
6.147842953826122
33.97035394949585
5.57615265730902
.8589389691812283
50.07632312946852
30.414564829129773
19.043755616259137
26.60737746411178
2.0213930961511326
9157523140021636e-20
21.75080659475527
16.243242265470126
13.678942440753424
5.7625116299196
1.2367728024490605
66.62547582551584
47.497552286271244
68.22168501828546
4.3697716104896775
.6075564883261706
10.095119472306141
3.775369954310945
6.173828278992902
12.82630961002254
132.64828575234188
14.420555050564762
21.06888701427894
24.577407331780893
41.44418526617843
18.96041311640305
35.144797576131005
4.366937787460129
.027115340566854183
.0011483763722108982
12.58629428794414
11.672860110809136
.0679033111947426
15230604626225713e-25
51.99470921806041
6.610590331256743
.0027874465199831467
49.541172936876364
.21905432159778987
9500933359451104e-24
7.562308553170746
.0008070635239593437
6.258507519707044
8.324060071791173
.019779037811802555
.009663118206089687
.033937664270970905
.1428628778809383
6.008404041949443
.01720446058374885
.6628520740246315
12.930683409544537
3.517202775126227
1.000848729355797
1.8310941796691396
.16958167302488736
.015383051396897215
.0007572556883077875
.5793692423559007
5042103160893373e-21
.01696114789583057
16.62181676757624
.832861295808476
5.760854983669751
.00027303272680616846
.0006767451102342055
94.65351081433703
329.2674342052103
15.178919362841873
28.055409940816226
75.07656344731001
32855907367239106e-22
50.849385288296645
13.045353221162376
.016304731251033357
.051322500558899996
6.130129164542693
2.193922526350609
.08419588827870299
.13843638213847984
.3195837320867605
.41114665239200193
6.3476431637589705
.43800316178260973
2.3976581120415728
.0018739771264713915
10.198735260300213
29.145590356221057
3.068057755422878
3.6261927597203725
.6283799616475619
29.880104081394045
4.491851061016548
24.884367800050295
10.372814962158841
1.5888419838348367
14.751623739104664
6.848380598629311
.0018739771264713915
1.987025427264915
7.495908505885551
2.3417069737878005
1.935963391375318
11.995457715938894
.09983742179526783
10.35609601184027
1.7072458082174788
2.399124622456631
20.65836040746814
12.455825978514975
.5877414658517568
15.655501080952902
13.519013924756607
2.0740280910451565
4.906960773615214
16.18452567038108
24.106396285738583
11.648512373012158
8.142433281448048
35.278290805612784
.0018739771264713915
1.9966504979261712
28.901628895226754
6.697937130713565
35.5214083318899
37.45313627713833
3.996569676415704
6.60384436508827
16.108434277749886
.03974050854529826
5.434261240626701
7.543145638253856
15.051950851165047
3.038536273216447
6.275796315470705
19.273966127482545
19.985303124572326
18.01451587229008
7.658372045360276
.44352459926288845
14.056526526650991
18.282019248654837
1.5170212996308141
2.021975339274256
32.04057705616197
25.33768651156475
9.103273666122313
.39934968718107133
.09983742179526783
.0993512713632457
3.264776039856443
6.869668220973187
1.9423008459077196
13.655082863555332
13.979305366473294
8.209688367324105
5.131040625981546
38.04944573575636
8.149338651236917
12.739404839768843
18.054281612377963
9.045750854418149
11.592564880414377
.0012945120014800336
24.62664442532312
4.55395338666232
3.4786458136580083
.0001390918999707311
39.393892522832495
3.8134525084003967
1.2410139655220964
.6649343199838478
1.5126436095061122
.0018739771264713915
18.21757683772465
8.61177004822757
4.640606744114238
11.89980498052097
.03974050854529826
7.260687347346497
.5624271109434831
6.487809071952772
5.721876277681061
.0012945120014800336
4.021026744444395
9.679244527078001
3.106411439701074
6.583836613259972
9.290795859184458
.5961076281794732
.3974050854529828
.18359564674135304
6.202417025752553
.002720963335489794
2.27719795192855
22.740210153782286
43.244094445669695
11.262788015030976
.1676926793248576
.169759218039896
27.203168197961386
39.351689727904805
3.865550906664327
16.20657245952322
48.638481847269624
.21011885123293875
9.679816956876579
9.679816956876579
9.679816956876579
9.679816956876579
9.679816956876579
9.679816956876579
9.679816956876579
9.679816956876579
