.037312315850247135
7.119513172582447
8.738037648690916
9.571647751060528
2.0638711750985355
42.48675240356193
.004835799696594914
21.007902452157417
8086795697685476e-22
.060659181522996396
1.7070261158797648
13002029938126405e-21
5.065976124792556
3.6198872729408444
78.68839661656602
38.129999001270825
32.78184229377346
14.701282106653727
15.097878193356543
.006671877962597448
61.484492002340346
1.6923675134045864
53.58857810829094
30646895019451003e-22
4.881414883366494
1.9720281570713054
14855935512333888e-26
13.710741197104408
1.4011767298742748
42.20092789840008
18.35409111951575
.736703164920101
9.59339154875781
185.98152146515528
150.7804884601474
3.0362077433760595
5.908331157595398
5.621153937767062
3.04106160262985
28.81793344497088
10.382723012878964
.0006033019652011741
.3054873125312942
.0989236299567243
52.453119994198985
226.63338069665562
12180769855897228e-23
25.45615905700695
5.99963255701582
.6928428930548848
1.778196298215386
6.6795696842385155
33.633043952374955
5.418892577079804
.9864775289778667
55.64408665271635
30.446381181566988
18.154943648765194
32.975716291271546
2.302878122290151
.00011108135070804337
21.463106795618884
17.383459308867515
13.42596420658777
6.093211617100541
1.4542156614916417
66.11962089292591
49.80619362120185
69.56426969584649
4.652849104556096
.66853486911155
9.954121029948766
3.736587646995261
6.01227365829834
12.679641887586392
129.26252455273556
14.404823871918571
20.876149347134877
24.6949480270207
44.048706096073865
20.083688988754588
33.855686430051406
4.664943589693238
.02927567568778087
.0011589610090054893
7.802657223178664
11.081232204761427
.08985529628731041
22332194390724024e-25
51.8451522353442
4.404323652565421
.002823532522495457
49.17215916305913
.12873262299508903
6153103929683991e-24
8.28840826989265
.0008153954010102704
6.136612817884767
8.198191691854356
.020419477497711593
.0059482352906769015
.034480572431673684
.07786561041492059
3.575692667824317
.017152183452172218
.6255062852598667
12.603559746524475
3.8852601425892246
.9948654758967421
1.9001845477012433
.17351330007883442
.01557809537514479
.0004699504318558237
.4920936466746246
4998430195488646e-21
.018323478988222845
15.875408784821223
.4602459813061305
6.066630028589408
.00026799253261599736
.0006832314348927984
93.75476966127995
326.1410188093545
15.034794550429158
27.789022024903023
74.36370666450615
20438581856146053e-22
46.870207612247846
12.094449095715595
.02141880585880163
.06809246961342716
6.028526935793757
2.169756757711151
.049531302750279935
.08200232626599203
.31952275858535295
.410891767924054
6.346129363306643
.4377316280070068
2.3973150162835415
.0018561835935220307
10.161831849980514
29.12752196566563
3.0597180092707217
3.591761827005463
.6239611984175074
29.59639057764189
4.4608053415880535
24.868941093277833
10.225430384758123
1.5873268832552392
14.611556126031626
6.783354785821808
.0018561835935220307
1.985130623749427
7.424734374088109
2.3394739502213726
1.9267504219050395
11.988021304040776
.09981361233869099
10.349675898708755
1.706187425674529
2.3650360968343778
20.645553553343216
12.33755711235356
.5821608229556342
15.506851094574888
13.390650020888705
2.0715820758284442
4.873235277637939
16.030852561612704
23.877504507636523
11.537909001288778
8.065120355460405
34.94332117285703
.0018561835935220307
1.9871487273027395
28.883711745078667
6.668566924297385
35.18413028263682
37.097516347209414
3.958621991133322
6.5411404394945265
15.955483661632467
.03970261247498849
5.382662581777221
7.471522986856386
14.909031612910173
3.028900154967867
6.27190572559113
19.000107453352328
19.795541390223086
18.0033480316504
7.621926961656598
.4424680060563049
13.92305890617023
18.108430303898444
1.5155746863906574
2.0027765538067337
31.736349723014733
24.977670042318696
9.097630222228336
.39925444935476395
.09981361233869099
.09925653118747134
3.2183877027755603
6.772058926743515
1.9421155509117896
13.461061411851137
13.846570965858769
8.204598888814793
5.058135030244509
37.508811250271506
8.144286585668183
12.618443374140668
18.043089119538294
8.95986087016692
11.585378236148863
.0012937094873385956
24.611377490458963
4.510713307319406
3.4764892770980365
.0001389992230510356
39.01984498793624
3.811088413233883
1.2292304583627993
.6643002466248529
1.5117058678040671
.0018561835935220307
18.044599777791205
8.606431304949325
4.637729866547449
11.892427867163738
.03970261247498849
7.256186188403094
.5570868294700211
6.4837870478068105
5.718329082581173
.0012937094873385956
3.9638930416251563
9.541714708086147
3.104485664500354
6.521322662552458
9.285036163597493
.5955391871248268
.39702612474988536
.18342057214386648
6.187641223678214
.0026823018889309738
2.2448418500384477
22.726112686777874
42.62965057404917
11.255805811201478
.166100426584531
.16830783973469587
26.94487237203056
38.97804291125185
3.8288472529998483
16.0526900150786
48.176656344102554
.2100394674775391
9.633752109525185
9.633752109525185
9.633752109525185
9.633752109525185
9.633752109525185
9.633752109525185
9.633752109525185
9.633752109525185
