.04350745595839444
7.112138822027826
9.096022510949927
9.267826358999208
2.061506077256368
44.08133752276245
.0048302293421249465
20.21299053087497
9017070709400271e-22
.05841004429601789
1.682993520139778
12778329532280473e-21
5.34332703880801
3.3323601226911292
72.36377790256977
37.90515965438725
32.17952735103203
13.937028739419766
14.340942988989148
.006581553580721145
61.087791781516266
1.6270618561373709
53.40728452851838
32904792193526933e-22
4.7779100355443
2.074794880384339
1633298927251475e-25
13.767228403823918
1.025631067409734
30.732575529442478
18.27283368999709
.7397702228740426
9.400750480863234
182.4127476113139
155.00211283841128
2.818766663067225
5.636234798106854
5.506610520983739
2.7801550078371533
27.983483634570987
9.327020577310957
.0005973511479222204
.30355140492640464
.09607360546924064
52.37396515063934
208.77405991656357
9470334479050647e-23
25.13949690547152
5.857070711508087
.8565821369812647
1.8060973106782465
7.187273993493999
33.19535191813691
5.17105848844133
1.1331797427893313
61.59138668267575
30.36915148542635
13.986347440192944
37.778513425158266
2.6206093221291686
.00013755528175609505
21.089006025304567
18.657234912266922
12.99399850051308
6.471392378444387
1.7392649615685745
65.19836857780885
52.29427877007656
70.74100097135927
4.924470730970566
.7388822937186804
9.762107221335626
3.6749224739165958
5.776428750311619
12.440781835725053
124.78469458946488
14.371849264235827
20.54368070994389
24.724876406129557
46.713259920741905
21.376124142653886
31.992152178441785
4.99778640024431
.03216428681316274
.001154732747095318
3.369378385136984
10.339965292739965
.12410976738380666
3477566793828258e-24
50.862128218252515
2.049864348873012
.0028818174309368865
48.536525377159705
.05189951835183578
27774375386929588e-25
9.148046327886762
.0008743009686762193
5.924384895199676
7.983247111201608
.021555684830499175
.0025227598287735535
.03585795886293441
.028588277412521918
1.4725599328485346
.017075258344202107
.5786348746266743
12.166540954573257
4.436016119483621
.986706327425574
1.9507103036199973
.18001911370731513
.015982580624773833
.00020340533845444493
.300368519175428
50262581264489965e-22
.020266041812495344
14.991634407965797
.1727750069518865
6.395446738160636
.00026691506370309396
.0006963902633144878
92.60028847109878
322.124970634715
14.84965850274414
27.446832466577757
73.44800391267295
9035083325363798e-22
42.89588073936009
11.154922267194978
.029312905120765738
.09437766915557454
5.859364581586612
2.1239112007834784
.020001263372828447
.03340926279667603
.3194435888648139
.4105609819745531
6.344163909701083
.43737923478937585
2.396869506612446
.0018333268465854635
10.114104156369162
29.104073029079
3.0489209008268943
3.5475334481841014
.6182688414328946
29.23194537295964
4.420805926818932
24.84892050164082
10.037141499771693
1.5853613586843587
14.431631768393888
6.699825643412845
.0018333268465854635
1.9826725144220125
7.333307386341837
2.3365770714621186
1.9148508302831018
11.978370419503152
.09978269916106347
10.341343954298003
1.704813869736722
2.321486828698987
20.62893297447493
12.185634413695587
.5749921879924123
15.315902218349123
13.225759705129128
2.068409709293938
4.829781290121284
15.833451215400524
23.583480748396056
11.39583304116287
7.965807757492689
34.5130347227674
.0018333268465854635
1.9748761163417534
28.860459086445527
6.630615605917026
34.75087854780839
36.640703483394326
3.909876155115462
6.460593885681716
15.759010395961324
.03965345028844018
5.316381338420699
7.379519851639956
14.725444189858456
3.016431202357699
6.266856565562684
18.650243544215876
19.551782269838792
17.988854544465354
7.574854015838178
.44109955092825026
13.751612592825
17.885445998725633
1.5136980097486061
1.9781146846788031
31.34555340478364
24.517736575964314
9.09030622966828
.3991307966442539
.09978269916106347
.09913362572110059
3.159125000942206
6.647359684129765
1.9418749322598723
13.213192310150607
13.676066512737656
8.197993825765167
4.964995615166669
36.818132033677614
8.137730076675904
12.463061887124676
18.028563639029183
8.849530581066759
11.576051496994339
.001292667994287251
24.59156424885319
4.455169107419878
3.473690550289115
.00013887895448962787
38.539360877686626
3.8080203194003834
1.2140939117347753
.6634776697057843
1.510488878076154
.0018333268465854635
17.822401471474947
8.59950274912694
4.6339962899776745
11.882853939548248
.03965345028844018
7.250344639300727
.5502269516393314
6.478567313992708
5.713725576103796
.001292667994287251
3.8909027641571696
9.366015617129332
3.101986416965093
6.44102014166505
9.277561301010099
.5948017543266023
.39653450288440234
.18319344964934017
6.168504225641734
.002632910556453015
2.2035058130199316
22.707817166277326
41.84467731894656
11.246744392347882
.16405509258322415
.16644142200898754
26.61307753708267
38.498073545067165
3.7816994422843506
15.855019765968374
47.583416728069885
.20993641552086692
9.574254151415495
9.574254151415495
9.574254151415495
9.574254151415495
9.574254151415495
9.574254151415495
9.574254151415495
9.574254151415495
