.04739744011660657
7.107366455639102
9.268791326197752
9.306701571789322
2.0600105208717774
44.96081529219251
.004824284155992351
19.764213778054337
9532482972513871e-22
.05776275327629243
1.6680907335671398
114393445480092e-19
4.807359883877725
3.311898964093568
71.54440130742951
37.74764435032607
31.771741397659824
13.35419421501746
13.865889598369298
.006525119934773733
60.82717856199456
1.6037097953432409
53.29066398958505
3410583054189198e-21
4.765753476072383
2.1233366394241755
17270026480313368e-26
13.798103099050785
.8608339186252697
26.11850512444908
18.195999082346585
.7403318929350748
9.27955389774114
180.27021392507896
157.2229407322195
2.802778339764565
5.481194799374627
5.434969480544481
2.7581512425416106
27.46030327738858
9.121464473485162
.0005932385026780244
.30234224313482805
.09560470178156802
52.29124356437841
189.9262711540922
728094849956767e-22
24.857595341895077
5.762522208586957
.9480927141725283
1.8222683569092994
7.405677476074374
32.921601093423654
5.087262721700161
1.200037143896488
63.852201008694756
30.316916299071636
10.310982070242027
38.123926541170796
2.755043685832756
.00015287398585162206
20.857076590629006
19.31000536065611
12.709386522672503
6.651443258747334
1.9001232874709617
64.60756513302044
53.38826275721708
71.298374943604
5.047584759994926
.776202141603122
9.640578751233159
3.6328722887064364
5.626012015823221
12.28702074946303
121.78367254457523
14.355733442893243
20.332178828814406
24.72275042398789
48.369717927920334
21.995392914836764
31.231869835757422
5.1405946617397476
.03396328891430823
.0011463124914408323
1.7595515448460934
9.890860107621796
.1483335846299122
4420597452423906e-24
50.028525012230055
1.1130098862838158
.0029315889968872014
48.106989934675944
.026075960763726112
14775856083995448e-25
9.577376555001631
.0009315967120270447
5.872014612747332
7.931422999983315
.022125943287386988
.0013103201162203942
.036561417172858664
.013876649962207256
.7537388959781448
.01702493323595859
.5502890239576522
11.881776032643709
4.741605544408411
.9813820814602848
1.9801507709638273
.18230992694404294
.016069666027129788
.00010608544879830196
.180712540471774
5015732968617655e-21
.021171240073750815
14.546438532067526
.08440740402928631
6.5244944564075915
.0002643946560343917
.0006972375048313812
91.88265606340272
319.6285710870207
14.734576829017879
27.234125391990535
72.87879760933869
4789700609747397e-22
41.31078584278445
10.793106768202039
.03483477185378377
.11303649833916848
5.814871183335677
2.116479133671077
.010057346586484594
.01689077569484612
.3193938875116503
.41035341461874575
6.342930094837368
.4371581089268701
2.396589809400703
.0018191189560839173
10.084250143247797
29.089358880031472
3.0421607807065145
3.52004082357314
.6147211304699349
29.005404055583686
4.395873448828427
24.836357630472715
9.920689245220052
1.5841284322338418
14.319789712349243
6.6479034292706425
.0018191189560839173
1.9811306013607703
7.2764758243356535
2.3347599288534027
1.9074165590955636
11.972314513598745
.09976329339237296
10.336115680023703
1.703951966821878
2.2945526288453646
20.618503602813632
12.091198356227654
.5705361216551655
15.197207255660947
13.12326289936849
2.0664202352111767
4.802694391414092
15.710745358804921
23.400713822387967
11.307517775216539
7.904074453043671
34.24556609373902
.0018191189560839173
1.9672088012807127
28.845868101322807
6.606896096167743
34.48156668006404
36.356745877056284
3.8795754521120935
6.410525666436641
15.636881439776802
.039622612027215356
5.2751805214133975
7.3223301529229134
14.61132515045978
3.008628082635425
6.263688230275968
18.433860930828338
19.400260143755645
17.9797599175141
7.545445187709553
.4402424495714121
13.645040539782501
17.746837621940834
1.5125208154741965
1.962784719434602
31.102632077735503
24.233278525747615
9.085710442658765
.3990531735694918
.09976329339237296
.0990565300680385
3.1224724112802447
6.570236130371937
1.9417238608821215
13.059891090438153
13.570079925639599
8.19384916522496
4.907391073750338
36.390963154589954
8.133615883685213
12.366475826141574
18.01944893634711
8.780948613961405
11.570198991506931
.0012920144600029634
24.579131489310974
4.420642500796525
3.471934356217898
.0001388034899694833
38.24068908309117
3.8060950981951014
1.2046849438856169
.6629616869212749
1.509725220066348
.0018191189560839173
17.684281676276985
8.595155097681081
4.631653480020173
11.876846323919954
.039622612027215356
7.246679081852393
.5459628105809866
6.475291944082205
5.7108368873055175
.0012920144600029634
3.845759991273315
9.257349854590723
3.100418145388912
6.391103614744894
9.272870843435857
.5943391804082295
.396226120272154
.18305098115255436
6.156518193621676
.0026023631769686536
2.1779404446479056
22.696336772931872
41.35918979095983
11.241058374685574
.16278370074385595
.1652800741377589
26.406831884672
38.19972171845888
3.7523920813596985
15.73214675772422
47.21465543718442
.20987173411350155
9.537082795477806
9.537082795477806
9.537082795477806
9.537082795477806
9.537082795477806
9.537082795477806
9.537082795477806
9.537082795477806
