.050176000229615235
7.103890399031021
9.364533727518504
9.392052271960093
2.058943197269444
45.48182885908019
.004819000581266099
19.45803828687509
9848633708319566e-22
.05789818022282332
1.657532861213507
11868851021028115e-21
4.962167540779336
3.302691245041021
71.0336295582579
37.62459208536463
31.496405069787833
12.899048052441675
13.530141102354662
.006484933640877183
60.63526941710561
1.6007074879102232
53.20788103559631
3482911192781999e-21
4.802097512527075
2.150828886104565
18003205184250297e-26
13.818247976999977
.7671889307775264
23.75191622905102
18.13286221964888
.7402103416831314
9.193071969612173
178.7875045030616
158.63760813349944
2.795440164348488
5.3752914373986425
5.384042129102624
2.747190645639746
27.08836707928983
8.993688395050052
.0005901952492328575
.3014815704287373
.09632196968573858
52.21709285555803
170.1690701872417
55762722237457334e-24
24.618177294563484
5.69310657376953
1.004625840685814
1.833608237520562
7.519905958859985
32.726926306375354
5.082334861110356
1.2318948575644528
64.65671307304787
30.273388520280502
7.598762753850578
37.14756574527292
2.8114478949394277
.00016238254047503498
20.694457099810027
19.700340404794957
12.519748226721767
6.746463632339968
1.999115375313292
64.17989675226006
53.95004092691067
71.60936940128612
5.11624373339885
.7990678138364833
9.55335802031547
3.6015170797827984
5.523185038820057
12.174755280615248
119.54282028610616
14.334615283967567
20.178286824091376
24.710232007131648
49.67431072960053
22.324166415004452
30.98454195702315
5.201442100975711
.035175146462196945
.0011390244239512198
1.054631533258192
9.578023047313563
.16681115631447174
5155775971924985e-24
49.42803930827633
.6841675866930504
.0029694512165613866
47.814687263555705
.015237237798939984
8923630820700577e-25
9.813710141706736
.0009775581684779194
5.898317567905327
7.95867579152698
.022341275926090896
.0007849102186416225
.03678225921335945
.008037976344426543
.44740839954105877
.01698962054692191
.5304504079530271
11.671117241578093
4.90657575858457
.9774999553517856
2.006555645039129
.18212724219872314
.01596668482567764
6324838995920207e-20
.11549975138555216
4968479147304618e-21
.02151051302733131
14.27948180847722
.048810380593155005
6.570385449998047
.00026041857187106477
.0006905669913870907
91.37346887870875
317.85728171389616
14.652922053082277
27.083201722278794
72.47492432825966
28864954654931683e-23
40.54573027131542
10.628474154854628
.03901332848534889
.12730896395791652
5.830342918081528
2.128185053205473
.005877992920063637
.009910112037391521
.31935839127959864
.41020521647356656
6.342048945418534
.4370002303310428
2.396390045661073
.001809037923388991
10.062979814042528
29.078853328287796
3.037341302047609
3.5005337723650607
.6121995213160881
28.844664470282808
4.37815067036894
24.82738803986443
9.838337135919499
1.5832483575695897
14.240433567006537
6.611062665449753
.001809037923388991
1.9800299691056111
7.236151693555947
2.3334628351211744
1.9021240428456836
11.967990741110913
.09974943443969973
10.33238281679516
1.7033365886820564
2.275505439258453
20.61105728000639
12.02419242154575
.5673743749882937
15.11298871530463
13.050537560593808
2.0650003539586406
4.7834396610437375
15.623680938364421
23.27103381419546
11.244854772333092
7.860272351637506
34.05578704147164
.001809037923388991
1.961750379260605
28.835450485686124
6.5900055557019
34.29047978060019
36.15526727520786
3.85807596366777
6.3750003817273155
15.550226351876214
.039600599382112155
5.24594699211057
7.281751910676695
14.530353399785993
3.003066787157961
6.261426114390884
18.280840581870407
19.292749496282486
17.9732665706194
7.524508811185973
.4396312541501329
13.569423659784027
17.648489765303975
1.5116805229690138
1.9519075325065307
30.93027025949086
24.03211693782421
9.082429160263473
.39899773775879893
.09974943443969973
.09900149845528053
3.096552620533285
6.515696290390604
1.9416159599508285
12.951480318570532
13.494878455749124
8.190889976377237
4.866654589006522
36.08888005318617
8.130678447941728
12.2979443831002
18.01294125585906
8.732287128810166
11.566020442069274
.0012915478520993957
24.570254795302677
4.396144574790055
3.470680475505699
.00013874961184786054
38.028770211247256
3.8047205361375345
1.1980089273085923
.662593373486482
1.509179986447293
.001809037923388991
17.58628048665241
8.592050978164524
4.629980769545741
11.872557029538383
.039600599382112155
7.244061961194003
.5429372421181472
6.472953408026648
5.708774432348475
.0012915478520993957
3.8138361562134055
9.180504156855957
3.099298436859489
6.355685961445516
9.269521968513592
.5940089907316817
.3960059938211221
.18294928578019642
6.147971003920576
.00258076083750492
2.1598612583016386
22.688140045690716
41.01586520593783
11.236998693587205
.16188160041451155
.16445550430262307
26.26049283702012
37.988029875936455
3.731597406481589
15.6449637369022
46.95300543153191
.2098255453096058
9.510620214228403
9.510620214228403
9.510620214228403
9.510620214228403
9.510620214228403
9.510620214228403
9.510620214228403
9.510620214228403
