.05695084800041108
7.095192641935094
9.5089624838415
9.664844025684124
2.0563446056267547
46.345154877934895
.004802741086619066
18.753626603893135
10417985437401093e-22
.06026279240771941
1.632087740912868
11819731255809057e-21
4.909342229515671
3.2791029838342443
69.71269109336845
37.26611593788014
30.949208399022318
11.735750593451053
12.743058565267315
.006387346153122832
60.14613948761017
1.638646203223385
53.01114390116671
36117779556691146e-22
5.048497431095466
2.195733508622719
20046292694297036e-26
13.861424961186671
.5959657574988356
20.125891951871385
17.959574562569248
.7384193617529086
8.982551130331798
175.34071579088854
161.57639073659362
2.7765922380046635
5.131568513162084
5.260755837341422
2.719479682053051
26.18827200199651
8.6926820350517
.0005825736493273912
.29939350634880507
.10175304268595509
51.98099800653592
105.30403813360144
2320840740885221e-23
23.899904697126267
5.521776016067376
1.106972278029676
1.8614684695822041
7.686319335577123
32.25606762292234
5.254676543006357
1.2496504977050356
63.87427272388041
30.125826713224942
2.9204351921492635
31.54479880649309
2.8051696166671842
.00017820843576509218
20.313877475906512
20.387873904588375
12.147172022800385
6.864161334025021
2.172342225670754
63.10769037702388
54.650716154810866
72.05474653188851
5.226640239450232
.840928935710622
9.338193263332046
3.5204925966909295
5.299448597152891
11.888534840101626
113.72895447189363
14.216330136628036
19.78337289305911
24.632746779284822
53.32960558255851
22.738260063618252
31.305175555424633
5.202089604800239
.03756048219474836
.0011172116397651021
.2737699991459998
8.843624066834364
.21537129800094892
7095890313927599e-24
48.15197087193928
.18772968936367243
.0030479482715650296
47.22316649616336
.0037362318384416204
23155773327257638e-26
10.138599874451875
.0010871074522493627
6.1820035257278105
8.242958069923102
.022030828441352495
.0002039488072090408
.03606475259876445
.002028926585658959
.11473146593420205
.01691102709687513
.4828776086214572
11.124400419094043
5.067878921807158
.9678185039402185
2.090053357920601
.17427639536727416
.015063465374813647
15834395051588547e-21
.03220031808472781
4690072201552536e-21
.02108023805482871
13.729147065405996
.011989439463691506
6.522727701322311
.00024246024521141775
.0006456143804426398
90.14373613794612
313.57945893875075
14.455718442256938
26.71870751743718
71.49953411461831
7375327431672456e-23
39.51237827902276
10.443836398918457
.04984272396640554
.16499258813019171
6.027221553171974
2.2154182898172325
.0014426757392956946
.0024562506558498593
.3192718588255991
.40984409539535255
6.339900988432978
.4366155204638365
2.3959030398208316
.0017846913248525417
10.011305125988152
29.053253978388224
3.0256221476923337
3.453422493316031
.6060944606786337
28.45646394850439
4.335236896223121
24.805531435467074
9.640395729368205
1.5811045569666027
14.048781355320793
6.52208891507448
.0017846913248525417
1.9773489055684803
7.13876529941015
2.3303032051054138
1.889280995666625
11.957454810442751
.09971565080031847
10.323286781265924
1.701837069122666
2.2297236429000544
20.592912490693198
11.862367076798986
.5597384730820301
14.909593383354867
12.874899341756807
2.0615424046626334
4.73681462068306
15.413412550648511
22.95784495813159
11.093517997573944
7.754486346348037
33.59745360123716
.0017846913248525417
1.948504738015943
28.810065413649017
6.549002834901746
33.82898777203217
35.66867837292633
3.806152769910407
6.289203631445342
15.340946538973895
.03954697811136954
5.175345395698958
7.183751814537665
14.334799356256273
2.989549963461069
6.255913914987315
17.91304110033971
19.033101635628277
17.95744394052511
7.473703700959445
.4381445561897202
13.386802109431525
17.410970866703142
1.5096336289355095
1.9256381500575537
30.514001002282043
23.548605246431705
9.07443351203805
.39886260320127387
.09971565080031847
.09886744527842403
3.034251850321759
6.384604412712191
1.9413528947223375
12.690904349708937
13.313260158082478
8.183679187969354
4.768740435299567
35.362793563172744
8.123520666300204
12.132434798780366
17.99708369845391
8.614765275740405
11.555838382931675
.0012904108476582412
24.548624556223928
4.336979885268182
3.4676250880432353
.00013861833070700501
37.5169671201138
3.801371079019157
1.1818857482313823
.6616961876047949
1.5078513911929226
.0017846913248525417
17.34959881999292
8.584487030684825
4.6259048007855625
11.862105113220691
.03954697811136954
7.237684705710602
.5356302227939891
6.467254992160485
5.703748755698109
.0012904108476582412
3.73710407408533
8.995797952895582
3.0965699927825274
6.27014915067641
9.261361614541071
.5932046716705426
.39546978111369613
.1827015629341272
6.127180453053409
.002528837486730208
2.116406153082384
22.6681667121812
40.19065074767939
11.22710628627215
.15970294717304356
.1624621929743365
25.90707090583446
37.47677508098588
3.6813764007300542
15.434408918622825
46.32109718984083
.20971296767184122
9.446404978333112
9.446404978333112
9.446404978333112
9.446404978333112
9.446404978333112
9.446404978333112
9.446404978333112
9.446404978333112
