.06312649332166281
7.087016900671381
9.556340386975924
9.869729780361924
2.053954225781604
46.71330689708678
.004784027480135684
18.15661790977409
10721804541039e-19
.06404419552814461
1.6092530036687611
11725608140530203e-21
4.857113443043634
3.2478802501390724
68.3600161471911
36.84744164060978
30.62235758192493
10.74178276841079
12.099012817074117
.006298830947579808
59.672508230214525
1.7067108171892662
52.83678651681465
36808897882452453e-22
5.401019192506539
2.2145273739403426
22028159957557382e-26
13.894254324058254
.4850238079833534
18.277501037245333
17.786148983972815
.7353094529791696
8.791016251409822
172.40727086769778
163.72723458850146
2.7519167938945888
4.925166996259462
5.1494411628037
2.6857690551018805
25.376309049822147
8.408930440312725
.0005755199826289857
.29750299579708495
.10982126434236493
51.717932855705406
76.81283732995402
14968707484135653e-24
23.069830739775604
5.370026726887969
1.1611429664484598
1.8873619579505505
7.755291666303703
31.83205539086723
5.556810359728333
1.2016383947360407
60.50001676422873
29.922471420339562
1.8295804310001094
24.695925211798652
2.653395513366767
.00018235193419671006
19.991112951151216
20.72045260282324
11.925086471071086
6.860476623391018
2.2500850007062554
62.08668761800247
54.6720755186455
72.08144476020897
5.270107249863804
.862846497912937
9.13711430947373
3.440651987605448
5.128601372444692
11.60903990977674
107.97408787535237
14.011946284004537
19.388900362088616
24.496299914732276
56.82524157391959
22.73694423452736
32.19439685564196
5.0484424948794295
.038642632445551994
.0010886210854450197
.08244737460654954
8.20974252451493
.261326983554193
8913657595192363e-24
47.29843003223855
.05913402531284514
.0030872509952883116
46.85635497589893
.0010710239409694514
6742007459211585e-26
10.184128518039978
.001156968433218084
6.621125537296385
8.678677487218177
.020886496189189994
6066015365318995e-20
.034120460348483914
.0006204543109963642
.03444979427528017
.01685350612371816
.4396507949943963
10.574580938935858
4.952051201885213
.9587901676417163
2.1669187498796973
.15971263500594396
.01362160294109277
4474242767330862e-21
.009848149880408434
42858191039651255e-22
.019429980627382333
13.224066524061053
.0034983396491555085
6.323545134826645
.00021926340919475605
.0005775231368254992
89.0371924732627
309.73016914303446
14.278269799167106
26.390726697042677
70.62185409055904
21134776495932472e-24
39.081304880314946
10.413622170463366
.05982904909750588
.20094042915078028
6.33448924352713
2.3437018117597734
.0004083619375693953
.0007021116391918924
.3191930001756181
.4095151907109649
6.337943641651833
.4362651313974322
2.3954591935157317
.001762783658679166
9.964432039932435
29.029938401959154
3.0149788951742518
3.4110306095848504
.6005824221636141
28.107151603015147
4.296485221252447
24.78562470610458
9.463433133083303
1.5791528943026034
13.876327997258697
6.44202815346556
.001762783658679166
1.97490813211318
7.051134634716647
2.3274267566497047
1.8776494198698448
11.947858812977632
.09968486512898386
10.31500222277458
1.7004713249521684
2.1887940279835845
20.576386437348837
11.716752664757156
.5528675013672494
14.72657327781908
12.7168557670124
2.0583953394292336
4.694709405571246
15.224207901054536
22.676029948219764
10.957341457914197
7.659297505647067
33.185033936546844
.001762783658679166
1.936508544436162
28.786944998890018
6.511848917666143
33.41372595012909
35.23083375085749
3.7594310073697854
6.21200161239845
15.152631433230207
.03949816264226354
5.111816348584741
7.095568925746922
14.158835034255024
2.9772816504959847
6.250893470835789
17.584222828822345
18.799464125841123
17.943032881544326
7.427690984333502
.43679373013895445
13.222474761806465
17.19724553942078
1.507770187598294
1.9020003157863168
30.1394317206012
23.11633851794027
9.06715117291494
.39873946051593545
.09968486512898386
.09874540660565904
2.9785540241859025
6.267406301260842
1.9411131273914008
12.457945512128623
13.149835561816971
8.177111689618908
4.681203708371583
34.713661314196465
8.117001445867643
11.983505217658605
17.982640828103342
8.50901623152487
11.546564687351147
.0012893752778468227
24.5289239976395
4.283742047327241
3.4648422783163872
.00013849876897114972
37.05643415283841
3.7983204342275583
1.1673777164688235
.6608794119282156
1.5066413227998536
.001762783658679166
17.13662685453452
8.577597879348549
4.622192458029856
11.8525856350038
.03949816264226354
7.231876379006436
.5290551876885143
6.462064944320467
5.699171430550823
.0012893752778468227
3.6685044379186973
8.83066782690405
3.0940849591133763
6.193181031575117
9.25392926342743
.5924724396339527
.3949816264226362
.18247604222617542
6.1082899867522755
.0024824172297410593
2.0775566350587766
22.649975243030166
39.45289660331137
11.218096402047491
.157742541580855
.16066623771659147
25.58905318869119
37.016735484056255
3.636186308682959
15.244946531786544
45.75249066394572
.20961039960556688
9.38824709934921
9.38824709934921
9.38824709934921
9.38824709934921
9.38824709934921
9.38824709934921
9.38824709934921
9.38824709934921
