.06930213864291457
7.078638310398836
9.556391408071537
9.97340089089902
2.0515187849897942
46.82164247987697
.004761938687365892
17.596704337845097
1089492725756082e-21
.06818507886313406
1.58675419222659
11544167576457198e-21
4.790743975590695
3.2038148680172407
66.90934000513055
36.33420768250264
30.414389763912478
9.926091032713995
11.562391797831369
.0062106776027662305
59.17058080547704
1.778893548357335
52.66050661153541
3720707212045496e-21
5.78174548138644
2.21834426878303
23833298219756565e-26
13.921595618454782
.40068738934298737
17.03584464123142
17.603369487739105
.731115934382279
8.599711448287607
169.669737362108
165.46822659211108
2.717371735184437
4.731921886121871
5.039063618925201
2.6409825990145825
24.572320008641615
8.107526689794161
.0005684494967939565
.2956246790958567
.11880337474955564
51.443718616742814
72.2636369424349
14064190870536102e-24
22.05446281276367
5.22957866273754
1.1891155065175203
1.9130134541566328
7.781436292071512
31.41313485144335
5.888457394506658
1.1173327215053626
55.8282115893615
29.647472091889707
1.6922263234153123
18.253073422290633
2.427955883837662
.0001783761447488753
19.691805816130653
20.83333460342361
11.781802078108157
6.794428037015893
2.2724873312480414
61.021475425606276
54.366572066836454
71.78796489851833
5.273522433909895
.8721098955711157
8.929440378893965
3.3547218503364773
4.977922246894522
11.311368974924044
101.73096848070693
13.730743547654619
18.95592985266023
24.294573834790206
59.92166806278287
22.522047739474875
33.003053935326605
4.794134897570815
.038525844247765687
.0010490361223960479
.030922770333714367
7.610002941889484
.30464288147829344
10625539228916554e-24
46.696822539397985
.023075451218856815
.0031019335561626423
46.611235110231384
.0003824629315664886
24061899270903253e-27
10.09014248997965
.0011808593050009221
7.106635299822754
9.159157887698335
.019298382230442886
21880696524151815e-21
.031524452115221424
.0002384941069736521
.01292796036429896
.016810749728469732
.39595209494399314
9.963045049834276
4.686893302743463
.9496106154963141
2.2177512130210757
.1413930332094913
.01190630937115073
1533496543587582e-21
.003683383627335018
3823749205144877e-21
.017161820034273245
12.643566104131873
.001267335413410667
6.039138651188459
.00019438276169788562
.0004977391656967682
87.94423186685516
305.92813019632194
14.102999375823122
26.066771910811088
69.75494777502554
7361337548717536e-24
38.82073289833476
10.435269938043797
.06888638219629718
.23521428456648388
6.672790219856512
2.485887457203967
.00014329787474995137
.0002491125377267944
.31911416100334977
.4091865499762782
6.335986899171218
.43591502352218653
2.3950154294341237
.001741144913756544
9.917778413623811
29.006641536541856
3.0043730824024957
3.369159095221388
.5951205117450686
27.762127140685593
4.258079936177679
24.765733952115834
9.289718881641374
1.5772036407035932
13.70599154075881
6.362950154693073
.001741144913756544
1.972470371464338
6.964579655026159
2.3245538587826267
1.8660894548773226
11.938270516408183
.09965408896224892
10.306724312734412
1.6991066768066967
2.1486157215714536
20.55987364634778
11.572925700520317
.546080872288184
14.545799782912846
12.560752210682443
2.055253078369756
4.652978458290498
15.037325778680696
22.3976742773515
10.822836514173378
7.565277128163334
32.77767681074983
.001741144913756544
1.9245862064616142
28.763843138523374
6.4749057817867985
33.003561555202154
34.79836376442857
3.7132827643780026
6.135747264516461
14.966627935367143
.039449407429286695
5.049067134003756
7.008468500627163
13.98503071164331
2.9650636832492188
6.245877055647044
17.261440381592045
18.568694566060955
17.928633387600126
7.3819615489844255
.4354470687566293
13.060164567241287
16.986143735880095
1.5059090464287088
1.878652640946351
29.769460356330928
22.69200652496788
9.059874677950711
.3986163558489957
.09965408896224892
.09862351857321694
2.923878593460667
6.1523594912083865
1.940873389672993
12.229262892543336
12.988417037146853
8.1705494617596
4.595273815212186
34.07644460803906
8.11048745718265
11.836403778745721
17.96820954831835
8.404565279265432
11.537298434015412
.0012883405390918018
24.50923924897446
4.231157715143291
3.4620617018255793
.00013837931036017964
36.60155432545449
3.7952722376126453
1.1530477738745353
.660063644451323
1.505432225500252
.001741144913756544
16.92626916514155
8.570714256633547
4.618483094470879
11.843073796275029
.039449407429286695
7.2260727135496445
.5225608625340823
6.456879061552095
5.694597778758344
.0012883405390918018
3.6011640242038707
8.668568847631908
3.0916019197116364
6.1171577124672645
9.24650287685898
.5917411114393002
.39449407429286776
.1822507998931969
6.0894577607617935
.002436849068084856
2.0394202430526063
22.63179837273731
38.72868475500226
11.209093748356048
.155806200383279
.1588901358691456
25.274939206504413
36.562342970792415
3.5915509346043972
15.057809835949731
45.1908639038057
.2095078817040701
9.3304472743866
9.3304472743866
9.3304472743866
9.3304472743866
9.3304472743866
9.3304472743866
9.3304472743866
9.3304472743866
