.17196949336664047
6.915347568552631
8.81960759090791
7.827789140888425
2.0058311096668096
43.729339967605235
.004157632627058128
10.77088261602544
11519160126062818e-22
.10270824923232162
1.257822267146045
28261097854328255e-22
2.5370634361694986
1.2763678439116697
32.1946231554452
12.73449272327842
29.030287277393345
10.80164145017768
11.100632807495707
.004710065218196537
44.43029566950061
2.0848305748476874
33.50039549670834
3773875047605931e-21
9.313932822497234
1.9745090365917033
42296605308273363e-26
13.933748036504545
.022913967597481787
14.710932533158513
14.373226413031556
.6079724351666642
5.313025631876053
141.619250550427
167.66336017220937
1.1537184889844314
2.5142341821264544
3.1968269502581474
.9727239460795227
12.185455401474988
2.2643048470582605
.0004614786001328971
.26611283086045323
.21817584958160385
46.919601903478025
51.52373365782952
12122971745385292e-24
5.805459648778972
4.245868260598019
.8692504351293482
2.1601709753303866
5.880413581474611
25.137710697181706
8.00794738084147
.483323189862679
27.844970574539612
19.78595175251994
1.0801811404063442
1.0354126708780649
1.0022485044322789
7375808844164152e-20
16.181501153662737
14.13624987956732
10.839921979802808
5.022545208725976
1.342406738034428
29.678638136624976
46.8530160416514
41.27425057336829
5.658103185094931
.7038580275298864
1.989523926704243
.5338312980123354
1.3941292441444864
3.6662442613246173
25.38739719820249
3.777434402755605
3.8003432016969865
8.04058576211433
73.87237147050817
16.585721290587383
1.8385149222223538
.9990999989130717
.005181577827461678
.0002212291620186842
.0010792855691467479
1.9053106276395264
.35196386968121746
6294173447893453e-23
41.94247501309645
.001054839925722585
.021975883636948284
44.77598017654693
4658241163614819e-21
13484407969338128e-28
7.151800061154591
.00012465673371226516
11.908509461850764
13.898020976502039
.0015472139698156633
35162826204075455e-24
.0021921449252041525
5410271849119738e-21
.0004752845188175755
.01684000536907039
.011721715326055513
.895429234488333
.4233725402084825
.7888735729327698
1.1879093302335713
.0018908562093562923
.00010699081048709826
18128285100293172e-25
59593889083518664e-21
4584608902196903e-23
.0002265565709190516
2.468283581807122
35205694743896074e-22
1.4899915335764162
9524541458761629e-21
16944041297709894e-22
71.6195574186498
249.14012916443883
11.48512588183307
21.22811954752869
56.80666464824978
13474787961509609e-27
18.36715981121989
25.770494485466
.009107098297451759
.32982535147991626
6.5222520019811085
7.340662200084474
3097878709672344e-22
41101682682219156e-22
.31780634397306595
.40376152069249815
6.303545287048923
.4301356259149471
2.3876500810094665
.001417944366308969
9.173415984016083
28.622069072542345
2.833422956093128
2.743757926478816
.5112622270896694
22.608773953775955
3.6676354106379017
24.437387793298274
6.827142947391151
1.5451484044676627
11.161812745366202
5.181825621559587
.001417944366308969
1.9323816967403435
5.671777465235861
2.277309405901969
1.6840097179007338
11.779991933808242
.09914383864892568
10.170076905287432
1.6765797792865398
1.5790474240474
20.28728913297921
9.424697892239637
.44471444639236185
11.84573133039253
10.229158809828068
2.003711569512869
4.011127323095431
12.246017665600396
18.240099264037774
8.813844236345352
6.16097028954433
26.69331071026379
.001417944366308969
1.736798772506933
28.382489715861812
5.89055834885915
26.877265531198404
28.3389070413934
3.0240035362146735
4.996797336096563
12.188443130681083
.038647633934806844
4.111832531118913
5.707519430693223
11.389055186365303
2.769136164529164
6.163068698598801
12.685671381928517
15.121875061422713
17.690934076243174
6.661682243135852
.413658010256163
10.635867597736981
13.833085704303013
1.4753028082820845
1.529927180348306
24.24349533850451
16.67666958310754
8.93975810657732
.3965753545957027
.09914383864892568
.0966190848370173
2.1487988358637997
4.521454119911638
1.936892191726988
8.987454515293981
10.577438224460709
8.062223638007117
3.3771303113226123
25.043250656131143
8.002957940478115
9.639267773077167
17.729985532933764
6.844465325576402
11.384335972605403
.0012712596131609296
24.184293718246344
3.4457477937365115
3.4161614000787455
.00013640839132206115
29.8073798130663
3.7449542028919045
.9390129346115434
.6466484483995325
1.485473079950239
.001417944366308969
13.784325368736965
8.457083014776156
4.5572508617994965
11.68605733970165
.038647633934806844
7.130268841012779
.4255603455114609
6.371273222374887
5.619098328175473
.0012712596131609296
2.6465452704741264
6.370651192582502
3.0506132045419965
4.981658475228573
9.123911973315296
.5797145090221022
.3864763393480692
.17854671736764702
5.784751262761429
.001790874098667314
1.4987981559527301
22.33174410916532
28.462246312897207
11.060482651942957
.12688462765160025
.13208052332929407
20.583271026730692
29.775447077887744
2.9248682138964637
12.262699363587906
36.802296221735595
.20781089410193002
8.420048589503656
8.420048589503656
8.420048589503656
8.420048589503656
8.420048589503656
8.420048589503656
8.420048589503656
8.420048589503656
