.1996737050744602
6.87147394311361
7.026596765238648
5.185763089849466
1.9825242239220386
39.40821861643823
.0039686666241767555
9.114441292200725
6970706022415352e-22
.11003600009793518
1.1819920520106602
14120494354676656e-22
1.9719260240557515
.7899851460342836
16.020224197750956
1.3456804828617088
28.715103343185984
9.389560319313336
11.406918489607332
.004231387869484764
37.43044079246905
2.100574047432691
5.178781122451666
2635598174340541e-21
10.114522512253917
.7638218137345838
374156391541422e-24
13.89488418877406
.001878911923450482
14.015271805853814
13.603561686272663
.5711267780974707
4.357243389357414
136.08413966552473
164.33379895231357
.7283059152707907
2.0504736416479266
2.653428567074226
.5888493332859371
9.241440253977624
1.2325968376884084
.0004366951541533711
.2586767652260079
.2465682697558972
45.750349183967565
50.12862401794624
1163535729834221e-23
5.373023120255518
3.2108635165330566
.42697041592045354
2.176969577182916
5.472586604755617
23.622971683035598
8.331083523204931
.3624823537434662
15.726600892423875
6.915068072191273
.7578368028589799
.6183254372649326
.6140278866757061
4691863875737166e-20
15.490995432067463
10.247077669129917
10.663858794646348
3.315205034293143
.5874423354891707
4.510901785790703
27.47534645797279
6.867840214304612
6.467159942855155
.6826260423974613
.15292161711497784
.03660961879821075
.13115194569648034
.41339203779154127
20.911545161797502
.3685590056731983
.2933171731468805
.7686507877988547
51.46653539292692
10.831792304599938
.8730695098430897
.5650416463008384
.0011060662767492513
979717659458215e-19
.00024516587570973383
1.3009060975325148
.20586519699854752
2658755350103674e-22
35.726323824910956
.0003657421749146266
.12792636224489504
44.37868065612076
8022945959486964e-22
16950182168377597e-28
4.155748637418172
17770156130384738e-21
13.0674466625357
15.052269676447459
.0005639114601913051
27619824352295437e-25
.0006317898602435426
12833085928677112e-22
.00011554111756928274
.016973270119451923
.0007181162798165121
.07485774033005825
.08639287866989055
.7469932571892376
.4818078539732593
8700778362216332e-20
3244405892610339e-21
7191449058725245e-26
16476927538373767e-21
10145943216129601e-25
8605495334741421e-21
.8916937142550637
6864592988219904e-23
.676811263892995
19207042960590077e-22
45682254146946664e-24
67.75916735093504
235.71114251944286
10.866062214327966
20.083895472273493
53.74470934034108
7580557472528434e-28
6.094389159500136
23.764911816631095
.002370787343605482
.169433188004086
6.481918713553065
8.110988434104424
2463875444709105e-23
6625424308535489e-22
.31745435607061373
.40230996987181916
6.294819594248068
.4285892583469598
2.3856664665409255
.0013415152658570607
8.982306393951966
28.519170738445236
2.788983238351104
2.595865699420257
.4907320727066291
21.39013075686006
3.5228388503762194
24.349533680192657
6.282661171662567
1.5366106557670762
10.56017608894248
4.902518280337602
.0013415152658570607
1.921704282666279
5.366061063428231
2.264726086807923
1.6379958876766736
11.737642041401996
.0990065986292616
10.133514769666093
1.6705523580741792
1.4531144309886401
20.21435491393868
8.916694052984694
.42074374210851645
11.207230546237216
9.677793449669414
1.9900262016949573
3.853639077012729
11.585940911858373
17.256933484034136
8.338766227283088
5.828885739311558
25.254505511594793
.0013415152658570607
1.6893425357631715
28.28045268625754
5.742117376724999
25.428544921303214
26.811401996465563
2.861005695447545
4.727463267276588
11.53146972148302
.03843408565332556
3.890199250554903
5.399876489076839
10.775169858017119
2.718521099791432
6.140912036884218
11.673957267610596
14.306785742298574
17.627333934672215
6.479658640490372
.4079674796196403
10.062580089189192
13.087463857653171
1.4671509928331847
1.4474620562367537
22.936738469506036
15.346663350951665
8.907619052825963
.3960263945170464
.0990065986292616
.09608521413331406
1.9774267385091202
4.160856811922718
1.9358192875673812
8.270682472951282
10.007300137389244
8.03323938185964
3.107795697569082
23.045988596095214
7.974186748645781
9.11969832986332
17.666244998653
6.475539477470105
11.343408490968269
.001266689346208262
24.09734949598849
3.2600173726305224
3.4038800616407716
.00013588137611841446
28.200722118962794
3.7314908314015063
.8883988797795579
.6430753793440971
1.4801327006476255
.0013415152658570607
13.041331769480742
8.426679211636142
4.540867227179889
11.644045148711164
.03843408565332556
7.10463502734455
.40262207291892593
6.348368050879482
5.59889727787293
.001266689346208262
2.435476646377941
5.862575779395173
3.0396460373561967
4.7131404112854485
9.091110873572184
.5765112847998828
.3843408565332562
.1775601538765339
5.70517271364782
.001648047396947041
1.3792652433272947
22.25145993192809
26.192310772790716
11.020719445575502
.12004537627967861
.12565551830271246
19.473805150417128
28.1705106009791
2.7672138997780658
11.601723443981909
34.818603164642106
.2073553311435151
8.189979438383356
8.189979438383356
8.189979438383356
8.189979438383356
8.189979438383356
8.189979438383356
8.189979438383356
8.189979438383356
