24951855595448005e-21
7.165877136454951
11.069817651427853
49.93668368668424
1.8949025550362135
57.575490758791574
.004474455388702737
37.80961980221256
14421522342611054e-22
.6783699951417375
1.8599688112204797
.014546767407841
88.99915924033803
1.2782433386839585
30.62464631582902
2.553242618482159
13.066981184674683
66.22833330621707
21.623222123628707
.00722964647137513
63.47397118734005
7.025632048909832
47.663300342454704
4236782746524132e-21
28.622763531430632
3787382414740904e-20
16473257201023434e-27
13.283564287565346
6.595730877158436
1450.263472491264
5.93417193394015
.5223798756222521
10.63732501643526
211.6620286635528
79.69899214231671
1.151932919604269
11.039564748130037
6.266063265876661
1.0518149818781868
33.081569955982225
5.538441965322507
.000275707308394433
.31740880008458766
3.432101332616626
46.447155369168236
266.23435473957545
1789015887605065e-22
19.80429464123501
.8660311245919021
642087958807958e-20
.9872033574849808
.006902401322528663
36.27937029991813
107.46180059766436
.009102871809869836
.7053663905238415
2.716091599180976
.0001408906375315542
.0017332573119488088
.02325095811527295
6825443918632293e-22
23.692426632615096
.04452876925222234
3.824509579274363
10.094996698497495
.008005454641839887
6.909506929182351
.1738597529586728
.03150615963828254
2283145355953233e-28
5470968552328978e-21
7.963382406349232
2.3044799009460255
49.80776142701539
1.3937191880108435
153.1364414330664
61.063067400490525
1.8324425569757723
2.112672450237576
250.0462141076752
33.55130942312805
225.36858313613644
10.272805504727033
18.208710977509135
.00319782074949297
190.7893046976213
16.092974074768115
.014215073471142599
4331739877852489e-20
24.485696292060307
1.1241871648077675
.2835151852743686
25.362471207641264
3.7736380449726146
5143835130418279e-23
7.506601538196142
2.01463673185274
126.68904239302373
341.9030057555242
.005118515718070375
20.908971137290415
1.9312928805181944
10.406533036320752
67.29471513520826
.01246305404184971
.7702954504959921
12.16219784689618
54.01506202536748
.8347944373498938
84.69857496725001
.00866619384622445
.001804344993826288
.0003830239626063317
.9401812038212548
.00034770963155049
.5136045246998743
1015.4231364810286
15.930678134934286
10.09594092014981
.011036918593852621
6330251464523083e-20
101.01381285179394
351.39276600353594
16.19887637150734
29.940610811582346
80.12138022537789
.0006979734125140716
1595.303372179171
387.4003404798814
178.12868216322167
386.3278289905972
1307.9749761791923
312.17688420069766
.15766692465238247
.20322040340113082
.31999968061640804
.4128883422880448
6.357971921096839
.43985862059973246
2.3999982034670713
.0019999001950728587
10.453890704959719
29.269056228902443
3.125516172015079
3.8698570570024935
.6593466201542035
31.887916419608246
4.709315425287669
24.989782380746956
11.435698224650714
1.5992085789566346
15.742868350280935
7.308561829098212
.0019999001950728587
1.9999900192827156
7.9996007802914315
2.356985729219828
1.9999500969126245
12.046272595205705
.0999998752408
10.399966265146059
1.714478003243105
2.6449585079683184
20.745872873837875
13.29280301896257
.6272351223531769
16.707482297137375
14.427432546213756
2.09077897941498
5.143159931933503
17.272055025721215
25.726240706646255
12.431241469291939
8.689569193727458
37.648837687165454
.0019999001950728587
2.062643009995811
29.024061304035428
6.90162104635182
37.908291648133876
39.96982326447993
4.265121682960974
7.047593829941278
17.19085062422833
.0399998003856543
5.799419833725563
8.050012041402145
16.0633761310382
3.105044661000867
6.302381698006796
21.248933971165435
21.328228105260525
18.09082854586853
7.911493565707581
.4507946170185584
15.001063644586242
19.510491000792246
1.5269192918568608
2.1578432406276375
34.19356373122918
27.933992625349212
9.141836742515968
.3999995009632
.0999998752408
.09999950096413573
3.5993116332519803
7.573590482922511
1.943564418478497
15.054294078308533
14.918653560107812
8.244466058437077
5.656808917464356
41.948302426747695
8.183860690284808
13.595437139693814
18.13076274066058
9.653585757684821
11.64167303441239
.0012999957831432575
24.730967244247882
4.85995914127703
3.4933819722289408
.00013972529966442996
42.04098984358375
3.829606967312502
1.3244046774514748
.6692727658129427
1.5190514352190614
.0019999001950728587
19.441718341633468
8.64825102841499
4.660265174581092
11.950214657892458
.0399998003856543
7.291444902388287
.6002197534865743
6.515292578001844
5.746115157023171
.0012999957831432575
4.433053955986649
10.67105890330361
3.1195707476657657
7.026241644677562
9.330153312735364
.5999970057848145
.39999800385654294
.1847935391405068
6.304083724691528
.002999775441721005
2.510538235864538
22.836541703676467
47.67523723146111
11.310499175934066
.17896089410950122
.17999191578069038
29.0311021501859
41.995951205376116
4.125299024785119
17.295583262690208
51.90677514701639
.2106607868677068
9.999750484563123
9.999750484563123
9.999750484563123
9.999750484563123
9.999750484563123
9.999750484563123
9.999750484563123
9.999750484563123
