28773086805660615e-21
7.165869793182425
11.074071842917101
49.9267827117014
1.9022063352931255
57.669777809055915
.004474604149260712
37.808048002285155
14441180188275633e-22
.6784081665089307
1.859951751281965
.014665282597605626
88.99845299825225
1.288525435872525
30.863060429531608
2.6708462965464275
13.210379865320474
66.25657440286986
21.622367626276905
.007229588333718699
63.47381353336102
7.025697252622194
47.67998289620393
4239675193616354e-21
28.625828512309653
47589500100855667e-21
1902689410570679e-26
13.283695118858589
6.584293215070366
1450.0047304770383
5.956562782288903
.5224550513507084
10.637190578939334
211.65805102299439
79.71574483573718
1.1608337626307472
11.039050925892944
6.265977047904326
1.060435461075238
33.080938645282735
5.582183433962688
.00027656861241454576
.31740755426195355
3.431911354176461
46.45087105973014
266.23160758063716
178902649369091e-21
19.80629313369137
.934079032320898
8081114968895126e-21
.9927897897198088
.00795958862297736
36.27911936883244
107.47240692087196
.010498844846472146
.813273009010926
2.8428024735088178
.00014160479337175225
.001739511996038574
.026815894941499642
7871606839965828e-22
23.69223540544982
.0485393289967196
3.875133207518806
10.103130151573781
.008740793893569325
7.2226413136720735
.18948903129176498
.037946044789306355
4807827598156457e-28
6876850532792397e-21
7.942120586628241
2.2960042332947195
50.49241015830564
1.4557258997096576
153.12980393701417
63.84937168662395
1.9105557503926804
2.2050302404337248
250.31025499837267
33.57977483776247
225.29429195632554
10.287090067656251
18.23498344256631
.0031992146399128603
191.01641069550726
16.092467147231073
.014811917288384425
41814594342225856e-21
24.515301683967355
1.1716008695932845
.26960314149830683
25.590162599802227
3.7774597724029677
5900821269514465e-23
7.522716234424875
2.016956442520286
127.0687387617253
340.13372121275205
.00589873336771183
20.930456370016966
1.93047917642533
10.406943900350866
67.35773572214957
.012472976287050472
.768534170592018
12.136388824763728
54.06897829118671
.835241235143444
84.81556271134365
.009980597345731545
.0020755712499576197
.00044149099410876504
.9407416860622118
.0003465056977902057
.5139703555658535
1015.3574024864906
15.891947749915426
10.117984441011627
.011033074168062386
7263795561813472e-20
101.01304086047527
351.390080507789
16.198752572676486
29.94038199246376
80.1207679030803
.0006997642782502527
1518.3657890918578
365.0848747516378
171.28635411169128
371.9257789740305
816.053407460937
188.23448645056465
.1800754752023245
.23197671163509517
.3199996317047011
.4128881371816591
6.357970706332917
.4398584020955931
2.3999979283386454
.001999884910969178
10.453860348590403
29.269041689208006
3.1255093569986148
3.869827481878377
.6593428929102219
31.887672718336596
4.709289261325496
24.989769966824312
11.435567130061239
1.599207356767955
15.742748036460933
7.308505973902525
.001999884910969178
1.999988490798443
7.99953964387671
2.35698392790303
1.9999424546554971
12.046266611100126
.0999998561346696
10.399961098859501
1.7144771515591253
2.644928187148114
20.745862568119435
13.29270142960324
.6272303287506433
16.707354611319705
14.427322285524037
2.0907770030185397
5.143131517649134
17.271923025194166
25.726044095569744
12.431146464359212
8.689502784275215
37.64854995843776
.001999884910969178
2.062635128175024
29.02404688604465
6.901596750305749
37.908001936546604
39.96951779777496
4.265089087053351
7.047539969176095
17.190719244300503
.03999976981596886
5.799375512046789
8.04995051972273
16.063253367758886
3.105036760403193
6.30237856723608
21.248690381292654
21.328065105701604
18.090819559069736
7.911463334119211
.4507937557241512
15.000948999959162
19.51034189316776
1.526918124914976
2.1578267494547796
34.19330240920193
27.933672400451382
9.141832201217753
.3999994245386784
.0999998561346696
.09999942453992212
3.5992703720826418
7.573503662099183
1.9435642699423228
15.054121501482594
14.9185395452943
8.244461962916663
5.6567440699117
41.94782154701672
8.183856624870714
13.595333237473424
18.13075373402408
9.653511980800369
11.641667251295662
.0012999951373574381
24.730954958894223
4.85992199936386
3.493380236856743
.00013972522506168386
42.04066854812652
3.829605064917198
1.3243945557771761
.669272254323942
1.5190506806151707
.001999884910969178
19.441569759599428
8.648246732310382
4.660262859548072
11.950208721504614
.03999976981596886
7.291441280290599
.6002151663471932
6.515289341465534
5.746112302583386
.0012999951373574381
4.43300313710554
10.670936574254812
3.119569197988007
7.026187947095028
9.33014867788902
.5999965472395328
.3999976981596885
.18479339791279292
6.304071680022294
.0029997410534114925
2.5105094559883185
22.83653035939752
47.6746907002804
11.310493557331244
.17895952641281967
.17999067776164102
29.030880281926514
41.99563025412366
4.125267497462824
17.295451082350183
51.906378452953845
.21066072310045295
9.999712273277485
9.999712273277485
9.999712273277485
9.999712273277485
9.999712273277485
9.999712273277485
9.999712273277485
9.999712273277485
