34016466112953296e-21
7.165859708428653
11.07894000941315
49.91322206566685
1.907681525779599
57.79295272420886
.004474808367112205
37.80588712129576
14463806455883578e-22
.6784165699432227
1.859928342582839
.014827554402992108
88.99748391734288
1.3026005737039013
31.189836221036916
2.8313773177739434
13.405259402236064
66.28592589110043
21.621193660326803
.007229508559503231
63.47359719779111
7.025654946438104
47.71132744003316
4243004690520668e-21
28.628832691392926
6264379866597266e-20
2253556493151257e-26
13.283872645349241
6.571881724928128
1449.6031292461587
5.98720869069396
.5225581687430895
10.637006213354125
211.65259054474825
79.73872824207699
1.1730090263599726
11.038344750705694
6.265858787269356
1.0722402248989715
33.08007311799852
5.642039566248416
.0002777456824131843
.31740584478963835
3.4310150042496974
46.45596458694933
266.22783792032067
17890408834225814e-23
19.80903862931793
1.0256007350500913
10657193931597665e-21
1.000311967715513
.009410260429572373
36.278775327805455
107.47464196313265
.012414205177004931
.9612133748802586
3.0148756160660906
.00014259133581170794
.0017481386131196657
.03170690020242688
9306769350422934e-22
23.691999476787284
.05407020508611081
3.9442951849788703
10.112434073631164
.009755063572062251
7.647789386635625
.2110352198683939
.0474542911145417
11589660098141936e-28
9056643698398577e-21
7.919784214972032
2.287144141014757
51.4329174927645
1.5399426609413438
153.12073552135553
67.62084884998588
2.0172931292951555
2.330802468664387
250.60990594944965
33.612505479991974
225.20669420785842
10.303442029186161
18.262849766461088
.003200671483797229
191.2626149140166
16.091771650164898
.01562572371746086
3982266836679822e-20
24.55379581928157
1.2364191667152424
.25121062356237817
25.898157643529217
3.781444624910656
6923730375119517e-23
7.54214137912059
2.0192218893762166
127.34547329364253
337.71416101690915
.006968163002205599
20.952641340232216
1.929361241263637
10.406025565118208
67.42681837557319
.012486556446732322
.7666164853476883
12.10909291508896
54.12966752995852
.8358523761233748
84.93790732943935
.01178372530436976
.002447329373171825
.0005216758414338965
.9413774067194306
.00034517402731862833
.5143943196606166
1015.2234261018559
15.850931954056517
10.145050998727383
.011027797906209473
8542688823098279e-20
101.01198156665315
351.3863955841567
16.198582701159108
29.940068016551283
80.11992770033281
.0007020026144361297
1417.821532434212
336.56292763847875
162.4541074416735
353.4035610232102
481.3945335759696
108.47935579208254
.21028468435543157
.2707555074145094
.31999956458953027
.4128878557409701
6.357969039470534
.4398581022709177
2.399997550815691
.0019998639387688254
10.453818694630794
29.269021738285424
3.1255000056608053
3.869786900144481
.6593377785316729
31.887338321763394
4.709253360154829
24.98975293282056
11.435387248427858
1.5992056797186818
15.742582946927975
7.308429331766409
.0019998639387688254
1.9999863934598896
7.999455755075299
2.3569814561921754
1.9999319682261067
12.046258399894064
.09999982991781423
10.39995400983961
1.7144759829045013
2.644886582390163
20.74584842692881
13.292562032982923
.627223751172079
16.70717940624348
14.427170990471074
2.0907742910694305
5.143092528672485
17.271741899656305
25.725774314169776
12.431016102610476
8.689411660034835
37.648155149252304
.0019998639387688254
2.0626243130250286
29.024027102120105
6.901563412136374
37.90760440656514
39.969098649287645
4.265044360328146
7.047466063713127
17.190538970322628
.03999972786919778
5.799314695714563
8.049866102277406
16.06308491718151
3.1050259194718137
6.302374271288567
21.248356139091147
21.32784144460387
18.090807227660175
7.911421851424829
.4507925738843751
15.000791689452852
19.510137293994635
1.5269165236736353
2.157804120965176
34.192943834173484
27.93323300338777
9.141825969787682
.3999993196712569
.09999982991781423
.09999931967299443
3.599213755508566
7.573384530779007
1.9435640661254399
15.053884699937552
14.918383098991516
8.244456343169213
5.656655089247135
41.94716170718799
8.183851046434231
13.595190667243031
18.13074137539383
9.653410747281253
11.641659315880334
.0012999942512299518
24.730938101308897
4.859871034802195
3.4933778556322603
.00013972512269408929
42.04022768009511
3.829602454508734
1.3243806672439824
.6692715524746521
1.519049645170866
.0019998639387688254
19.441365881619287
8.648240837327455
4.660259682930795
11.950200575775364
.03999972786919778
7.29143631015929
.6002088720686303
6.515284900389718
5.7461083858086965
.0012999942512299518
4.432933405903229
10.670768720270935
3.1195670715677366
7.026114265544388
9.330142318095083
.5999959180379667
.3999972786919777
.18479320412451877
6.30405515272446
.002999693867442116
2.510469965638918
22.836514793126028
47.67394077671853
11.310485847656848
.17895764971730468
.17998897900274605
29.030575843688922
41.99518985839549
4.12522423700519
17.295269710080564
51.90583412614657
.21066063560096368
9.999659841130532
9.999659841130532
9.999659841130532
9.999659841130532
9.999659841130532
9.999659841130532
9.999659841130532
9.999659841130532
