37692579466444234e-21
7.16585263244311
11.081724564971285
49.903731597513534
1.9100511631140706
57.87528264312142
.004474951600322829
37.80436930961205
1447683531207052e-21
.6784051985725614
1.859911931170741
.014941077677956648
88.99680450071651
1.312445182589879
31.41850684383676
2.943096556014928
13.540569392050276
66.30040456237141
21.62036961826821
.007229452630467656
63.47344552027516
7.025573557164935
47.736050492198984
4244923792186269e-21
28.630467132245148
7439372298129399e-20
24997372368684176e-27
13.283995753788023
6.564482870367386
1449.3032084249437
6.008640183893233
.5226304387581358
10.636877027973167
211.64876086807354
79.75483895974145
1.1815185721633226
11.037848881073844
6.2657759077231905
1.0804997540733556
33.079466809720195
5.683890136626804
.0002785676189723567
.31740464629079373
3.430137325078784
46.45953216458815
266.2251949630421
17890508911833008e-23
19.810965660411078
1.0885119466756576
12669600175095074e-21
1.005482658997223
.010427336274554081
36.27853428875671
107.47137276047667
.013756822629727251
1.0648371402247232
3.1342561329774843
.00014328755641762608
.0017542177560970172
.03513515710446498
10312618049368975e-22
23.691844231640086
.05796638094264441
3.992564828551196
10.117750695563661
.01046922544187052
7.942442265296075
.22620783859692173
.054573944131350534
19930350098006016e-28
10759038072825352e-21
7.90683452365639
2.282029120006048
52.09177189634033
1.5982903735928793
153.11440470142588
70.22982570484248
2.091445480626741
2.418049277098439
250.78021635450582
33.631309887979185
225.15092172502443
10.312789169453842
18.277582572591974
.0032013997393759326
191.39261395370517
16.091284087990363
.01619275814819888
3847298047434904e-20
24.5794022259969
1.2816923811968357
.2388133092495945
26.111037944918905
3.7834188504857447
7629473837080396e-23
7.554004933954153
2.020303361579045
127.45946435752705
336.0244188386209
.00771716584193624
20.96383852614724
1.928576530529125
10.404528620863239
67.46393985494522
.012496053206431355
.7654700196215268
12.093175673225176
54.16356920452943
.8362794982038649
85.00085145019081
.01304734063773496
.0027075859906647995
.0005778579795251566
.9417365740228717
.0003443674559668816
.5146242798420784
1015.1122637891191
15.826256092530018
10.16194903097439
.011024098145531293
9437041699027795e-20
101.01123890639465
351.3838121212117
16.198463605944564
29.939847891192812
80.11933864262605
.0007034288431817785
1350.3900127106353
317.8321664889458
156.57935448128376
341.09023949153135
374.938350319856
83.83124202760091
.2310796863966887
.29745315199354877
.31999951753534683
.4128876584240844
6.357967870839897
.4398578920650963
2.399997286135814
.0019998492353698162
10.453789491296602
29.26900775077735
3.125493449490005
3.8697584486984744
.6593341928839185
31.88710387968481
4.70922819014339
24.989740990352036
11.435261135783968
1.5992045039468432
15.74246720431468
7.308375598734619
.0019998492353698162
1.9999849230250923
7.999396941479261
2.3569797232866114
1.9999246162630056
12.046252643051963
.09999981153728042
10.399949039757521
1.7144751635656497
2.6448574138423515
20.74583851259942
13.292464303412606
.6272191396978166
16.707056571724404
14.427064919029144
2.0907723897342896
5.143065193825023
17.271614914361045
25.72558517314011
12.430924707297871
8.689347773745213
37.64787835249809
.0019998492353698162
2.0626167305981853
29.02401323169365
6.901540038968249
37.907325702288176
39.968804788493365
4.265013002870367
7.047414249335393
17.190412582047518
.039999698460501845
5.799272057994917
8.04980691805443
16.06296681817373
3.105018318958495
6.302371259417798
21.248121806286072
21.327684638054837
18.090798582160698
7.911392768194773
.45079174530283633
15.000681400637001
19.509993851569476
1.5269154010504036
2.1577882563584097
34.19269244082279
27.93292494789389
9.141821600958218
.3999992461491217
.09999981153728042
.09999924615125458
3.5991740623741952
7.573301009379546
1.9435639232302089
15.053718681493304
14.918273416060078
8.244452403187868
5.656592706075198
41.946699102174996
8.183847135415832
13.595090712686567
18.130732710810037
9.653339773477851
11.641653752393958
.001299993629969691
24.730926282526585
4.859835304059931
3.4933761861657717
.00013972505092460155
42.03991859194664
3.8296006243623175
1.3243709301328652
.6692710604112149
1.5190489192252101
.0019998492353698162
19.441222944815287
8.64823670437967
4.6602574558177565
11.95019486483878
.039999698460501845
7.291432825621092
.6002044592131535
6.515281786770104
5.746105639774402
.001299993629969691
4.4328845182757375
10.67065104005369
3.119565580743411
7.026062608149338
9.330137859270248
.5999954769075275
.3999969846050183
.18479306826041564
6.304043565524445
.002999660785980486
2.510442279475092
22.83650387967843
47.67341501518677
11.310480442436491
.1789563339849298
.1799877880188859
29.030362405098508
41.99488110137408
4.125193907532877
17.295142551804148
51.905452504089546
.21066057425542517
9.999623081315026
9.999623081315026
9.999623081315026
9.999623081315026
9.999623081315026
9.999623081315026
9.999623081315026
9.999623081315026
