.20438601494271222
6.86437375403006
6.803596966152814
4.785127883463199
1.9773427878616232
38.54456713282413
.003936276823669612
8.814865279531253
6514265346105668e-22
.10886850550361453
1.1695845736207895
14214755229710022e-22
1.9612558629091044
.7919460568153897
14.932569147917913
1.07452132113344
28.044738324602285
9.212166750430551
11.422945759196713
.004143552641181367
36.1233415533964
2.0712048851544775
4.201773950329778
25009586782511174e-22
10.049902609878702
.48764095892414516
3641730231970386e-25
13.887688247445498
.0015057553933730259
13.88163914243309
13.476750789795384
.564894115248804
4.1968055316105755
135.1546433191315
163.67275412068406
.7301030990266976
1.9708977196113477
2.5611980939055448
.5890194440555215
8.782333783088989
1.20200193403603
.00043261751013573926
.2574331817535047
.24528956943622698
45.554374064961664
50.01643087157742
11546802071871815e-24
5.404098937745997
2.9729318791871298
.3856061505723074
2.162095748845312
5.410361921198237
23.37287986867495
8.185256101388362
.3536298725006577
14.065059908404708
5.8444461726724155
.6809249614507473
.5495074821540186
.5638032121343006
4484673441843172e-20
15.367167920719648
9.683437386477351
10.27608566755487
3.133486110486218
.5224237798992131
3.637742196770662
24.151889604809714
5.744231422089586
6.415082592940227
.6764239100807387
.12068746330765909
.028774826046290475
.10097457766008917
.3286766774380712
20.270347390250983
.29600314622969615
.23219090364689
.615587666672613
48.5821435236154
10.225436539040077
.8400817064405514
.5348200321863182
.0009388570206702534
8662768603473279e-20
.00020869666638901384
1.2199516503920764
.18611204294088632
2853210890266917e-22
35.010236674800126
.00032528132913263967
.13839913485724759
43.66826526874725
6591438521303388e-22
1640040214073524e-27
3.8828223797128705
13877978411678871e-21
12.943874171501509
14.927752728869603
.000523359337336854
21502081647347465e-25
.0005649211140568305
10735826758271323e-22
9901854731605896e-20
.016985251877768937
.0005540020027655722
.06022941887486147
.0741177472308057
.7400343822839762
.4071912740960837
6708020821158171e-20
23773138840525453e-22
5134511297686235e-26
14543578242729145e-21
7202620484021754e-25
6050184600614453e-21
.8011423004205112
4729380604968222e-23
.6138015160246055
15607011925803216e-22
34767358097307606e-24
67.12356283356337
233.50009015800725
10.764134777798255
19.89550155912986
53.240565305267175
5618670170929727e-28
5.310402317480177
22.662738966106424
.002087793165602739
.15368233533897674
6.304981331650303
8.125214147703721
1972074254901155e-23
5464390884837201e-22
.3173945239779448
.40206359014432347
6.29333661193709
.4283267848499378
2.3853292303899263
.0013289313868568113
8.95019837409748
28.50170523661544
2.7814939887875885
2.571515577812411
.487322991535575
21.18948390319055
3.49878507039285
24.334621716975125
6.194468487880958
1.5351631408767208
10.46111797047994
4.8565309565952495
.0013289313868568113
1.919894002649295
5.315725547427235
2.262592674078467
1.630295301512567
11.730453760563407
.09898327388861751
10.127308876711664
1.6695292906247676
1.43271637704158
20.201975386638416
8.833052366676105
.4167970197151466
11.10210283229231
9.587012386747825
1.987707727041031
3.8274734666074113
11.477260763186552
17.095057455929677
8.260545704650083
5.774208767146868
25.0176094809216
.0013289313868568113
1.6814005574864215
28.26313337839024
5.717243384379268
25.190016340536264
26.559901736172208
2.8341684686139503
4.683118020340077
11.423300531490634
.03839788005298589
3.853707830813535
5.349223772641727
10.674095023349626
2.710004334139173
6.1371512644760555
11.510084412835916
14.172583124374167
17.616538731827298
6.449196311463488
.40700737654949243
9.968189593981691
12.964698902384754
1.465768910195299
1.433884359555458
22.72158389847235
15.131234985322468
8.902163913954881
.39593309555447004
.09898327388861751
.09599470013246487
1.9496686649339885
4.1024488986121
1.9356368525577798
8.154582994710271
9.91342818732416
8.02831972418762
3.0641701007519577
22.72248116363055
7.969303255555225
9.03415239294962
17.655425966179042
6.4147966687076865
11.33646164375549
.0012659136095889585
24.082591973563474
3.2294372777184575
3.401795482324275
.00013579193702830858
27.936189553514904
3.7292056190949694
.8800653898136719
.6424695907640636
1.4792262486112535
.0013289313868568113
12.918999549217558
8.421518606422909
4.538086342504365
11.63691418779662
.03839788005298589
7.1002840587554505
.39884533807483574
6.344480229777467
5.595468442176817
.0012659136095889585
2.4012887097914035
5.780280032779078
3.0377845195752533
4.668929517711375
9.085543361983103
.5759682007947878
.3839788005298595
.17739288901623534
5.691746266414319
.001624912976839902
1.3599038453253813
22.237832855680992
25.824636929115485
11.013970217226344
.11891930896752041
.12459419588610583
19.291134096330595
27.906261430060063
2.7412564725546282
11.492895249678694
34.491992577097555
.20727794222953205
8.151476507562823
8.151476507562823
8.151476507562823
8.151476507562823
8.151476507562823
8.151476507562823
8.151476507562823
8.151476507562823
