.20438601494271222
6.864373840949385
6.8034384242834385
4.785101679456508
1.9773268788629903
38.544511556774346
.0039362768176014334
8.81486596059479
6513978474927223e-22
.10885708478062998
1.1695845718676727
1421460964147622e-21
1.9612469250181406
.7919417516019683
14.932413975423712
1.0780456156255194
28.044755612823348
9.21188947834374
11.422948955463445
.004143552623279613
36.12334108522223
2.0710565218316686
4.214967331466778
2500877052167566e-21
10.048946747199
.48763719270406847
36411482667921044e-26
13.887688212618048
.0015107046608384314
13.880251415058527
13.476751306087516
.5648941147816252
4.196805224369321
135.1546437581751
163.67275385332647
.7300992615236853
1.9708978685947958
2.5611979191820797
.5890161924897991
8.782332841523875
1.2019955591295401
.000432617520682415
.2574331817544326
.24526026166531387
45.55437404098856
50.01644223718498
11546796122613919e-24
5.404112754440065
2.9729187361549583
.3855881296896974
2.1620962609225307
5.410363334717993
23.372879653997703
8.184320592881749
.3536271758555199
14.06487673915931
5.858975358488099
.6809230697677001
.5495025710073702
.5637967049484599
4484631634146222e-20
15.367169858260187
9.683397578751629
10.276095473267096
3.133375587681394
.5223976106026877
3.649139573096063
24.151668362645392
5.762653383233075
6.415070088215183
.6764211357283005
.12109241068120995
.028872056968233032
.1009185996705411
.3297412063306582
20.27035075666226
.2958387515598977
.23297140325687252
.6176314906730681
48.577066769789305
10.225068542696263
.840291016231164
.5347979480208854
.0009386854182725929
8662322153015662e-20
.0002086908532337125
1.2199517930097004
.1860881925506511
2853328000561047e-22
35.00943659624354
.00032528649835920654
.13839662532640076
43.66828357100454
659126223598792e-21
16399935625697546e-28
3.882645692802969
13875334979747042e-21
12.942288967580517
14.926713102877887
.000523346836516642
2149879220023761e-24
.0005649075651998864
10734734683224384e-22
9901620926198818e-20
.01698525396119694
.0005558477930681541
.06043025000683524
.07411300999153961
.7400343812598593
.40712595571511434
6729673362217934e-20
2385178081348625e-21
5148049107182242e-26
14543411524553801e-21
7226653262377794e-25
60675994157898636e-22
.8010460897147452
4745038637881036e-23
.613775083765279
15606545893578895e-22
3488450384133878e-23
67.12356283734519
233.50009017116292
10.764134778404719
19.895501560250793
53.24056530826681
5618399925276149e-28
5.329991055375756
22.739798565717145
.0020956595261437667
.15421465952950644
6.332788082752508
8.161213559661809
19793742325591195e-24
5482927300048965e-22
.3173945239779448
.40206359014432386
6.29333661193709
.4283267848499382
2.3853292303899263
.0013289313869316848
8.95019837410797
28.50170523661547
2.7814939887886245
2.5715155779572934
.4873229915437869
21.18948390438439
3.4987850704478562
24.334621716975153
6.1944684896506415
1.5351631408767294
10.461117971069331
4.856530956868872
.0013289313869316848
1.9198940026493057
5.315725547726729
2.26259267407848
1.6302953015182984
11.730453760563417
.09898327388861751
10.127308876711673
1.6695292906247692
1.4327163774508895
20.201975386638434
8.833052367173769
.4167970197386294
11.102102832917815
9.587012387287968
1.987707727041057
3.8274734666662473
11.477260763833193
17.09505745689283
8.260545705115492
5.774208767472193
25.01760948233112
.0013289313869316848
1.6814005574923327
28.263133378390272
5.717243384393744
25.1900163419555
26.559901737668625
2.8341684687736306
4.683118020603929
11.423300532134236
.038397880052986104
3.853707831030657
5.349223772943109
10.674095023951017
2.7100043341410447
6.137151264476062
11.510084416124204
14.172583125172668
17.616538731827315
6.449196311486161
.4070073765495818
9.968189594543311
12.9646989031152
1.4657689101953073
1.4338843596362447
22.72158389975251
15.131234989645275
8.90216391395489
.39593309555447004
.09898327388861751
.09599470013246542
1.949668665490985
4.102448899784119
1.9356368525577798
8.154582997039936
9.913428187882694
8.028319724187629
3.0641701016273535
22.722481170122084
7.969303255555233
9.034152393458616
17.65542596617906
6.414796669069104
11.3364616437555
.0012659136095889598
24.0825919735635
3.229437277900408
3.401795482324278
.00013579193702830877
27.936189555088863
3.729205619094973
.8800653898632558
.6424695907640672
1.479226248611255
.0013289313869316848
12.918999549945429
8.421518606422918
4.53808634250437
11.636914187796632
.038397880052986104
7.1002840587554585
.39884533809730716
6.344480229777473
5.595468442176823
.0012659136095889598
2.4012887104774223
5.780280034430433
3.0377845195752564
4.668929517974428
9.085543361983113
.5759682007947909
.38397880052986166
.17739288901623634
5.691746266415569
.0016249129773041196
1.359903845713889
22.237832855681013
25.824636936493263
11.013970217226356
.11891930897422047
.12459419589071002
19.29113409741748
27.906261431632334
2.741256472709074
11.492895250326217
34.491992579040875
.20727794222953208
8.15147650759148
8.15147650759148
8.15147650759148
8.15147650759148
8.15147650759148
8.15147650759148
8.15147650759148
8.15147650759148
