.20601917792806643
6.861909516664588
6.730959613974038
4.658096887072813
1.975496246068835
38.25220837214336
.003925050748781347
8.710080635005024
6370669021146265e-22
.10823857911535929
1.165317247570494
143069927941377e-20
1.9598896357921687
.7949191138837229
14.5769646656292
1.0002335536411584
27.778886274328283
9.149610737572575
11.424489824101425
.004112637011733528
35.664629958910524
2.058147806591005
3.930729989297028
24577400984625805e-22
10.008384451425153
.4106657501233897
3601751984011166e-25
13.885159010718771
.0014077711801355618
13.833400161354248
13.433056861291158
.5627374162867381
4.141673337161792
134.83280443512007
163.43769133229335
.7327673708264352
1.9433324409192205
2.529429707756745
.5908072493449742
8.62692986538213
1.1945686467512069
.00043121311060264147
.25700361199877203
.24424660962448033
45.4866585270962
49.98420992450318
11518717652299948e-24
5.421308797684149
2.887842053041766
.37294018675712215
2.15581223136464
5.388796750307612
23.286769541323967
8.116660566151628
.35181765818252525
13.538694499066867
5.5289678444727235
.6552011518672026
.5277317766030146
.548057259275137
443390048937641e-19
15.323523512568405
9.50569818957632
10.125048690051903
3.0754501610311697
.5027880332065855
3.395353070606829
23.056171772128323
5.4293288355706935
6.381938867826215
.6746481422098765
.1119605666719127
.02665956226232064
.09259072447485789
.30546118051213594
20.044976229913882
.27597930575246793
.21560492268070813
.5737483846644963
47.60593837644002
10.032054246464243
.8302717171444391
.5259922013764377
.000890207554372629
8307834997332385e-20
.0001984800770469966
1.1931524215430236
.1794270609912593
2906819032375921e-22
34.768938215582125
.000313704060453716
.14131622727107485
43.3842315380461
619617139089592e-21
16204974482016063e-28
3.79700663466714
12793717842995128e-21
12.870903051169321
14.854589718900208
.0005121181224881865
19894741361145854e-25
.0005459718580820871
10129212401849082e-22
9437261545536965e-20
.016988332834567126
.0005108059908384652
.05630749564256021
.07068226276644311
.7376348637317668
.3831526761423041
6201514552579146e-20
2156775951038454e-21
46300963193444126e-27
14012195265854776e-21
6472068714826897e-25
5418606506564198e-21
.7730811619466815
42095016429874765e-24
.5945409320015261
14554188479136256e-22
320231103810844e-22
66.904673073185
232.7386469832797
10.729032962835976
19.83062238131143
53.06694796300877
5118501070875128e-28
5.079235173532877
22.268193669969932
.002004085225389616
.14857344266396835
6.244272026621447
8.115493578126694
1841086029727796e-23
5138616376057657e-22
.31737379037564667
.4019782366068857
6.292822730698222
.42823585593430746
2.3852123643106613
.0013245977451287992
8.939097379073303
28.495654648040436
2.778903106837658
2.563129872333215
.48614702800791565
21.120385052379973
3.4904870422890277
24.329455752941907
6.164192985221602
1.5346617884365683
10.427004292522678
4.840693822026051
.0013245977451287992
1.9192670050896006
5.298390980515187
2.2618537582407847
1.6276349365653582
11.727963518351087
.0989751914276672
10.12515896396517
1.6691748685027357
1.4257139669771672
20.197686736522495
8.80424780633497
.4154378457392645
11.065898904400667
9.555749164780854
1.986904834996981
3.8184466698179085
11.43983344627724
17.03931051890458
8.23360808701544
5.7553790876712805
24.936027122754815
.0013245977451287992
1.678656797444174
28.257133435913346
5.708647877764002
25.107871764057524
26.473289967051446
2.8249262527544454
4.667846384896087
11.386049178753773
.03838534010179201
3.8411408997978707
5.331779968106097
10.639286827787805
2.707058876881504
6.1358484169090195
11.453828804799166
14.126366368393427
17.61279894057281
6.438672318792487
.40667515751880945
9.935683354152872
12.92242105364843
1.4652902204715437
1.4292084664618268
22.647488873640523
15.057280981692664
8.900274085580634
.3959007657106688
.0989751914276672
.09596335025448018
1.9401396473975279
4.082398154503417
1.9355736293811094
8.11472742039824
9.881100524297214
8.026615403018189
3.0491939506245447
22.611424897827835
7.9676114629123465
9.004692045956157
17.651677919606005
6.393878033784047
11.334055041598416
.001265644870495647
24.077479512584667
3.218906091320776
3.401073319748072
.00013576095352480622
27.84508971347191
3.728413951062288
.8771954989115566
.6422597735215332
1.4789122256654195
.0013245977451287992
12.876870725950708
8.419730813592931
4.537122958273549
11.634443802974081
.03838534010179201
7.098776749026137
.39754470448517215
6.343133368623934
5.59428058772576
.001265644870495647
2.3895523965207164
5.752028878729849
3.037139632395526
4.653704150936829
9.083614604233091
.5757801015268795
.3838534010179207
.17733495617808553
5.6871003888787515
.001616971204717276
1.3532573069555167
22.233112016127972
25.698418858016407
11.011632076339385
.1185315134163694
.12422846498444817
19.22822575920548
27.815259185548282
2.7323172424678566
11.455416948750397
34.37951428078165
.20725112800224926
8.13817468282678
8.13817468282678
8.13817468282678
8.13817468282678
8.13817468282678
8.13817468282678
8.13817468282678
8.13817468282678
