.2243321893666083
6.833991403075744
5.962312384814655
3.542161569482118
1.9540109331489013
35.11895877460259
.0037994832873797964
7.524769753044478
501244831958738e-21
.09594015544916255
1.1186086465970904
1767110294021428e-21
2.02757402470545
.9102959427849006
10.841286298732069
.5171564413703591
23.707446692319273
8.229647781436833
11.311901249408672
.0037494563487562456
30.406875891459276
1.8433404462287242
2.127212211233313
2029226755544669e-21
9.078395072766089
.04976674552191592
29573082606827923e-26
13.855575058672454
.0008432429474753904
13.360927116584707
12.952014271906767
.5386937148691365
3.5468393922167905
131.22891290149818
160.60185806384226
.8350621087274085
1.6397988367999494
2.1841105842489608
.6722038179377345
7.026251880284942
1.2079546268801251
.0004157724991351354
.2522364881526413
.2183546489317198
44.73461876612264
49.79435530552557
11289983424290687e-24
5.8420160374255925
1.866390966897463
.2690029094221115
2.0409648640617273
5.14610646700883
22.341729115441115
6.955389033990361
.36866737686944095
8.647197655486973
3.1990207278015808
.44053269554875757
.3611984505992922
.3982943053143787
4442010015593596e-20
14.815122640941855
8.140324642021172
7.993048271239238
2.5032695073964595
.34798339767180314
1.7854125316725777
12.728879225006011
3.2554485343163106
5.455731098016793
.6761513464868252
.05646355422452227
.013277152145326824
.03931097142779825
.15490119155133666
16.93918459587924
.15157573688736048
.10954400840894718
.3019497775167074
36.80111322814858
8.13321594222483
.7328052468615522
.45832831645441835
.0005304287644095322
5245671250728019e-20
.00013012209645635098
.9320690804300108
.10939628403583447
30023777119193667e-23
31.864060790257803
.00023786432961973614
.15212652711538252
38.830422189958625
36447016262702634e-23
13873029406762389e-28
2.97898369761837
5694702796286831e-21
11.36051535155003
13.329882826675904
.00044872974474336315
10670267692347567e-25
.00042388176570692677
5851931805260139e-22
6317442299996707e-20
.016991236266823254
.0002556580397563707
.032112611996812486
.04752250378636831
.7111692546875175
.16941941541517386
3442776854300939e-20
89705007945863e-20
20852007065413905e-27
10882510939734542e-21
26099041385495454e-26
2115842839121221e-21
.5284890313312546
15562926216432126e-24
.4307572970166656
6746782631140059e-22
17266332351648683e-24
64.49854672492
224.36855017175432
10.343179363715267
19.11744375233924
51.15847467032667
2387540026886669e-28
3.280517894666818
17.71465162494
.0012959711559781147
.09900424707289848
5.3844906992733526
7.470274568014024
10184519210427029e-24
2933117728422906e-22
.3171413927096648
.40102238867078976
6.287063341152381
.42721757105771235
2.383902311568626
.0012769605713857859
8.815558295036888
28.427895973061048
2.75001570741739
2.470950745875189
.47315339923896227
20.360822040922695
3.398776101921208
24.271603715318964
5.834670824067563
1.529051213427969
10.052012702110643
4.666605519758739
.0012769605713857859
1.9122503506223296
5.1078422855431365
2.253584639751804
1.5980992876577946
11.700076063999699
.09888460621540227
10.1010827543175
1.665205804489447
1.3494989054578164
20.14965946682755
8.487616222165892
.400497245915897
10.667930426294664
9.212090959955018
1.9779240082631695
3.7186732107003846
11.028416972502066
16.42651723986176
7.937498705570819
5.548395499963573
24.03924025981806
.0012769605713857859
1.6481952875000396
28.189941930963492
5.613144909700673
24.204904766008323
25.521217748638485
2.723332011628377
4.499974281791029
10.976566975594777
.03824500701244657
3.703000021113775
5.140030488209852
10.256660813980274
2.6742492182240163
6.121258228905297
10.841536095876112
13.618332762324457
17.570918171956258
6.321833855346867
.40296842970544
9.578361385322767
12.457685537393145
1.45993326120321
1.3778091248260715
21.833005860752973
14.252356836376883
8.879110480587487
.39553842486160906
.09888460621540227
.09561251753111656
1.8364246905355657
3.8641634779142198
1.9348648355500317
7.680934623327098
9.52574154518137
8.007529235986926
2.886191756696395
21.402675331263666
7.948665598985171
8.680851784961428
17.60970470222362
6.163931787908935
11.307104246424634
.0012626353442896877
24.020226639163546
3.1031429554566285
3.3929860438282766
.0001354140124671253
26.84368277204498
3.7195483049762794
.8456484767745263
.6399117339329411
1.475395579564123
.0012769605713857859
12.413773358999665
8.399709873184342
4.526334315455254
11.606778725405283
.03824500701244657
7.081896852339096
.3832476046842561
6.328050286042252
5.580978172155068
.0012626353442896877
2.261812971136062
5.444539967905072
3.0299177398031176
4.486340652091977
9.062015041169587
.5736751051866976
.38245007012446625
.17668663673677235
5.6352640944822685
.0015305320151624193
1.2809155951605462
22.18024479024781
24.324646404649442
10.985447957810822
.11426870508878255
.12020021796461752
18.536711422396696
26.814925054373944
2.634053545674523
11.043440037651841
33.143106547930856
.20695069166332397
7.990496438288959
7.990496438288959
7.990496438288959
7.990496438288959
7.990496438288959
7.990496438288959
7.990496438288959
7.990496438288959
