.24373424507348446
6.803901760222376
4.958294103686807
2.6448231890194744
1.928646685601232
31.436264731788263
.0036677407624910005
6.319713497771572
3644688449213085e-22
.07938168033231359
1.0713487154928716
2958447254723928e-21
2.3265364469985395
1.2582907528162242
6.621994681818318
.28981887038670606
17.54899260807414
6.499367337708506
10.971699691231699
.0033386200929211686
24.961718148871203
1.5630828285239529
1.2355788010274795
15599671920210385e-22
7.721714645887914
.005753959368841155
20102758609302876e-26
13.821261964631388
.0006453929905004443
13.022071129781665
12.46008782978114
.5135584039054887
2.987278802573459
127.41392838312441
157.22728580984153
1.1365411930406872
1.343973522420763
1.8546644419480356
.9271281180961088
5.64493273872121
1.4298889852262113
.0004000308368246601
.24728411172292092
.1809476939848995
43.95258478821842
49.96355157089729
11241344821834864e-24
6.847784418710791
.8275880260728081
.19424446593343264
1.8030229468278303
4.8882022642854315
21.3821542252667
5.534451365306692
.4579575546933166
4.440440288046662
1.9025827205883137
.3804735858983468
.3174584697448532
.23699989015192593
5448755391730124e-20
14.2567484483902
7.748908458753106
5.310773844903
1.8830531640048056
.24583437395492033
1.007957583800572
5.289014365874762
2.0614714184131655
3.356261754275405
.7309560995043598
.031265076339014194
.00726402922922856
.015999502049073088
.08506539490078237
11.240594010817711
.09484962346802196
.06084345178627964
.17274252370386992
25.027126413488585
6.091930275268659
.6079441071499435
.40088537124876583
.00033065468711277444
3090339332176661e-20
9756435758002409e-20
.7209651876049552
.046657531060475294
22045120661634233e-23
27.366273868570165
.00021875937517282744
.12798105881523186
31.0587323482084
25392300958805283e-23
10786777089631584e-28
2.144759960163841
2601647442425261e-21
9.310228169234245
11.2522798027625
.0004666175205340467
8107928123563164e-25
.0004003128959137051
38239129321968e-20
484423165381175e-19
.01694859898554727
.00015879863407692354
.021876976031052944
.035952284061828994
.6840301841016055
.04589285427434967
26758026731951813e-21
37666160652521606e-23
14727172021082362e-27
10495552641290742e-21
14181376177793355e-26
10824314337671912e-22
.32873074641102457
7687394460066343e-24
.299778299124891
26290863751178397e-23
13102063992124388e-24
62.04365683699969
215.82882155844013
9.949505897904904
18.389811553885835
49.21132347814191
15701306032207117e-29
2.042010226952355
12.780142396006886
.0007099139619048176
.05612494857437699
4.169342303893238
6.298040289749567
61128418515222745e-25
18220668165859582e-23
.3168953603931785
.40001217755051405
6.280967200883608
.42614137193952806
2.3825151371524553
.0012283579632163715
8.686534581117336
28.356283570738036
2.7197379523132907
2.3769034795783415
.4597657072265986
19.585865415137288
3.3042385138362116
24.210461383437174
5.504746185070331
1.5231293626464906
9.66942137891539
4.4889890728296695
.0012283579632163715
1.904844410825305
4.91343185286548
2.2448567489899744
1.567391675660984
11.670602530147633
.09878872449810419
10.075637227051411
1.6610110027308258
1.2731907549836237
20.098900679691937
8.164567652944514
.3852538537921639
10.261896556411672
8.861468037540265
1.9684533882741877
3.615808820401539
10.60866256437516
15.801304841854266
7.635388250419155
5.337217098299203
23.12427874791297
.0012283579632163715
1.616525076659948
28.118928956069553
5.513704920525722
23.283637869847542
24.549850445654908
2.6196788201028505
4.328700014056214
10.558786038802648
.038096888216506086
3.5620595229414542
4.94439493501012
9.866280345045764
2.6399221299035838
6.105838234142871
10.228495533612858
13.100003139625414
17.526655463857594
6.200359287003363
.39907812038037105
9.213797783479775
11.98353150128644
1.4542790968116983
1.3253681031322748
21.002016202349402
13.446449557991073
8.856743210332635
.39515489799241676
.09878872449810419
.09524222054126531
1.7325830563903564
3.645662249838362
1.9341141740961347
7.246611992424008
9.163180715804213
7.987357556527982
2.722990472148004
20.192449399902646
7.928642202271432
8.35044844492457
17.565344287400098
5.9293253574647915
11.278620643587109
.0012594546533814261
23.959717548529344
2.985033716583214
3.384438809735495
.00013504740661940472
25.821980908393947
3.710178431457386
.8134621097975641
.6374334246595896
1.4716789266704489
.0012283579632163715
11.94129067160031
8.378550255764711
4.514932076107186
11.5775402158601
.038096888216506086
7.064056923310217
.36866075401734705
6.312109363666788
5.56691919098393
.0012594546533814261
2.133917525020544
5.136675490613993
3.022285107110427
4.31558529619911
9.039187018033424
.5714533232475904
.38096888216506125
.17600234840905132
5.580860526262256
.0014439872489190107
1.2084855253139235
22.124370777797246
22.94919602779433
10.957774635817566
.10991950494595486
.11607481219838538
17.83118257350316
25.79431774298641
2.533798396653953
10.623113834149779
31.881641270801666
.20663286399943256
7.836958378304907
7.836958378304907
7.836958378304907
7.836958378304907
7.836958378304907
7.836958378304907
7.836958378304907
7.836958378304907
