.2779150883596653
6.753344579082917
2.6315792579693733
1.2340584835555748
1.8638388095258005
21.59489415884777
.0034400736296089163
4.627593155437361
15037561773364944e-23
.05653675658443521
.9933197153283188
8610925664315892e-21
3.29110943451752
2.301441774095626
1.2760910405950472
.1314816663729514
6.979601801152774
2.6794406918945044
9.93530333564533
.0026289476507571677
17.214798160994295
1.1470255722882023
.5576690996016488
7133227473126915e-22
5.742032735781332
.00014957362480075309
6771214076445633e-26
13.75143607964297
.0005558939773351632
12.734765506534783
11.637176364886859
.4703665854716331
2.2725874183838837
120.71200851194354
150.5015660709747
1.9802449009521386
.9436566013746752
1.4266338346502907
1.7061876338126851
4.051821069432375
1.953628253634732
.00037382791992987313
.23879912074951404
.13001872077619794
42.612459493863724
50.88327620288178
1155197987685232e-23
9.452480207458601
.08404031363588804
.08676963482126841
1.075961499140885
4.440854808203426
19.79263307826252
3.695993117085667
.7361606790400946
.6993323870074702
.9040547830919574
.6741084397056051
.5799386964891391
.04257703895187023
8858515855491654e-20
13.284966292585375
8.123767153138195
1.797248115979328
.816078235158595
.10853929407887647
.45940098388945866
.5892157867441202
1.1016175069986691
.4811145891751042
.8951583219527116
.014118878029466148
.0032132482725835626
.002778031909222429
.03729615174912483
2.036550485564365
.049706421547574396
.02743938168006516
.0811380332536277
8.886832310226856
2.6205244824144143
.3168248390302742
.23690929380793793
.00020063166013256428
9295750207341051e-21
8719788816915973e-20
.4651312783386498
.0026512393114709798
6063793344322962e-23
15.710065633778532
.00033233246465670197
.05656266763305829
14.356483820575278
21456997160648337e-23
5084500362334844e-28
.8585430053172619
7171899831136607e-22
6.501115861784361
8.370414902679427
.0009331001480062933
15085088572150116e-25
.0007100913560606089
292540502367702e-21
44977532660095644e-21
.016823996219135638
9922856228200231e-20
.014801872515736864
.0307267564576826
.63850094918958
.0014648345953809773
4129507568678894e-20
7259314727543149e-23
28625153841335333e-27
15133906012729996e-21
1226184984849373e-25
6062788250391604e-22
.08773049963752676
4320763553620142e-24
.12291833310868931
47270712685669804e-24
19378790943937752e-24
57.943971673974794
201.5674085050332
9.292068155055027
17.174660135967965
45.959565877099884
20293165613116248e-29
.7437913324927266
7.226012251876036
.00015365336595500638
.017555332602113293
2.1170131320699888
5.161286257280394
24201300441576246e-25
1036698398456695e-22
.3164623864227033
.3982386628146152
6.270241930678418
.4242520094522686
2.38007329803181
.0011471912304122135
8.463808834195394
28.2305616812796
2.6672059671520483
2.21984381504615
.43709539035098915
18.29168183633256
3.1440426893656745
24.103120626239818
4.968251476554199
1.5127525027344983
9.03049090023131
4.192368228136231
.0011471912304122135
1.8918669815339872
4.588764921648847
2.229562864847209
1.5147221668690065
11.618859141506867
.09862003459261973
10.030965359296859
1.6536466582054359
1.1491050878128228
20.009789151265274
7.625074035454702
.35979727065523953
9.583816842842495
8.2759250362377
1.9518790606154959
3.4414651632416455
9.907669445465865
14.757195285469258
7.130861445907679
4.984547528753599
21.596285922836042
.0011471912304122135
1.5622045242034677
27.99425941434044
5.342786679007524
21.74511500413319
22.9276595117622
2.4465771858957988
4.042670657833148
9.861088632336767
.03783733963067973
3.326687797280921
4.6176820430145575
9.214341932532548
2.580516122031802
6.078767073085778
9.231622372640027
12.23438864742685
17.448948375222155
5.992006848330034
.39231565791694006
8.604973739350946
11.19169058150417
1.4443713037964467
1.2377911899559138
19.614257024250254
12.135953343695753
8.817475494305125
.3944801383704789
.09862003459261973
.09459334907669939
1.5637248364892953
3.2903545861753347
1.9327924328601387
6.54035436348024
8.557701317235047
7.951944393823437
2.4576067595239164
18.224485411951925
7.8934893630066245
7.7986723030991225
17.487465665990104
5.53753079805305
11.22861516616764
.0012538706699121072
23.853488502202556
2.7877903711247742
3.3694333863042134
.00013440396534330758
24.115730867585203
3.693728791945666
.75971062717652
.6330906829902799
1.4651540146566582
.0011471912304122135
11.15224091712915
8.341402680820712
4.4949144391002545
11.526209433122371
.03783733963067973
7.032737354177505
.3443006002081478
6.284123668232166
5.5422374093461135
.0012538706699121072
1.9259450913980232
4.63605309542472
3.008885347117192
4.030422526778902
8.99911040967816
.5675600944601948
.37837339630679756
.17480326988137523
5.486291673962056
.0013032556888861622
1.0907060550437648
22.026279020098293
20.71255843912523
10.90919167789792
.10265630695719227
.10914850183494182
16.65294392087454
24.089895612951544
2.366371519799335
9.921165812526775
29.77498446889566
.20607412999479297
7.573610834345021
7.573610834345021
7.573610834345021
7.573610834345021
7.573610834345021
7.573610834345021
7.573610834345021
7.573610834345021
