.3430262476751781
6.680330528937365
1.0872993314738801
.31591854596722424
1.749592007126935
7.966072729374811
.0030297006617034175
3.183033536120883
5342538056697763e-23
.029200174771231498
.8611943616557755
1306192373753632e-20
3.5847469419438798
2.7239030004604556
.3919499207185558
.06007343822906347
2.045427641962832
.5171361158439063
6.8923237631984735
.0016503190294299085
9.565203452895966
.6016186797902253
.22062830730222277
2620546869568485e-22
3.171939263879647
5573418823158346e-21
14989421999567656e-27
13.609125226410258
.0005635746131737321
11.751232008496284
10.226821314308634
.3931180562071184
1.5877010147012596
108.14266941678525
135.80705531809352
2.271566652067894
.5996148311165905
1.0077484329456372
1.975716574438039
2.6957759484443535
1.6380970426214683
.0003288212026629169
.2234469870143176
.0700324367653452
40.17957168074893
49.88031336835561
1178815111446654e-23
11.35334439370345
.018017838727056312
.03259485408399826
.41167805127298085
3.6541143623961467
17.087902745065826
1.7077269588503539
1.1272048950928455
.2507651030708899
.4227783438661167
1.2593517162739964
1.3676191953954888
.015787865628313896
.00014132950043078436
11.607055918736034
8.414054644205386
.49499452966734003
.27567936462173376
.04097342451524368
.20989583050410573
.1614187422393454
.6519968216082331
.12156421445071776
1.157529391490744
.0064646603351966965
.0014130107815147185
.00036273461132564134
.015939310097581733
.6066529808765598
.02340832383667515
.012483290062822849
.03897320894749845
2.0352955987265986
.8818252317078838
.08828270386953703
.10512880233868072
8027209470384209e-20
1525560864363194e-21
.00013229423041377498
.21307249274257553
.00014558039935728362
10827563934076634e-24
6.642776041789884
.0005453257711430297
.018800344138480727
4.555746661233813
3131020140727624e-22
2582973715080429e-28
.27919315380316384
6912978462049724e-23
3.2772033799112723
5.013051437858634
.0018889846999852464
32626495871365656e-25
.001200845498178475
2682928915535318e-22
6978725592006987e-20
.016581699344096895
60078024509463676e-21
.009454147916010529
.0226658113947768
.5596874175574814
6813172975027293e-20
6674171654330785e-20
28318865086279822e-24
8573577797739584e-26
31796134237772284e-21
10924526005085887e-26
27264212571514205e-23
.017025294069597085
30223773343732877e-25
.04485669709308359
19599847003496967e-24
28827845823722437e-24
50.86902662566012
176.95607625586976
8.15750886125819
15.07763825129055
40.34791390311337
26331779799900216e-29
.19855475595019623
3.9162372149147116
1933704508799669e-20
.004461572829198935
.7032367413757553
3.846245641530871
9824539374561791e-25
8442769194211448e-23
.31563924948161215
.3948820174029389
6.249861986658216
.4206761046145578
2.375428755730869
.0010071194562379846
8.055216286818665
27.99261395248106
2.569928661456652
1.9488014174752817
.3969574273322295
16.05827186986606
2.8600592995225838
23.89996197588345
4.086686555348773
1.4931807991020216
7.927870126530735
3.6804810726741866
.0010071194562379846
1.8673903670132899
4.028477824951934
2.2007172053345747
1.4192390886294701
11.520926936856998
.09829949340673111
9.9464170796045
1.6397085201337367
.9452082559042551
19.84113207897477
6.694054323970151
.31586611017590466
8.413635104218638
7.265436573610422
1.9206917277807045
3.132277504629491
8.697945381711003
12.955345279408373
6.260184973110736
4.375935470624975
18.959384589743916
.0010071194562379846
1.4637283151182026
27.758303413101686
5.031726160215091
19.090041675899045
20.12819778268223
2.1478506981074657
3.5490615398125094
8.657052074696406
.037347807340265785
2.9205000148643316
4.053864172732274
8.089272991869489
2.4710270410627193
6.027530798183915
7.593566310474049
10.740572726984054
17.301875933565423
5.614290544162143
.37974925737051873
7.554308508968708
9.825187844905493
1.425684303086114
1.0866571824443196
17.219360944449456
9.982553741506516
8.74315539074877
.39319797362692444
.09829949340673111
.09336951835066454
1.2862580116371134
2.706515141817865
1.9302771438290407
5.37983601888631
7.512808038258767
7.884919616583622
2.021529817859872
14.99073866583518
7.826957287328219
6.846456284758399
17.340068572561957
4.8613996153303445
11.133972221882397
.0012433021349505598
23.65243393314716
2.447401835231795
3.3410333484069605
.00013318674268102544
21.171205910820067
3.6625953562470026
.6669501417521384
.6248998763662151
1.452804629828131
.0010071194562379846
9.790554975091922
8.271095265569691
4.4570280274162455
11.429058147673942
.037347807340265785
6.973460323151484
.302261579474806
6.231156498424255
5.495523397102752
.0012433021349505598
1.5842060226820724
3.8134333465937194
2.9835242706127705
3.5383089026232826
8.92325935480488
.5602171101039861
.37347807340265815
.17254169848359402
5.310558339596643
.0010720064246117435
.8971715284582026
21.840625502967235
17.03732882675176
10.817241067347185
.09012199649135882
.09707746552751836
14.619623460969462
21.148525134582712
2.0774381246106746
8.709793845589772
26.139466004315256
.20501397310533925
7.096195443147338
7.096195443147338
7.096195443147338
7.096195443147338
7.096195443147338
7.096195443147338
7.096195443147338
7.096195443147338
