.36055617518320077
6.663395906150646
1.02583257379647
.2734854445097184
1.7358043310470415
6.887837173673363
.002926463212410104
2.9881423815064183
5014356122233856e-23
.024602063683574715
.8289489767050771
12830982560315363e-21
3.485458833960624
2.6566320669597063
.35078637626776044
.05491506305381645
1.8145756255789485
.3718873065580379
5.903943285886835
.0014449015497216445
8.233242602949478
.5046125872408228
.20194189408671953
2440640295588e-19
2.7137998484211385
32332627713117566e-22
12380183512774497e-27
13.570881631494853
.0006103740739825331
11.508526871575322
9.878881938220102
.37363808047056346
1.4676427159346799
104.84639498174158
131.603923476197
2.213956703314127
.5509821646455069
.9333537491917399
1.9072599400730224
2.4725461353448503
1.5107309247324259
.0003176849947913972
.21948800250110034
.0599131122914043
39.548620533653974
49.32139922905845
1181975252499029e-23
11.422900707115724
.015600661156353507
.03038572489008684
.37015443168652346
3.461379554967581
16.425502874954148
1.3990055819798568
1.1798424960635132
.23508167731791202
.38704734599452756
1.2661908597119262
1.2910685733325216
.014761413385000479
.00014961677251718522
11.1959058912911
8.348855849030327
.4384147404946782
.2512549762064474
.03825298820611638
.1917741369831388
.1474606845143494
.6361952042547162
.10919858753811859
1.2116765448821196
.005914070886291618
.001278275899278886
.00028923202247651414
.014305897589242948
.5475227586562943
.020982296982885562
.011401168371152664
.035999798099469266
1.672019470197823
.8035773423687903
.07298525186909544
.09969811528166837
7215318932645414e-20
1136486991805168e-21
.00015464323095360226
.17483202966977066
.00010560049806837295
8800716836833725e-24
6.129405319647289
.0005893241837424783
.01712526470984408
4.057555986674594
3623226895752815e-22
26994033161472667e-29
.25413987137610106
53031321750995094e-24
2.767769532039032
4.483488917045551
.0021136796928850703
3751079559082477e-24
.0012850743448065151
2690688646460663e-22
8173020379987664e-20
.01652219737879643
5698308464998658e-20
.009050771263489217
.023777925215168905
.54015652616969
4876402201158413e-20
7581683333976593e-20
28700419309104402e-24
11452482697821766e-26
3837879071537898e-20
11098909482930285e-26
27120447093072256e-23
.01224413108685453
30387916133585518e-25
.04220603570778141
18852053107938268e-24
3201580178718708e-23
49.11646772895818
170.85951875635482
7.876463288380817
14.558177769905527
38.95783235123646
2996470541808008e-28
.18119094380711165
3.713629323378231
1523507088886312e-20
.003652219000411199
.6485949799431128
3.7089405336271866
10283927555609784e-25
9179509904247396e-23
.31541800173333323
.39398314909510707
6.244386405294314
.41971852133237375
2.3741798513410504
.0009724217967749829
7.948621240671681
27.928894480774698
2.5443502699804106
1.8816605758146938
.38679548103984296
15.505026229089518
2.7880852340567097
23.845558590994482
3.8773220872661347
1.487954895193965
7.654736153978164
3.5536797502206428
.0009724217967749829
1.8608547869799068
3.8896871870999283
2.1930150324625406
1.3945767266505762
11.494701898379695
.09821337200511807
9.923776091422422
1.635976058391054
.896784423774114
19.795967791842642
6.463428238929983
.30498377178108715
8.123765373389855
7.015125011739849
1.9123806128810346
3.0538888797042345
8.39828048594011
12.509002836169651
6.044506718632584
4.225174090878642
18.306188719037227
.0009724217967749829
1.4382928561913622
27.695117301509875
4.951118385173646
18.432344357967047
19.434733518893434
2.0738521355350708
3.4267879326858584
8.358796050566626
.03721709573959813
2.8198818465330584
3.9141989148490146
7.81057830690769
2.4423512946479615
6.01381035468385
7.204541375502748
10.370534463290303
17.262491744725935
5.516730050821648
.3764353134110311
7.294044622198247
9.486686766517039
1.4206946265676152
1.0492192592308016
16.62611302483044
9.471138925153294
8.723253382187123
.39285348802047226
.09821337200511807
.09304273934899537
1.2203619071093579
2.56785804263744
1.929600510081343
5.104222391266212
7.253973941362117
7.866971206575587
1.9179651061313745
14.222750227174366
7.8091408167312455
6.610579589868354
17.30059744597581
4.693912841719212
11.108628006827104
.0012404720114278008
23.59859399532113
2.363083023871318
3.3334281679734636
.00013286091654855293
20.441807537504225
3.6542582055410913
.6439721238477284
.6227128225894654
1.4494976166402116
.0009724217967749829
9.453247081400251
8.25226780552435
4.446882512896967
11.403042229742614
.03721709573959813
6.957586664174486
.2918479495042939
6.216972542582431
5.4830139598559215
.0012404720114278008
1.5030457852182917
3.6180678754803983
2.976732886618791
3.416405749409729
8.90294737633255
.5582564360939712
.3721709573959815
.17193782898771623
5.264214884304925
.0010170866132119052
.8512086592020089
21.790909777199424
16.164491813427784
10.792617826112847
.08701707946784729
.09406211902278815
14.115942677936157
20.419908167926593
2.0058654425849944
8.409720742071247
25.238899259879222
.20472947928391785
6.97288363325287
6.97288363325287
6.97288363325287
6.97288363325287
6.97288363325287
6.97288363325287
6.97288363325287
6.97288363325287
