.37307755197464554
6.651394010787413
1.002776587075637
.25551019295447847
1.7297660835912552
6.405074538860964
.002854762533737181
2.869164058440902
48981263485774654e-24
.021807508438909513
.8067092317532142
12549550286835145e-21
3.4033744293445904
2.596682279587213
.3284268904668501
.0503025430207129
1.7060589142315863
.29413205307005463
5.184423980088165
.001302874751602376
7.337918925728569
.44509957778489156
.18676318452251792
23677624939050062e-23
2.4307829318401244
22623713549777972e-22
11042873925665535e-27
13.543628094832771
.0006259523052655118
11.313441897411476
9.637955185357209
.3601002677126778
1.3907863726933702
102.5244927971113
128.57376421374255
2.1642859521544353
.5210116982742748
.8855735657359529
1.84997607899922
2.3315563687444776
1.4249915797770567
.00030996787278585614
.21670390771459333
.053724742328618943
39.10385943858108
48.87608404558461
11839645531485459e-24
11.417001350331129
.014328645571126892
.029421562489869983
.35013876470678124
3.329036433715077
15.968106210144583
1.2158880785127184
1.2071337908771578
.22668904772841753
.35509038295119744
1.2660916869019108
1.2533518544238527
.014180650251749298
.00015427375845042805
10.912062270536644
8.277520740648297
.411997247405003
.23988307299923275
.03706858596286486
.17562731680528748
.14039895568284258
.610136595875583
.10293248580291192
1.2466759567393966
.005419909339776333
.0011620227653690778
.00024924277233614783
.012934097912399838
.5154877683695971
.019177793710351814
.010436302764330578
.03320113928323262
1.4821988686826872
.7671612601300174
.06541466175327312
.09750280847478769
6791828739078555e-20
9389728802257634e-22
.00017181029612905576
.1522773641997125
8726256955141407e-20
7808479608003303e-24
5.88228714425404
.000624751780108827
.016347954734160043
3.822067170211944
39953803239543315e-23
2849654964410969e-28
.24253328745211297
46208599352123575e-24
2.462540772858007
4.168473428657025
.002274963028642799
4081344584162731e-24
.0013406946765560708
26801445654250236e-23
9090102850202809e-20
.016481251604233988
53349866738485854e-21
.00852478620440721
.024949625700634883
.5266219387548258
3999675341822503e-20
8013971809937779e-20
28469818564238075e-24
1347794920693016e-25
433924531872191e-19
10896384349468095e-26
2664560217262443e-22
.009593669208343364
2938824929615644e-24
.04124968127366783
18554459791803387e-24
3329133105228338e-23
47.90172984342433
166.63385799258091
7.681664297272347
14.198128057474463
37.99433564466401
33353619333717436e-29
.16991829563235053
3.4902634349931265
12974822808304558e-21
.003116261599644993
.6096413317967306
3.496639796956489
1066588375937295e-24
9538071812122237e-23
.3152600625830868
.3933423532838718
6.240478213070053
.4190358680996521
2.373288178811372
.0009483720706468755
7.8733466337134095
27.883469394354584
2.526236004278985
1.835123752324638
.37969660990319154
15.121559264799524
2.7377867918735745
23.806774866114946
3.734375510588398
1.48423330829994
7.465420870531573
3.4657909091608774
.0009483720706468755
1.856200524401601
3.7934882825874983
2.1875299898516563
1.3772235754576263
11.476006284506873
.09815190291722442
9.907635517477502
1.6333152171649614
.8637223617345858
19.763770543636724
6.303576125875269
.2974409789218794
7.92285016045758
6.84162845310006
1.9064661297415002
2.9991009682559904
8.190576024456686
12.19963287619619
5.895015282257205
4.120677996625914
17.853444008251838
.0009483720706468755
1.4203957316257076
27.650072443121278
4.89433322502474
17.976479593131206
18.954077881543196
2.0225620718454036
3.342037352687013
8.152068109622135
.03712401048803202
2.7501411369483324
3.817393791573032
7.617408768949735
2.422072585052142
6.004029163549923
6.938929052620541
10.114052641850893
17.23441508097289
5.448083665984491
.3740859312624538
7.1136498839150875
9.252064075669777
1.4171412671749863
1.023270194826319
16.214919583724694
9.121963165152266
8.709065404248248
.3926076116688977
.09815190291722442
.09281002622008011
1.1753704018892694
2.473187930552882
1.929117345481854
4.916043256025009
7.074570222514218
7.8541759329506595
1.8472548220904257
13.698395167120381
7.796439601625468
6.447088161342529
17.27245880501944
4.577824001786847
11.09056032471508
.0012384544396846866
23.56021194721076
2.30463976423793
3.328006497498477
.00013262867172876257
19.936245162749863
3.648314719489311
.6280455441844207
.6211553292227138
1.4471400741837082
.0009483720706468755
9.219451413632415
8.238845864369965
4.439649859181027
11.384495696184155
.03712401048803202
6.946270463466537
.2846300289682611
6.206860917318758
5.4740960851029286
.0012384544396846866
1.447632475528988
3.484679313646402
2.971891364920989
3.33191193932825
8.888467134221926
.5568601573204796
.37124010488032044
.17150778801469038
5.231360228976784
.0009795893286760446
.8198268546645462
21.755467845887615
15.5685498936029
10.775064120297968
.08486499182788487
.09196581454593067
13.766830228410322
19.914887403656973
1.9562568111207541
8.201733342640834
24.614696247371633
.20452651114940934
6.88611787728812
6.88611787728812
6.88611787728812
6.88611787728812
6.88611787728812
6.88611787728812
6.88611787728812
6.88611787728812
