.37808610269122345
6.646588145883383
.9984682009825676
.25013329821707575
1.7280546670143393
6.257039134274707
.0028265567580560537
2.825119744814339
4879021561655093e-23
.020757174147804376
.7979927178832575
1242021996147135e-20
3.3690786605990883
2.571071249219394
.3216969601016174
.04973063645715139
1.6707988815945247
.26817654667041263
4.899439975644502
.0012467800162141386
6.989327456250666
.4227373201713298
.18560382361237843
23513792428130635e-23
2.3232122120985657
1979662175217009e-21
10592028405705619e-27
13.532740700298811
.0006465004000202245
11.216735415853014
9.543269823761646
.3547757065298266
1.3618047757953664
101.60401141960274
127.3582878408396
2.143264012792114
.5098827376715106
.8675246410233977
1.826022536671129
2.2787615768651865
1.392033061127103
.0003069342809098758
.21560035167226127
.05137820347933059
38.92731372785995
48.68899942999708
1184748934626258e-23
11.40426659158566
.01393742320091323
.02918076158348259
.3435601011810185
3.2773500490079317
15.788721126733426
1.1482809085028056
1.2161085555216506
.2245174625451074
.3510703751519686
1.2655046956678517
1.2416019777736695
.014018464863464886
.00015589312817896307
10.800729006290993
8.244409053917224
.4034413645194591
.23667282272776258
.03677531641070167
.17360272072954394
.1384850794611017
.61425990235666
.10115907853963942
1.2599285013146586
.005359498443622392
.0011453492378820315
.00024035622513596245
.012720108650676722
.5059379615274239
.01886099949497053
.01031522045163549
.03290953079634025
1.417715193528287
.7568850081253651
.06234835971893995
.09705184924914316
66462812629688e-18
8735264630409327e-22
.00017916271215266365
.14419792295263584
816689394799556e-19
7476723689081731e-24
5.811821716163044
.0006395463506950485
.0161295194005097
3.74537326340123
41536001157396935e-23
2927893205395287e-28
.23927437832068987
4411167144725789e-23
2.3482523556317765
4.049530953450929
.002339348440634482
4206274610325431e-24
.0013617582280147306
2671475719587557e-22
9482609732118345e-20
.016465193205694045
53163626099449886e-21
.00851440952615481
.02552854348564678
.5213031770328357
37337356874545606e-21
8368792511103377e-20
2917095427386017e-23
14674709701742845e-26
455197225574032e-19
11060776007905668e-26
2716449309485607e-22
.00869360857626448
2961103344159902e-24
.04108625457504309
1852919520047212e-23
34539627165566566e-24
47.4242886826986
164.97300226072673
7.605100408444467
14.056613945937139
37.61564243733131
349349129565398e-27
.16908518939813585
3.486124999620602
12413559068009651e-21
.0029925300743720126
.6065149628582722
3.4912766016634804
11052583067675768e-25
9920197873695637e-23
.3151969090689553
.3930863268775023
6.238915621154949
.41876311779307107
2.3729316035746613
.000938919554763012
7.8434367717569335
27.86532005343934
2.5190264591652562
1.8168328969160936
.3768936764496423
14.970841225368224
2.717922413370529
23.79127904430644
3.6786835529004382
1.4827472811486042
7.391012300791331
3.431247036947678
.000938919554763012
1.8543420804749222
3.7556782190520446
2.1853398160150346
1.3703429268358214
11.468536555849466
.09812732605552987
9.901186640828488
1.632252092835663
.8508413889755587
19.750906311991294
6.240747774746859
.2944763560014119
7.843882348872711
6.773437282539428
1.9041054613951789
2.9774620152305804
8.108939763367342
12.078037958854424
5.836259096456471
4.079606801658284
17.675497010134784
.000938919554763012
1.4132993936691196
27.63207502020363
4.871801939168786
17.79730628747479
18.76516075947204
2.002403000630687
3.308726944105293
8.07081566063344
.03708684160949845
2.7227302150280583
3.779345459524205
7.541485321169093
2.4140083242267703
6.000121142972813
6.835446544741355
10.013244903826601
17.223197205953262
5.4208648831841915
.37315028912604625
7.042747449521289
9.159847860809991
1.4157224131521557
1.0130711621160005
16.05330391655708
8.985924358882153
8.703396676485596
.3925093042221195
.09812732605552987
.09271710402374617
1.1578417204526819
2.4363044738163566
1.9289241135188748
4.842728702566086
7.004057298874227
7.849063652459328
1.8197061095683331
13.494106540581047
7.791364901692909
6.382829411917116
17.26121616735254
4.53219638850116
11.083341482704151
.0012376483301035602
23.544876613123826
2.281669197461134
3.3258402991808644
.00013253588751244844
19.737538684672174
3.6459400326569926
.6217857536803166
.6205334231657211
1.4461981311927903
.000938919554763012
9.12756025232014
8.233483202348758
4.436760092570603
11.377085531738118
.03708684160949845
6.941749138342036
.28179309402139807
6.20282087362087
5.470532997789575
.0012376483301035602
1.4260434611552901
3.4327111566302024
2.969956961824222
3.298702451717916
8.882681633933156
.556302624142476
.37086841609498467
.171336072942518
5.218275852762904
.000964980394119378
.8076005098923149
21.74130721913341
15.336371040812379
10.768050634661117
.08401913427042869
.09114043295902906
13.629614903927244
19.716393800423788
1.9367586108337906
8.1199858754852
24.36935919616972
.2044453802489262
6.851714634179096
6.851714634179096
6.851714634179096
6.851714634179096
6.851714634179096
6.851714634179096
6.851714634179096
6.851714634179096
