.42817160985700253
6.597477895686569
1.0034058372137373
.22286030014707153
1.7286183785910791
5.494147882810862
.0025590463224766384
2.4570563558412215
49845284034832296e-24
.012537500184086683
.716149928792132
10926769148867528e-21
3.0148310669618357
2.2985132022786616
.2725738224279191
.04087862497662376
1.4611855596773695
.11158414510679708
2.5712203890380643
.0007285780373438329
3.923841045893653
.24772402479191244
.16582603030388804
23195675724498605e-23
1.4581106237416865
5984456270889191e-22
7285223558208117e-27
13.424215399203451
.0007991927521518636
10.06876657117728
8.644445153056552
.30451992227768665
1.1149391528981376
92.69095663562048
115.27432795576368
1.922014999445528
.41709701445820924
.7130855281314774
1.5810699708579332
1.8367816923830638
1.1031711681225254
.0002781519174081077
.20487414585120858
.03260860366813872
37.20345641022561
46.63084783797793
11946126584895363e-24
11.053531043259609
.011141560540268264
.027990670932513687
.3034852076341034
2.7995914469707937
14.101544407944779
.6421413487527283
1.2616277588195306
.2085925392261355
.28921054170907945
1.2512186573130835
1.171582336617899
.012679235959302296
.00016629047030992909
9.752173743646317
7.815380075266576
.3529807445460278
.2175965285747036
.03532929229393906
.142562655242854
.12600161798814583
.6031496943778061
.08955207118807097
1.3730308540078644
.004414078630478419
.0009127043318382896
.00017013926886463708
.009924927857814568
.4338111255305982
.015048536354801741
.008457395744932506
.027669708905035343
.9368215933601636
.6958655610559574
.04134948518903247
.09567394287769015
5301665426561605e-20
4391576767396939e-22
.00025123161709304917
.08548977659871493
46051918421488515e-21
5236438503233528e-24
5.373123443253808
.0007819048222693549
.014841183167093092
3.2877389105678643
5638962266670308e-22
3995867635515197e-28
.2201067337688584
3045166366355198e-23
1.4584158973726915
3.1356256394119506
.0029388301838739897
4855772212952847e-24
.0015182971569299725
23503935459893637e-23
.00013334954101731612
.016313017715018217
4646295417514942e-20
.007587007680319942
.03219722766023104
.4709819781395879
20673520706613285e-21
.00011053780437365727
3363694706865761e-23
2702312448200411e-25
6635569251973052e-20
11294089240012414e-26
299333409490921e-21
.0030521381668009166
25771354155224464e-25
.04162648744036389
18394120282298602e-24
42687542275611204e-24
42.90393321752297
149.24822002170987
6.880202721005601
12.7167753645403
34.03022071376385
536715306330261e-27
.16103441296925583
3.170758950179361
820657871320125e-20
.001887226237689289
.5605667911703722
3.022372079220163
15624039534092327e-25
1337958048227235e-22
.31456606931662184
.39053521055198415
6.22331120553433
.41604536000481895
2.3693687964349683
.0008494242716786368
7.5505167792418115
27.68447511418949
2.4480530045399784
1.643657278619857
.34997753097976075
13.543860962065747
2.527035630303152
23.636874486770665
3.165460204628102
1.4679685946121188
6.686520915151402
3.104189811068977
.0008494242716786368
1.8358596723888163
3.397697086714543
2.1635583212672795
1.3033990591438003
11.394106160191004
.09788189565183626
9.83692829055194
1.6216588346206762
.7321381463021223
19.622723630246696
5.645896505619626
.2664076628867462
7.096224610004885
6.127811484269484
1.8806589516488477
2.769476316413538
7.336017465652625
10.92679191147144
5.279962598698506
3.6907496692924506
15.990716242118598
.0008494242716786368
1.3442570205768152
27.45274383295037
4.65211582187404
16.10091498722232
16.976516177757414
1.8115393398608581
2.9933480034820525
7.3015272497082755
.03671719344777634
2.463206904303294
3.4191084295699845
6.8226512525091385
2.334827805293124
5.961180569474588
5.881814433639339
9.058809504144673
17.111419266693066
5.1560452862719455
.3639216163788577
6.371451731491688
8.28675583375139
1.4016117700016633
.9165079475378644
14.52314622502363
7.732273121838051
8.646911940612917
.39152758260734505
.09788189565183626
.09179298361944085
.9963080098208971
2.0964088776112817
1.926992858109232
4.167106186042236
6.336449421796679
7.798123507624276
1.5658338617942777
11.611506300274913
7.7407992197047655
5.774435303815937
17.14919148638073
4.1001996357172965
11.011410989414243
.0012296160363189919
23.392071198630827
2.0641866349819407
3.304255713548741
.00013161160791042492
17.856209658119525
3.6222780111029627
.562518810350441
.614348506111431
1.4368123565927766
.0008494242716786368
8.257545793139691
8.180048188263587
4.407965676864335
11.303248649983958
.03671719344777634
6.896697432536982
.25493333527770856
6.162564786056955
5.435029432578326
.0012296160363189919
1.2270921816034135
2.953804099765115
2.9506820464345638
2.9842790187091826
8.825033345042755
.5507579017166444
.3671719344777634
.16962834961933088
5.089218575968355
.0008303533021813872
.6949299222233687
21.60020690606628
13.196751369066831
10.698166367797132
.07601065668798651
.08328326470339763
12.330476721140252
17.837080247286295
1.7521519964935222
7.346010692114883
22.046537513755723
.2036358391899089
6.516995295718992
6.516995295718992
6.516995295718992
6.516995295718992
6.516995295718992
6.516995295718992
6.516995295718992
6.516995295718992
