.9524408301283681
5.658709508903345
2.569604860543661
.27830789770805375
1.6031008905178008
5.732161810508046
.0009030248420583589
.7790351074512465
2194813107843484e-22
.0025650484482723753
.2383800164633765
26567679869939214e-22
.9164150855506755
.6780431706299898
.3210179682988525
.018707085458829344
1.8700088076889605
.22019151529915065
1.3250581652457945
.0001111143268807964
1.365739815331258
.025953883147023588
.3833669361978866
6363718503123768e-22
.3976296102398788
21135910616697403e-25
14707678480865688e-27
12.263548047622177
.001429189859011347
9.727420368137592
3.1621019932393897
.053805105035343526
.20347592472601933
33.327420292416626
38.86735837426781
.5878508435430033
.06935626773458985
.1322878175716664
.3377022612755477
.3132464826529871
.12137697023303515
.00010132217688617247
.12035907352221786
.011195365742113047
23.053554634901907
25.664570361838624
13842891455954828e-24
4.6963199411245995
.00747644761919833
.0387825190657958
.3571607140314007
.5965902327811192
4.330934268904805
.06108788287511289
.9228834871335908
.3889095720839293
.12989564119442776
1.0307544325042373
1.0077089662553034
.015084053132671887
.00013353501216957514
3.4096308297847333
3.0035646236457696
.4620954720211833
.25949040522063027
.048837478041043915
.06521635846233
.24336714338852544
1.476420175914205
.16925085145126156
1.6898209251583636
.002049645333391166
.0003011546383273928
8676545663413425e-20
.002950520195848839
.3592734827656855
.0049641720042337715
.003782525711670374
.013864572868560637
.9329009149689593
.8334186600274177
.021154104090622978
.14764801114217851
7220112426223761e-20
3750620471122455e-23
.00026885306380441
.0021638794065464676
7964291978595463e-20
6773028990213631e-25
5.701991997880331
.00026454054786045905
.018493571740014376
4.182629154435602
4302984722277356e-22
15256104054179428e-28
.27915710658689297
5204643745720866e-23
.40787151488293366
1.999305006377573
.003804636133750366
22894118273925695e-25
.0006745021812438315
6244592063289533e-23
.00014120931354962566
.015106725066301422
25490358013899124e-21
.00446699484095999
.14266311963931305
.16337915981198167
38502776414106474e-21
.0004460614150548377
245227360223445e-21
8148694358227245e-25
5743353624693887e-20
701393116243698e-25
7484011137558598e-22
.0031429997247970766
5281496326242065e-25
.14576988620794268
1682757813596287e-23
8067089918647825e-23
15.03567072120847
52.30399461502944
2.411165010996055
4.456590169656315
11.925880795778047
8186708209602228e-28
.382686421288489
4.048419828626013
7713253553994374e-22
9546950916407487e-20
.6292039234989086
1.4021225218904267
11462510467123876e-24
530531905627557e-21
.308038064872266
.3648050620926752
6.0622962790743
.38863449258623145
2.332394710315465
.00029768048506904866
5.069347685359821
25.86050217792252
1.8150948694395495
.5760192077157206
.16114258447145213
4.746442072967769
1.1791526294451478
22.079574982843567
.6567133594058115
1.3218413050234195
2.3432892793527995
1.087862402235441
.00029768048506904866
1.65311107751015
1.1907219402761928
1.9481893314167822
.7715963861479614
10.643413174919655
.09534941001683644
9.18882891702366
1.5148169380701313
.15189099547176182
18.329893743106396
1.97860276245832
.09336248675531311
2.486869818177699
2.1474897243566766
1.651904768262028
1.2978074634026093
2.5709051535987673
3.8292909973332723
1.8503613328836501
1.2934221312657124
5.603941783001326
.00029768048506904866
.7957838022473687
25.644038355565073
2.870063608582793
5.642560900667515
5.949415079216502
.634853426481158
1.0490179235119876
2.5588180676103227
.033062221550203
.8632301319214529
1.198225539054448
2.390996115863584
1.6468149629837656
5.56843221567433
1.2202542020491767
3.1746570672272747
15.984044970636122
3.0523160821644733
.28000400213024257
2.2328733770184033
2.904091133827586
1.2620898961974891
.3211899394557544
5.0896323040665115
1.6041544449875955
8.077215990196365
.3813976400673458
.09534941001683644
.08265555387550755
.20669625831207356
.4349256119825443
1.9068931579387332
.8645170450841466
2.2206068279263285
7.28434940958173
.3248513483590324
2.4089487206525018
7.230801893637298
2.0236491463127093
16.01932859315266
1.4369137510377539
10.285931616879202
.0011486036146279555
21.850900393927223
.7233935964181438
3.086557058574807
.00012231519659976724
6.2577033995264095
3.383626671944993
.197134550905481
.5531938721564374
1.3421489453447897
.00029768048506904866
2.893854483724576
7.6411112407068265
4.117549836743406
10.558541750379426
.033062221550203
6.442313182350428
.0893413120345232
5.75654836922417
5.076946190907752
.0011486036146279555
.2545752518711759
.6128027168205431
2.7562783536057607
1.0458397004775355
8.243601986253468
.49593332325304457
.3306222155020302
.15274288554451745
3.915682676852111
.00017226692844597374
.144171695195437
20.177091869500597
2.7378271608507947
9.99332490549532
.0266379121808956
.03241311978080593
4.321211924198844
6.250999503151206
.6140411495425506
2.5744072768602235
7.72620255860866
.19535198670248233
3.8579819307398013
3.8579819307398013
3.8579819307398013
3.8579819307398013
3.8579819307398013
3.8579819307398013
3.8579819307398013
3.8579819307398013
