.9836127635271789
5.549797768204084
2.624212740542763
.2751942024728555
1.5804637791698146
5.608998577926405
.0008487553655114367
.7312465818524704
23295494974832291e-23
.002441242859156567
.22358020349898744
24643256366765185e-22
.8568914628206459
.6333292585119726
.3236969807638637
.017479270755792826
1.8628378082681007
.22979902242727696
1.2953649319026375
.00010288700891256565
1.3359350336404219
.023662747494493788
.3912486427379627
6574988202167104e-22
.3842707520869641
17634528853965476e-25
15446749391893656e-27
12.189875504895342
.0013694209247346965
9.628456572779594
2.9801061523674264
.04835523775805661
.18598393447793957
31.327754799584824
36.506825291475316
.5499776337254609
.06264162517298137
.1209694017358601
.3096963667720343
.28576386130208276
.10732808014110301
9547853707662084e-20
.11662471889867536
.01092891201858548
22.402928738018524
24.669088411246562
13968067222140964e-24
4.428830038571926
.007264643406064112
.038294614709482
.35454722370548886
.5495091975486434
4.041759046124297
.055549967929170295
.8986765303825628
.3990004399354817
.12127564671115705
1.0230060635048697
.9974637860032328
.015037335377588773
.00012997835247594556
3.204439862126699
2.8177804339085593
.4605668451624824
.255401992509763
.04820912964733942
.06095920430121362
.25044634945567257
1.517592303118525
.17483099135472288
1.6862788417327574
.0019162853975796404
.0002766475508536806
8211746609204422e-20
.0027094727221094604
.3507135549866832
.004664541658689729
.0035304916308671634
.012982699907950033
.9467667436264215
.8205157957317051
.020585924263251953
.14647959842356953
7334646547789905e-20
3486060974110407e-23
.0002572521859155349
.0018656746051589669
8316858585988749e-20
6808066630118073e-25
5.575985012409071
.00023838743673256936
.018257964738219782
4.167458684976825
40522041048317436e-23
14767888904490645e-28
.2759479289260859
53014550212012536e-24
.3941347564864455
1.961341830181878
.0037825272868970802
21274665301603315e-25
.0006320621591249226
5735230790561812e-23
.00013493517110546122
.015045102404508714
23888875692677512e-21
.004196685261541823
.14898860270241146
.15344150608209212
40462740127523674e-21
.00045895363431612746
26055172245847616e-23
7841244227702993e-25
537314080124847e-19
6536680479075758e-26
7357068383055998e-22
.003289624854682109
46123287429053035e-26
.15241267462941308
16312514707701698e-24
7916968978799446e-23
14.12691095734035
49.14272787295668
2.2654335842663444
4.187232725926106
11.205077526216984
7740431080143197e-28
.38294223722398524
4.018949909373786
741486512521038e-21
9113622188943653e-20
.6200832499821262
1.3676206080318853
11246180981681443e-24
5168961829921539e-22
.3076542185449397
.36332973510037875
6.052854963794076
.3870627957633835
2.330214572284018
.00027968860081356843
4.95067484910366
25.755918385475752
1.783094964912609
.5412044602466322
.15388033934116466
4.4595659064553095
1.1269042227751198
21.99028183333582
.5980843619168748
1.31362607028245
2.201660279113016
1.022111721862931
.00027968860081356843
1.6428370033811062
1.1187544032542718
1.936081347942051
.7479152459234094
10.600369598010257
.09520091449627607
9.15166789943494
1.5086907886567906
.13833071583901096
18.255764873155954
1.859015508085679
.08771963430189895
2.3365627736405945
2.0176948990375214
1.6392154536316266
1.240616297608328
2.4155189920079683
3.5978476751800184
1.7385250231425644
1.2152473685706993
5.265238115843492
.00027968860081356843
.7713603236674246
25.540329975641768
2.788814947174499
5.301523084212197
5.589830918137743
.5964827238608816
.9856150133166017
2.4041624525719443
.032856740067622126
.8110562831192003
1.1258044826132527
2.246483702287188
1.612985238082096
5.545912631364202
1.1113143129436214
2.982779986366074
15.919403068859907
2.958637150472936
.27567370268834507
2.09791794200848
2.728567126820299
1.2542460160569116
.3017771377957053
4.782013632669638
1.4609413283667614
8.044550503855284
.3808036579851043
.09520091449627607
.08214185016905536
.18824316270196473
.39609702375971545
1.9057046975129612
.7873360848685035
2.0863927862644696
7.254890395927625
.29584979294001096
2.193886477024779
7.201559434257933
1.9013392770388995
15.954543999056371
1.3500663183355983
10.244333749601136
.0011439584874293654
21.762532039134616
.6796715033998801
3.0740745537661933
.00012178360846998097
5.879486213931294
3.369942772570519
.18521968849243167
.5497557759948484
1.3367210914784244
.00027968860081356843
2.7189491824539935
7.610209428106181
4.100897840794045
10.515841406381274
.032856740067622126
6.416259490890592
.08394150040432838
5.733268014662041
5.0564142506136225
.0011439584874293654
.23184769259599217
.5580939029505274
2.745131545965454
.9826288828909768
8.210263609712577
.4928511010143313
.3285674006762214
.151793589547341
3.8551261191557202
.00015688755909002813
.131300566818763
20.095492650206975
2.493403837585531
9.952910384130702
.025027909991282286
.03064451807654542
4.060036776067944
5.873187502758659
.5769283462356458
2.4188094460484675
7.259228910213003
.19487019841078088
3.739576229617042
3.739576229617042
3.739576229617042
3.739576229617042
3.739576229617042
3.739576229617042
3.739576229617042
3.739576229617042
