1.0296618947629381
5.36546169626498
2.6921917101379433
.2699771353693
1.5427166718882797
5.416250262874596
.0007744675293388345
.6662836661050798
25392367186433393e-23
.002271700785192001
.20341890317946779
22089668416761164e-22
.7767504420723522
.572913530193953
.3287422408750268
.016053243058416537
1.8450536040867864
.24345783364614212
1.247525152522916
9148167217268131e-20
1.2877596379066327
.020661676769205013
.4086786041870545
6888883039322721e-22
.36568934566829775
13858171795199769e-25
16580480904265246e-27
12.079367585927072
.0013025446031517717
9.476475894146192
2.7292316690440805
.04126736757379683
.1631183191507389
28.58913611568375
33.283275389174534
.4986789753449456
.053918374112608025
.10616147229026542
.27268893487266066
.2499662824066698
.08957204319488109
8744748998698807e-20
.11132111140408346
.010547674887334891
21.47472263003495
23.24419512081392
14145611401854167e-24
4.059250232120913
.006982004246057358
.03753363092565143
.349512570017324
.4875778819170327
3.650924116702879
.048330024757955566
.8633762864403051
.41526074859832857
.11115834785655883
1.0123625532886582
.984027090305417
.014996971767015385
.00012471659889475348
2.923795388131042
2.562551925002627
.456456824788227
.2492140096141361
.04723279075200574
.056011168819611594
.26187178501432
1.6038510317029098
.18390248525152733
1.6786108196640617
.0017615857490997841
.0002480131570010828
7133935754819861e-20
.002429208047256212
.3391670295541844
.004025089842903908
.00323784714985859
.011958917839789298
.9675715344507652
.8009808480851677
.01976943464405143
.14457191229943273
7500503987574179e-20
315611600598609e-22
.00024076631555456734
.0015128251026162171
8886139027024867e-20
7164184398496601e-25
5.387147568365029
.00020442976112429969
.017900196598836893
4.129492303840059
37080653257980103e-23
13998660414552967e-28
.2710679533855652
5455699955468899e-23
.375026601418805
1.904876498060547
.003745637800804147
19061558082027414e-25
.0005737912913090059
50532269697416073e-24
.00012601721130905025
.014955103300175581
22023441302403602e-21
.003883038064385651
.1585524609196655
.13985993697029253
43661387411591625e-21
.00048489143965081417
2895349440606545e-22
7485544362767094e-25
4859196349708667e-20
5968954218331907e-26
7265360196917985e-22
.003513265168246293
3829418573799415e-25
.16243746766090136
15592120941270203e-24
7798743203504198e-23
12.883962157616693
44.81893091484678
2.066110606800106
3.8188212659424083
10.219204697820256
7113658046728334e-28
.3887476342429512
4.036334642840197
741431546927734e-21
9029790668488197e-20
.6167558824488245
1.3422720898228195
11037680104247907e-24
5026816875737737e-22
.307088051755391
.3611611999967821
6.038934559877501
.38475260978403525
2.326997664133619
.000255080346983174
4.780428270831233
25.602194074612935
1.7368520816232473
.49358687163862097
.143746645230091
4.067193355410314
1.053925763520469
21.85903274060632
.5209137196893316
1.3015833432559374
2.0079483622200422
.9321817618235855
.000255080346983174
1.627776220081853
1.0203213879326942
1.9183322337139999
.7142553509061242
10.537101245977265
.09498197067704656
9.097046129788424
1.4996861611253518
.1204819458981311
18.14680526113986
1.6954510104102596
.08000166860529416
2.1309815320127843
1.8401690789526906
1.6206481429627961
1.1607089647937476
2.202990829206322
3.2812929476137693
1.585561817150119
1.1083244706566704
4.80197892095585
.000255080346983174
.7366452838862949
25.387892405140356
2.672978943321621
4.835071375545847
5.098012596967724
.5440015064229285
.8988961969036668
2.1926334888948373
.03255552440163708
.7396959243928275
1.0267511697826393
2.0488280201788687
1.5642772879731686
5.512811827711919
.9679217671635334
2.720341664563879
15.824388042430565
2.8254838066656385
.26939894936721964
1.9133337398561159
2.488495589207577
1.2427476583909314
.2752254357045759
4.361270688728275
1.2724365157589166
7.996536569197699
.3799278827081862
.09498197067704656
.08138881100409272
.16395420501362862
.34498874597430823
1.9039503845685857
.6857463507321903
1.9028226188534512
7.211589551057417
.25767638467551013
1.9108099761383455
7.158576895464319
1.7340509449046206
15.859319233832371
1.2312814463285555
10.183190399077308
.0011371307662235504
21.632642272042006
.619870965128752
3.055726926426873
.0001210025376515437
5.362182724536788
3.3498292544809183
.16892323202066248
.544715864796884
1.328742865832268
.000255080346983174
2.479723874596808
7.564787860047592
4.076421614201776
10.453077561227524
.03255552440163708
6.3779640182232145
.07655595182335213
5.69904897958998
5.026235020175044
.0011371307662235504
.20193245575672267
.4860832174078846
2.728747216398341
.8961727995864724
8.161260615662211
.4883328660245556
.32555524401637087
.15040201487883584
3.767377577370152
.00013664440534214296
.11435889485501308
19.97555261495496
2.1716807033066257
9.893506395230707
.022825842548711485
.028206864054434257
3.702816584556407
5.356438202140133
.5261676103857785
2.205991774385858
6.6205294883708765
.1941606439097656
3.5712767545306168
3.5712767545306168
3.5712767545306168
3.5712767545306168
3.5712767545306168
3.5712767545306168
3.5712767545306168
3.5712767545306168
