1.050755962159839
5.269889617360589
2.717098416947944
.2673675657920276
1.523495679936689
5.323968334851781
.0007426333030764995
.6385984280841864
2639715558957663e-22
.0022219446515154995
.1948142859341241
2093418701045558e-21
.7398927056050059
.5473370865932565
.33102294462265386
.014430425164536511
1.8357873794836443
.2494962765116713
1.2243241311637203
8656612947090571e-20
1.264371779188331
.019623713155667806
.3897707727345877
7033489434628365e-22
.3613331766363514
12522463852870067e-25
17296987633383753e-27
12.02801934045616
.00118881965085766
9.502808939293008
2.6210567413459582
.03836619943163615
.1536992849472292
27.415204848748544
31.904445359510156
.4769148050005298
.0503475387593538
.10005739125879695
.25732321747790865
.23526382341425703
.08248212103126096
8399389265986337e-20
.10897364642099662
.010486839896876475
21.062282774092438
22.60896040195754
14221921575228283e-24
3.8997155242181516
.006853627984429989
.03717453723262417
.347028959564044
.46191779152646456
3.4852920695932093
.04583997828396409
.8474566938542477
.4226759898671635
.10017564235681232
1.007718536148035
.9859677954836705
.014968679764847335
.00012231748014685873
2.803613631404339
2.45293848772469
.4542804644799399
.24634860998408797
.04677352860705083
.050386446071316766
.2671252067917201
1.537604052990102
.18813806073181472
1.6742031663759178
.0015837519364695217
.00022049144693969748
7645308722986649e-20
.0021612923445678426
.33380726427252827
.004302878301955282
.0029079235571901367
.010762048700938514
.9873194069383149
.7919346306596499
.01961065664123134
.14364637697835134
7656398745548348e-20
3053290106478723e-23
.00023348553868209594
.0013791313614006982
9250741704312756e-20
7378743637777819e-25
5.300096169054486
.0001905906642895114
.017734395466259337
4.1096628400338515
3560454538468699e-22
13634948122212888e-28
.26880881723099953
5593242006813663e-23
.3705938819026891
1.8970753377120566
.003727660511999848
18308902936265276e-25
.0005488448938887392
4816552689091058e-23
.0001220778718607572
.014914248052251649
1982339698589385e-20
.003500899925013587
.16305539259773272
.13404794039862564
4567029109950754e-20
.0004644729140822755
2836691018726777e-22
6856837567797748e-25
4636914561282692e-20
53463509448782174e-27
6756376646335398e-22
.0036517934591187733
33167826617693544e-26
.16712152573952352
15256643933134946e-24
7230189663073446e-23
12.351717961763267
42.96743402654828
1.9807583397717163
3.6610634714895665
9.797043229157648
6842612794689059e-28
.365678765380809
3.7786021360400865
6970594118527669e-22
8454681021766249e-20
.5737001399177387
1.2394554112844574
10206878980683663e-24
4629610909704667e-22
.306829051595673
.3601721700595252
6.032568632919354
.3836989754248695
2.325525554607619
.00024454282502392086
4.7044096241497915
25.53208317565845
1.716071658161106
.47319650225028803
.1393302146203038
3.8991751611352696
1.022093227564494
21.799172385230015
.4889705298291253
1.296103772673282
1.924998812361794
.8936727747479198
.00024454282502392086
1.620923401369227
.9781713000956818
1.9102561954563784
.6993465963466656
10.508245686232002
.09488184568286491
9.0721341210703
1.49557931213422
.11309381706396182
18.09711073783836
1.6254109133806964
.07669675174409518
2.0429494081979724
1.7641505918072198
1.612213256120677
1.125844530977156
2.111983958181773
3.1457407700385067
1.5200613085316523
1.0625389227473574
4.603606294738665
.00024454282502392086
.7212691810388878
25.318368365368737
2.6215361199874656
4.635331680202983
4.887410642232889
.5215284782669156
.8617622564571048
2.102054485803912
.032418468027384566
.7091386425847794
.9843354638051527
1.9641897071582575
1.5424591872855247
5.497715145299411
.908567391170575
2.6079627205721487
15.78105339432087
2.7665070772202625
.266572520988545
1.8342927767338422
2.385694345493927
1.2375157817340379
.2638557080607865
4.181103983624362
1.1944088507701978
7.974638275412604
.37952738273145964
.09488184568286491
.08104617006846143
.15390029377809245
.3238335323645302
1.903147312826343
.6436953832697745
1.8242158764372878
7.191840812928102
.24187529254245926
1.7936363184912292
7.138973331023193
1.6624162614548543
15.815888927623078
1.1804164720874626
10.155304014378276
.001134016765133785
21.57340188068986
.5942637241782033
3.047358902922839
.00012064642163060571
5.140667743560768
3.340655839902026
.16194491209951553
.5424226508862175
1.3251041403179094
.00024454282502392086
2.3772849956690956
7.544071898137363
4.065258446581991
10.424452098014378
.032418468027384566
6.360498140513132
.07339337958683514
5.683442291898284
5.012470814865374
.001134016765133785
.18954966273483476
.4562758848024384
2.7212746177685645
.8591513643147431
8.138911229640906
.48627702041076787
.3241846802738457
.14976883340753602
3.7278517257553916
.00012826517089659561
.1073462404508717
19.920850117705484
2.0385100717808484
9.866413302148137
.021882893317458598
.02715594614480276
3.5498510129930922
5.135160530826014
.5044313111598187
2.114860932517997
6.3470314486720625
.19383647639111423
3.4967329817333246
3.4967329817333246
3.4967329817333246
3.4967329817333246
3.4967329817333246
3.4967329817333246
3.4967329817333246
3.4967329817333246
