1.076453835933279
5.142227720751306
2.739240820309079
.2641783293213003
1.4978461150498281
5.21144754020609
.0007056038316450812
.6065001340720924
2763771368749073e-22
.0021134759231589265
.18483218775346877
1978207197514741e-21
.7030559186449781
.5177573670359004
.33336156100116987
.014379256696711931
1.8226754331446997
.256502153547638
1.1952369723016507
8083967503599205e-20
1.234934108158298
.018014998259231595
.4168682435546816
7205252093450055e-22
.347986757127931
11144123661253885e-25
17766321971366426e-27
11.964796007518952
.0012062265892907552
9.314560338912276
2.4946748881143286
.0350975828272224
.1430277119498891
26.049494845445814
30.302402401028395
.45171019363847764
.04632118180344504
.09313849454138813
.23979483149327172
.2186380128189284
.07461153343722284
7996676566603921e-20
.10618125402670861
.010171431103219664
20.570363067717206
21.84942233170638
14308735904932651e-24
3.713301432497713
.006690846984232598
.03670185276720314
.34371313349022287
.432726994585362
3.294080607174023
.04199711497101852
.8282341194162595
.43117122022195226
.09947707888608798
1.002177702119879
.971694185191436
.014908624747029583
.00011940146904602703
2.663881600745474
2.325283217458629
.45115750387346043
.24267034141287988
.04616990608940406
.05020303707620293
.2732317592332603
1.6561225777889848
.1931536079793328
1.6680912355989566
.0015791898343204059
.00021697660387635494
6607161263121712e-20
.0021272752640115553
.3268737994720741
.003711043573244927
.0028960558042963264
.010740543419360765
.9883456786656333
.7803076041124554
.01901871016517304
.14237361148821995
7660249557465934e-20
28785486275574988e-24
.00022448890744314687
.0012355727055182127
9470877780152404e-20
7738565930315387e-25
5.19054401073116
.00017504582668269366
.017518204890410474
4.081548767518394
3383301257725414e-22
13177724988962621e-28
.2658381583346458
5638489191860747e-23
.35687607107467734
1.843955260199653
.0037039669924227776
16992325591494223e-25
.0005197245242972422
44309066850093043e-24
.00011721990814125807
.014864774232444743
19787629771426816e-21
.0035016694443990646
.16848381639028964
.1272937808847343
47024869853828e-18
.0004995601783918963
31334571074286424e-23
6938323441052126e-25
43706199751625076e-21
53025679346371655e-27
6989466891036677e-22
.003729503595380494
30861513214806727e-26
.17277197191211296
1482406877698514e-23
7478964704412912e-23
11.7329299253944
40.8148804942054
1.8815276443022397
3.4776539827400823
9.306237564653474
6519195130166327e-28
.3860627980624391
3.9581671426405105
7447844716616546e-22
8971278462495615e-20
.5976735671233987
1.279853902585146
10543168776521431e-24
4749145041579004e-22
.30651381946981976
.35897094199699714
6.024822401164301
.3824192819472545
2.323733413644788
.00023229188349715649
4.613431312367874
25.446929859120054
1.6910915298234552
.44949062300737563
.1341328225695352
3.7038369135419993
.9846094518142713
21.726468884555057
.45269046853232187
1.2894594395930323
1.828561520091909
.8489021587773752
.00023229188349715649
1.6126139162775712
.9291675339886241
1.9004634776981046
.6816038279044624
10.47319911502092
.09476001088731931
9.041877196745894
1.4905913314160675
.10470261480315515
18.036754166520325
1.5439821736299237
.0728544496000116
1.9406031065245406
1.6757713652135835
1.6019967403996578
1.0847827906850989
2.0061792101806066
2.9881475704493106
1.4439103022361433
1.0093085643787738
4.372977931287107
.00023229188349715649
.7029702257990645
25.233927819690603
2.560201696364937
4.403113959786241
4.642564439980076
.4954012962849235
.8185902721112306
1.9967471778134296
.032252278325551435
.6736126931163154
.9350228895817302
1.8657890558714552
1.5162900261367365
5.479379442928994
.8411545745833164
2.4773107630240774
15.728421220684636
2.69631942674587
.26316925846501954
1.7423996142641016
2.2661774391012743
1.2311717935293376
.25063724274437615
3.9716418560166775
1.1057875051555026
7.948041663899414
.37904004354927723
.09476001088731931
.08063069581387856
.1424813804668619
.2998061121266455
1.902169427355297
.5959352289519717
1.732827539722676
7.167854948044939
.2239289135598869
1.6605541967490969
7.11516378710022
1.5791336527329112
15.763140572272503
1.1212807637494302
10.12143455643665
.0011302346495932346
21.501451358418812
.564492700899674
3.037195505150656
.00012021399868281056
4.88313403784388
3.3295142529729875
.1538319051098641
.5396419809747902
1.3206847197978318
.00023229188349715649
2.258189375212648
7.518911289897494
4.051700201571955
10.389684990954041
.032252278325551435
6.339284927796616
.0697165675532701
5.664487161712465
4.995753474920914
.0011302346495932346
.17548567939986487
.42242166239220336
2.7121987598638055
.8161101786826145
8.11176674325304
.4837841748832709
.32252278325551426
.1490010599968101
3.680259205624376
.00011874830233603092
.09938149013166536
19.85441110275647
1.8872590947859667
9.833507337944734
.020786618886007243
.0259284250821337
3.372012970986954
4.877902721738612
.4791606515251165
2.008912055796784
6.029062147636099
.19344229012022326
3.408019139522308
3.408019139522308
3.408019139522308
3.408019139522308
3.408019139522308
3.408019139522308
3.408019139522308
3.408019139522308
