1.0785456251788965
5.131240849930201
2.740765010459803
.26390603243758715
1.495687128147521
5.202060223294216
.0007026716786398895
.6039632297332745
27741516924815837e-23
.002112185356330275
.18404300227168374
1983335084419899e-21
.704856540294261
.5154171190897144
.333424695103331
.014015870725117747
1.821858238534623
.25707128070887336
1.1928323717577007
8038598373831471e-20
1.232493780408878
.017951030337619224
.40878225320969197
7219489393582788e-22
.3481206510266062
11038839873585688e-25
17867030656600373e-27
11.959615861829397
.0011774076453606988
9.331134281190229
2.484643504991726
.03484371032589512
.14219578061131846
25.941345096083552
30.17562683624776
.44971475203711764
.04600824602300185
.09259897224717105
.23842006920631645
.21734334908135292
.07400471195346203
796474559396314e-19
.10595715924934149
.010181374125816458
20.530823230005726
21.788278611663234
1431543873002268e-23
3.6985023891871993
.0066752701776397845
.03666465345440985
.3434842350939542
.4304453681371374
3.279007797355429
.04184399318710557
.8266904152506884
.43170849964581953
.09706634895005396
1.0017301350223005
.9730148040383306
.014898204318455167
.00011916634186437603
2.652819572197373
2.3151737801917838
.45096670269773204
.24237958889281694
.04612248869735042
.04894406462254331
.27363063634648815
1.624678601091104
.19349616375504725
1.6675638710267482
.001539208756904809
.00021125324047878327
6819759181605853e-20
.0020716027835293474
.32619245925335816
.003829274397940465
.0028224418967943785
.010469832660219973
.9918132861679001
.7793892914322269
.019034710302455096
.14227433852000254
7687673926249195e-20
2873935757225277e-23
.0002237788540163622
.001224727326575533
9518512809695504e-20
7757204114402886e-25
5.181785664886886
.00017384232523342145
.017501270868679274
4.079799155675826
3369430107793021e-22
13140799224908354e-28
.2656072330701046
5662623879591965e-23
.3570279068535309
1.845578957215006
.003702138182899143
16948901024790681e-25
.0005174397011506082
441613754793321e-22
.00011683612859085032
.014860758974612585
1928886931879682e-20
.0034139555291894303
.16894346341907823
.12675925640898
47284494895705915e-21
.0004899975061073791
3078680874114807e-22
6778283512859362e-25
4349669393942183e-20
51660884401945715e-27
6837448639002947e-22
.0037473490071296515
3000876069397937e-25
.17324219063516058
14783977485061847e-24
731114506975011e-22
11.683946825879913
40.644484918195644
1.873672568338593
3.4631353354630003
9.26738551630464
6494110785405869e-28
.37800682604679264
3.8733910515325487
7288599877179154e-22
8775056234345211e-20
.5841694193215041
1.2494692746022913
10304093167505584e-24
4639189694369882e-22
.306488174050283
.3588733393659927
6.024192301180509
.3823153038150491
2.3235875954032212
.00023132210216222137
4.606103640039499
25.440010950053434
1.6890742404796393
.447614071791473
.1337183906945176
3.6883739888271085
.9816194923321512
21.720561552575006
.4498585642840077
1.2889200969423342
1.820927569196731
.845358128497994
.00023132210216222137
1.6119394076909093
.9252884086488836
1.8996685701747318
.6801795465150589
10.47035149793255
.09475010050700458
9.03941874983453
1.4901860461445373
.10404762469339654
18.031850051853997
1.5375362958363623
.07255029396475916
1.932501399986664
1.6687752886949532
1.6011679780374275
1.0815070558435689
1.99780373393375
2.9756725338865766
1.4378822084459173
1.005094863098347
4.354721450208217
.00023132210216222137
.7015012971209663
25.22706682494803
2.5552727322635236
4.384731665624658
4.623182478491175
.49333307537592364
.8151727890941685
1.9884110787880345
.03223878815381819
.6708004682252655
.9311193190720677
1.8579996859887469
1.5141795175894508
5.4778896235945185
.8358925481461921
2.4669683881522317
15.724144731662586
2.690685189638945
.2628941550423754
1.7351253754983198
2.256716511973709
1.2306568308727408
.24959087247868378
3.955060888644827
1.098870009534852
7.945880626091133
.3790004020280183
.09475010050700458
.08059697038454548
.14159005702469193
.2979306094120541
1.902089850268864
.5922072257712098
1.725593262831959
7.16590603959654
.22252807725845875
1.6501662367384173
7.113229205148307
1.5725410231552746
15.758854643210423
1.1165995965061533
10.118682582595115
.001129927343729314
21.49560520772115
.5621360344643341
3.0363697049604554
.00012017886804234556
4.862747736890987
3.328608972592216
.15318968159328186
.5394162647347054
1.3203256313917828
.00023132210216222137
2.248761796969877
7.516866930763296
4.050598561986549
10.386860080991182
.03223878815381819
6.337561303917208
.06942551207198923
5.662947012397876
4.9943951513744755
.001129927343729314
.17438789034629376
.41977911128175743
2.7114613248689365
.8127030496576063
8.109561189310899
.48358182230727237
.32238788153818193
.14893873727134238
3.6764120545186962
.00011800544635552889
.09875978748124264
19.849012775109408
1.8754529326957385
9.830833650256126
.020699838088036285
.02583098240250642
3.3579353579804616
4.8575382606909265
.47716023270165775
2.000525170358052
6.003891780725655
.19341023893223255
3.4008977325752903
3.4008977325752903
3.4008977325752903
3.4008977325752903
3.4008977325752903
3.4008977325752903
3.4008977325752903
3.4008977325752903
