1.0842643908259069
5.100714677024459
2.744094586803226
.2631902628032764
1.4895243592692657
5.176875598893114
.0006947170756739751
.5970845216296292
2801941121785457e-22
.002072192256185291
.18190295014933594
19037085274009428e-22
.6786054404547535
.5091455895937849
.33398684338275225
.014552408183347592
1.8187893455444424
.2585596085248075
1.186228583993004
7915686757215395e-20
1.2258191233200284
.01747464347663239
.4310181942904074
7256765213562426e-22
.3424805554026399
1077168747047316e-24
17825211869940134e-27
11.945427282087111
.0012273518545640224
9.215691341005892
2.457401846724322
.03415868044974258
.13994840932583208
25.64794265517829
29.831756805727313
.4443629382163025
.0451636693047696
.09114140924147697
.23473663399492553
.2138470080665312
.07238108526494916
7878070757556326e-20
.10534693761775146
.01003119237632478
20.42310685759077
21.62163608208557
14333499354881469e-24
3.6583264447752333
.006639702136604145
.03655300239657604
.3427232176672561
.42427825657718193
3.238167365200975
.04070973221116544
.8224382782964319
.43360888827380684
.10049132792427187
1.0005079839671986
.9640933405933454
.014884168090459724
.00011851833627529273
2.6228128391594363
2.287729035074491
.45023207205352994
.24152646125844124
.04598002744633913
.05080003701489688
.27500479019251867
1.716018326827255
.1946330022591097
1.666078624253394
.0015986205723322684
.00021878705047704184
6443105006907705e-20
.0021450042708991545
.3246657154174086
.0036164427816230676
.0029306540553557517
.010875178035023192
.9841359592778278
.776689856123392
.018765279226606653
.14196454932431987
7625123761524288e-20
28172834001637196e-24
.00022175348206009414
.0011956781315102015
9490860080531314e-20
7860371679757195e-25
5.156780447262356
.00017059245627915788
.01745049317384536
4.07321269445658
33304085909350944e-23
13036931000095017e-28
.264905005409519
56283885518944704e-24
.35121141473474804
1.8193965102096126
.0036964807520082793
16529497947415174e-25
.0005111565569987458
4298986761867644e-23
.00011574434361519097
.014849798095490689
20036516874815937e-21
.0035479053457273023
.1701330785012853
.125309374851131
4720535259668546e-20
.0005173570646191275
32705750923777124e-23
7047194348080353e-25
42911725329747134e-21
5358309460565588e-26
7150940145297875e-22
.003733977491635994
30449978291116816e-26
.17448464378765902
14687321841793037e-24
7654813934487345e-23
11.551072643248807
40.18226074065957
1.8523644680239921
3.4237512742465213
9.161993366378146
6423113495970369e-28
.39780658775961353
4.0673719266159285
7712411997025045e-22
9267022388867383e-20
.613258988847941
1.3094708158870583
1078969780674659e-23
484815829200034e-21
.3064180727068128
.3586066378882645
6.022470000228983
.38203118113080137
2.3231889880097807
.00022869142130519862
4.586129786932125
25.421104868799844
1.683571424991766
.4425236383266669
.13259189482637698
3.646428429992684
.9734914709811285
21.704419629429104
.4422064855326564
1.2874467332906683
1.8002193046014543
.8357444019012646
.00022869142130519862
1.610096800893472
.9147656852207926
1.8974970603750572
.6763008603101617
10.46257031746992
.09472301169906124
9.032700986005533
1.4890785946372764
.10227777816549484
18.018449443540494
1.5200508620510604
.07172522507717563
1.9105242763499894
1.6497973563417196
1.5989044031871031
1.0726018887947717
1.975083967902649
2.941832080689527
1.4215300779531739
.9936645510307587
4.30519794056669
.00022869142130519862
.6975010248137479
25.20831899594282
2.541845763741207
4.334866868667853
4.570605930331669
.487722708422672
.80590234138774
1.96579812951961
.03220193601786945
.6631718761705182
.9205302843650894
1.8368698235130152
1.5084245567295569
5.473818657330974
.821674044567711
2.438913107429246
15.712459125138135
2.6753417063186293
.26214351370795763
1.7153928853160507
2.231052293672541
1.229250067919332
.24675243238074265
3.91008246734023
1.0801782683565069
7.939975539609717
.37889204679624494
.09472301169906124
.0805048400446736
.1391816150102875
.292862819962969
1.901872310587821
.582133801169562
1.7059691753750845
7.160580601564844
.2187428822955071
1.6220969656410875
7.107942914604172
1.5546575026104177
15.74714324155525
1.1039012111982585
10.111162749547029
.001129087623250689
21.479630463863923
.5557432147074439
3.034113186578028
.0001200828763892768
4.807446763640283
3.3261352727254665
.15144755164074386
.5387996583838052
1.3193444139026356
.00022869142130519862
2.2231880426420516
7.511280671494599
4.047588305989058
10.379140948281435
.03220193601786945
6.332851461252567
.06863597936461004
5.65873851828357
4.990683500434945
.001129087623250689
.17142155831183373
.4126386829944517
2.7094462664546692
.8034606887452931
8.103534461449929
.48302904026804117
.3220193601786944
.14876848550605362
3.665914800024664
.00011599817775981365
.09707988688298246
19.834261718238142
1.8435515426259919
9.823527735956516
.020464431841539874
.025566447865679364
3.319747669978369
4.802296531538327
.47173378932176624
1.9777744551412137
5.935613293596418
.19332264093929905
3.381504301550804
3.381504301550804
3.381504301550804
3.381504301550804
3.381504301550804
3.381504301550804
3.381504301550804
3.381504301550804
