1.0891373821942474
5.074125680242909
2.74749958396515
.2625566379355171
1.4842394449889393
5.154999853038279
.0006880095411419566
.5912882858145296
2827042412412754e-22
.0020732087095507667
.18009945082485834
192078524083684e-20
.6845298824107765
.5037935050606606
.33462957186277287
.013903511931845433
1.8159768802931033
.2599199431432114
1.1805732505491888
7811994937971578e-20
1.2200869089326145
.017363059382878004
.41747919202273964
7291408137844382e-22
.343440623795983
10559279252982371e-25
18099171860196845e-27
11.933305741268372
.0011764827114318483
9.271415850250447
2.434410702266902
.03358526334423164
.13806439210788146
25.400533767003243
29.541863368488965
.4397974922022072
.04445648450912869
.08991938748867145
.23161056025641946
.21091715427548893
.07101665652758929
7804948597921546e-20
.1048297641650944
.010073156710018119
20.331760954042995
21.480236676411202
14348517753227193e-24
3.624417776621508
.006613618058496397
.03647431514454107
.34204295941858315
.41910279106539267
3.2037879707993
.040442388453537204
.818838560112829
.43550640396888174
.09618107753334225
.9994677265338637
.9686798080032311
.014881481542187503
.00011796891117244731
2.597512372776404
2.2645888058278603
.44955547837750215
.2408996036791803
.045879871341424794
.04855214489179612
.2763506763432455
1.6641262582811507
.1957255082016451
1.6647880468898844
.0015272493327883059
.00020849815609091433
6523041021175089e-20
.002044969811377414
.32356544834084516
.0036605659278636936
.0027991550891922155
.010392152955754979
.9942634280685927
.774714447492224
.018834649967191867
.14176404107922028
770458453756648e-19
28125556354025355e-24
.00022015179293031575
.001171601613602065
963642896248497e-19
7935526218188093e-25
5.137255258558229
.00016787800093327466
.017415050790090716
4.067173006649319
3299197397116824e-22
12953738060488773e-28
.2644292523937158
5697524335856199e-23
.3522242851895617
1.827020709970251
.003691845691094251
16463018768213747e-25
.0005058903877646594
42740425493229976e-24
.00011487695362144384
.01484046763761493
19146504601725702e-21
.003391585075933869
.17123592430993312
.12408705353021386
4798850716793752e-20
.0005014838305516123
3187670100435181e-22
6764225862778451e-25
4243717749292143e-20
51133067233448775e-27
6888716257137839e-22
.003787619042635055
2898469247426595e-25
.17562569143311355
146149827276892e-22
7362640991484454e-23
11.439042895389
39.79254727609712
1.8343990434520603
3.39054552757392
9.07313444925165
6366595314283508e-28
.3840386544657709
3.9220903705719077
7463810848757691e-22
8959465714604415e-20
.5902270853527322
1.2575883555888205
1037062156370541e-23
46553616049507177e-23
.3063583516224724
.3583795365123196
6.021002806760409
.38178924526648034
2.3228493864369506
.0002264734244959156
4.569178319430887
25.40500598137337
1.6788965947444312
.43823175884890114
.1316394932159614
3.6110630167347493
.9666186688919277
21.690674475153777
.4357889038882611
1.286192601163735
1.7827596174351088
.8276388140037663
.0002264734244959156
1.6085283677511448
.9058936979836604
1.8956486638840464
.6730132687635576
10.455944494453895
.09469993528953435
9.026980682459277
1.4881355786358887
.10079345802714645
18.007038570933336
1.5053084290260903
.07102958761312761
1.8919947804693946
1.6337965581856484
1.5969781240185608
1.0650716316925035
1.955928330520747
2.9133002969821358
1.4077431629949941
.9840273517379061
4.263443355978381
.0002264734244959156
.6941103763501725
25.19235486331284
2.53046025854448
4.292824535691398
4.526277247987101
.48299245922957823
.798086181028116
1.9467325521836318
.03217056735502292
.6567400078609964
.9116023883298227
1.8190546759907869
1.503537986287486
5.470352152204147
.8097493884656146
2.4152589560862556
15.702508609141523
2.662336502134893
.26150557964555854
1.6987558994396972
2.2094141104802416
1.228052626532167
.244359268244634
3.872159967287111
1.0645020346184846
7.934947246266813
.3787997411581374
.09469993528953435
.08042641838755726
.1371617229305696
.28861260853638565
1.9016869634728528
.5736855053638872
1.68942358671189
7.156045889890914
.215568346525027
1.598556063251137
7.103441537759753
1.5395794320792278
15.737170760514687
1.0931948657209005
10.104759468820415
.0011283725853074072
21.466027665929506
.5503532588010666
3.032191718298739
.00012000114188278183
4.760821046236034
3.3240288702855576
.14997871566781676
.5382748009709996
1.3185088885662748
.0002264734244959156
2.2016261320252313
7.506523865581436
4.045025015808592
10.372567960105975
.03217056735502292
6.328840940730763
.06797030339668837
5.655154905578622
4.987522959133955
.0011283725853074072
.16893377967884854
.40665020809779173
2.7077304059263083
.7956682091067886
8.098402588160994
.4825585103253432
.32170567355022905
.1486235666272185
3.6569936869759
.00011431473846000784
.09567100184740968
19.821700913023854
1.816796750628308
9.817306611108945
.02026595459097545
.0253431753580407
3.2875506172965796
4.75572076440464
.46715861097193945
1.9585927236798901
5.878045890013031
.19324802951965803
3.365066343817784
3.365066343817784
3.365066343817784
3.365066343817784
3.365066343817784
3.365066343817784
3.365066343817784
3.365066343817784
