1.5771305421728046
.0052927772181381744
.006387537629631925
.0032604564471073747
.0025627058416686573
.043938825553177505
.00025833381950137406
.24079281136217942
6784339283794123e-22
.000713001610735606
.06691705652276626
8642941567490219e-22
.27884188237820345
.21228448532996155
.3402868714012214
.0035201098288031372
1.020310970881281
.336194934137914
.5779024724236296
166977777909791e-19
.6069748024350728
.0030243763202651526
.3350246801163246
11142836294798572e-22
.1484170390205109
1191383621869174e-24
2448528418731152e-26
10.469941015850296
.0003955884147734215
5.404978179723963
.9052162384681407
.005917592684599575
.039297010406818184
9.599356061050138
11.114133771735759
.18737415287447748
.009892272340199348
.025682544446272552
.0741317041406109
.05910906226891267
.013721625720048928
30323564338440542e-21
.06410272571571124
.004753915411479799
12.961832629953765
10.074227826910699
114897423531396e-22
1.4039747460651988
.003118053593071525
.03371447367020788
.1933047004160487
.13380176711456176
1.129810632081559
.0068632930368962355
.5025208748265071
.4513543590321458
.024365255497220167
.8136947541519229
.7303071494344029
.00970741976275683
677686255579265e-19
.9849495006782796
.7907046525769974
.2508674194689256
.2065040624278853
.042928525105197526
.012389735927548306
.3054816114159048
1.7840260142889204
.24044330533143016
1.3923456935045588
.0003886256787762688
4417084362111443e-20
10004240769680414e-21
.00044670427013377513
.15839970339712578
.000823807367818001
.0007010993490598147
.002671831053266032
1.0511436168333852
.6711849425877322
.027227510794294515
.14311235290475874
7789822905474703e-20
13575720588728432e-24
5995790851652548e-20
.00022490564293638064
.00011056562531302136
32204908652910277e-25
2.628736627243781
7911513358574918e-20
.016507248325173595
2.3238547139615813
7650782399216919e-23
7295869919368645e-28
.25881335891775625
5816822434733793e-22
.15540561359012936
.1765109137613523
.0029428383128572203
18079656323074257e-26
.00016801123659451677
380997004227781e-23
29465420982589433e-21
.013940660943834681
4878704625802377e-21
.0008943116708547808
.3499029567700441
.046524451861175285
6752531704659242e-20
.00045482296401720256
36418504618043873e-23
9657104072706479e-26
7094383623439263e-21
9566655126518708e-27
4004336799857739e-22
.0025626774654491174
904783875334492e-26
.35329659461065965
5107967968241757e-24
30603288464496317e-24
4.310318054878364
14.994133385312752
.6912154617438168
1.2775832503679585
3.418825822107377
5444308891397815e-28
.7623223607237694
2.4374682923544806
27155491145429847e-22
9910042405917063e-20
.12479964643191532
.07179430388289008
12720901614197388e-24
17813448450629293e-23
.30043630668162474
.33635039491678304
5.875870186305052
.3583211381711996
2.289091058118832
853369027008717e-19
3.153440575875932
23.843392058197043
1.270842514676466
.1651290479161512
.06395227955956227
1.3606759114970137
.4754592362568872
20.35737586115933
.10079516821444304
1.1665931952267108
.6717573346662092
.31186057745759443
853369027008717e-19
1.4589558721219316
.3413476108034848
1.719377665387622
.413131783481415
9.813230672049382
.09241725079217938
8.472103477222333
1.3966617470266494
.023312878015296447
16.900168445881597
.5672116241829572
.026764486917243216
.7129179719467571
.6156269250099606
1.4153740207659684
.5259720869417519
.7370086181327719
1.0977536306316413
.5304482925346128
.37078896368156644
1.606497767451537
853369027008717e-19
.4260823241142464
23.64381233822969
1.6141826749825978
1.6175688186352648
1.705535569872719
.181995219042889
.30072492138492235
.7335435791642897
.029179117442438673
.24746461212987206
.34349868858978977
.6854335877955892
1.0864108092866465
5.134096451582667
.18728982104341582
.910087878927544
14.737295056709755
1.6342855013473352
.20488694223445508
.640104097095145
.8325239810879511
1.1138594921137608
.09207642417498182
1.4590592212135836
.24621246820800963
7.447195969667032
.36966900316871754
.09241725079217938
.07294779360609659
.03172462357811582
.06675423850095724
1.883217037356362
.1326897644694612
.6365876109335077
6.716172704868415
.04985957089732297
.3697357272248538
6.6668018764281305
.5801251978594446
14.769826569017875
.4119241102869784
9.48363255043168
.0010590129346527894
20.146537810151415
.2073772788217725
2.8458066881788096
.00011209155735316036
1.793913450565801
3.119704975668728
.056513116691877786
.4882221522706777
1.2374617973069195
853369027008717e-19
.8295894117842424
7.045107238018269
3.796382390456932
9.734979188921658
.029179117442438673
5.939815008681789
.025611725439410978
5.307539610988833
4.680946164747221
.0010590129346527894
.039073295781319003
.09405557544937113
2.541289606612872
.2998138112401362
7.600603916260196
.43768676163657994
.29179117442438635
.13480348224734093
2.865217083745404
26440263140404026e-21
.022128086875078563
18.603285764863287
.4202133933593158
9.213849060134976
.007636365277380869
.010528602770564777
1.2387739876184871
1.7919916257187802
.17602890502107263
.738012581667489
2.214892238697752
.1859202489737689
2.065658917407079
2.065658917407079
2.065658917407079
2.065658917407079
2.065658917407079
2.065658917407079
2.065658917407079
2.065658917407079
