1.6373238061838493
.0002111866615836443
.0002704838263593909
.0001775521690822752
.00010184573034015483
.002164255207148346
.00022862003538051437
.22145235965150567
7519649054733026e-22
.0006459380043266
.059269519781789716
8436884721333076e-22
.25742598796146976
.19851846247798272
.36061036539862024
.0030582258698981803
.9520173370484236
.33006100008681427
.5160114187387538
13437023026389333e-21
.5421687142109134
.002517197422650917
.334441071904471
11503339550675077e-22
.138205306600853
15890352065558378e-25
2571680182392172e-26
10.229557376078981
.00035392879476335326
5.202765671414264
.7935471032833777
.004754167898044171
.034237166808734114
8.51189385508796
9.847682707415593
.17503334904334023
.008443505037526318
.022379830661345777
.06710906310004282
.051455247737480204
.011954655429049024
26944233206144786e-21
.06033622737611978
.004456424963367595
12.259883476830918
9.061897776293508
10609000619903603e-24
1.2473051278832823
.002893819511032193
.03357996711182381
.18049819445731494
.11725123984442419
.9966832820491806
.005703070082712733
.47247461670923274
.46093144459024027
.021125673281996143
.7742481634324013
.716990065093981
.009362270808711062
6273579831966657e-20
.8739286762643376
.6918321344723517
.23392321276759476
.20239127392511166
.042957776462953276
.010768740374501276
.31391348019778204
1.8444142496113825
.25095749238842563
1.3473117424811125
.0003377751022902352
37825467060820966e-21
8320458349299187e-21
.00038393836245841794
.14738176203424969
.0007114451514644225
.0006086344749421616
.0023235320127847374
1.09599895203474
.6592317179003763
.02930302970451146
.1444246111991898
7984853003022919e-20
13177573002147518e-24
5009253116169538e-20
.00019038383518289596
.00011779614471532456
379774055824047e-23
2.1325597545098036
6916720003750194e-20
.016449728961643345
2.1713413547708664
6310124569438291e-23
6807025400445887e-28
.2593427443202655
8047054263098489e-22
.1447540479089034
.14866430964549418
.0027982127787513694
13604940690748464e-26
.0001439302707548887
28094542904613425e-25
24291925735280186e-21
.013831254080125784
42399850762046784e-22
.0007791904780767621
.3764896189583488
.041221920140976386
7501932549286935e-20
.00044926784943577524
37767546806769927e-23
7304776766031727e-26
5509720743016012e-21
764494275468343e-26
37997309661828343e-23
.0024343661863657014
6050821378411937e-27
.3793938762655001
43624688194198915e-25
2738104966712166e-23
3.8214322286085336
13.293465546896003
.6128162722077576
1.1326769267434809
3.031055020594966
4966623903147378e-28
.8388097304304893
2.3377701271795197
31966336359463155e-22
.00010133483341752907
.10674328846902177
.053678227722113454
13195236331118943e-24
16140662999731365e-23
.29971380714571016
.3337286822532637
5.858212381386002
.35552817262173886
2.284961152256623
756578020737137e-19
3.0124445801718944
23.657542646854154
1.2279338594903848
.1463997453440894
.05850370551077155
1.20634503409812
.4356174126169382
20.198698508916504
.08414245083950611
1.1526331832701093
.5955651290262065
.27648865961993385
756578020737137e-19
1.4414973085864076
.30263120829485296
1.698802770158562
.38899767759722564
9.736740584593667
.09213952413486713
8.406066923353034
1.3857753445006802
.01946127703419422
16.7684386001618
.502877224719166
.023728799495890324
.6320572356065852
.5458011548288456
1.394454462473042
.48213371112317005
.6534154673127229
.973243981014335
.4702836716209195
.3287332576818587
1.4242852303622422
756578020737137e-19
.40119168065200755
23.459518568524587
1.5271070653021792
1.434100578385154
1.5120899457461858
.16135291796298587
.26661603433775843
.6503434407432326
.028829946171728182
.21939662739340238
.3045383060714373
.6076901912164712
1.0437276156660111
5.094078286341104
.15634702376167456
.806863694771555
14.622423917385667
1.5388147074952172
.19881240549112877
.5675020718100542
.738097266121295
1.1005305168621438
.08163291208616741
1.2935694907904896
.2055348571688515
7.389148147287583
.3685580965394685
.09213952413486713
.07207486542932037
.02648328910116295
.05572554052834659
1.8809512618678403
.11076763084539862
.5643844333020724
6.663822907464153
.04162209922782506
.30865041254198183
6.614836904277791
.5143261122503279
14.654701859966886
.3652027647959676
9.409711544452836
.0010507583654191278
19.989503853595444
.18385608827027103
2.8236247982655467
.00011115275901386577
1.5904438113488477
3.0953881615226395
.050103273752857905
.4823798525632362
1.2278162927567504
756578020737137e-19
.7354955421715771
6.990193531535676
3.766791154831698
9.659099039516724
.028829946171728182
5.8935165994556735
.022706786779612752
5.266169527823917
4.6444601191744
.0010507583654191278
.032617861824710104
.07851632943945178
2.5214813018092594
.2658082643247875
7.541360342181489
.4324491925759227
.2882994617172815
.13319035932525955
2.7802684468874204
22071976076689203e-21
.018472229324498744
18.458280821774462
.35078848936105866
9.142030905241212
.006770231803980855
.009447477985002402
1.09826949658377
1.588739964135105
.1560633165000119
.6543055590783584
1.9636742523617199
.18503584568704895
1.9449883879861318
1.9449883879861318
1.9449883879861318
1.9449883879861318
1.9449883879861318
1.9449883879861318
1.9449883879861318
1.9449883879861318
