1.6414853593186554
.0001560860735498363
.00020068523553035697
.0001336455662214633
7524901519710903e-20
.0016179603779124209
.00022669642838414595
.22020574332487788
7572446233840252e-22
.0006435642689667625
.05877455457333906
8420775915643675e-22
.2559885471715077
.19756834516508895
.36187273930163255
.0029946286565209917
.948327919395805
.32955816907591623
.5119840390324856
13236344592113804e-21
.537945869132763
.0024932241699568707
.3308261285755724
1152601758533101e-21
.13795817507731092
16206488653625375e-25
25881330547633213e-27
10.212127675262717
.0003472246757522813
5.204635945554689
.7862731459292919
.00468260463497787
.03391668829068537
8.441423633617156
9.765599742530007
.1741843252115866
.008352764208070879
.022170595759540827
.0666378009277706
.05097097777081566
.011841050125153999
26724920243492072e-21
.0600842039549344
.004450442784637335
12.212770198909052
8.995113512436795
10547623595784147e-24
1.2371346333710158
.0028778938708103824
.033564065401658835
.17979368042907715
.1161915204703442
.9881022498876274
.005648314078413344
.4704570695066697
.46142686454228043
.020697697619003978
.7714134654818681
.717479631691859
.009335357182739144
6239517756304812e-20
.8667322422544832
.6854590352676132
.2330099382218916
.2020619625120879
.04295250512034552
.010546220404449237
.31438590503888264
1.827992102207301
.2516120760744318
1.3442136525683976
.0003307426444701738
37001302527318125e-21
8585606081281162e-21
.0003757018377892936
.14659549956568518
.0007352749993997766
.0005959139203145037
.002275292463943209
1.1023607092495673
.6582589415995662
.029480490822546817
.1444889470935019
8020316600030167e-20
13189049494892437e-24
49506184701094165e-21
.0001882408863549304
.00011861566404791368
3843176865433075e-24
2.1007427374764385
6839333529127304e-20
.01644126069651759
2.163085266267778
6230983068428643e-23
6772008723304769e-28
.2593357789713803
8225298894582664e-22
.14449898442645207
.14797060420724353
.002787755689436515
13386896488573528e-26
.00014236281473706773
27611676198947678e-25
239845095676718e-19
.013823690556233299
4151776027930144e-21
.0007631007489906871
.37822387042265654
.040878472730913266
7576696045977911e-20
.00044373426908839565
3741264124641191e-22
709094096542214e-25
5417450609027815e-21
7438095563260146e-27
37427191697991356e-23
.002431908981398134
5839571933466653e-27
.3810883298905378
4311091029738465e-24
26856690232392777e-24
3.7897580430948916
13.1832818072239
.6077369053289278
1.1232886615699917
3.0059319271365386
4925955694306259e-28
.8331585493511033
2.3043484602465933
31917332565980656e-22
.00010041095859074593
.1024389494337066
.051121552095335504
13049907148988117e-24
1584688361611839e-22
.2996639203006137
.3335481832291363
5.856993545091696
.35533588322133514
2.2846759004459694
7503070754080614e-20
3.0029329018176654
23.644747332612127
1.2250214181335326
.14518630168847158
.05814463926389521
1.1963461661036987
.4329896201423769
20.18777392986958
.08309849178329129
1.151674233550197
.5906287493513271
.27419696567553836
7503070754080614e-20
1.4402980342115355
.3001228301632227
1.6973894268119754
.3873822068854491
9.73147441399714
.09212035395310443
8.401520455047795
1.3850258401558535
.019219820121510453
16.759369296369773
.49870909466910357
.023532121823152292
.6268183887716298
.5412772470378906
1.3930196370024643
.4792415556391871
.6479995914078185
.9651771860116907
.4663856953209757
.3260085310439326
1.412479951107752
7503070754080614e-20
.3995255693942103
23.44683035671274
1.5212635441869493
1.4222139439906114
1.4995568914906832
.16001553397944523
.2644061702796431
.6449530275270909
.028805960684230743
.21757814441073903
.30201412083787393
.6026533121878931
1.0408393950706603
5.091323125612021
.15440721942106223
.8001759534160784
14.614515297636101
1.5324241549701623
.19839915139118827
.5627982945803235
.7319794997092108
1.0996149147033496
.08095629247164723
1.282847657306345
.20298477723454444
7.385151685189351
.3684814158124177
.09212035395310443
.07201490171057677
.02615470977860139
.05503415131735252
1.8807947148103148
.10939333201998075
.5597064968185749
6.66021874157816
.041105692027963006
.30482097341627534
6.611259232745567
.5100630873634888
14.646775782511567
.36217575831508747
9.404622249341532
.0010501900568809727
19.97869241864774
.1823321853199352
2.82209762500268
.00011108814510791569
1.5772613160653899
3.0937140035249575
.049687989562860205
.4819785297215717
1.2271522214484234
7503070754080614e-20
.7293993403149027
6.986412846272471
3.7647538647703582
9.653874861784049
.028805960684230743
5.890329058044196
.02251858012465971
5.263321290584482
4.641948136945454
.0010501900568809727
.03221317059089733
.07754217391674888
2.520117544546147
.263605095520104
7.537281555266425
.43208941026346104
.2880596068423071
.13307954969421318
2.7744893440604455
2179812810715754e-20
.0182430435698721
18.44829755736667
.3464362412790185
9.137086386700592
.006714116304529036
.00937697326307974
1.0891664195964712
1.5755715912982864
.15476977571661418
.6488823055909085
1.947398212689465
.18497485683029605
1.9369110344272493
1.9369110344272493
1.9369110344272493
1.9369110344272493
1.9369110344272493
1.9369110344272493
1.9369110344272493
1.9369110344272493
