1.7198661694069661
26064604007249487e-22
3580411555815594e-21
29840840450780282e-22
12481138528242433e-22
31894524696769265e-21
.00019333778819600566
.19827631890406902
8586150841732377e-22
.0005684796849603242
.05019202195403198
8050709047746081e-22
.22951735449018174
.17961818400094767
.39256701995245585
.002530812140555291
.8726766143619092
.31795695015967446
.4417773040663932
9966293206401567e-21
.4642618950358966
.0019717025943298896
.33578837487746477
1187655840092819e-21
.12628213303236854
2409649515108421e-24
2744354389150342e-26
9.860563027845036
.00030334336749302676
4.946882299213822
.6590362062538152
.0035163361857471842
.028480344932539606
7.217806329360572
8.339840254263155
.15821569411358247
.006824416808322743
.018620459243260928
.058062404196345736
.042764796614202016
.009858632700203655
22909838036862565e-21
.0555303200484747
.004105200315041523
11.358220818344034
7.812589745894335
9387690844291027e-24
1.0601823085218238
.0026468079954514185
.033019219436465144
.1655066906450493
.09803694441989474
.8400005000401799
.004459139645530176
.4332244008276777
.47975760344002366
.017426539930445736
.7159971751658639
.6839866952235377
.009005698027438868
5605506074592851e-20
.7417387699022211
.5754076331810688
.2142698335120011
.1944865855315011
.042553360270327405
.00891573053415353
.32984325148957566
1.9367653195927708
.26953717644172437
1.2858596095947536
.00027967203465762233
3075677556772046e-20
6890779606915633e-21
.00031363849228039514
.1351823306958912
.0006123107449884656
.0005032124485478296
.0019250444623082215
1.15576434964992
.6354029453762232
.030100353404619883
.14469067312047496
8136363125372343e-20
12693605467725382e-24
4046994830460603e-20
.00015277176122409613
.00012952922710146133
4809603251059477e-24
1.5654352851880733
5445920733456608e-20
.016133831527419193
1.9935502072702544
50182499975911104e-24
6093219869850665e-28
.2574932342143081
1099053416131874e-21
.13225866418254573
.13266142441634232
.0025780305688384523
9460573203629665e-26
.00011496429275729442
19244653339048568e-25
1924185316908446e-20
.013681470795352757
3510913223001574e-21
.0006470341746904645
.4063389662490065
.03491850800862532
8767118169345363e-20
.00043738011035367847
39819829906614144e-23
510534359586216e-25
4020022619395512e-21
5488551238065555e-27
34643851369461125e-23
.0022854526468097094
36315214617043907e-28
.40849144848572605
34640233439430486e-25
23270923854600444e-24
3.2399080415439556
11.270540297154099
.5195613187775544
.9603124859717201
2.56980601724909
41326051628083926e-29
.8898267757773138
2.2002243566205726
37800353467143625e-22
.00010696659691333042
.09257422699373738
.04184034659015673
1282050123687751e-23
1406963837804454e-22
.29872587553928576
.3301667494230075
5.834084670231622
.3517335707865231
2.279309969302493
6414462083327875e-20
2.8292915417819007
23.405042390454064
1.1714393942518262
.12412145076638308
.05177888715441397
1.0227701927018815
.3863544218532022
19.983114979021533
.06568692645790655
1.133761176940662
.5049353580968149
.23441416152616554
6414462083327875e-20
1.4178957441629845
.2565784833331132
1.6709883560880254
.35817852098740616
9.632818992617244
.0917600370696163
8.316347797189053
1.3709847707279692
.015192705472299539
16.589466713302166
.4263521807555866
.02011788348027641
.5358742999619986
.46274418721219945
1.3662694995287301
.42789778077405805
.5539823554025282
.825141154373094
.39871853230437515
.2787084688073094
1.207545468622162
6414462083327875e-20
.369406428583297
23.209131850766187
1.4152873839195277
1.215867171870466
1.2819885534237712
.13679913319441728
.2260438971516163
.5513778126575825
.028357914883259727
.18601007550468443
.2581953696345666
.515215296126432
.9879099102183377
5.039708477412777
.12205438930385022
.6840796896906104
14.466356744922098
1.416898885897709
.1907742085607305
.48114277999893507
.6257777516098284
1.0825115849231475
.06921047201690854
1.0967213193347816
.16045352747256875
7.310282737231288
.3670401482784652
.0917600370696163
.07089478720814923
.020674532845134697
.04350288642642987
1.8778486602951072
.08647222833022061
.47849956628524015
6.592698994982769
.03249284687721685
.2409520610294495
6.5442358262492135
.436058840604542
14.498290180514598
.30962825026662333
9.309280379090817
.0010395434746486292
19.776153087470348
.155877896882281
2.7934878564798984
.00010987816567720838
1.3484189659145718
3.0623506514097194
.042478837731127365
.47448187099988737
1.21471163800198
6414462083327875e-20
.6235719434619127
6.915586219806547
3.726587666811057
9.556006126593395
.028357914883259727
5.830614273771452
.01925139494405703
5.209962965043029
4.594889147732548
.0010395434746486292
.025463568858727127
.06129481975122999
2.494569179755047
.22535904906216087
7.460870350112955
.42536872324889574
.28357914883259694
.13100964013316022
2.667859237611739
17230782498784538e-21
.014420592186771846
18.26127301290033
.27384771269487007
9.044456732722578
.005739975787251129
.008143130860893681
.9311409861270364
1.34697440064189
.13231447370257773
.5547369979806742
1.664853285522255
.18382990918920422
1.7908926049370355
1.7908926049370355
1.7908926049370355
1.7908926049370355
1.7908926049370355
1.7908926049370355
1.7908926049370355
1.7908926049370355
