2.240173797260051
5427097199466883e-22
8926156612022067e-22
14457053176236467e-22
248187332405614e-21
895982554445768e-20
6725544565500593e-20
.0830065732422259
11654665230689761e-22
.00019106024669049475
.017657875358903216
23792025035215004e-23
.07616889250617863
.058200016795152756
.3929883970664495
.0006303991721379577
.4209125868639998
.17759016777444803
.16505739211843468
14934967821660938e-22
.174045357303572
.0003171051667929535
.24370266902708623
10304309314772103e-22
.05361081879401617
4616149597829923e-23
1957949451585497e-26
4.90248393838882
8562056240482232e-20
2.4276579355902066
.12692650621698837
.000502443590145615
.00926100797730349
2.5508408249337737
2.8585495675834274
.0524755992570813
.0014987263319893964
.006059549049990625
.0140020646138424
.013852573318184591
.0015144781859651488
8198635374266843e-21
.032931863029400175
.0018001419689300106
7.011895623435387
2.917652463738412
23208461341083234e-25
.37821746547236906
.0014234850936218032
.018300499905024147
.08074169712662572
.03293800831098043
.29051815433969425
.0007123477227549975
.2034663010174053
.48478568635928715
.004297589565289591
.3544231995504595
.3172774012420856
.0053770914253678985
1412041441959593e-20
.2639347804058542
.1700510237617048
.10271565496213952
.10348340882539579
.024269602329965743
.0022292216369081967
.4044992241778814
2.1370622661178107
.39843697568872394
.8845243705334427
6974084161646858e-20
7151792681274862e-21
17490299579311213e-22
7445775236431338e-20
.07338256267142784
.00014849070258048135
.00012480210999244395
.0004810772358815158
.8029083511043897
.34255815572884185
.014243218427368379
.09372343059596042
2879549217306004e-20
6309201272035113e-24
7319674941261456e-21
4426760531276658e-20
.00011805928094991744
12397358203413437e-24
.2083718591085406
6627359687510275e-21
.008195499965638902
.9703554845920588
8581707677850197e-24
18786642978436522e-29
.15870957489266568
8362545012385006e-22
.056079918522222834
.056112165291055734
.0009934008649715768
32858739302150893e-28
18236804966830002e-21
10924596718707787e-26
31378496045674365e-22
.012781185458548403
8817977560470671e-22
.0001630398504324128
.2833004709047902
.012274774164341019
.00010757763389011106
.00019199655970695632
2737232341327345e-22
25454327110139696e-28
4295159669025417e-22
2400941088171627e-28
6747497599972292e-23
.0007055158415100357
6562908816553775e-29
.2826152982364667
32957302543958137e-26
4304777367157694e-24
1.1446119098891694
3.981716298608507
.183553380455558
.33926429224657123
.9078747099397391
3695924048903827e-29
.5685667176141824
1.064900428753035
43853474719246806e-22
.0001116127159854918
.040127294886812076
.016380318354321622
4713674599362107e-24
4674650552382479e-23
.29257295182174015
.30857281270053444
5.684265977128653
.32872909658066457
2.2440079339190917
22661352118533806e-21
1.9052922916485568
21.874279510032263
.870523294119748
.04385028494580686
.02398197650667184
.3613296823968581
.18132669073811017
18.67615684005386
.013800607278553596
1.0217113979032608
.17838624343375678
.08281507922109209
22661352118533806e-21
1.2777649052677584
.09064540847413621
1.5058443382103235
.21288063113344655
9.002802541387286
.08940364877395174
7.772432674274906
1.2813180843087248
.00319193746804803
15.504463771326149
.15062396143426313
.007107352658784638
.1893165170353823
.16348072263884733
1.2012598394463494
.20167657890580573
.1957138269764109
.29151024674919596
.14086139943393025
.09846360720529827
.42660807263494754
22661352118533806e-21
.2195538510929567
21.69118213158694
.8763408022495683
.4295480081289276
.4529077207670237
.04832912388533224
.07985798779468767
.19479368029092342
.0255552981053552
.0657146267894011
.09121663064890818
.18201799450527023
.6986401317256289
4.710095800935977
.025643225893494964
.24167530377191024
13.520211826633119
.8421228840039445
.14707419442302577
.16998067515571463
.2210780856283208
.9755268103841499
.02445104291350887
.38745552893590407
.03371075857128153
6.832167411787313
.35761459509580695
.08940364877395174
.06388824526338793
.004343651375537985
.009139813406248243
1.8584088031332544
.01816753086251303
.1690468665850794
6.161515887729362
.006826640296560096
.050623235802527936
6.116222361610732
.15405318174729016
13.550056715790456
.10938711171703953
8.70042436379202
.0009715540842843616
18.482730902677137
.05506937078834829
2.6107850249160243
.00010217344145346182
.47637660949501054
2.862063353236509
.015007149265301098
.42758875992489725
1.1352657025984114
22661352118533806e-21
.22029880601771962
6.46328527947781
3.4828571930171415
8.93101347673438
.0255552981053552
5.449273887736217
.006801234989512122
4.869215113267596
4.29436904485631
.0009715540842843616
.005349812096251034
.012877840100143182
2.3314165633525796
.07961604102657543
6.972906124410436
.3833294715803278
.25555298105355173
.11806193868839786
2.0567415855947178
36201307503698004e-22
.0030297190053606444
17.066928716869608
.05753450406084183
8.452921011100486
.0020278491130979468
.00319219519476434
.32895842994329383
.47586626580790514
.046744759576115284
.19598043111192387
.5881682055144912
.1764071081127269
1.0644031556672333
1.0644031556672333
1.0644031556672333
1.0644031556672333
1.0644031556672333
1.0644031556672333
1.0644031556672333
1.0644031556672333
