4309086295024724e-20
7.1658422337184
11.084930787902971
49.88981936609243
1.912555810542641
57.99047425351309
.004475162010371942
37.80213622856932
1449196730006786e-21
.678372233512265
1.8598878319387007
.015107413929760775
88.99580679730556
1.3268664487066602
31.753546378161882
3.1057564395327697
13.737276984775072
66.31309310562341
21.61915808584261
.007229370500571458
63.473222777132285
7.0254052927318185
47.77422177591514
42471579356621e-19
28.63242253061317
9344463827019986e-20
28612759080419005e-27
13.284174538573621
6.554849291728608
1448.845378792063
6.04003074082239
.5227365278477227
10.636687430589012
211.64313554415523
79.77849287391653
1.1939748714634795
11.037119558269632
6.265654251673987
1.092603355788675
33.078577222194966
5.745174654434621
.00027976969613577546
.31740288633278535
3.4286141347880026
46.464765876750036
266.22131375051157
1789065362429603e-22
19.81379864419858
1.179061709797641
15933898365849815e-21
1.0129214805191504
.011920900527047727
36.27818053509976
107.46201548527519
.01572796764608232
1.2168538477854198
3.3076863393190346
.00014431678371460525
.0017631918182515085
.04016799338569816
11789099094130888e-22
23.691626253957654
.06371453896822189
4.063103574175961
10.123860193949952
.011521623981495695
8.369885568436866
.24858441759991382
.06569078761666783
4055139214937368e-27
13521008357115946e-21
7.89037699314684
2.2755524236989553
53.05757516675797
1.68287829355498
153.10514814249922
74.00947249465983
2.199079445378038
2.544610835189793
250.9749735525951
33.65307333644449
225.0740090427886
10.323527290115488
18.292814259201496
.003202059157860753
191.52341678952334
16.090568162346088
.017020103174258977
36559579894976446e-21
24.61506151014314
1.3479125208499991
.22138092936036713
26.419107777287795
3.785163126575807
8648035383852708e-23
7.568942269966836
2.0212415316015497
127.57184133516051
333.55413709487215
.008815881916062904
20.974420894066167
1.9274228359960324
10.401210153336828
67.50251885110951
.012509962727906996
.7639736522806169
12.07284361049556
54.20116984229949
.8369047067990857
85.06252976389345
.0149019491238373
.003089143953206974
.0006602951120068089
.9421423697134841
.0003433030845242599
.5148551965455406
1014.9327281867012
15.7930175964984
10.183821757349547
.011018664339791286
.00010746594016369847
101.01014833767653
351.38001840283243
16.19828871909156
29.939524645365033
80.11847363349058
.0007053205046370683
1255.7217600414933
292.06151734201705
148.3696553512132
323.8660288294842
310.04300762550633
68.9443756372599
.26103914270099565
.33592044717887504
.31999944843742983
.4128873686691846
6.3579661547344815
.43985758338311737
2.399996897459874
.0019998276439801782
10.453746607055036
29.268987210472417
3.1254838219367937
3.869716668817775
.6593289274823194
31.886759610290834
4.709191228834627
24.989723453136403
11.435075944939575
1.599202777355923
15.742297240630787
7.308296693793995
.0019998276439801782
1.9999827637291425
7.999310575920709
2.3569771785590428
1.9999138201321212
12.04624418927366
.09999978454591751
10.399941741316574
1.714473960387087
2.6448145811189048
20.745823953655268
13.29232079120631
.6272123679209275
16.70687619384303
14.426909157097448
2.0907695976727876
5.143025053526446
17.27142844122062
25.725307426636366
12.430790496711307
8.689253959126509
37.64747188685249
.0019998276439801782
2.062605596038409
29.023992863320135
6.901505716180043
37.90691643551701
39.96837326494534
4.264966955620441
7.047338161866244
17.19022698560878
.03999965527458285
5.799209446103776
8.049720008244126
16.062793394212974
3.105007157822367
6.302366836561082
21.24777769891744
21.327454373522414
18.09078588646146
7.9113500603691325
.45079052855366175
15.00051944564998
19.509783211751415
1.5269137525068555
2.15776495977876
34.192323279121894
27.932472582014697
9.141815185441676
.39999913818367006
.09999978454591751
.09999913818645709
3.599115774760488
7.573178361895408
1.9435637133920398
15.053474890744603
14.918112350791578
8.244446617424037
5.656501099144041
41.94601978715682
8.183841392183359
13.594943933171615
18.13071998708596
9.65323555111115
11.641645582553693
.0012999927176645725
24.73090892694106
4.8597828348058645
3.4933737345960862
.00013972494553291271
42.039464707600445
3.8295979368381867
1.3243566315506161
.6692703378286226
1.5190478531922145
.0019998276439801782
19.44101304748292
8.648230635249464
4.660254185358093
11.950186478471577
.03999965527458285
7.291427708664106
.6001979791004969
6.515277214497761
5.746101607291886
.0012999927176645725
4.432812728955206
10.670478231855181
3.1195633915052636
7.0259867512033685
9.330131311597762
.5999948291187426
.39999655274582835
.1847928687474497
6.304026550040279
.0029996122073160155
2.5104016235670183
22.836487853554225
47.67264295761179
11.310472505005906
.17895440188131573
.17998603910219693
29.030048978538677
41.99442770327555
4.1251493698410275
17.29495582464738
51.904892106420796
.21066048417101904
9.999569100660603
9.999569100660603
9.999569100660603
9.999569100660603
9.999569100660603
9.999569100660603
9.999569100660603
9.999569100660603
