5388742991785325e-20
7.165821411144206
11.08845018596946
49.86207733591369
1.9165402632498376
58.2018677112908
.004475583057644571
37.797655091953615
14509067400382662e-22
.678268925971438
1.8598396354512277
.015438746780494717
88.99381140276843
1.3555814790730092
32.420643359133976
3.425848934256613
14.123504819425836
66.31036519740948
21.616729916582887
.007229206242681838
63.472777260151375
7.024956720037026
47.85261870687672
4249709777080171e-21
28.635310557665367
.00013800571911701105
3583261694711213e-26
13.28452510192666
6.5384277341250625
1447.889382193046
6.102522748334695
.5229485713771045
10.636308620651535
211.63188164505615
79.82578535968162
1.21874466399576
11.03565682926706
6.265411128859424
1.1167187888230852
33.076800765191166
5.867124031680952
.0002821564051120854
.317399366447236
3.4250315818585673
46.47521479765358
266.2135509907173
17890935002617012e-23
19.819475689789787
1.3538136833495484
23567675694131143e-21
1.0272581944876882
.014908027993932479
36.277473562019594
107.43283459611045
.01966821226409762
1.52031319926051
3.6479427997081206
.0001463998500531888
.0017813094653343572
.0502273444265868
14739673312720007e-22
23.69121382976794
.07530189546116164
4.202881490885462
10.130504524380626
.013635431168227215
9.206073695968024
.2936629477845683
.09021335969905739
13392956246887178e-27
19988848409248067e-21
7.863365721529892
2.264983478734148
54.9804800420914
1.8481153227828855
153.08677683006815
81.38959926713804
2.409496245018046
2.791960390226238
251.18399328928967
33.67734771463652
224.93083948242443
10.335166689340905
18.302959352232662
.00320203852942084
191.5874211267978
16.08913636857954
.01865526360622352
3297051713058247e-20
24.680001836103372
1.4793829948729684
.1893665524821359
27.019191220843105
3.784858760284519
10618545275428823e-23
7.5906109052043185
2.0211111105621318
127.73052591136846
328.6558826028737
.011008919375129628
20.976887790286813
1.925110665083815
10.391066025027785
67.52734352437093
.012537652558090822
.7614137297637731
12.03920520100304
54.23633291523812
.8381479720539402
85.08765381643603
.018607493213969442
.0038500253556394146
.0008248823016035737
.9425551908671745
.0003414515629671339
.5149423945766801
1014.5360104749384
15.73095734799716
10.217842076509152
.011007794190646769
.00013352341519008625
101.00796723556317
351.3724310889502
16.197938951050038
29.938878164179208
80.11674364323676
.0007084319549698078
1081.641942176993
246.22121073258631
133.27167924793648
292.08579204348666
274.4412650563841
60.762658706091635
.31891801108549117
.4102519076564623
.3199993102416407
.4128867891599949
6.357962722525041
.4398569660198094
2.399996120108183
.0019997844619002348
10.453660839099667
29.268946129905782
3.125464566919338
3.869633110409601
.6593183968052684
31.886071082653572
4.709117307087393
24.98968837874206
11.43470557224808
1.5991993241796754
15.741957318768025
7.308138886468431
.0019997844619002348
1.9999784451442366
7.999137847600933
2.3569720891121473
1.999892228045193
12.046227281734852
.09999973056321357
10.399927144450048
1.7144715540324953
2.6447289177529916
20.745794835797614
13.292033771441993
.6271988245864832
16.70651544392261
14.426597638279093
2.0907640135609706
5.142944773869144
17.27105550097953
25.724751942624916
12.430522079885181
8.689066332927698
37.64665896872648
.0019997844619002348
2.062583327099178
29.02395212661598
6.901437071115713
37.906097915230596
39.96751023182608
4.264874862612031
7.047185989392375
17.189855798742663
.039999568902884725
5.799084224349458
8.049546191438477
16.06244655190856
3.104984835670467
6.302357990856961
21.247089500898245
21.326993851915702
18.090760495089707
7.911264645409496
.45078809506516515
15.000195540921563
19.50936193893779
1.5269104554250985
2.1577183673740223
34.191584967677024
27.931567872234005
9.1418023544221
.39999892225285427
.09999973056321357
.0999989222572118
3.5989992023649116
7.572933072885821
1.9435632937157694
15.052987321091504
14.917790225471386
8.244435045908556
5.656317889732349
41.94466119012424
8.183829905730507
13.594650378895814
18.130694539664592
9.653027109753445
11.641629242890358
.0012999908930562565
24.730874215806544
4.8596778979971775
3.493368831461876
.0001397247347497736
42.03855695360911
3.829592561795583
1.3243280348492406
.6692688926657784
1.5190457211284667
.0019997844619002348
19.440593259616627
8.648218497001825
4.6602476444456515
11.950169705754833
.039999568902884725
7.291417474760907
.6001850190850706
6.5152680699626995
5.74609354233534
.0012999908930562565
4.432669153801947
10.670132623853863
3.119559013033577
7.025835039768391
9.330118216266575
.5999935335432708
.3999956890288472
.184792469722164
6.303992519209726
.0029995150523472146
2.5103203137260923
22.83645580133956
47.671098879971396
11.310456630161449
.17895053773666728
.17998254131980077
29.029422135570716
41.99352092176378
4.125060295899878
17.29458237638183
51.903771329234246
.2106603040023223
9.999461140225963
9.999461140225963
9.999461140225963
9.999461140225963
9.999461140225963
9.999461140225963
9.999461140225963
9.999461140225963
