56586571659754754e-21
7.165816200790389
11.08877514734442
49.85515819256825
1.9174571802987024
58.25100609578593
.004475688359177539
37.79653169987479
1451080944305695e-21
.6782367494229222
1.859827586753286
.01552129740021946
88.99331255668008
1.3627334058446174
32.586774072688655
3.5048040625475445
14.218554139683674
66.30429262512028
21.616121819284373
.007229165178602891
63.472665874399766
7.024825535241877
47.87240697573086
4249979819911584e-21
28.635858671241643
.0001505001918067265
37633035873306004e-27
13.284611305611111
6.534813659155835
1447.6434964570767
6.118085646009675
.5230015541756999
10.636213998050641
211.6290678952586
79.83760527520626
1.2249072107912014
11.035290300745723
6.265350389164714
1.122728272444913
33.0763572170186
5.897481285750001
.0002827494712343825
.3173984864821955
3.4240452370066836
46.477823177864124
266.21161023100177
1789100377496889e-22
19.820897204867396
1.3962184765130716
25706319147857658e-21
1.0307327539031927
.015654800684450996
36.27729689258599
107.4237621803151
.020652781528966657
1.5960537137958566
3.7316596815719705
.0001469257838336173
.0017858744487707881
.05274069961085354
1547677151012255e-21
23.69111469174843
.07821689893589623
4.2375427521343845
10.131095043694703
.014165020974989374
9.411322954319337
.3049971898491017
.09680743342937931
1741346256854822e-26
2180403733440665e-20
7.857629359025426
2.2627506259049923
55.459107979353334
1.8886264225654548
153.08221327521926
83.1982667038549
2.4611181017705084
2.8526284192305487
251.20163462969688
33.67971617100954
224.89680168681159
10.336184248944535
18.301628621842397
.0032017768660575
191.56546655239387
16.088778411694058
.019059873853877765
32121435036063264e-21
24.695011550636448
1.5120426698810097
.1819661497790151
27.165903340055266
3.784054869026494
11096796761528676e-23
7.5944445238517995
2.0206999205255207
127.76367691653142
327.4404587358101
.01155621728389632
20.97394314363021
1.924531640149004
10.38786776468906
67.5235015888746
.012544548165776256
.7608484588934473
12.032007388952817
54.237431289115406
.8384573045849908
85.07521537624186
.019533251877328885
.004039843971440391
.0008659603404700889
.9425819094650381
.0003410363378174397
.514891194541541
1014.4304156426938
15.716044237188331
10.224468385511095
.011005076163258088
.00014001539075879122
101.00742196739365
351.3705342860785
16.197851510219742
29.938716546063922
80.11631115151012
.000709079571856067
1041.298337021522
235.87470226918208
129.75064806498074
284.65118644995727
272.0142725442808
60.191159077773825
.3329751903413044
.428311379069467
.3199992756927027
.41288664428282457
6.35796186447297
.43985681167911783
2.3999959257702996
.001999773666525941
10.453639397220776
29.268935859773134
3.1254597531835095
3.8696122210894757
.659315764162286
31.885898953067286
4.709098826831894
24.989679610151164
11.434612980949606
1.5991984608867784
15.7418723394492
7.308099435169467
.001999773666525941
1.9999773654994675
7.999094666103758
2.356970816752141
1.999886830059886
12.046223054853858
.09999971706754213
10.399923495236617
1.714470952444375
2.644707502345043
20.745787556339586
13.291962017469293
.6271954387985661
16.706425257659642
14.42651975962554
2.0907626175353466
5.1429247041506185
17.27096226717752
25.724613073496208
12.430454976584263
8.68901942701103
37.646455741937686
.001999773666525941
2.062577759901937
29.02394194244888
6.901419909956314
37.905893287920605
39.967294476458065
4.2648518396706425
7.047147946787324
17.189763003278483
.039999547309989336
5.799052919333365
8.049502737823508
16.062359842502673
3.104979255157567
6.30235577943287
21.246917454876314
21.326878723067782
18.090754147252337
7.911243291813678
.4507874866950936
15.000114565832284
19.50925662215572
1.526909631155772
2.1577067194300366
34.191400392306804
27.931341699367433
9.141799146670019
.3999988682701685
.09999971706754213
.09999886827497333
3.5989700598559726
7.572871751874796
1.943563188796716
15.052865431145747
14.91770969522816
8.244432153032223
5.65627208830662
41.94432154774175
8.183827034119812
13.59457699131729
18.130688177814832
9.652975000117282
11.64162515797811
.0012999904369045776
24.73086553803053
4.8596516641490535
3.4933676056793987
.0001397246820540385
42.03833001817396
3.8295912180361102
1.3243208857703792
.669268531375555
1.5190451881129976
.001999773666525941
19.440488314066382
8.648215462442577
4.660246009218976
11.950165512579325
.039999547309989336
7.291414916287351
.60018177912494
6.515265783830939
5.746091526097973
.0012999904369045776
4.4326332607402446
10.670046223602602
3.119557918416616
7.0257971124215075
9.33011494243665
.5999932096498399
.3999954730998933
.1847923699659772
6.303984011530792
.0029994907640967013
2.510299986677358
22.836447788292922
47.67071286837564
11.310452661453816
.17894957171354242
.1799816668848228
29.029265426943635
41.99329422944524
4.125038027715118
17.294489015575422
51.903491138719005
.21066025896017218
9.999434150299427
9.999434150299427
9.999434150299427
9.999434150299427
9.999434150299427
9.999434150299427
9.999434150299427
9.999434150299427
