6553444520809522e-20
7.165798916236181
11.088417748083414
49.83226488693381
1.9204353871523727
58.40406570821879
.004476037531833717
37.79279871312096
14510027473695466e-22
.6781145764797313
1.8597876455920834
.01579414013054291
88.99165884872039
1.386365047152271
33.13562157432396
3.7636029914282707
14.52931818987194
66.27023135370203
21.61410293356339
.007229029048971165
63.47229660266066
7.024344121486692
47.93824807371153
4249923279896051e-21
28.637250639959813
.00019582070476112487
435817658658458e-25
13.284893040735827
6.524056777633854
1446.8114773852296
6.169506463960652
.5231771159928651
10.635900544014243
211.6197405592213
79.87678004868144
1.2452505813215808
11.03407282280164
6.265149154365338
1.1425939783984738
33.07488843725594
5.997742897458686
.0002847052836806116
.3173955693449499
3.4205550724602203
46.48645917253937
266.20517625560507
17891228060303292e-23
19.825615910911395
1.5332542385699308
33453083899882165e-21
1.0419488256798548
.018130357460713516
36.276711312577056
107.38934969649048
.02391509769111359
1.8467695131773116
4.005434698930377
.00014868422063849427
.0018011103038132526
.06106792250559111
17918603783926269e-22
23.690795446877583
.0879297746307335
4.35160036974583
10.130283076822689
.015921688172883215
10.081253959540515
.34274582013263316
.11995001303187222
384217856205592e-25
283936250719279e-19
7.8411370185957985
2.256361660378523
57.03905033724174
2.020731728653141
153.06716752818963
89.09328468434524
2.629591394613069
3.0505575407273393
251.17062389149405
33.67799079439771
224.7881921741957
10.33465840001488
18.28726082211333
.003200247535156905
191.39462887803526
16.087591667596097
.020388924417295787
29439515126301096e-21
24.741595701145666
1.6197002547341408
.1591530060069429
27.642943417098103
3.779511947653704
12639821245608435e-23
7.60303922176353
2.0183665354392857
127.86417140383624
323.4382222126366
.013367652120343805
20.95501183841416
1.9226093576588956
10.375571060520794
67.4847972316003
.01256733112123152
.7591606089630982
12.011161723883763
54.22117349944114
.83947854467232
84.98579706470046
.022600943100067262
.004668192877870873
.001001914454966627
.9424728358844546
.00033977784754182945
.5145319730976746
1014.0646514733437
15.667961700437521
10.241544767466898
.010996064381995439
.00016149232475210995
101.00561438028936
351.3642463041239
16.197561640159332
29.93818077515824
80.11487742309629
.0007108856570025685
916.557999732238
204.52039298093484
118.74183554013881
261.34335349655316
265.99905122005896
58.77415028102869
.3784391739102259
.48674820615683523
.31999916116020105
.41288616400363115
6.357959019961667
.43985630002760845
2.399995281524584
.001999737879402374
10.45356831596968
29.268901813477132
3.125443795312275
3.8695429721074377
.6593070368126996
31.885328336189495
4.7090375638064295
24.98965054158396
11.434306038656262
1.5991955990042177
15.741590629403698
7.307968652440449
.001999737879402374
1.999973786393757
7.998951517609489
2.35696659878055
1.9998689354054793
12.046209042411526
.09999967232831097
10.39991139780761
1.714468958132528
2.644636509772986
20.74576342436474
13.291724150007024
.6271842147680446
16.706126286373504
14.426261588586526
2.0907579896039694
5.142858171967911
17.270653193170233
25.724152716445715
12.430232526296168
8.6888639319082
37.645782036514895
.001999737879402374
2.062559304299527
29.023908181135404
6.90136301962779
37.905214939710646
39.96657923826386
4.264775517643637
7.04702183393836
17.189455382379684
.03999947572787513
5.79894914187751
8.049358687247208
16.062072397145187
3.104960755376927
6.3023484483884
21.246347118339266
21.32649706605482
18.090733103673113
7.911172503325796
.45078546990489105
14.999846129977529
19.508907492557142
1.526906898639357
2.157668106001786
34.1907885171275
27.93059193109004
9.141788512720042
.3999986893132439
.09999967232831097
.09999868931968779
3.5988734517656344
7.5726684713067005
1.943562840981594
15.052461363159841
14.917442734056934
8.244422562920072
5.656120255522296
41.9431956253979
8.18381751450492
13.594333708382438
18.13066708778343
9.65280225446366
11.641611616173309
.0012999889247259518
24.73083677052178
4.85956469783006
3.493363542114255
.00013972450736354954
42.0375777175831
3.829586763367966
1.3242971862707935
.669267333670589
1.5190434211248716
.001999737879402374
19.440140415117042
8.64820540264044
4.660240588314169
11.950151611873324
.03999947572787513
7.2914064347466585
.6001710385197147
6.515258205124678
5.746084842112812
.0012999889247259518
4.432514274411554
10.669759804773788
3.1195542896754547
7.025671381658258
9.330104089433432
.5999921359181267
.39999475727875117
.18479203926652127
6.30395580796799
.0029994102479851785
2.510232602041238
22.83642122441425
47.66943323101865
11.310439504876443
.17894636930591878
.17997876809241375
29.02874593119955
41.99254273479625
4.124964207738343
17.294179520543164
51.902562295279346
.21066010964186435
9.999344677027393
9.999344677027393
9.999344677027393
9.999344677027393
9.999344677027393
9.999344677027393
9.999344677027393
9.999344677027393
