915058353233449e-19
7.1657486651379685
11.076856650230354
49.76616838622927
1.9286136437474062
58.77235683073101
.004477051491542398
37.78188722752761
144597768940253e-20
.6776441796886994
1.8596717268131113
.016578821747027992
88.98685898908062
1.4542725914192063
34.7118324517492
4.491028651719779
15.393780137314533
66.0694115189459
21.608217273089533
.0072286339394820685
63.47122461486714
7.0225989316353035
48.13107085623835
4242782380942688e-21
28.638110835048472
.0003616239763991773
6059782815140978e-26
13.285676699639692
6.50220799238473
1444.2698733023637
6.317273438871207
.5236859862427772
10.634992702600622
211.5926868658109
79.99040509692406
1.3035460387440796
11.030518340942264
6.264566186221108
1.1997564913573664
33.070639321984565
6.285460049497365
.0002902941028902173
.31738710245104296
3.408793374888935
46.51142991258519
266.1864997679963
17891834215264668e-23
19.839364123880866
1.902077688761402
6160480187283774e-20
1.0720427002881967
.025314859432047632
36.27501106397685
107.25712735292664
.03336749366387669
2.571080504890006
4.768884241030314
.00015392017900407663
.001846236896015076
.08519015689850977
24989384355450065e-22
23.689934389807036
.11651919032197766
4.674899748530822
10.107638168352956
.021003816766268942
11.940129977918446
.45370443783141323
.197710826090639
235855302921907e-24
5256232406569965e-20
7.812519498574037
2.2455085836346043
61.558762192862524
2.3864718460440617
153.02420298336426
105.37009739637912
3.0979814074618917
3.5997366720494024
250.42538459308878
33.60281507555884
224.50461346146756
10.294413608952288
18.172883296586246
.0031909736449152863
190.18508739437024
16.084145596372732
.024137038709868715
22736292314003695e-21
24.85345309504043
1.926665112852273
.10711650022010459
28.949066005649804
3.75268392311213
16739451777661472e-23
7.597757132087202
2.004513747645841
128.08509107750217
312.06628119299313
.018598210504451693
20.83314009521221
1.9170062931439766
10.327561734806606
67.18293095057476
.012632797668946335
.7556857752634932
11.97372197230926
54.02846193576548
.842406331497431
84.37552208146074
.031501902673326726
.006487489176638296
.0013942972750592701
.9407099378562389
.00033702015782199554
.5121157541016104
1012.8853613735217
15.540231053011457
10.255010334824497
.010969896958950495
.00022372487106420808
101.00036800411642
351.34599594228865
16.196720315625345
29.936625743200423
80.11071614170031
.0007135819406777424
629.0784421046462
135.75291204211945
91.85379565746321
203.9723431520043
260.0892946088593
57.393985631325386
.5011262372901014
.6448204829457084
.31999882872745167
.4128847699863914
6.357950763715325
.43985481495177237
2.399993411588901
.0019996340101548376
10.453362003889092
29.26880299361521
3.125397477718714
3.8693419825072692
.6592817061522681
31.88367216660055
4.708859751107568
24.989566169651194
11.433415178893531
1.5991872923592367
15.740772988656607
7.307589066089275
.0019996340101548376
1.9999633980008515
7.998536040619344
2.3569543560725412
1.9998169967036414
12.046168371096906
.0999995424718702
10.399876284846597
1.7144631696138204
2.644430463140541
20.745693380962017
13.29103375883119
.6271516379222862
16.70525854626392
14.42551226791235
2.090744556994374
5.142665065790728
17.269756130725142
25.722816567136505
12.429586882228259
8.688412619879834
37.643826660716236
.0019996340101548376
2.062505737462805
29.023810188439363
6.901197896915402
37.90324608859569
39.964503316936955
4.264553999099386
7.046655801538413
17.1885625374651
.03999926796001702
5.7986479361594645
8.048940592036528
16.061238110116395
3.104907060000963
6.302327169926796
21.244691791318214
21.325389337274135
18.090672024382926
7.910967041846515
.45077961618024986
14.999067016501343
19.507894171980293
1.5268989674810085
2.1575560336322464
34.18901259863712
27.92841582696824
9.141757647527891
.3999981698874808
.0999995424718702
.09999816990004252
3.59859305944987
7.5720784761102475
1.943561831441281
15.051288608808754
14.91666790073107
8.244394727482156
5.655679580772839
41.939927783416344
8.183789883686316
13.593627599233038
18.130605873665125
9.652300874099208
11.641572310890872
.001299984535605825
24.73075327241548
4.859312285084511
3.4933517475582083
.00013972400032198873
42.0353942256311
3.829573833629858
1.324228400379568
.6692638573190147
1.5190382924165216
.0019996340101548376
19.439130666400615
8.648176203920611
4.660224854060305
11.950111264875005
.03999926796001702
7.291381816953287
.6001398647769925
6.515236207821182
5.746065441750123
.001299984535605825
4.432168932193019
10.668928511675988
3.1195437572022473
7.02530645823136
9.330072588436103
.5999890194002551
.3999926796001701
.18479107940778577
6.303873947251721
.00299917656052808
2.510037026969809
22.83634412237583
47.6657192513653
11.31040131772213
.17893707457538402
.17997035455123803
29.02723813658914
41.99036158202572
4.124749951193631
17.293281236106957
51.89986640190935
.2106596762429523
9.999084983518204
9.999084983518204
9.999084983518204
9.999084983518204
9.999084983518204
9.999084983518204
9.999084983518204
9.999084983518204
