.00024233021003368618
7.165456251864506
10.87313392016113
49.38937938478745
1.9669761950414906
59.60572829688921
.004482924778864696
37.716365039162355
13586927746524939e-22
.6732581142243788
1.858998914151179
.020915708374288886
88.95898636037815
1.8281802805416163
43.34579789070355
8.166040884491542
19.430638567881005
63.61403493786526
21.573288892863722
.0072263396822186896
63.46499390219192
7.007440650272591
49.16103934108108
4112532731526378e-21
28.597059497827725
.0023545480077296517
14823397902943537e-26
13.289360097385009
6.506354249934905
1427.6361320454578
7.1334065797452375
.5266203404017902
10.629776194191452
211.43729880574006
80.64783288330126
1.6202576043532684
11.009295425031551
6.261217472576241
1.5165524068755605
33.04636634874375
7.8590506312496204
.0003203423972256069
.3173379370629563
3.3186281657871826
46.6536838271516
266.0779878974311
17894160628141274e-23
19.920429459369227
3.4167297269659382
.0003793432143972711
1.194678644335268
.0669745190828335
36.26501157902827
106.03265192078487
.0875210405799369
6.661129564569974
8.456887324200146
.00018858016441463204
.002136872574572028
.2232419594289351
6538127003057796e-21
23.685485431502507
.29105783179746486
6.312441610527917
9.721163136231567
.0485637596165512
20.77623482601507
1.1264742257650446
.8948072292941028
5103699369178979e-23
.0003471299354862485
7.916090694529435
2.2899211950357286
85.38835600400603
4.115909585410664
152.7932103390372
180.58857213986727
5.389441522007616
6.240613398625272
237.99597916078582
32.28506307155626
223.26156563631557
9.63048547889452
16.65051154167647
.003076861001438142
174.8877327406332
16.064031565259732
.04283726825243252
4583042312767011e-21
25.19487685463966
3.5415290953976974
.022805847037356913
34.66846452616878
3.440457196518322
30505711115243746e-23
7.196242513858745
1.8397434937940564
128.22423054326256
254.13182646601277
.04799261466523474
19.32326179869228
1.883811946959719
9.89934815526802
63.145926633096664
.012994307360605098
.7556593941268986
12.080561809265953
51.12658303915744
.8583947169791419
76.78588587022986
.08342982269029277
.01708987041900276
.0035872279739827743
.9122464990066135
.00033322810631756806
.48176670866888405
1004.3133871326535
15.003823053281806
9.871617511748722
.010817550234725443
.0005971747320624263
100.96990596406607
351.24002884522326
16.191835332009067
29.927596759342425
80.08655448871038
.0006938647455890216
150.3851463783279
31.104310768261435
20.18246188186909
46.566640320678566
210.53276047812594
47.504301087705684
.9920073985417099
1.2914941757731788
.31999689818834515
.41287667456441174
6.357902817198694
.4398461907287552
2.3999825522883005
.0019990309140225453
10.452163962497963
29.268229120882932
3.125128509839267
3.8681749763589863
.6591346219402511
31.874055947197757
4.707827267191743
24.989076199814743
11.428243036024114
1.5991390538021126
15.736025520239622
7.305385073418736
.0019990309140225453
1.999903070264956
7.996123656090175
2.3568832599114544
1.9995153983003457
12.045932182156825
.09999878835629046
10.399672374716749
1.7144295541747556
2.6432342000861873
20.745286620639558
13.287025139747193
.626962486945022
16.700220185860456
14.42116148641387
2.090666551133648
5.141543778240563
17.264547516011056
25.715058481854637
12.42583807832885
8.685792166326737
37.63247315995137
.0019990309140225453
2.0621946847823684
29.02324111927526
6.900239053292547
37.89181434608618
39.952449892531774
4.263267795719293
7.044530507190587
17.183378411003275
.0399980614052991
5.7968990450498605
8.046513005330432
16.056393988374698
3.1045952517076025
6.302203600346124
21.235081313657577
21.318957530371662
18.0903173210018
7.9097739651638586
.4507456231851378
14.994543249022042
19.502010527541092
1.5268529094592762
2.1569053077031612
34.1787010810492
27.915781827895046
9.141578405300592
.39999515342516184
.09999878835629046
.09999515351324777
3.596965161123679
7.568653089112215
1.9435559687201653
15.044479845737047
14.912168985093546
8.244233079828536
5.653121116625626
41.920955385840045
8.183629424310443
13.589527716860921
18.130250387301963
9.649389708708279
11.641344054856226
.0012999590468395939
24.730268377117422
4.857846700667637
3.4932832534926126
.00013972105580182793
42.02271621378086
3.829498747265724
1.3238290087796627
.6692436693629407
1.51900850866843
.0019990309140225453
19.433267761258726
8.648006639333076
4.660133481141139
11.949876959324351
.0399980614052991
7.291238855001398
.5999588606385133
6.5151084637380094
5.74595277878008
.0012999590468395939
4.4301639485044175
10.664102200231628
3.1194825923811305
7.023187602915032
9.329889653922182
.5999709210794867
.39998061405299107
.18478550529205667
6.303398576253157
.002997819820707218
2.5089015595781423
22.83589637071344
47.64415667307315
11.310179554949368
.17888310657071313
.179921502133715
29.018483426996085
41.97769715216751
4.123505913169872
17.28806552614445
51.88421323311219
.21065715937104473
9.997576991501726
9.997576991501726
9.997576991501726
9.997576991501726
9.997576991501726
9.997576991501726
9.997576991501726
9.997576991501726
