.0011345475770349579
7.163769960819766
9.314953237491505
47.197159228160615
2.0340821860785137
58.20035454159744
.004515939250622614
37.26975968844179
8770020143840487e-22
.6367110767096692
1.8550324175954687
.039941222649232756
88.79414377650396
3.450276928662637
79.41767375166518
20.470617937752582
28.57731701117514
47.51394151988253
21.336548821601035
.00721277665601324
63.4279255838394
6.8812049005294496
51.8875693843545
32121479899180995e-22
28.01265681732052
.04633378421389751
37241373237228485e-26
13.294346817687767
6.683973731310277
1313.6712970988247
10.814281554897551
.5432301044136264
10.600478519089513
210.58692961384045
84.44311377364845
2.915394009453611
10.867965445937148
6.2425281638308014
2.932249027892323
32.914164852464495
14.454469579504188
.00044067966959521784
.31704725531620515
2.7290259007968007
47.40846909282853
265.4342251958569
17879725291441153e-23
20.41412612127314
5.865965325133821
.005229098962847379
1.4110086165871474
.3090611765004504
36.200682342211536
96.27486623768604
.36840063712189214
26.35860380873378
18.963298983618635
.0006775884242459115
.005511456001462726
.935622506630057
272430741406446e-19
23.648048140656666
1.4149755231123968
11.023114188476814
7.213123249047783
.1407579566808106
44.9544456816091
5.300976931354361
8.055388989050753
.00021058901719556776
.00739830242350164
8.984538954200012
2.7636570680732397
163.45527756894526
8.825151600520773
151.79306582358097
362.3745609226693
12.600202650243476
13.980166503639136
163.24168861008366
23.764054791231267
215.78869515768966
6.075949053920048
8.990519111497044
.0023597600430399013
101.42882633087285
15.941457281733305
.08921133765997971
2954684238104633e-24
25.82086093541632
9.195788026881186
.008540211299957995
45.67094855662613
1.9740030259267969
16160107367044634e-23
4.8555116011273745
.9867332945634314
117.38878044040196
129.94301821998098
.17910782040060072
11.239125243031099
1.6642011525603633
7.422409294607728
41.07654201370531
.01462543984061309
.7969932606471145
13.242798342372152
34.27160036860302
.9268902931658747
41.017110934058714
.3736522157944902
.07512944856440627
.012930161186825958
.7205450860072522
.00032020828793644763
.3130239411598432
939.3588920666592
12.15897019229001
7.040745678510147
.009864235718352187
.0029887254716438874
100.7898924157556
350.61382281583855
16.16296782238881
29.87424053568732
79.94377268944237
.0004867541860871292
104.14999884443822
23.044778162494506
.023739368442192838
.06046198917257989
102.9349302195615
27.474470696324236
.9662091596889244
1.353015284561478
.319985478120532
.41282878849544435
6.357619191959564
.4397951766940038
2.3999183139646134
.001995466954597411
10.44507963136998
29.264834546850118
3.12353787561635
3.8612786254479747
.6582652008646745
31.817229491281843
4.701724129648832
24.98617792849052
11.397694507421242
1.5988537233333393
15.707970648214584
7.292360714563649
.001995466954597411
1.9995462324532705
7.981867818389641
2.356462726997949
1.9977321915587016
12.044535076496018
.09999432742301173
10.398466204789377
1.7142307120097011
2.6361686419500074
20.74288055052937
13.263336452320395
.625844710902201
16.670446305568905
14.395450811286056
2.0902051588326698
5.134915683512672
17.233767528363682
25.669212555010088
12.403684752723022
8.670306757552526
37.56538034689446
.001995466954597411
2.060355579433336
29.019874959326014
6.894569637936752
37.82425916826133
39.88122092385857
4.255667056112998
7.03197121122341
17.152743135173395
.03999092464906538
5.786564080821327
8.03216733130226
16.027767949483998
3.102751357533353
6.301472661121787
21.178318389833706
21.280949163871963
18.088219178296615
7.902719874821992
.45054458649402584
14.967810323901638
19.467241493334992
1.5265804768303761
2.1530598829292935
34.11776580335932
27.841160903492863
9.14051815103835
.3999773096920469
.09999432742301173
.09997731162266348
3.587350210447382
7.548421526425884
1.943521287541817
15.004264851933174
14.885582920400491
8.243276901051278
5.638009910853894
41.808897609274794
8.182680274437955
13.565299714657511
18.128147613098612
9.63218635624489
11.639993873945977
.001299808275598672
24.72740012272078
4.8491859198796785
3.4928780971514954
.00013970363845401343
41.94779628409429
3.8290545961367815
1.3214688287344167
.6691242578524477
1.518832331735488
.001995466954597411
19.39862128465195
8.647003630280073
4.659592991723782
11.94849099429538
.03999092464906538
7.290393205953683
.5988892278374067
6.514352831481589
5.745286354377833
.001299808275598672
4.418321796594478
10.635596275912306
3.119120790013102
7.010666358007657
9.328807559032962
.5998638697359806
.3999092464906539
.18475253446646012
6.300587202548461
.002989806429300468
2.50219508240462
22.833247828483014
47.51680036131995
11.308867783004944
.17856418597314364
.1796327816770148
28.966748010206242
41.90285748442578
4.116154347138177
17.25724360956376
51.79171179680589
.21064227116705456
9.988660957793506
9.988660957793506
9.988660957793506
9.988660957793506
9.988660957793506
9.988660957793506
9.988660957793506
9.988660957793506
