.0012111570259763955
7.163629161262974
9.189470620082536
47.00679866824898
2.035377194389212
58.04825556865151
.004518624115885112
37.22781459950473
8484299523965133e-22
.6329521644544919
1.854692936337089
.041152676407801604
88.77999150746491
3.5534212476179006
81.62308591804076
21.138234169504567
28.893423742896857
46.32790781672435
21.313406146659624
.007211612745346402
63.42472439994773
6.867918467275687
52.00832056695494
31466407450659046e-22
27.939906984392877
.052136781826426615
3776119068052957e-25
13.293982584345263
6.683857271521235
1302.9023687341225
11.05983706218003
.5445958235592745
10.598061416729015
210.51817056341218
84.76098478573073
2.993668373010188
10.854872099728201
6.240993746581709
3.0246051799091083
32.903530033913825
14.859053086671944
.0004479312807563026
.3170223090041716
2.678351455595624
47.4670875288017
265.37879657235436
17876968093724366e-23
20.456502755850654
5.932994307905254
.005738579560845537
1.4183286729959332
.32944860412709487
36.19486601872221
95.31453330767711
.3891269246649281
27.715752026448268
19.46560890274976
.0007613738008671958
.0060172388814067656
.987919683127659
28760036165723444e-21
23.64414485632829
1.5116795633718196
11.217348365161516
7.039865997528172
.1447993176802164
46.078099497059334
5.648766073912655
8.72283863694279
.0002932201378350788
.008377694541894963
9.052814157083528
2.7962803632589477
167.0007130131265
9.044549077757072
151.72432345930153
369.5460727902693
12.982680880419078
14.367165621468583
158.40255201743588
23.17985644811938
215.02923055889906
5.869640851635938
8.554674020977561
.0023089177353289147
97.44602975930687
15.93073076947526
.0902839588202562
27808379862320083e-25
25.83540657699261
9.490944099972932
.008090202938115272
46.0091746423513
1.8951198272802567
14764561546608364e-23
4.719969430353949
.9362973791044515
116.08388673947599
127.15608826660097
.18692598859481938
10.745152939318148
1.6433652809254897
7.2453022918126875
39.736046855484126
.014734392613425547
.7994597927993361
13.314668149668913
33.201362510051716
.9312597921980559
39.08782201477661
.3958533049162491
.07933950877168476
.013451994896145921
.7066095342268416
.0003172627007743952
.3024463572463685
932.7994388705908
11.92105690058201
6.855564924713031
.00977568044011789
.0031816886662704366
100.77445068253482
350.5601062676245
16.16049153998403
29.869663588123746
79.9315247310316
.0004716247395561261
103.05562090945018
22.90578241654839
.023316764390608917
.059741128581644654
100.04592312347856
26.989286102927533
.9219146624224495
1.2970792855734257
.3199844975655885
.4128246770597385
6.357594839321061
.43979079669521715
2.3999127982783652
.001995161234771492
10.444471565484166
29.26454309313121
3.123401334974898
3.8606870499139982
.6581906022822505
31.81235486389756
4.701200458173708
24.985929086677764
11.395075295131146
1.5988292260604755
15.705564074634873
7.291243472685471
.001995161234771492
1.9995155958609758
7.9806449390859635
2.3564266218123566
1.9975791522585769
12.044415122817995
.09999394439822926
10.398362644605514
1.7142136396795882
2.6355628452863695
20.742673968473778
13.261304414204218
.6257488270111504
16.667892273826716
14.393245325143619
2.090165546541259
5.134346966551538
17.231127191776515
25.665279847843113
12.40178441940273
8.668978404473824
37.55962506163965
.001995161234771492
2.060197742773739
29.019585945203428
6.894083055849901
37.8184642209174
39.875110835244875
4.255015057447438
7.030893862881653
17.15011521210344
.039990311917219495
5.7856775377696446
8.030936745753037
16.025312380667838
3.102593084266213
6.301409903629044
21.173451571217527
21.277688770078523
18.088039034488197
7.902114474997212
.4505273288383054
14.965517148183507
19.464258972543675
1.5265570869117464
2.152730018738315
34.11253871733911
27.834762950752378
9.14042711898404
.399975777592917
.09999394439822926
.09997577979304875
3.586525830415616
7.5466868845279125
1.9435183097022013
15.000816842787248
14.883302342509364
8.243194804782974
5.636714285248155
41.79928984356548
8.182598781662287
13.563221413607346
18.127967071635776
9.630710636324162
11.639877949166111
.0012997953305756895
24.727153858122456
4.848442989874318
3.492843310954106
.0001397021430301905
41.94136958133776
3.829016461897541
1.3212663702475207
.6691140056828557
1.5188172054127753
.001995161234771492
19.395649276967955
8.646917513225098
4.6595465860041845
11.948371997137542
.039990311917219495
7.290320599624446
.5987974737193755
6.514287953877173
5.745229136043949
.0012997953305756895
4.4173064576815335
10.633152195272993
3.119089726131551
7.009592273721966
9.328714651770776
.5998546787582922
.399903119172195
.18474970373017507
6.300345864913878
.0029891193659878357
2.501620073124648
22.833020428086005
47.50588090849453
11.308755155969012
.17853682866124962
.17960801256169856
28.96231009699564
41.89643766661514
4.115523722818609
17.254599676272854
51.78377693570578
.21064099285374357
9.987895761292881
9.987895761292881
9.987895761292881
9.987895761292881
9.987895761292881
9.987895761292881
9.987895761292881
9.987895761292881
