.0012877664749178332
7.163488948027741
9.067813511271185
46.81611315127782
2.0365012121572925
57.8955827798871
.004521285746218867
37.18543040879291
8217853034510382e-22
.6290773986333797
1.8543536327324246
.04231129345488245
88.76583932813021
3.6521857287578556
83.72381131188777
21.769374661789605
29.175760457073277
45.187254828692446
21.289752141853107
.00721044893297959
63.421520047140405
6.854149863081392
52.12026656357715
30840447463683843e-22
27.86284894690153
.0581784774821683
38170037221041683e-26
13.293534750656079
6.681731138549382
1291.9638503047152
11.296578723471695
.5459519939982774
10.595656833791145
210.44991365526909
85.07753819202404
3.068184522714239
10.841662328868289
6.239468097332065
3.113307110037069
32.89298582805125
15.244467062105315
.00045484067327846377
.3169973647142342
2.6276425069376237
47.52482232024111
265.3233430594298
17874036972327771e-23
20.49878894519569
5.992481525777111
.006253058473484369
1.4249963011238531
.3497713619183465
36.189020537928656
94.33272882109122
.4093242628936956
29.025765731667143
19.935094984471444
.000856489309883878
.006576011827201868
1.0388383906854641
30237634877401304e-21
23.640173589558742
1.6079634099562896
11.392913945711442
6.875348087369963
.14853308589441944
47.12550052483378
5.993371494495569
9.38730150013085
.0003990365444425185
.009406979285711162
9.117836111037688
2.827663726236316
170.22089299770204
9.249156516506677
151.657368351417
376.062530395158
13.343907295425643
14.730759698561817
153.8372369658
22.625775392649068
214.2455689995836
5.677651506961204
8.14741737601957
.002260347445639232
93.76128363987958
15.919982942153684
.0911237546989772
2930784639637737e-24
25.850816775324336
9.766544516643513
.007604578027534499
46.30900194654269
1.8221706615448237
135187025650478e-21
4.5943874028139255
.8889647132407995
114.744396256241
124.68643418283429
.19422885075195667
10.279651206345173
1.6221986074297892
7.074667024516538
38.48085641524779
.014839457185642271
.801780517560456
13.382838590690458
32.193470645037664
.9354494948209356
37.29705148830545
.41752331629749095
.08339588408384369
.013935629848005221
.6932879353508251
.0003140736725676434
.2924955171780273
926.0568964391358
11.690910041195963
6.681765011697503
.009685755275940355
.0033697970102354326
100.75901131509815
350.50639794917026
16.15801563696344
29.86508734178131
79.91927864909577
.00045716579496803947
101.00570566166942
22.545362741353333
.025599656174543628
.06596666881852042
98.30858268038469
26.792773226361096
.8799746417136792
1.2436734295141159
.31998351701364974
.4128205656649792
6.357570486775841
.4397864167400517
2.399907282604794
.0019948555617840392
10.44386353499723
29.26425164231494
3.1232648003021093
3.86009556501363
.6581160121537876
31.807480983341097
4.700676845024383
24.985680247343268
11.392456684741113
1.5988047291629535
15.703157869759467
7.290126401976749
.0019948555617840392
1.9994849597380882
7.979422247136152
2.356390517179959
1.9974261246822593
12.044295170334614
.09999356137491394
10.398259085453027
1.7141965675195017
2.6349571878359788
20.74246738847557
13.259272687410832
.6256529578101986
16.665338633380475
14.391040176897452
2.0901259350005565
5.133778312578581
17.22848725970782
25.661347743195037
12.399884377227112
8.667650254908327
37.55387065813576
.0019948555617840392
2.0600399182054585
29.019296933959183
6.893596508103428
37.812670161400895
39.8690016827405
4.254363158672743
7.029816679597377
17.147487691650117
.039989699194761745
5.784791130542706
8.029706348738332
16.022857188062403
3.10243481907269
6.301347146761315
21.168585871005703
21.274428875800762
18.087858892473864
7.901509121550004
.450510071843622
14.963224323796316
19.4612769086959
1.5265336973514918
2.1524002050848923
34.10731243214592
27.828366468273835
9.140336087836332
.39997424549965577
.09999356137491394
.09997424798690438
3.585701639827979
7.544952641254012
1.9435153318671485
14.997369626000507
14.881022114019098
8.243112709332282
5.635418957379693
41.789684285739355
8.182517289698223
13.561143430967784
18.127786531970983
9.629235142494293
11.639762025540762
.0012997823856816285
24.726907595976726
4.847700173691154
3.492808525103159
.00013970064762237492
41.93494386319811
3.828978328038086
1.3210639427787145
.6691037536703451
1.5188020792407086
.0019948555617840392
19.39267772461682
8.646831397027778
4.6595001807467495
11.948253001164819
.039989699194761745
7.290247994018308
.5987057336587323
6.514223076918885
5.745171918279912
.0012997823856816285
4.416291352095438
10.630708676288151
3.1190586625593704
7.0085183539936775
9.32862174543387
.599845487921426
.3998969919476175
.18474687303726195
6.300104536523491
.002988432460563685
2.501045195982923
22.832793029953713
47.49496396498053
11.308642530054755
.1785094755406917
.17958324686173371
28.95787286370512
41.89001883236656
4.114893195115203
17.25195614805146
51.77584329028321
.2106397145481902
9.987130623411293
9.987130623411293
9.987130623411293
9.987130623411293
9.987130623411293
9.987130623411293
9.987130623411293
9.987130623411293
