.002312121754394937
7.1616643895649785
7.8965306629678755
44.26168913390864
2.0463046905801914
55.837772665912155
.004554748398630948
36.58605940349953
6090232576942466e-22
.5630635943428565
1.8498348371139273
.05379837851020505
88.57659931674576
4.648094752500225
104.24326237115227
27.76668900166425
31.059658716158832
34.10448223258979
20.916585964573546
.007194895859986082
63.37833100158558
6.605526540111564
53.084480731949846
25254793854669433e-22
26.287983417727794
.15528261804974655
3819755707424926e-25
13.281708619402606
6.50770095124976
1126.8930381805997
13.77723413745624
.5631836969691775
10.564480657389593
209.57286965222536
89.18131453558874
3.7965456201113037
10.65641982598661
6.219736455926637
4.022524291837039
32.75901656765953
18.997454438631838
.0005227691917768073
.31666402516143904
1.9419937641933165
48.220387440088714
264.5793887382683
17821904353931738e-23
21.050925213714997
6.403050150070749
.013751076681525082
1.4787755960663238
.6154282912896065
36.10940950104253
78.78572285660975
.6305909736852666
42.55887972364817
24.155463202347626
.00461434627331064
.02364464943245245
1.59292767531026
4645721728258337e-20
23.582581265431777
2.841000019020763
12.614205527860701
5.44557213299653
.18744176556524259
56.401780006730405
10.267859926162803
17.663709206071417
.006490996969500344
.0270742004315071
9.756806819550903
3.1550902742734115
191.5248177311212
11.06647150313671
150.8926789682768
421.9510709269519
16.7676471896049
18.097035118176894
114.4328915881599
17.840241881234547
200.7851612486657
4.155428988116548
4.598499525424868
.0018193522025694356
64.93488480184493
15.774954673179327
.09129254027059068
14301898594812579e-25
26.606333288269504
12.137950379865138
.0044603231655581796
48.24803166169896
1.2516032498759293
563977610824082e-22
3.6633942142637457
.4695833870544997
93.67654178272907
100.84241072746813
.2463261154589193
6.037809813368753
1.306842129003766
5.346512559203391
28.14349063280641
.0159408797303339
.8231219651508428
14.037978820201628
23.53266240574599
.9779629031006877
22.368463220981702
.6514124021082852
.12161177836000582
.017474679054550017
.5745913733771667
.00025389426452928054
.20640408796551746
814.0346408134975
9.506611753505426
5.283777839775523
.008321257209345019
.005244870860299189
100.55279657399362
349.78904686398994
16.124946425903804
29.803965054316713
79.75571478378207
.00031919054862761427
87.50238584562659
20.418376195630056
.018267295378424215
.04993183242766387
79.60586017944311
24.01101849243216
.5418006750947312
.8021772868701655
.319970406210054
.41276559558476944
6.357244874569837
.4397278559593783
2.3998335330071305
.001990772863692374
10.435736877390296
29.26035489299125
3.1214397501042086
3.8521954417671966
.6571194692592179
31.742383367052913
4.693681143647113
24.982353221120434
11.357500653889417
1.5984772139002634
15.67101957669395
7.275206331712247
.001990772863692374
1.999075365101615
7.96309145476949
2.3559078104146134
1.9953810982816924
12.04269138426713
.09998844005944083
10.39687448113941
1.7139683096984306
2.626872220098137
20.73970537710567
13.23213608246819
.6243724880930768
16.631231128286416
14.361587281463377
2.089596355865049
5.126180811992139
17.193227207098005
25.60882888545527
12.374506607902049
8.649910925889793
37.47701240383011
.001990772863692374
2.0579307858741585
29.01543280214801
6.887094110733538
37.735282244568126
39.78740525029445
4.245656122092295
7.015429362694651
17.112393413840373
.03998150730203229
5.7729518995919555
8.013272644256332
15.990064594093228
3.100319409317703
6.300508076262176
21.10363326585033
21.230888344929028
18.08545036165723
7.8934193130919
.4502793897384975
14.932600388629153
19.421447198907067
1.526220986814818
2.147995074017688
34.037507950033934
27.742979333283003
9.13911898517798
.3999537602377633
.09998844005944083
.09995376825508072
3.574699456487252
7.5218020948353885
1.9434755152711944
14.9513524648343
14.850566414994654
8.242015078534552
5.6181275263576005
41.66145895791068
8.181427727624179
13.533389013321171
18.12537268449688
9.609527820975085
11.638212106022737
.0012996093101424265
24.723615027226657
4.837778805634613
3.492343432080302
.00013968065386057678
41.8491192458352
3.8284684715451687
1.3183602356324546
.6689666877187297
1.5185998396260607
.001990772863692374
19.35298841083624
8.645680008131517
4.658879734189633
11.946662003815199
.03998150730203229
7.289277244132494
.5974804144912174
6.51335566043137
5.744406906583706
.0012996093101424265
4.402740629803847
10.598089954027708
3.1186433370666014
6.994174626529186
9.327379571161938
.5997226095304841
.3998150730203229
.18470902762715638
6.296878590051214
.0029792629073952617
2.4933711169452244
22.829752676423247
47.349232849067334
11.307136701521383
.17814413565889975
.17925242925809054
28.898607293533413
41.80428615917302
4.106471599628821
17.216648063700653
51.66987815644337
.2106226228974653
9.97690549140846
9.97690549140846
9.97690549140846
9.97690549140846
9.97690549140846
9.97690549140846
9.97690549140846
9.97690549140846
