.0028536908004153177
7.160733584234753
7.617694484972864
42.92999649062875
2.0511080233477412
54.771577691104454
.004570961253985216
36.25209487867692
5682612708613206e-22
.5137591024165344
1.8474610022830062
.05769186166843079
88.47652525619054
5.0026186314506305
111.22743160629683
29.731569624063994
31.363623083182215
30.704087098731424
20.669365965289984
.007186678005844274
63.35518651809011
6.397440616641014
53.366640074037115
24053077071035135e-22
24.865660859711312
.2137545725249572
36359628128098543e-26
13.272669453771217
6.339660012201359
1022.3177987137054
14.696224384229835
.571638754488149
10.548552387425957
209.1272111551541
91.25331658389725
4.046048669339791
10.554020627254372
6.209674111259283
4.352711261251984
32.69213643176421
20.252705953484533
.0005460604701667574
.3164879365205915
1.5754731112541267
48.538315796348165
264.1841084391914
17787167774842842e-23
21.329679931133985
6.489521300080891
.018593137825037732
1.4941238417616054
.7515008996994965
36.06726117448605
68.46475750719685
.7125482331294933
47.168862443718076
25.44918585599121
.012105158000060484
.04935301371221053
1.7955210260500267
52563899307322985e-21
23.550035474650663
3.445364154766751
12.81684445634814
5.139923181644903
.210203866199215
59.18253129340753
12.278973075511708
21.455717132684153
.01630910140899643
.038577372603969755
9.97691215276443
3.278063479649199
192.54343757095225
11.613946632297928
150.56636696797938
426.5282732914546
17.891882361750184
19.17879890634884
104.59710396887776
16.827173635177456
190.39214337675804
3.862246907064315
3.5041641196140687
.0017123108086206417
59.02330474010996
15.697793952076132
.08845388345978672
169419470867391e-23
27.651915750598956
12.77800704010133
.00382610245692737
48.54341225325571
1.1338135458245082
4456234882107621e-23
3.557146139590616
.341308702120436
80.13849524407905
87.74833985496397
.24374168248266626
4.644936808532734
1.1179267472939252
4.722777934498057
25.923106006208197
.016347171046176216
.829837725006465
14.255474737671621
21.352383679781894
.9929782991316236
18.147072744930174
.7279045897612975
.1289749592294497
.01767925414594247
.5497953830946352
.00021386408496854557
.1831507910929369
733.3648586879058
8.941120916848254
5.047865430655776
.007451109709408133
.005636452818812256
100.44394297214767
349.41038213327414
16.107490337581673
29.771700720991408
79.6693750983848
.00027373562552119544
82.70501864565905
19.621215003836074
.023739201705170604
.0663294485067952
66.40939523944633
20.75572996394169
.47183199087730937
.7107644543897462
.3199634748424247
.41273653626864903
6.357072732548414
.43969689845974674
2.399794543057155
.0019886177491251667
10.431442929426394
29.258294920184106
3.120475290584624
3.848025241005626
.6565932143538497
31.708020595669055
4.689986776372585
24.980594426038074
11.339063023437804
1.5983040861205338
15.654054887658504
7.267330544659454
.0019886177491251667
1.9988588493599686
7.954470996500657
2.35565264688465
1.9943007542107094
12.041843560757568
.09998573256389359
10.396142525604736
1.7138476437624506
2.6226077872168423
20.73824527078566
13.21781161092917
.6236965725886037
16.613226960594123
14.346040120597861
2.0893164255252175
5.122168614360427
17.174614649589753
25.581106003961988
12.361110564617006
8.640546950028243
37.436441599978004
.0019886177491251667
2.0568165759997017
29.013390072222876
6.883658820324838
37.69443185025839
39.74433332671634
4.241059979798541
7.007834797643806
17.09386836309321
.03997717698719936
5.766702380643055
8.004597862255023
15.972754522328724
3.0992015907981703
6.300064511057456
21.069373880515503
21.20790481045284
18.084177118865533
7.889145638873964
.45015747755543695
14.91643507654822
19.400422478037097
1.5260556849584475
2.1456697582778896
34.00066058760881
27.697941713109195
9.13847557751394
.39994293025557437
.09998573256389359
.09994294246799841
3.5688963322292997
7.509591291456985
1.943454464861582
14.92708061842204
14.834489908932134
8.241434828329114
5.609007125459754
41.5938262447153
8.180851742858987
13.518738419906809
18.124096631113865
9.599125010203108
11.637392758460145
.0012995178157005924
24.721874447700657
4.832541659917437
3.4920975658722675
.00013967008446322515
41.803815410246315
3.8281989416309483
1.3169330425053745
.6688942333125293
1.5184929279229729
.0019886177491251667
19.332037800144338
8.645071339310475
4.658551742078832
11.94582094091784
.03997717698719936
7.288764068097495
.5968336110469996
6.512897110437947
5.744002491734194
.0012995178157005924
4.3955932734284975
10.580885141805364
3.1184237799049392
6.986603070829315
9.326722909670691
.5996576548079902
.39977176987199364
.18468902217223276
6.295173723621892
.0029744264076953103
2.489323408154892
22.82814542764314
47.27236667190015
11.306340662163114
.1779512854202697
.17907777477983766
28.867323056799947
41.759030857718756
4.102026131777822
17.19801015190404
51.613942841505285
.21061358722880913
9.971503771053543
9.971503771053543
9.971503771053543
9.971503771053543
9.971503771053543
9.971503771053543
9.971503771053543
9.971503771053543
