.003259867584930603
7.160050600267512
7.518316920581414
41.94819085610429
2.05490623362534
53.99772000673935
.0045825128757764465
35.99677665363194
5548993067712021e-22
.4680784558848238
1.8456887918502818
.05993529999506254
88.40144984559335
5.216647715070843
115.3682963467691
30.838398814967814
31.46540653414227
28.791389650639303
20.459850097597837
.007180515841554418
63.337648527068
6.18230054544722
53.522772640283904
23652354497663873e-22
23.40029384708429
.25891409856294534
34159417499299863e-26
13.265271350427524
6.192856450138759
933.884957399077
15.252558214676716
.57769761278406
10.53678671873874
208.79854354997343
92.76337348645835
4.1942633259590885
10.475980773304906
6.2022462727523795
4.55368779703076
32.643245386777714
20.978642020191685
.0005597234461674807
.3163559359570491
1.3041299096061076
48.75764993668368
263.8867056151227
1775857152042905e-22
21.531636303525787
6.531130137037329
.02279525374563048
1.502930458881403
.8516843433084127
36.03599936773382
59.741568702702295
.7586688225382171
49.6504500692878
26.15644442187492
.025413041044908217
.08689146907762788
1.9083826983642747
56085488507484175e-21
23.525072904120183
3.8753789778106533
12.882992104378042
5.032449752718302
.22990626945870932
60.68600018973192
13.683219904078172
24.02259961303246
.02842502992868714
.04784916893085744
10.107429441846207
3.354495555483609
190.45081971273243
11.91128623846519
150.35559644967933
423.7466656718773
18.53118700305934
19.79137204582433
99.4162734507868
16.473950030370872
180.27289545701223
3.7629428094445743
2.815676663023589
.0016656723985331117
56.62919058879019
15.639861588073307
.08530428649122822
2004348695156865e-24
28.68827284814378
13.101396751032084
.003557831117475876
48.63594762582462
1.0857421367035616
40152721002066644e-24
3.5753863381114557
.2641692871041002
69.00801542768338
76.90733161708208
.23073659936444377
3.7442431686748407
.9701405933792074
4.297147657253516
25.0293848653268
.016590722108383325
.8337397866879227
14.38070280380323
20.205037947900376
1.001787766247999
15.55874963335558
.7604224683203681
.12854991155525394
.017198803963217903
.5422205395844459
.00018266436947528893
.16974542229983453
660.4267892230926
8.663783997330178
4.99858304902781
.006725336519879172
.005633053759194132
100.36238011001309
349.1266526222351
16.094410673692906
29.747525394440444
79.60468167770436
.000244306631076033
79.98768806643508
19.171324014363115
.029123751583753254
.08248692426023642
54.57183907090237
17.421732305233167
.4423217892557345
.6734497109115826
.3199582764152395
.4127147431241356
6.356943629091318
.43967368176529836
2.3997653010103868
.0019870029443842256
10.428223627963852
29.256750035752077
3.119752141511025
3.844900553314806
.6561987997710703
31.682272931490616
4.687217909294504
24.979275410984844
11.325254445757022
1.598174252591266
15.641343424101128
7.261429300027263
.0019870029443842256
1.9986964779431817
7.94801177753689
2.355461292373622
1.9934908800301872
12.041207732295906
.09998370199034545
10.395593592770995
1.7137571498853827
2.6194140062773448
20.737150258504396
13.207078434649521
.6231901161905512
16.599736626581915
14.334390796030243
2.089106502380348
5.119161527090933
17.16066845546964
25.560333539635
12.35107304989009
8.63353062113076
37.40604232218506
.0019870029443842256
2.055981314499923
29.01185811915571
6.8810834770670075
37.663823078268074
39.712059986146095
4.237616138585212
7.002144269708033
17.079987736871356
.03997392955886361
5.762019681643735
7.998097939088299
15.95978426711507
3.0983634914041684
6.299731857647185
21.043715844634303
21.190683489136347
18.083222245597174
7.88594190175166
.450066065079778
14.904322577758467
19.384668875210416
1.5259317203154499
2.1439274235835093
33.973051245423186
27.66421148522769
9.137993051492153
.3999348079613818
.09998370199034545
.09993482389715906
3.564550172221512
7.500446199443236
1.943438677204
14.90890259508442
14.822443951560523
8.240999667483322
5.6021765425056
41.54317377197095
8.180419780896312
13.507760883926546
18.123139650031877
9.59133029320323
11.636778285643086
.0012994491990963744
24.720569093473113
4.828617521562208
3.4919131775755687
.00013966215794006267
41.76986972141617
3.827996806647903
1.3158636616645993
.6688398976577737
1.5184127490851118
.0019870029443842256
19.316339727296768
8.644614865815955
4.658305763149378
11.945190182602984
.03997392955886361
7.288379209780623
.5963489680103496
6.512553219128466
5.743699199281534
.0012994491990963744
4.39024037160197
10.56799986423789
3.1182591221775087
6.98092978355889
9.32623044389084
.599608943382954
.39973929558863625
.18467401950298237
6.293895376724481
.002970804186174754
2.486291939365712
22.826940065314968
47.21479893936404
11.30574366942243
.1778067847592051
.178946895607212
28.843882106345333
41.72512153500663
4.098695189344077
17.184044960081593
51.57203109670877
.21060681073169904
9.967454400150931
9.967454400150931
9.967454400150931
9.967454400150931
9.967454400150931
9.967454400150931
9.967454400150931
9.967454400150931
