.005759143131875299
7.156221513326287
7.80169641030003
36.340437733355195
2.0730672175189144
49.969164796426384
.004643803779885223
34.38704276815875
6019356647335908e-22
.12469591928007251
1.834976708925373
.06576594321923207
87.93883354098122
5.937154039617334
129.75600248980416
32.89116410479466
31.29392418953082
23.30673372114926
19.185264163300374
.0071425697046258365
63.2243489997197
3.0492415825194126
53.94406367755926
25109608048015425e-22
8.067739298840035
.5344653261146557
1104655802264144e-25
13.225242516017794
5.348873426368387
293.725599718265
16.906278892663448
.6101892756622772
10.466474463441275
206.86050452305477
101.26436642205456
4.6797622256980915
9.986667561689304
6.157996016650505
5.238321644235801
32.35677737051444
23.032293132668176
.0005985514448500145
.315544954018511
.2086218537375247
49.828933590571566
262.036461452417
1753565754176268e-22
22.621091730515097
6.660380367149139
.0608001833053872
1.532520015473361
1.4389734769262323
35.85401724209304
12.06660763751586
.795744434834199
51.32543877547137
27.2808202978271
.8005300357863359
1.1416968188689836
1.9910300660393976
6068322500828509e-20
23.366107590882596
6.093366863295473
12.738619753940876
5.313284046348147
.3903075136249687
63.035805820007475
20.850746437477074
35.05739148798524
.2317635339959583
.11044862240672183
10.515607383930769
3.6294148827500456
137.02862254870413
12.40483763140215
149.77280753926183
307.61910074723556
19.91760378712586
21.14206270082641
57.40374878629685
17.43426041484518
70.02554216296923
4.050794822282664
.316342492574519
.0014653885242656792
55.65326696769118
15.283841524087837
.03663513674298279
6822340444918867e-25
36.94820742880378
13.728770318098665
.0033652450720098475
48.39537505077493
1.0705250577368628
3906208014550847e-23
4.507542293603846
.025335121850445532
13.003874754242691
17.08923704355925
.09731992500614925
.4013257105816048
.29387475444433003
1.4100689501819623
24.953658829579474
.017255300682248863
.8490349286222929
14.702562297134135
14.0887759700642
1.0244280146667122
3.693454375594911
.5641507346098751
.06929038618687847
.008851191550318098
.5836854036712207
50686963276062495e-21
.09658300503167676
147.08508612414263
6.456206257157146
5.637459327911533
.0025498458436612258
.002947858702768969
99.86196534145205
347.3858795070606
16.014162668578102
29.599201879003637
79.20776643601259
9881913508948383e-20
72.76936423752922
18.012597889461595
.00940854783624975
.02787946576815737
12.765326223373986
4.353108856251975
.41486309922649023
.6538879056345916
.3199262914581991
.4125806714831473
6.356149291035819
.43953085243100465
2.399585377513591
.001977095590478767
10.408436566172762
29.247245891418427
3.1153061676368914
3.825729574922122
.6537771077703809
31.52430261174409
4.67021653289753
24.97116081730763
11.240657195339264
1.5973755966481704
15.563354448142437
7.225223238965212
.001977095590478767
1.997697668947251
7.908382361915049
2.354284197224682
1.9885148178860892
12.037296109299525
.0999712084299091
10.392216552538606
1.7132004306569848
2.599847538813134
20.730413732099905
13.141226896543326
.6200828409603182
16.516969026281274
14.262918389289819
2.087815273297116
5.100697214601042
17.075104004685556
25.432887694104444
12.28948962236508
8.590483154311991
37.21953283535419
.001977095590478767
2.0508492665479907
29.002433528706845
6.865258137908687
37.476028276190036
39.5140525127754
4.216487049210129
6.96723102432349
16.994825566534196
.03995395337894498
5.733289795582112
7.958218789901813
15.880207519915977
3.0932115073080255
6.297685370571036
20.886523747312765
21.08502506451306
18.07734785578868
7.866257368774376
.4495039967883238
14.83000844605759
19.288015382355926
1.5251691661476474
2.133237631807863
33.80365892374195
27.45756568862906
9.135024546624896
.3998848337196364
.0999712084299091
.0998848834473625
3.537923737911327
7.444419455989635
1.9433415358565918
14.797536252515153
14.748538073168652
8.238322553648135
5.560329471067098
41.232855068619216
8.17776234662174
13.440410119336283
18.11725229293301
9.543507161432094
11.632998042783909
.0012990270690673258
24.712538541330876
4.804541652527674
3.490778818947229
.00013961339457997104
41.56160184587801
3.8267532702293097
1.30930266132774
.668505658160186
1.5179194880801223
.001977095590478767
19.220026928980424
8.641806636354612
4.656792498338039
11.941309751199983
.03995395337894498
7.286011557601777
.5933755248687917
6.510437596385012
5.741833341107527
.0012990270690673258
4.357446206500481
10.489059145050367
3.117246146206812
6.946122315280919
9.323200789533491
.5993093006841745
.39953953378945
.18458173231779448
6.286035199529472
.00294861290854089
2.4677198655272323
22.81952466432849
46.86211439806495
11.302070964166305
.17692022606115163
.17814367600156245
28.70006422784517
41.51707677746668
4.078258770814249
17.098363952195815
51.31488886894179
.2105651185786846
9.942574089430442
9.942574089430442
9.942574089430442
9.942574089430442
9.942574089430442
9.942574089430442
9.942574089430442
9.942574089430442
