.010952669400541204
7.149538938292213
7.434865110360234
26.961295285673856
2.0735929300910647
44.82097124737865
.004731546557263835
31.189119495705057
5520870157015333e-22
.05271919010539702
1.8132600907990915
.0605368348486362
86.96914837514893
6.178195561933006
134.65777459861593
33.79928705260337
32.32912370951671
18.410977005445826
18.17795892824094
.007063744558589907
62.966385678256756
1.561561999335891
54.077612574361716
2360384409167111e-21
3.795956449439188
1.0045129460958506
5922213619571842e-26
13.294118971609155
4.583354324456544
115.95948247157949
17.49725553060762
.6577509055728903
10.323949156749487
203.05442754321805
115.3001084365883
4.834908328941444
9.018506452746175
6.068829122611407
5.4633857661109335
31.785119788596404
22.486076094317067
.0006080357726798185
.31386651812123484
.08167252467750273
51.13603314318329
258.0409320000286
17082799692687045e-23
24.074151839695055
6.676915491513858
.13314663800950377
1.5925553368231529
2.5574178892362536
35.49321660464981
4.829406289560214
.614543994638756
40.393054150164204
27.744367844854622
4.220726401484402
3.829077160275581
1.5222259143059444
51024751337717165e-21
23.039966321626675
9.203317836020979
13.394656470027867
4.886131127912786
.5310907931706965
63.57181454674521
30.45865835992062
48.12819295053162
1.2641115929483988
.23988885793940684
10.592995050678379
3.7784419481944895
9.988476573824459
12.49414258629314
147.5550617295645
21.452532139202532
20.30384137216686
21.94193855302151
28.536593100567448
16.007286762553015
32.500286881277255
3.6351682197870043
.03555486657817924
.0010515626552509135
40.14417684877941
14.551563824593503
.01953152260899019
3201367076982579e-25
42.71578372387741
13.142768021031339
.0027653151518643717
49.28991168109169
.7866869044865706
2589396024895621e-23
4.859382876099355
.0024427745100211334
5.197243632592423
7.249782053411256
.031379039058950856
.03860060433620466
.07033453242826314
.4967575602949384
19.142420091198666
.017345219080677234
.834523104325586
14.45650843975564
5.016003726332213
1.0240331694075926
1.35581682153943
.24708988421884734
.02498781561915463
.0028623063749488842
.5639969248242584
11572301081785372e-21
.027743968839638776
28.646717033763984
3.234625925683572
5.097051826792828
.0006544579214276886
.0010714453041788105
98.83006235399199
343.79623929079736
15.84868362715453
29.293344641556516
78.38928934580221
200214261892214e-19
66.79073444132796
16.732623051525348
.004852280738504648
.014656137311984044
5.3751260844976345
1.8754149878966988
.3064499333193545
.4897868520375992
.3198598365371967
.4123022081849566
6.354498963904998
.4392341996324514
2.3992115373468184
.001956665681660796
10.367438790837214
29.22750603175744
3.106087630124381
3.786197188752092
.6487733450864377
31.198552743599343
4.635084415959187
24.954307018083735
11.066878551465651
1.5957172556366066
15.402533740328153
7.150562887350247
.001956665681660796
1.9956237271767172
7.826662726643169
2.3518400594493674
1.9782141853994926
12.029171770454852
.09994525164538148
10.385202528138656
1.7120441393535961
2.5596543390987607
20.716422142624946
13.005434743374028
.6136753430318347
16.346294339239734
14.115535468820724
2.085134634644044
5.06254085159914
16.898661945154892
25.170082203530058
12.162498720350314
8.50171517142331
36.83493248232341
.001956665681660796
2.0402257376760398
28.98285890038768
6.832489182279077
37.08877748051313
39.10574221470379
4.172916851409701
6.895236581957558
16.81921304765871
.03991247454353431
5.674046029972188
7.875984180197494
15.716112676346095
3.082532999819578
6.293434870340497
20.563621651023688
20.867147314156888
18.065146901516236
7.825509658235874
.44833825561264995
14.6767656176472
19.0887066602897
1.5235857873962118
2.1111942614646293
33.45435579806021
27.033076404193018
9.128859039512895
.39978100658152593
.09994525164538148
.09978118635883582
3.483228040087055
7.329330000363805
1.9431396904333593
14.568768864813052
14.596137102024802
8.232762258102541
5.474367725398601
40.59540215885228
8.172242925009789
13.301526418145253
18.10502440593698
9.444891301859773
11.62514657705433
.0012981503160173322
24.69585929418112
4.754894913975438
3.488422785690306
.00013951211814262123
41.132133619794715
3.824170477552283
1.2957732527777097
.6678116383243281
1.51689499785008
.001956665681660796
19.02142075155078
8.63597401707646
4.653649486830945
11.933250196480463
.03991247454353431
7.2810940058374385
.5872440014734313
6.506043503178376
5.737958002391155
.0012981503160173322
4.290080831028322
10.32690007889784
3.115142221560938
6.874345995398839
9.316908276526972
.5986871181530143
.39912474543534326
.18439010584163554
6.269733030658486
.0029030278556698794
2.429569337116037
22.80412307006978
46.137634098770505
11.294442851230837
.1750920574567147
.1764860869824501
28.40349804355523
41.088068641978964
4.036116926370781
16.921681540803036
50.78463706642632
.2104785081495242
9.891070926997449
9.891070926997449
9.891070926997449
9.891070926997449
9.891070926997449
9.891070926997449
9.891070926997449
9.891070926997449
