.011349977012413888
7.149058511986697
7.39591528309862
26.342209417567087
2.0734265781207744
44.514896568277656
.004736561915120839
30.960451674981257
5468432617442478e-22
.052644631889634724
1.811611459772103
.05989486415437397
86.8941530390837
6.1829564581390075
134.65782434101945
33.961202344558366
32.41346715880273
18.13547095070258
18.12542333931355
.007057734322637895
62.94610087249934
1.5588813555094363
54.07718600521221
23438950503057477e-22
3.803121804097789
1.0338282639871226
5957807813328042e-26
13.303789215522416
4.531007247165351
114.5232290249456
17.52948179810491
.6605756580699369
10.313079386396199
202.77076158007614
116.21345091642523
4.837731203680292
8.94929559658162
6.062054404417378
5.467328375493666
31.741575847923812
22.39687764105706
.0006083217644685783
.31373849339982257
.0815896797954162
51.2046028010664
257.7246660419318
17049283123834248e-23
24.152666068912595
6.669909487344979
.13784904470149353
1.5970395209084458
2.6382926965038873
35.465331443823395
4.820199329002545
.6076172804705843
39.91946848951654
27.851766332912224
4.500588026061036
4.046232726096884
1.503408876028246
5074961757311126e-20
23.01555539690424
9.39639285934917
13.449498484949892
4.843540891691041
.5363429121480181
63.747738697738406
31.008903711390936
48.926432694530135
1.3550773066980175
.24904570794127595
10.587572453281021
3.7826477384380635
8.968190742528513
12.523410169053253
147.29953698182982
19.24630381738125
20.355941000149937
22.035418687754568
28.255962905529184
15.864911650970987
32.42561853206238
3.593633564203232
.033093161393130725
.0010416509470108316
39.04414507397524
14.495991450142748
.019668057878219413
3190261013855196e-25
42.8932042546518
13.07529690444272
.0027204152673677836
49.36285189626191
.7652035699471496
24897470947152763e-24
4.851652676580259
.0022367333892792636
5.191043265417324
7.249043902473706
.029793101711960025
.035618342433124096
.06590265894793731
.4853544335812066
18.69583355831457
.017344801526610876
.8317712470256847
14.426546481017342
4.716437711957973
1.02372070157455
1.3369936419406963
.23657700638200568
.02378166314813172
.0026997332357015964
.5609868038165317
10817410489289505e-21
.025885481332621023
27.243444211810743
3.1471128461974716
5.036368726302118
.0006127079255387576
.00102082456215141
98.75156167497978
343.52316207538996
15.836095024086315
29.270076949620186
78.3270247646175
1834437767050976e-20
66.39996779264331
16.643324491169775
.004880821243111996
.01475344187273337
5.374021110580233
1.8762569042713197
.2976784649661219
.4760328027234083
.31985475326767765
.41228091333015937
6.354372730618439
.4392115137765004
2.3991829407670546
.0019551115028921934
10.364309096007778
29.225996470361267
3.1053835312053244
3.7831898138389146
.6483921351525035
31.173771745629324
4.632407697304465
24.953018161672183
11.053695544353928
1.5955904625518467
15.39029951393666
7.144883198107859
.0019551115028921934
1.9954651581774194
7.820446011568758
2.3516531860825816
1.9774283819589624
12.028550479903654
.09994326621463977
10.384666146388845
1.7119557145752897
2.5566052461500157
20.715352167270247
12.995104531757374
.6131879009522324
16.33331048418187
14.104323504641702
2.084929706091609
5.059633649158246
16.885239344728507
25.15008961729963
12.152838052479712
8.49496226246192
36.80567451018054
.0019551115028921934
2.039415301467485
28.981361974686966
6.829988789125396
37.059317879389695
39.074680539298434
4.169602305223098
6.889759698297455
16.80585355345984
.039909303163548356
5.669539137479254
7.8697282891122455
15.703629374331099
3.081717607707797
6.293109822889672
20.539126002209297
20.850572547388637
18.064213860963644
7.822401141241745
.4482492003577021
14.665107868585364
19.073544508221733
1.5234647257600116
2.109517340706874
33.42778301662599
27.000874258228286
9.128387546215375
.39977306485855907
.09994326621463977
.09977325790887093
3.4790787743468856
7.3205992088339595
1.9431242500109065
14.551414361222836
14.584543396160688
8.232337046999167
5.467846588628147
40.547044397187626
8.17182083964861
13.290961021029716
18.104089305764894
9.437389228475089
11.624546153861242
.001298083268298606
24.69458378624708
4.751118102846433
3.488242613342892
.0001395043734653098
41.09946238250651
3.8239729642879285
1.2947440206011218
.6677585751031575
1.5168166522625945
.0019551115028921934
19.006312044653225
8.635527980627769
4.653409132090825
11.932633860149615
.039909303163548356
7.28071794711997
.5867775537978607
6.505707474777474
5.737661644573836
.001298083268298606
4.284970431935903
10.314598543595988
3.1149813286528625
6.8688857051232866
9.316427070739156
.5986395474532249
.3990930316354837
.18437545450523102
6.268487648033847
.0028995697318015407
2.4266752030835113
22.802945267768663
46.08267435961609
11.293859508440626
.17495298190548447
.17635991742485332
28.380937156415904
41.05543240548503
4.032911040309939
16.90824065592103
50.74429884950985
.2104718838712198
9.8871419097948
9.8871419097948
9.8871419097948
9.8871419097948
9.8871419097948
9.8871419097948
9.8871419097948
9.8871419097948
