.014534846585396674
7.14529989222155
7.329139783848013
21.88991279254502
2.072213232622989
42.48190128062414
.004770185678549244
29.213236391379397
5397400091109929e-22
.054731526533132915
1.798450454520661
.05429676361461631
86.2856954708855
6.2207958748940175
134.64014954403436
35.06264430435648
32.831399595519265
16.918735435521835
17.739550434198215
.00700967687531907
62.781415875424216
1.6035070019565278
54.04981382868994
23200004765049827e-22
4.0397404879411045
1.2414326068708168
6823864987310668e-26
13.376876940955881
4.1041939060191766
107.83420723077725
17.763739547018275
.6801648090956368
10.225995473654446
200.52928112608595
122.88915065970802
4.859970335793052
8.42031352732182
6.00789710593675
5.4985162584956475
31.392582918056355
21.696405541626945
.0006101170036051491
.3127141583008459
.08538205758041606
51.650688276195005
255.1200956347084
16753861053520628e-23
24.67960389274811
6.605404674341032
.1829003806805384
1.628390000490008
3.2645092921652634
35.24110234016217
5.000364079222502
.5814340081873349
37.907231391343814
28.5695875823042
6.840621361551368
5.954119551802399
1.4269290437529496
50736261374210175e-21
22.821769465417336
10.797700022820667
13.708088538203798
4.7520526612861245
.6046365648534097
64.86858003262063
34.89131419418437
54.274653084854855
2.0576738668169265
.31808079039416925
10.533762756807796
3.8065684535995588
6.6327656558445955
12.701744575090036
145.2298967054241
14.304256621739023
20.677236034162956
22.679698704817696
28.77121364224111
15.559671969299684
33.314984518102776
3.495038753300557
.024162800994645038
.001026647613164306
33.25506928712116
14.053491594364706
.022762829758978826
3640642141759045e-25
45.05166021254187
12.481913929544866
.00258237604970797
49.69192979586211
.6493099252751369
20664643209396562e-24
5.05172353851566
.0014110931491723886
5.418630096340173
7.504004807703963
.02259933043511773
.024134479401884446
.04603546441875792
.4341824522395639
16.301169575145543
.017334230055724487
.8078138666969453
14.189062730596916
3.4476828162787823
1.020875361340569
1.3434534339676316
.18737828876557536
.018226116450794416
.001956057091074226
.5604884148310133
7432057007181615e-21
.018169596037748315
21.194678566481713
2.7121226647839154
4.86820776883856
.00042238496469920484
.0007886785091684194
98.12453909217709
341.3419633512018
15.735543812185563
29.084226731795898
77.8296876841893
11218010092599169e-21
64.12087356048839
16.13384357410015
.005613411636611585
.017066134929485898
5.554814319672404
1.9480535046441598
.25091388109889196
.4029294795645101
.31981400803623944
.4121102507408428
6.35336091876454
.43902970333663965
2.3989537191754002
.001942697531473235
10.339255172345727
29.21389844672805
3.0997451472711206
3.7591684676640202
.6453443900551272
30.97583402652794
4.611006556731371
24.942688926063543
10.948584754473634
1.5945744366741654
15.292578878559809
7.0995167953825415
.001942697531473235
1.9941945036540298
7.770790125892924
2.3501557213204958
1.971140548752004
12.023571293372692
.09992735216839786
10.38036744141263
1.711247055053109
2.5322942095598875
20.706777102247433
12.912592175809914
.6092944672193678
16.22960220502354
14.014768167970956
2.0832876997755507
5.036389385223974
16.778026595830223
24.990399239931623
12.07567366363563
8.441023538979739
36.57197705059883
.001942697531473235
2.0329303620520585
28.969365216853646
6.8099783504325275
36.824009912411704
38.82657603645948
4.143127434726509
6.846013201050812
16.699144864274988
.03988389007308055
5.633540425023613
7.819759485843742
15.603919252459027
3.075189107856508
6.2905048067889915
20.343817225259514
20.718181933713
18.056736227602983
7.797527444625066
.4475359607825157
14.57199183419692
18.95243712583816
1.5224946274663487
2.096122970136913
33.21553346341449
26.744120016232678
9.124608874429821
.39970940867359145
.09992735216839786
.09970972518270144
3.445995836920212
7.250986836921777
1.9430004820067905
14.41304338372972
14.491938905516207
8.228929292938421
5.415852242341983
40.161478154043124
8.168438136111208
13.206570125675935
18.096595166069743
9.377466569343593
11.61973420384827
.001297545930176579
24.684361528861903
4.720950900490158
3.4867986645756566
.00013944230665746002
40.83850153674592
3.822390040833406
1.2865230494478999
.6673333657475794
1.5161887700370926
.001942697531473235
18.885631554485222
8.631953326750665
4.651482865737096
11.927694378048706
.03988389007308055
7.277704113258725
.58305181244175
6.50301445444332
5.73528655477165
.001297545930176579
4.244224183325453
10.216515907262725
3.1136918904032798
6.825271747199481
9.312570560491737
.598258351096208
.39883890073080575
.18425804954613711
6.258513433994919
.0028719974087174005
2.403599685365881
22.79350604912522
45.64446921073178
11.28918444528643
.17384211875838343
.17535177989109216
28.20073252758434
40.794751127859314
4.007304090365883
16.80088186030402
50.422098159338965
.21041879032682767
9.85570274376001
9.85570274376001
9.85570274376001
9.85570274376001
9.85570274376001
9.85570274376001
9.85570274376001
9.85570274376001
