.020377258904847012
7.138664230129711
7.60129979205063
15.973170211342104
2.07011393569799
40.60108091568267
.0048089606293331665
26.389695070168237
5838882181260514e-22
.05888972108421317
1.774554022939124
.041507074862982156
85.10151135970197
6.288843034592803
134.50254258103595
36.46043777338
33.15525908540052
16.16417540141137
17.083702892810834
.006922076241904661
62.46967508310605
1.6902993865290679
53.959904155131476
24525971895437662e-22
4.476197058590624
1.5228592011716544
8996581582495271e-26
13.489391013969366
3.2969375992381447
93.13401270817423
18.090175738858054
.7054186050506119
10.06651153534005
196.55597308721994
132.74635990471506
4.899091381701826
7.564409543603563
5.909218855039828
5.553964124540812
30.752732421188473
20.49065694975965
.0006114756209393141
.31084397094704663
.09312654187201369
52.138414868892596
249.91494100552566
16066951822764224e-23
25.28278216656292
6.465155072458903
.28655181370302696
1.676219400035705
4.321763395643107
34.829052527740664
5.359638309027831
.6164223659621764
39.15799185561217
29.439700972035478
11.729197447325907
10.612464455133997
1.4927742900198253
5763393324252661e-20
22.47302626842077
12.87579688348639
13.867330611521016
4.981835853346554
.777495820586121
66.02183437614812
40.25135972137722
60.881586720033155
3.1089131303943573
.4269394914286363
10.408426605596754
3.8201248501616565
6.468879123915116
12.85413842182438
141.35496917806617
14.249126816816139
20.980278238344145
23.527924925164022
32.63966251666217
16.329889291182255
34.991482155933305
3.6814533708877692
.022647785969954155
.0010678589641381028
26.39222991540793
13.25733139658003
.03209014236046273
559264829484427e-24
48.84446745254175
11.127456984605619
.002633370043042032
49.86456834372102
.5049987029102334
1731988997045434e-23
5.792942427128608
.001002435132990314
5.875579369970285
7.954869800565469
.019859147573091852
.01866900256628368
.03700697838204524
.3531459717080137
13.180184073155504
.01730145575770655
.7607109468116667
13.766583251326395
3.0650713045388915
1.0148736641579035
1.5065913527364028
.1695376134104738
.015995672773440887
.0015179429727973904
.5908446433879186
5818281862981317e-21
.015606958465643037
18.465970065475744
2.1111735634811604
5.045913743388769
.0003273525560403866
.0006991018189238831
96.98464376798708
337.37665445320675
15.552746797483184
28.746360440998718
76.92555404040182
7371932187452613e-21
60.56266874472938
15.339060797426685
.007846999243265363
.02411377078929315
5.877873326735182
2.075913107580422
.19435380229931196
.31444909565679
.31973927735670904
.4117973662351354
6.351505242113355
.4386963809029648
2.3985332857187784
.0019201295596597671
10.293452911583408
29.19171851754925
3.089428542513985
3.71549887595152
.6397907178669743
30.615993270113727
4.572004426968946
24.923751806975595
10.75835825727884
1.5927122925607886
15.11492770873264
7.017042971057489
.0019201295596597671
1.9918656832048225
7.680518238639053
2.347411209342048
1.9596579087471768
12.014442694522744
.09989816559193782
10.372486404408262
1.7099478330900517
2.4882967917973398
20.691055994347828
12.762588888349361
.6022164017256206
16.04106580181464
13.851961097975249
2.0802789194747895
4.994026732015041
16.58311924398263
24.70009021522905
11.93539270972774
8.34296566933286
36.14712689566256
.0019201295596597671
2.021087772990053
28.94737094347599
6.773422942745657
36.39623193653094
38.37553460596989
4.09499745996116
6.766484282908429
16.505153867477773
.03983731366409641
5.568096587543905
7.728918730242025
15.422651296864274
3.063248982901148
6.285728896741657
19.99035299430026
20.477502497860854
18.043027097633257
7.75210389497962
.44623052363102217
14.402711595944467
18.732270033471455
1.5207166581580625
2.0717726822813765
32.82967451685826
26.27945354240679
9.117681241029981
.39959266236775126
.09989816559193782
.09959328416024112
3.3861232842473816
7.125004359905324
1.9427734590716088
14.162623551551572
14.323588627902904
8.222681682087458
5.321754363530356
39.46369140966165
8.16223645167355
13.053151748640772
18.08285577418774
9.268530207511603
11.610912208311186
.0012965608005510334
24.665620538455148
4.66610845325946
3.4841513990084803
.00013932852138008513
40.364087925437815
3.819487985821678
1.2715777399249608
.6665540538069725
1.515037641248087
.0019201295596597671
18.66624053056296
8.62539972987926
4.647951342523014
11.918638571373197
.03983731366409641
7.272178696576982
.576278603202637
6.498077201706876
5.730932180437225
.0012965608005510334
4.170482789546358
10.039008761073864
3.1113278969177918
6.745983778838679
9.305500221834919
.5975597049614456
.39837313664096446
.1840428729859131
6.240257703359169
.002822097808059919
2.361838274274021
22.776200643931585
44.85141808229938
11.28061341147047
.17182262577372018
.1735173830509151
27.873129631873116
40.320845757272465
3.9607519512427185
16.60570900291267
49.836353610019984
.21032142888635022
9.798289543735878
9.798289543735878
9.798289543735878
9.798289543735878
9.798289543735878
9.798289543735878
9.798289543735878
9.798289543735878
