.02457360396473851
7.133980837046615
7.867964531539489
13.206703985243566
2.0685943993397586
40.34158677700467
.004824401734383538
24.64596451683723
6296368491822665e-22
.06098465852001893
1.7575829575237425
.02964776286378077
84.08953502170107
6.3321506269462935
134.13539034279077
37.17499537269469
33.241377285441324
15.817940715028739
16.60813152614719
.006859584868363148
62.23755835888691
1.7295132611572352
53.882602714473315
2585742641030494e-21
4.712938270330766
1.6697574434587454
10624057727434151e-26
13.556326763793992
2.7322057271874978
80.06685029982175
18.243001506279693
.7176403626310497
9.952203327832317
193.80953811574008
138.4020744384536
4.9230193416146815
7.034672659878591
5.8388876448319635
5.588052728425421
30.293644374362135
19.68497446057885
.0006109708232810227
.3095077580297943
.09733053834590055
52.32522649703476
245.66043296571448
15423663303483407e-23
25.504356916381983
6.352883729407504
.3731677812291966
1.706136403478873
5.014636590765094
34.533045460482256
5.531436431469307
.679175081158458
42.0721167710651
29.86686113259641
15.314246879420967
15.285575503994295
1.629291762129205
6644979465442138e-20
22.225024356092934
14.129437273585728
13.876346013754713
5.226304134431337
.9195065636993202
66.43644121050086
43.193046897781464
64.10851423429247
3.6633265397132972
.4944007403709007
10.305766069174895
3.813210877786137
6.373840561995786
12.883459027636246
138.46729759761817
14.284298773081883
21.070403184624684
23.974729567502504
35.80519078812986
17.15116214140426
35.61852438492224
3.891074010986799
.023880509686527725
.0011013548785731328
21.639222744973512
12.69906332426599
.04145291599155721
7844941250969336e-25
50.58690528666819
9.857922025024852
.0026981614356843464
49.85013161137718
.40414591083267654
14949497243432174e-24
6.379266583415152
.0008898046059079039
6.114035479155927
8.18756671404719
.01957618232682502
.015981234170680685
.03509932003879162
.282535876409879
10.781780744586715
.017273077701082665
.7265892527581501
13.471986453961609
3.136737590671552
1.0102395365944932
1.6350513447602217
.16826583317259683
.015636162681572394
.0012781329008046392
.6074586545489514
5414535344603472e-21
.015674608007982805
17.81052091915907
1.6572959727545191
5.264935765217654
.0003012777431814878
.0006858524242518754
96.17408783751088
334.5570055124377
15.422763630436119
28.506110726922348
76.2826433525843
58222434605452025e-22
57.56398577692856
14.646233244857427
.010077719773844536
.031219023613758695
6.0424957839823135
2.1442078570512035
.15538284543456288
.2527808912325117
.3196856124072884
.4115727817992494
6.350172726528342
.4384571263877377
2.39823135252528
.0019040819428268578
10.2606804407635
29.175798052356026
3.0820397782703646
3.6844463347287593
.6358312780116178
30.36011796915498
4.544194664882614
24.910158988762813
10.623769853781729
1.591376139263105
14.988603645282545
6.958397544589735
.0019040819428268578
1.9901946733723574
7.616327771307416
2.345441926350366
1.9514517379680536
12.007890304788678
.09987720743202277
10.366829498369334
1.7090152684333122
2.4571678886109813
20.67977158721122
12.655924660799805
.5971833361094138
15.907001474600898
13.736192366138182
2.0781205281383692
4.963819574513751
16.444524667286966
24.49365748702163
11.835641831984914
8.273238751355882
35.84502475931769
.0019040819428268578
2.012624361416674
28.931583739606364
6.747287965627582
36.09204788741779
38.05480839662816
4.060773232830967
6.709932918167574
16.367210891858765
.0398038934674471
5.521560831622639
7.664323752423135
15.293755412045176
3.0547015400394755
6.282300810517322
19.740271185300614
20.306360341266565
18.03318686213237
7.71964155133497
.44529523654428904
14.282339928374512
18.575713779027353
1.5194409032165515
2.0544576974654403
32.555298220349904
25.95069430122275
9.112708675719945
.3995088297280911
.09987720743202277
.09950973366861786
3.3437624596705544
7.035869666787923
1.9426104149574488
13.985447364669685
14.203878236061673
8.218197228133986
5.255178552754884
38.969995708522916
8.157784963103266
12.944059121703075
18.07299381707912
9.191067819296117
11.60457989445433
.0012958536872961675
24.652168498863304
4.627111126135358
3.482251226154919
.00013924685177245068
40.02674224291415
3.817404928412856
1.260950440198796
.6659948703303091
1.514211375948926
.0019040819428268578
18.510236122298725
8.62069564313306
4.645416461011194
11.912138430916851
.0398038934674471
7.268212624221626
.57146231454822
6.49453330579508
5.727806667074641
.0012958536872961675
4.11830952973904
9.913419509485935
3.1096310530866265
6.68960374849166
9.300425224544226
.5970584020117061
.39803893467447143
.1838884763049784
6.227178292295248
.002786793012531056
2.3322913829128
22.763779048766924
44.29032124857069
11.2744612346787
.17038660618443288
.1722116706939249
27.640178005241438
39.98386147418783
3.9276496903228866
16.46692563072983
49.419842805809104
.21025152629162208
9.757258689840262
9.757258689840262
9.757258689840262
9.757258689840262
9.757258689840262
9.757258689840262
9.757258689840262
9.757258689840262
