.02457360396473851
7.133980931548737
7.86787045219746
13.207094416878364
2.0685947834392193
40.34202267373237
.004824400364051014
24.645975422718628
6296215059613546e-22
.06096932983611822
1.757582954265077
.029647773080029423
84.08954299145108
6.33210857111427
134.13446039495454
37.175055379538904
33.24147189139453
15.817734362417601
16.608150171364926
.006859584872361967
62.23755850816838
1.7291584757214564
53.88259735753503
2585697713965072e-21
4.71180996101552
1.6697441796831598
10620888946364811e-26
13.556331113697054
2.7321573828102186
80.04700896162724
18.243028171342765
.7176401690383754
9.952203276449778
193.80955935916512
138.4020114546051
4.922992311605202
7.034675716347258
5.8388877136574076
5.588011721711888
30.29364408893135
19.68485908035779
.0006109712340309335
.30950775803024017
.09730453384373558
52.32522463325973
245.66050645718477
15423691144501502e-23
25.504339723773715
6.352877517322552
.3731539846776594
1.7061382999628034
5.014568345091967
34.53304500710589
5.529988328025258
.679193767278179
42.07310335516654
29.866906873495147
15.31403115773035
15.284459781061889
1.6293360522320333
6645143933701987e-20
22.225026461137112
14.129387924390368
13.876415011435197
5.2262039621083565
.9194791454086294
66.43653167463393
43.192864358169885
64.10810472992401
3.6632839809463342
.49439421350527657
10.305755664649679
3.813204732728101
6.400741901833963
12.883471976038345
138.46715130013598
14.344532870817247
21.070408680391736
23.974744135118282
35.79746362353974
17.15082570936616
35.61042114701595
3.8909747482563524
.02387462538902637
.0011012421021203383
21.638813743188038
12.69906311563889
.04144316767953765
7842659271253669e-25
50.585682782859365
9.858212261062212
.0026978586640071874
49.85022422421177
.40413886916942915
1494536195749515e-23
6.379075961617706
.0008896066504852254
6.112420811424067
8.185588521347956
.019576865607248934
.01597753767732735
.035100801035621264
.2824669996056291
10.781595427294391
.017273078221516174
.7265894789528555
13.471966734286163
3.13678596954813
1.010239490876549
1.634586966806559
.16827077393193768
.01563664695805542
.0012781684512255466
.6074491073061239
5414761665769278e-21
.015674855737738563
17.806893433617937
1.6570507302051614
5.264813728827544
.0003012899280609754
.0006858718669817989
96.17408783942118
334.5570055190829
15.422763630742459
28.506110727488554
76.28264335409948
5822425244405658e-21
57.55896050996966
14.644947794601645
.010075036405348518
.03121069837232076
6.042095988830423
2.1440644839741507
.15534362247517997
.25271702835872517
.3196856124072884
.41157278179924955
6.350172726528342
.43845712638773787
2.39823135252528
.001904081942864678
10.260680440767734
29.175798052356036
3.082039778270769
3.6844463348019425
.635831278015394
30.360117969758015
4.544194664907792
24.91015898876282
10.623769854852371
1.591376139263108
14.98860364558026
6.958397544727948
.001904081942864678
1.9901946733723612
7.616327771458698
2.3454419263503707
1.9514517379704708
12.007890304788681
.09987720743202277
10.36682949836934
1.709015268433313
2.4571678888586095
20.679771587211228
12.655924661051186
.5971833361212755
15.907001474916855
13.736192366411021
2.0781205281383786
4.9638195745406435
16.4445246676136
24.49365748750814
11.835641832220002
8.27323875152021
35.845024760029666
.001904081942864678
2.0126243614191672
28.931583739606378
6.747287965633602
36.09204788813468
38.054808397384036
4.060773232911625
6.709932918300852
16.367210892183863
.03980389346744718
5.521560831732312
7.66432375257537
15.293755412348952
3.054701540040219
6.282300810517324
19.74027118729
20.306360341669905
18.03318686213238
7.719641551344532
.44529523654432346
14.282339928658198
18.575713779396317
1.5194409032165543
2.0544576975062476
32.55529822099654
25.950694303838006
9.112708675719949
.3995088297280911
.09987720743202277
.09950973366861805
3.3437624600075324
7.035869667496984
1.9426104149574488
13.98544736607911
14.203878236343801
8.21819722813399
5.255178553284491
38.96999571245023
8.15778496310327
12.94405912196018
18.072993817079126
9.191067819478677
11.604579894454334
.001295853687296168
24.652168498863315
4.627111126227265
3.4822512261549203
.00013924685177245074
40.026742243709194
3.8174049284128575
1.260950440223842
.6659948703303105
1.5142113759489264
.001904081942864678
18.510236122666388
8.620695643133063
4.645416461011195
11.912138430916855
.03980389346744718
7.268212624221628
.5714623145595709
6.494533305795081
5.727806667074643
.001295853687296168
4.118309530154074
9.913419510484989
3.1096310530866274
6.689603748624534
9.30042522454423
.5970584020117072
.3980389346744722
.18388847630497876
6.227178292295729
.0027867930128119035
2.3322913831478433
22.76377904876693
44.29032125303418
11.274461234678704
.17038660618781723
.17221167069616816
27.64017800579045
39.98386147498202
3.9276496904009006
16.466925631056906
49.41984280679072
.21025152629162208
9.757258689852348
9.757258689852348
9.757258689852348
9.757258689852348
9.757258689852348
9.757258689852348
9.757258689852348
9.757258689852348
