.025622690229711385
7.132810618805717
7.9382869161252305
12.670124316525067
2.0682117369428874
40.37969279835892
.004827082590547173
24.24459050252108
6422932946433812e-22
.06135952045274069
1.753364857628662
.026243967982338808
83.7783572714477
6.341742626947948
133.99097804449045
37.32695196241308
33.246396628421806
15.734685626103396
16.487283007672378
.0068440157227027155
62.17838553322719
1.735700191267636
53.86199683661653
26217639833071913e-22
4.759800863636909
1.7013690400868835
11026842853993415e-26
13.571579747856653
2.5972283216405727
76.65155129971366
18.271112281457448
.7201155610184987
9.92366110029952
193.13693424407703
139.66806799852952
4.928139602467335
6.9125491926472
5.821378512854004
5.59533355567829
30.17896452021311
19.490940663450584
.000610665172169339
.30917462326140627
.09814138108288668
52.357159256168615
244.50147345482023
15238113601545955e-23
25.537840283820046
6.323517420084134
.39640032449179036
1.7130962199097926
5.17865643444952
34.459021945751026
5.560103167288777
.6986491070843938
42.974159646540436
29.956452473313824
16.11154366387013
16.636813309426756
1.6719735706028878
6912246060497976e-20
22.16301191281001
14.42363636108476
13.866757668047619
5.2925981110652565
.9574910813854234
66.50210674173773
43.84465743249389
64.77964012918824
3.779538674058397
.5102469862627612
10.278988707423249
3.8098449921178466
6.351408808962517
12.883516641963222
137.72773662529028
14.301025609287572
21.081654056308835
24.070892172526694
36.5972998620904
17.37424886571493
35.68708382485289
3.948822987888756
.02424022205253797
.0011091116425112964
20.435452681749727
12.561366042821815
.044231633331240014
8548505644219405e-25
50.90488266735333
9.492522259732052
.0027126118015129543
49.8311182674667
.3788280539346823
1429315557203989e-23
6.529818190683047
.0008698174231690164
6.158283335074896
8.230761103770966
.019533446599661018
.015218659862148388
.03475783354650646
.26377415101669527
10.15339170126922
.017265295019567
.7181000712212788
13.39945528164374
3.167474521735106
1.0090471929168074
1.6657262969281046
.1680209062804296
.015559103696909434
.001211963326561082
.6093685342300774
5335996825649509e-21
.01575422238286123
17.648047966390102
1.5423468887795475
5.325479540452743
.000295992443331037
.0006828713671096691
95.97250955577181
333.85578309555433
15.390437935831727
28.446362691369302
76.12275699941702
5459312475288712e-21
56.73324221958745
14.451030647467114
.010729537748180624
.03330673907484296
6.072712930993243
2.1574284511921773
.14558134021095082
.23716455773799042
.3196721975773532
.41151665483085365
6.349839641314916
.4383973331497881
2.3981558751658554
.0019000910386763141
10.252503639421336
29.17181929290539
3.0801953499834682
3.6767238350616003
.6348452526726079
30.29648398466679
4.537268695319133
24.906761942679772
10.590386661280899
1.5910422761194332
14.957187938241072
6.943812931912507
.0019000910386763141
1.9897771399974518
7.600364154705243
2.3449498637917343
1.9494055702445146
12.006252765793288
.09987196857909916
10.365415753978668
1.7087822067484753
2.449446702086674
20.676951447159116
12.62939818569298
.5959316560209108
15.873660830598237
13.707401679196792
2.0775812803070686
4.9562963772948585
16.410057389239597
24.442319444719825
11.810834647457188
8.25589826714216
35.76989455884117
.0019000910386763141
2.0105140519850777
28.92763828412922
6.7407699929401685
36.016399933159235
37.97504654953414
4.052261962184043
6.695869080613804
16.33290566138945
.039795542799948985
5.509987789756759
7.648259537545259
15.26170011517034
3.052568408504282
6.281444081125492
19.67824110727112
20.26379876030431
18.03072764190731
7.711547227979538
.44506172123581966
14.252404530943558
18.53677958635812
1.5191221317431987
2.0501516098084367
32.487063197545744
25.869149140200694
9.111465958187443
.39948787431639665
.09987196857909916
.09948885699987257
3.3332553169703107
7.013760773736788
1.9425696560669556
13.941500734799988
14.174107292211454
8.217076496840539
5.238665145587051
38.847539849030525
8.156672470346088
12.916928724574792
18.070529168303384
9.171803590229642
11.602997355671917
.001295676969247334
24.648806635437413
4.617412826612123
3.4817763448868666
.0001392264418516271
39.94284727591876
3.816884341592624
1.2583075222485594
.6658551477747223
1.5140048800439467
.0019000910386763141
18.471439169023515
8.619520022359993
4.6447829566726595
11.91051394978786
.039795542799948985
7.267221444147787
.5702645450238562
6.493647633851453
5.7270255551109805
.001295676969247334
4.105368518996008
9.882268458928412
3.1092069867451246
6.6755825203266
9.299156907746493
.5969331419992343
.3979554279994903
.18384989737742666
6.223912725227646
.002778036041241418
2.324962597248633
22.760674708626514
44.15114726979344
11.27292371481008
.17002948047543692
.1718867807277848
27.582244941205808
39.9000563841216
3.9194174430133413
16.43241140087016
49.31626015459185
.2102340542733794
9.747027851222567
9.747027851222567
9.747027851222567
9.747027851222567
9.747027851222567
9.747027851222567
9.747027851222567
9.747027851222567
