4.708856141882827
1.5086529344970403
3.117489062978777
2.509171637887197
.04987250596826531
21.721767721276212
5.386920527494803
9.493070770079736
6.211785321990944
.001
13.099140847935429
8.608521185267607
1.1292562458605242
1.942601887161068
5.554403474246492
9.16175695973299
8.985737884945213
16.986155138319816
3.6609073971183506
1.8341529080578307
9.373504734527101
23.703208002892058
.3871550215442938
6.839499175087841
15.870631908393333
19.807175123712735
15.655199360516669
2.1416428449796507
1.120827586316942
7.498311482318846
8.169928172885218
5.5181483659842625
7.9103930061795085
10
.5033698719808963
5.679871005326037
1.3799452477367629
6.623925535345245
6.648783644769194
1.7080966817516188
11.511105204636648
.001
.7707860326304058
8.58280106307758
5.2287987842665
5.546515459520782
35.9
40
0
12.31
0
0
1.3133777
.22992125
.16955314
1.0168719
.15052308
.073559222
.67333166
.24777684
0
.74300613
.1155795
.13664728
0
2.635901
3.1155022
1.8482848
1.5794221
1.8111495
2.2098124
1.7722675
2.199977
1.4064041
1.8478653
2.090608
2.1839539
1.7245703
1.1150582
1.9889952
1.9364745
2.3361078
4.113413889510958
.98531742
54445733e-12
2.0544630558477053
4.840896160043388
8.198556136031506
4.690294935136477
.6365463361434889
6.626906720779746
10
12.791267018282694
.06515018813368956
10.357665023124982
9.824711453051421
8
3.1760744737934674
127.15959706523277
3.383538826073722
80
.001
13.75678668974245
225.14731669461918
5.477540754545236
1.93502509102036
.44571563228729033
15.94475389230438
3.2391414433476813
192.2297187789657
3.8121847607666024
7.996082798104074
7.871826998700508
3.6544632812698707
.001
10
4
11.784987457413148
2
92.663935925077
2
80
13.188335112116075
.881718835077494
159.58415513992261
6.646733197842554
.3136332122465373
8.354158041636026
7.214076273285306
8.451776012203918
3.557468964228762
8.636458493415962
12.863762286752031
6.2159309249125085
4.345001423138965
18.82535827533826
.001
2.062694477407178
223.26273423640055
7.491678838823331
18.955091729841467
19.98590897833469
2.1326672668310787
3.523972769893414
8.59585426641856
.2
2.899854626752654
4.02520688844119
8.032088886542162
4.663218177201643
48.48001647180947
7.083508210526149
10.664646244750992
139.16067098407615
7.911690974610579
.9016004822693319
7.500906135988321
9.755732335473603
7.634634558848857
1.0789754638475975
17.09763507972631
9.312027906103253
70.32204920243618
8
2
.5
1.1998603572762816
2.5247191431694165
97.17826941947565
5.018473672706555
7.459699037413372
63.41917539534475
1.8857441256399452
13.983814202666277
62.95297874349309
6.798057809679108
139.467858094295
4.827033759718762
89.5516215157561
.01
190.23882665565986
2.43010083865709
26.872256183649306
.001
21.02154394862298
29.458610689127806
.6622353859029579
3.3463805287037065
11.685048943360032
.001
9.72134428984602
66.52522370114465
35.84830993307569
91.92502631814742
.2
56.08821964605391
.30012485371286635
50.117797784301516
44.201029199722875
.01
1.477795269049658
3.5572859071016016
23.99677589817224
3.5132961444716453
71.77064290297929
3
2
.92397230665572
12.608324748949112
.001
.8369087235490584
175.66627522790913
15.892935373892286
87.00412203327639
.08948491257234044
.1
14.516275473000924
20.99902350569358
2.062752448821492
8.648223198988248
25.95468277611993
2.659339587434647
10
10
10
10
10
10
10
10
