.031845725029115785
7.125811560232473
8.368928439048679
10.473245305129446
2.065921164856149
41.20985263013876
.004835736387277317
22.1287971425483
7260950231684902e-22
.062100093523655184
1.7285417328226615
.00189508229668985
70.36804782194469
6.289469344468639
130.86024900806854
38.0504265223013
33.13124953761546
15.226871360443996
15.756453467451363
.006752081479007489
61.81725826531741
1.7379298936535446
53.7298166925486
28518952693572318e-22
4.916634774212049
1.8590515819970954
13268733845600827e-26
13.651928820351939
1.880886842206359
56.82792587574451
18.36287260140165
.7311008077593795
9.754519930357585
189.26244841030558
146.18848301187154
4.888139481500615
6.26691828684222
5.71806743740822
5.531929936113043
29.49874551751446
18.144560800564918
.0006075490852517812
.3072060355684578
.10046901860406844
52.45777519157932
236.450908432463
1387399372588219e-22
25.58810810901885
6.139289703787401
.5470374061685107
1.7501777784919155
6.0602686418941625
34.01957244122594
5.589278326407445
.8407369621648844
49.3004261034404
30.379900745923262
18.970149465146328
25.58283775276972
1.9819725422229655
8894530831868464e-20
21.79263038485349
16.068113244209602
13.707753500186257
5.7137009205628555
1.206423643491602
66.63931274000038
47.172583677223805
67.944052196089
4.3221532535811
.5982507663504479
10.11415573663474
3.7797092658881315
6.192749569896404
12.836854183922785
133.17282571774248
14.405256977754592
21.07756953140016
24.537065512772813
41.00762629759806
18.795229308842373
35.28116002290048
4.32292847835252
.02680684624073667
.0011456353466029428
13.34850973335309
11.760688037553745
.06508351472900051
14373962612559736e-25
51.959085580746994
6.930242926943064
.0027818072479485673
49.58366185233196
.23402456549724662
10007374642291818e-24
7.456005099701961
.0008090256515774685
6.264987508262247
8.331189142598873
.019717289746189005
.010242415348470342
.03392665477757522
.15408423826049475
6.407036771255484
.01721140586458966
.6683377841679108
12.977363779379855
3.471551095199978
1.001699687172916
1.818421620077914
.1692009828285198
.01537795325518631
.0008027754727531679
.586856784986678
505753597083382e-20
.016793904205907137
16.73055824261751
.8972360764065939
5.715383209367071
.00027458556193771217
.0006764326498303292
94.78543157760684
329.7263417604245
15.200074569983473
28.094511407432694
75.18119937120164
34875363474797856e-22
51.458672428494665
13.192243320497264
.015639151466702774
.04915758126911563
6.1351575252229615
2.1941228169488998
.08995076567919408
.14775988846736618
.31959263423187634
.41118387473737894
6.347864185011261
.4380428155287103
2.397708202731406
.0018765889312607476
10.20413377624452
29.148228994342375
3.0692771270949066
3.6312466675206236
.629027643849991
29.921748665975073
4.496401285386589
24.886620656852976
10.39450776042051
1.5890632856172555
14.772183414560857
6.857925343329858
.0018765889312607476
1.9873021900098822
7.506355725042976
2.3420331383356117
1.9373120198684697
11.996543700872639
.09984089807637268
10.35703358041894
1.7074003703250553
2.4041419419238554
20.66023067108705
12.473185948114674
.5885606145776036
15.677320510937086
13.53785568371795
2.074385412287101
4.911903650269068
16.20708241403726
24.139993921688262
11.664747171172152
8.153781576974758
35.327458966517646
.0018765889312607476
1.9980414021986204
28.90424544678186
6.702235525395471
35.57091533125258
37.50533556992758
4.002139786997316
6.613048294046237
16.130884971091525
.0397460438001976
5.44183509482929
7.553658692883236
15.072929099387451
3.039945556876268
6.276364482222424
19.314274015016547
20.013157098711158
18.016146780696353
7.663707011298962
.44367905615508385
14.07611742922148
18.3074993170923
1.517232597872547
2.0247934125583305
32.085232741349856
25.390675533726807
9.104097812918813
.39936359230549073
.09984089807637268
.09936510950049406
3.2716037070095245
6.884034844439027
1.942327897540586
13.683639909919897
13.998788644146368
8.210431615150805
5.141771235712647
38.12901901970341
8.150076435421964
12.757160039714485
18.055916120896516
9.058358124310164
11.59361439024566
.0012946291975523675
24.62887394965207
4.560300335671343
3.478960745945957
.0001391054345106641
39.44879669199717
3.8137977517473147
1.242743595074679
.6650269353299306
1.5127805536902317
.0018765889312607476
18.24296709129985
8.612549697720462
4.641026872226635
11.900882305724341
.0397460438001976
7.261344679251171
.5632109784738151
6.488396432858208
5.722394296382595
.0012946291975523675
4.029435968198046
9.699486852774282
3.106692672489469
6.593012656956531
9.291636982930171
.5961906570029633
.3974604380019762
.18362121885253943
6.204577009797384
.0027266537203013913
2.2819602846177265
22.742268893532117
43.334531363732985
11.263807669168894
.16792639644808915
.16997214078367354
27.241081875765385
39.406535078068785
3.8709384133894154
16.22915993029375
48.70627041205053
.2101304425216652
9.686560099342339
9.686560099342339
9.686560099342339
9.686560099342339
9.686560099342339
9.686560099342339
9.686560099342339
9.686560099342339
