.032406223770352356
7.1251735212056415
8.407853003246395
10.343961308702902
2.065712721547108
41.32393235535468
.004836012737129494
21.963175943055127
734267181461269e-21
.06202906782447444
1.72632240463591
.00020045328338254861
30.462786206242182
6.080533136362894
126.8232061257478
38.098860176797075
33.10796224267177
15.17767885908548
15.689544949126796
.006743835041930932
61.7838371255747
1.7349875869146543
53.71699915712221
28735868103464057e-22
4.919521354215452
1.8712526981836244
13449329285016717e-26
13.658411546653445
1.8248940129408244
55.16190997443299
18.365403583587707
.7318267483536055
9.739180241622051
188.92282224641804
146.7030364184945
4.752652962320628
6.216070276793588
5.7087442432570965
5.328401395012719
29.436700344711305
17.490658132389644
.0006071704987119282
.30702935819368105
.10044379719204706
52.460706425258294
235.59446920131325
13724815131349878e-23
25.581541442205534
6.122163957490445
.5615738987348341
1.7531809539322678
6.130947180506474
33.9799581389471
5.578927341246909
.8553616523426378
49.92371500110133
30.408374782750375
19.033581965444686
26.408343232619465
2.013635974254632
9105611855416353e-20
21.75897282834988
16.20920870604954
13.684740516755404
5.75297546242692
1.2308134365884196
66.62933584226538
47.43414859903793
68.16924225992587
4.3606402461200116
.6057487157389683
10.098859374783698
3.7762404959518014
6.178314841813491
12.82857702040051
132.7502403619189
14.419515227367315
21.070946375001213
24.56997718720292
41.35992730798954
18.9281301896605
35.17255296115829
4.358334687841741
.02705481676087182
.0011478626408280344
12.734085177089959
11.689968477041623
.06734484472626909
15060744169569094e-25
51.98895353454765
6.673260061151851
.0027863470836389124
49.549705299134395
.2219458998123154
9599503710068585e-24
7.541535738900913
.0008073743685487198
6.260015326976117
8.325689343569046
.019766349668659332
.009775843971561535
.033934033454946076
.14502299865153329
6.085522807384101
.017205830840723566
.6639216405356568
12.939803215305341
3.5081172157980003
1.0010152204759781
1.8286722216096383
.16950354205183177
.015381607802488005
.0007660949462653979
.580926774235649
50449073998720094e-22
.016927775088618504
16.643032723653736
.8452455815435013
5.7519699528970625
.0002733196283467497
.0006766705744607894
94.67923688063392
329.35692645720286
15.183044871578785
28.06303517658312
75.09696865607589
3324639351649844e-21
50.967802988134096
13.073883823617875
.01617399266538287
.05089683219987343
6.131558557659684
2.1941186425695696
.08530529273759485
.14023463485734397
.31958546906143026
.41115391498315146
6.347686289009772
.43801089877345656
2.397667885697488
.0018744864584484065
10.199788399011592
29.146105190782738
3.0682956422166487
3.6271783298755556
.6285062855622857
29.888225254417033
4.492738542947229
24.88480736337471
10.377044121558027
1.5888851620069815
14.755633112312633
6.850241933637289
.0018744864584484065
1.9870794264207952
7.497945833793611
2.3417706117252766
1.9362264631750608
11.995669606524737
.09983810008069492
10.356278944355473
1.7072759654088965
2.4001027832050776
20.65872532160422
12.459211372275323
.587901209275808
15.659756120784545
13.522688284487216
2.0740978070368836
4.907924841180103
16.18892449485994
24.112948211215947
11.651678345399132
8.144646329613026
35.287879162561175
.0018744864584484065
1.9969218163004168
28.902139420395816
6.698775620621911
35.53106276623516
37.46331573967071
3.997655912051034
6.605639237106107
16.112812421197535
.03974158852841586
5.435738229316801
7.54519580483624
15.05604185087719
3.0388112025335317
6.275907172612583
19.281824425862013
19.990734969928333
18.014834084934584
7.659412716752126
.44355473280042607
14.06034697800264
18.286988155092494
1.5170625260129773
2.022524895980408
32.04928542843942
25.34801708387853
9.103434468488999
.3993524003227797
.09983810008069492
.09935397132103972
3.26610714026897
6.872469092485115
1.9423061242157926
13.660650255073424
13.983104829731959
8.209833385189945
5.133132631745665
38.064959091740654
8.149482603071181
12.74286730799291
18.054600527453854
9.048209417066104
11.592769654206434
.001294534868044434
24.62707943616124
4.555191114726819
3.478707261275669
.00013909454073828648
39.40459946737176
3.8135198701222435
1.2413512631804478
.6649523901562282
1.5126703291985308
.0018744864584484065
18.22252822923104
8.61192216855877
4.640688716883011
11.900015181474402
.03974158852841586
7.260815601835161
.562579974128576
6.487923674137837
5.721977350249138
.001294534868044434
4.022666180134001
9.683190906929376
3.1064663120832217
6.5856260473310755
9.290959973987258
.5961238279262372
.3974158852841589
.18360063611381466
6.2028384246255355
.0027220727149308717
2.2781264012605145
22.740611842201837
43.261725741431874
11.262986963566934
.1677382568522911
.1698007427521379
27.210561801246943
39.36238520206235
3.866601532447178
16.210977276142824
48.65170139716079
.21012111288486324
9.681132315875292
9.681132315875292
9.681132315875292
9.681132315875292
9.681132315875292
9.681132315875292
9.681132315875292
9.681132315875292
