.03254210130220343
7.125018604620841
8.417275268767359
10.314047325288813
2.0656621308886542
41.35233054141474
.004836069178649583
21.924621730663283
7362625173632539e-22
.06200901075300077
1.7257848189742817
9947952768031835e-20
18.83733887748645
5.954940018325855
124.46091761534525
38.10932977902596
33.10189243097376
15.165637212442775
15.673301297052612
.006741836733533264
61.77571178670804
1.7342102163742559
53.71384302722516
28788615692405047e-22
4.919983519633325
1.874181749068641
13492564564066227e-26
13.659966098452829
1.8115524236812188
54.76316272266784
18.36588796279457
.7319970506096397
9.735429584493811
188.84062854764525
146.826163199335
4.670679762683711
6.204190276997815
5.706467695017261
5.207154498125025
29.421446536793137
17.132905870588793
.0006070765556380091
.30698654325745767
.10043277737256828
52.46128795447049
235.38265239360874
1368789259613161e-22
25.57969901304852
6.118079979910973
.5651186379424251
1.753903066243375
6.147842950536017
33.97035394970053
5.576152759219137
.8589390333087725
50.07631213233106
30.41457162123323
19.043755533975077
26.607377318457708
2.021392944473533
9157523852834507e-20
21.750806565263613
16.243242463971253
13.678942412094468
5.762511663982834
1.2367728277809422
66.62548862854706
47.4975404236896
68.22169649812933
4.369771247873065
.6075564869873562
10.095119790761842
3.7753701433858433
6.173826045450052
12.826311936763863
132.64827489449206
14.420553469211862
21.068891343641997
24.577412001777734
41.4441861069678
18.960413180735276
35.14479813196809
4.3669378894051
.027115342292272717
.0011483763851004795
12.586294488476709
11.672860110781636
.06790331013697773
15230620649252085e-25
51.9947094056185
6.610590411730392
.002787446281222737
49.54117289814736
.21905432776016412
9500932278842983e-24
7.562308618790511
.00080706355833695
6.258507635174298
8.324060199749752
.019779037990365417
.00966311871751552
.0339376649572967
.14286288207014305
6.00840413499378
.017204460575347483
.6628520891508034
12.930683710298476
3.517202865074149
1.0008487293485833
1.8310939369736194
.16958167566773627
.015383050455658236
.0007572556999201526
.5793692458609767
5042103440169356e-21
.01696114842517018
16.62181686007847
.8328613458851142
5.760855043446722
.0002730326511313393
.0006767451600486789
94.65351081433678
329.2674342052095
15.178919362841834
28.05540994081615
75.07656344730982
32855908549494045e-22
50.84938208476435
13.045351878612552
.0163047487404269
.051322555137035264
6.130129635525049
2.193922622245491
.08419588088280229
.13843636722851374
.3195837320867605
.41114665239200193
6.3476431637589705
.43800316178260973
2.3976581120415728
.0018739771264713867
10.198735260300213
29.145590356221057
3.068057755422878
3.626192759720363
.6283799616475615
29.88010408139397
4.491851061016544
24.884367800050295
10.372814962158706
1.5888419838348367
14.751623739104627
6.848380598629293
.0018739771264713867
1.987025427264915
7.495908505885532
2.3417069737878005
1.9359633913753178
11.995457715938894
.09983742179526783
10.35609601184027
1.7072458082174788
2.3991246224566
20.65836040746814
12.455825978514943
.5877414658517554
15.655501080952863
13.519013924756573
2.0740280910451565
4.906960773615211
16.18452567038104
24.106396285738523
11.648512373012128
8.142433281448026
35.27829080561269
.0018739771264713867
1.996650497926171
28.901628895226754
6.697937130713564
35.52140833188981
37.453136277138235
3.9965696764156937
6.6038443650882535
16.108434277749843
.03974050854529826
5.434261240626687
7.543145638253836
15.051950851165008
3.038536273216447
6.275796315470705
19.273966127482296
19.985303124572276
18.01451587229008
7.6583720453602755
.44352459926288845
14.056526526650956
18.28201924865479
1.5170212996308141
2.0219753392742508
32.040577056161894
25.337686511564428
9.103273666122313
.39934968718107133
.09983742179526783
.0993512713632457
3.264776039856401
6.8696682209730975
1.9423008459077196
13.655082863555156
13.979305366473259
8.209688367324105
5.1310406259814805
38.04944573575587
8.149338651236917
12.739404839768811
18.054281612377963
9.045750854418126
11.592564880414377
.0012945120014800336
24.62664442532312
4.553953386662308
3.4786458136580083
.0001390918999707311
39.393892522832395
3.8134525084003967
1.2410139655220933
.6649343199838478
1.5126436095061122
.0018739771264713867
18.217576837724604
8.61177004822757
4.640606744114238
11.89980498052097
.03974050854529826
7.260687347346497
.5624271109434816
6.487809071952772
5.721876277681061
.0012945120014800336
4.021026744444343
9.679244527077875
3.106411439701074
6.5838366132599555
9.290795859184458
.5961076281794732
.3974050854529828
.18359564674135304
6.202417025752553
.0027209633354897582
2.2771979519285206
22.740210153782286
43.244094445669134
11.262788015030976
.16769267932485718
.16975921803989572
27.203168197961315
39.351689727904706
3.865550906664317
16.206572459523176
48.6384818472695
.21011885123293875
9.679816956876577
9.679816956876577
9.679816956876577
9.679816956876577
9.679816956876577
9.679816956876577
9.679816956876577
9.679816956876577
