.034686105659837374
7.12256089322753
8.564378656984418
9.910738126573346
2.064860802875988
41.83382307876371
.0048364577794814375
21.435019041844317
7683653072180847e-22
.06153928723614276
1.7173261223170806
19725244896245486e-21
6.258012751858168
4.346833487238325
93.39141322490852
38.17747204442349
32.98103471125873
14.967853871518178
15.415852591178895
.006710346926402182
61.64627695688677
1.7184869951999548
53.66038004466717
29625065830633977e-22
4.914462512989966
1.9196316564957667
14141303842760617e-26
13.683667263892254
1.6130941372117207
48.74893553541637
18.367208527606206
.7344057367619298
9.673400654151617
187.5471136867686
148.6891039419778
3.5687789297456374
6.04962082471524
5.669049199616461
3.6986547197746606
29.16197537013185
12.540286431832794
.000605488879136917
.3063117759054822
.09999330930339752
52.464182576913636
231.7968685193194
1306365906059251e-22
25.53802589759324
6.060682166365234
.6219099121189073
1.765112960503175
6.401813036197789
33.81877340024295
5.518103074727411
.9163295042237393
52.57588975410903
30.45952859583697
18.937781159341483
29.652543845181505
2.147412078036428
.0001000847339464076
21.621717427011035
16.769934838529213
13.57670774502326
5.912777136767919
1.3328271274411863
66.46056977186193
48.53655609809389
68.91582005134516
4.505695648545353
.6355722625141408
10.033513001554695
3.7595583754209136
6.103512019454283
12.771691019379187
131.098748592532
14.422485792460794
21.00248765897576
24.65513887485543
42.698933039107985
19.469976345351157
34.63090526380884
4.50245525874139
.02807897954662101
.0011549148996741723
10.326323434246516
11.40476857922779
.07722263947551239
18146918524764074e-25
52.00928649294698
5.611189563431599
.002803976946564223
49.391625859519046
.1755475305441453
7956878461489909e-24
7.890480653650005
.0008063414513763286
6.218372638141698
8.282053027375047
.020022338914865042
.007919181387261234
.034088799593039266
.1108663330216649
4.842018234901224
.017181921099514413
.6459872825562163
12.784963718097544
3.6716030628830607
.9981926895799395
1.8662680784552383
.17107695072118145
.015439595326162098
.000621677318736994
.548172419415403
501021031753526e-20
.017532189133474263
16.28617498502108
.6496136974515959
5.900559753114591
.0002697627187289269
.0006787276725890862
94.2485046786181
327.858555337451
15.113971370710942
27.935365654361508
74.75532371110526
26944339709843444e-22
49.00391941048227
12.603085017056731
.018481473398395672
.058433234788257814
6.095287347132355
2.186814902508852
.0675001762310735
.11132206746982466
.31955632570539605
.4110320733326336
6.346962731500663
.4378810983048082
2.3975038993179063
.0018659586998130647
10.182132227495343
29.137468012749878
3.064306592895563
3.610676902946004
.6263900609938968
29.752252241723536
4.4778707150738795
24.877432981442578
10.306310982829295
1.5881608330567103
14.688504071648552
6.819077552832901
.0018659586998130647
1.9861735716809683
7.463834799252244
2.3407030630505665
1.9318171237936748
11.99211480105976
.09982671977553814
10.353209957112925
1.7067700300062778
2.38374294112105
20.652603299901262
12.40252963585061
.5852266209417425
15.588513877403972
13.461168383251694
2.072928356267614
4.891773846823866
16.115274861363943
24.00324915129211
11.598670386777522
8.107593206206282
35.12734105096526
.0018659586998130647
1.992374256304918
28.89357453935698
6.684720527883841
35.3694183190523
37.29288073179556
3.9794690403500037
6.575587647886941
16.039509050748944
.039723471433619324
5.411008968982274
7.510869812034298
14.98754613551515
3.0342014693364434
6.274047365711703
19.15039355344004
19.89978944082179
18.009495555885668
7.641970051458275
.4430493946809284
13.99638106092858
18.20379362442457
1.5163709390227795
2.0133236536512613
31.903480923244363
25.175237168144378
9.100736750090604
.39930687910215257
.09982671977553814
.09930867858404839
3.2438443449344474
6.82562421989584
1.9422175616637998
13.567535042465863
13.919490316848607
8.207400477187182
5.098143613842197
37.80549657037136
8.147067579463132
12.68489511180287
18.0492502139884
9.00704563823858
11.589334244406674
.0012941512446391166
24.619781429510706
4.534467801315209
3.477676378633094
.00013905023807598356
39.225332814435674
3.8123897688673942
1.2357038796496844
.664649256689909
1.5122220633718346
.0018659586998130647
18.139626951516178
8.609370105273191
4.6393134918098715
11.89648872231139
.039723471433619324
7.258663926453277
.5600205818156453
6.486001038112533
5.720281695315119
.0012941512446391166
3.99524644464423
9.61718728607806
3.1055457395945507
6.555665505796547
9.288206684144027
.595852071504289
.39723471433619356
.18351693764446933
6.195771583775347
.00270351822631933
2.2625979878805227
22.733872872731585
42.96684045303302
11.259649281809825
.1669751511163694
.16910534444710434
27.08677050772907
39.18331059802792
3.8490108774391674
16.137227316077293
48.4303661269892
.21008316796969406
9.659085618968362
9.659085618968362
9.659085618968362
9.659085618968362
9.659085618968362
9.659085618968362
9.659085618968362
9.659085618968362
