.03635733032646177
7.120626463246631
8.675965575249931
9.677195626717001
2.0642320719427514
42.24353051450171
.004836171110889454
21.150764224641918
7939546453220646e-22
.06100757383447586
1.7107637980993449
14313252306410522e-21
5.305027560782786
3.790236341350517
82.18698814995078
38.15555689682387
32.859679105019
14.801692094409404
15.213800653475367
.006685853817527254
61.543745213525185
1.7025024651522465
53.615249273816985
30277044863754217e-22
4.895990785741411
1.9535013001893395
1460535643213098e-25
13.701131445674966
1.4742999010362066
44.46925551364265
18.360592987241372
.7359452884874702
9.62275882041723
186.54769392860808
150.0429300696634
3.1630717170438585
5.9562084919651
5.638702475917716
3.194077405859275
28.944770140242195
10.902233097919066
.0006041252957463908
.3057868546528273
.09936242360972006
52.45887134567055
228.62622749760357
1251807101821345e-22
25.48972257925449
6.021335815626993
.6669617818221164
1.7735322980382333
6.582881871112768
33.700584189886975
5.4575514567722205
.9612015495651057
54.54613933612469
30.455159331542827
18.5187254051294
31.834617483769993
2.2468871740142085
.0001070304121899477
21.520831778806137
17.164807193257985
13.48377728871463
6.02837535905103
1.4097524994346318
66.25231792471932
49.35307590771895
69.34442264590736
4.601701092425126
.6567311023394582
9.98328042492748
3.7452646837815102
6.046267526549979
12.71469098338153
129.92946116547225
14.412038635503194
20.92484841159741
24.684273614070104
43.580130331266275
19.86295025916619
34.150512675884244
4.606620248613535
.028838420175404656
.0011579751046071546
8.683376554747374
11.19825555330309
.08511557797166684
20732119798500543e-25
51.92643502926392
4.836360935418952
.0028163465812782082
49.256326057509774
.14484107951068426
6792029596035287e-24
8.144774054952268
.0008108944908396074
6.169387205155224
8.231694353674596
.02026391868808402
.006636792873835857
.03431527546942066
.08901740211119064
4.012632198841091
.017163246710540696
.6329199549884554
12.669779452238757
3.804864899479996
.9960847139271044
1.8890523697005386
.1725612090969653
.015520787247232956
.0005228991159385728
.5147720730201193
4999710121996747e-21
.018026462705239277
16.024017533016014
.5243642789477797
6.007276683753344
.0002684344766254679
.0006813528052161676
93.93400968767342
326.76453401856014
15.063538015767243
27.84214897576843
74.50587492744808
2270096655703415e-21
47.623564711509516
12.273864769869887
.020318428502299056
.06446583403569037
6.055008000827258
2.1767669851375473
.055714908926063476
.09211054255926587
.31953496440283824
.41094278253041594
6.346432393625039
.43778597493833565
2.397383699301502
.001859732238540263
10.16920911832102
29.131138317180486
3.0613857895915655
3.598628544154867
.6248433295557158
29.652972849108757
4.467003393947504
24.872028717171872
10.254767808909573
1.5876300870490763
14.639490445694952
6.7963231787391996
.001859732238540263
1.9855098141623981
7.438928954161038
2.339920825647457
1.928591319576295
11.989509686713841
.09981837848022322
10.35096087125667
1.7063992587816756
2.3718215390598463
20.648116819073675
12.361144009003603
.5832737958918252
15.536497035890864
13.416250216717048
2.072071531157098
4.879968432646835
16.06150028702053
23.92315343359112
11.559967133599146
8.08053922311484
35.01012568671726
.001859732238540263
1.989047332032725
28.88729782613449
6.674436440536324
35.251395174474055
37.16843924354023
3.9661900702053092
6.553645767908795
15.985987297052445
.03971019628324793
5.392953136452044
7.485807017228407
14.937534645123398
3.030826833114772
6.272684419219736
19.054619996131265
19.83338643399073
18.005583252174947
7.629209268402024
.4426793317768056
13.949676959361932
18.14304993484993
1.5158641844137832
2.0066054547113112
31.797023160563956
25.049332600545956
9.09875974601256
.3992735139208929
.09981837848022322
.09927549070811992
3.227621466203346
6.791488403805786
1.9421526451107662
13.499682071648195
13.873042789685398
8.205617537557222
5.072647148288832
37.61642646681108
8.14529774628687
12.64256726812064
18.045329274150387
8.976990299471185
11.586816628339726
.001293870108907085
24.614433136331456
4.519336872554307
3.476920903491742
.00013901777180329268
39.09444298514507
3.8115615820593227
1.231580496665881
.6644271381663167
1.5118935548929828
.001859732238540263
18.079097377775888
8.60749984352682
4.638305667724361
11.893904381354796
.03971019628324793
7.257087086184424
.558151866036997
6.4845920477357435
5.71903904644506
.001293870108907085
3.9752657083078704
9.569090507538123
3.1048711044786983
6.533790103413112
9.286188954920943
.5956529442487184
.39710196283247967
.18345560828792004
6.190596483091087
.002689997587327699
2.2512824471604693
22.728934266043648
42.7519578113253
11.257203285056073
.16641797677373776
.1685974053499737
26.996385480671112
39.05256099140307
3.836167229201205
16.08337948925025
48.26876029983585
.21005535751371804
9.642956597881462
9.642956597881462
9.642956597881462
9.642956597881462
9.642956597881462
9.642956597881462
9.642956597881462
9.642956597881462
