.040173183822784043
7.116141471742806
8.914285073504306
9.359225057177742
2.0627834355813603
43.23265605212697
.004833870216281462
20.622549885342924
8525934889854547e-22
.059543177926552296
1.695882058384352
12409012927353264e-21
5.133083698719489
3.3986392623311836
73.9975280207737
38.031899616035254
32.519935132767806
14.373803327908
14.74906091872826
.006630095435018231
61.304004673527274
1.6604046895780291
53.50616392252327
31728783288965195e-22
4.829625903945143
2.0233707477951866
1555797272082172e-25
13.738031051402263
1.2077445234115343
36.21352899099102
18.324169382583698
.7384919650762518
9.50463306779506
184.31022432792662
152.84486283635084
2.869396521464188
5.777170019354385
5.568269907327934
2.842005432992793
28.433379915484345
9.64428235864772
.000600669939348034
.30459176219703293
.09747790201872306
52.425112039949106
219.64804679427544
11047413530520248e-23
25.33073352794606
5.934854198348834
.7700065603289197
1.7915369177102105
6.939549621732075
33.43076857767371
5.296856349737345
1.0588896608824176
58.692573911561794
30.411698587741835
16.579161094772104
35.80567269177885
2.461883722738309
.00012338632346789013
21.290073365119532
18.004708211138993
13.235845834056947
6.278923960847801
1.5878420214682096
65.69970711377081
51.06339342036969
70.15372362261378
4.790745476716737
.7024816209123453
9.865811714112331
3.7090721169906544
5.905754576595259
12.570530276740104
127.235673132106
14.38591464005006
20.7237735537579
24.714534896570036
45.33292393546619
20.71725002333999
32.94704201826688
4.830823443847049
.030600705267135403
.0011589825194556263
5.464731371940928
10.735025273414083
.10496308317724035
27648212770441324e-25
51.474239039391854
3.2008291406422633
.0028472313225385566
48.894297544464926
.08727293767562175
4406543542079931e-24
8.705116339011271
.0008366187313258609
6.030539741854081
8.090339896067618
.020937385307895857
.004129002131519451
.035086442032371774
.050369767161721556
2.4452847314330373
.017117579215306006
.6035864850289788
12.403590212633874
4.138469212703787
.9911502039663963
1.9267274380626187
.1766172638386949
.01577450851939166
.00032946164554909494
.41046473082977786
5008578826611639e-21
.019243683393559134
15.44499705730104
.30100342848307815
6.233194006413113
.00026743455132077553
.000689774097408966
93.2198613721833
324.28025444498314
14.949015061460813
27.63047459013557
73.9394321102994
14446164586382585e-22
44.818437688050395
11.607042577964702
.024912840786899506
.07966963035945906
5.943884896307174
2.1465349426245757
.03360075559481366
.05586003309636971
.31948619618033536
.4107389804147408
6.345221656316669
.4375688602652029
2.397109273060224
.0018455933270870829
10.139763645062313
29.116691080549373
3.054727244488087
3.571269395733247
.6213260282751072
29.42753138568271
4.442289144042006
24.859693734568037
10.138045093528705
1.5864189165086051
14.528191380785572
6.744653045996426
.0018455933270870829
1.983995109311221
7.382373308348315
2.3381357478801745
1.9212461205875204
11.983563634017615
.09979933568146773
10.345827437079185
1.7055529906540676
2.3448247844188126
20.637876634621424
12.26716643686639
.5788393636750946
15.418378335074296
13.31425103107258
2.0701164972198938
4.85312019034671
15.939390165113055
23.741273837663975
11.472080636652722
8.019105632729133
34.743955612987854
.0018455933270870829
1.9814718813379237
28.872971519253387
6.651014379675529
34.983390810918905
36.88586024618422
3.9360364765604876
6.503820628951852
15.86445127471511
.03967990218622436
5.351952348657292
7.428894973452005
14.823969651572503
3.023135696508284
6.26957355705122
18.837734833254466
19.682599945056705
17.996653600367544
7.600152796128922
.44183553724179064
13.843622311686577
18.005114499197738
1.5147077626134566
1.9913499161678159
31.55528121211291
24.76421389536435
9.094247325877486
.39919734272587093
.09979933568146773
.09919975546556102
3.1908837507545837
6.714185730284385
1.9420044313672313
13.346024809236829
13.767570765528038
8.201548060526191
5.014908820093542
37.18826548628489
8.141258184128661
12.546450130695987
18.036379910782863
8.90874129656101
11.581070286408
.001293228429634899
24.60222590514848
4.484977891974236
3.4751965665127518
.0001389436710184961
38.797221236646344
3.809671284072662
1.2222172091834365
.6639202602842453
1.5111437495228395
.0018455933270870829
17.941648151655876
8.603231057814172
4.636005355981668
11.88800574295646
.03967990218622436
7.253488021388358
.5539084273054518
6.481376092535167
5.71620275802039
.001293228429634899
3.930018091152559
9.460172368329278
3.103331281109385
6.484115920317627
9.281583581530723
.5951985327933648
.3967990218622441
.18331565375439546
6.17879653873871
.0026593792614317113
2.2256577031176485
22.717662125280064
42.2653427366036
11.251620410885735
.16515275751848194
.167443355767878
26.79114114712838
38.755657657452815
3.8070021549774875
15.961103027212419
47.90178933826889
.2099918725931674
9.606230602937588
9.606230602937588
9.606230602937588
9.606230602937588
9.606230602937588
9.606230602937588
9.606230602937588
9.606230602937588
