.044063167980996173
7.111463848328912
9.123418913047303
9.265386572765332
2.0612925725300366
44.21604401087057
.004829488068439226
20.14725178013869
9095172504276613e-22
.058264286357783066
1.680855772731377
11753876603300013e-21
4.940967621147091
3.3284004901052455
72.22992042185854
37.88339254798274
32.121013108218726
13.858385529494276
14.272910890498805
.006573478836872354
61.051122497995145
1.6224995825223285
53.390648207935406
3308880923892102e-21
4.77225927229916
2.0824754818865054
16462564449771788e-26
13.771841097823616
.9992454230085283
29.96482821254946
18.262847718391708
.7399079242750546
9.383430573732884
182.10193892336028
155.33790212769952
2.815697837520197
5.6135476824665735
5.496353186051784
2.7760986379219363
27.908588667555744
9.29432674259498
.0005967771726911149
.3033783654250667
.09591375612981308
52.36363871060142
206.5658241997438
9179434949737469e-23
25.103058108805165
5.843801013416853
.8703988925347294
1.8084474182245973
7.222977969098674
33.15617372595078
5.1541488863895815
1.1441715564178807
61.99246146028886
30.362006539013507
13.493157140449297
37.956993180121664
2.6434672329466418
.0001398489209993093
21.05564843216494
18.757874277366145
12.95285045700506
6.500289373314164
1.7635303832564633
65.11437107494862
52.47318246767205
70.82912517485553
4.944131829623234
.7445719593801786
9.744779239921577
3.669052330672193
5.754720539889416
12.418996597595246
124.36555120332949
14.36990232287962
20.513608244339594
24.725547161627365
46.94219749692345
21.475287705382854
31.856258104682414
5.021968164631415
.03242473155300309
.0011537052552277579
3.0872430858253423
10.275022017182337
.12744922454051075
360546776929323e-23
50.74772173209986
1.8892889602273453
.0028883522233120154
48.47504104319803
.047280647506245436
2552448793093218e-24
9.215793748548045
.0008817355969954114
5.911246403732666
7.9700839369724505
.021651308839869227
.002308853253583338
.0359783497591683
.025877497166897957
1.3447239114061995
.017068083463894584
.5745377485743329
12.126475512898256
4.483552274543932
.9859544646244225
1.954581205949865
.18049023947020643
.01600826735951254
.00018639192607950643
.281959571897587
5027723207237708e-21
.020419713424511834
14.922369397823147
.15662106827079564
6.418211150661667
.00026672699080204946
.0006970949143592756
92.49742741323085
321.76715193034346
14.833163396651177
27.41634433020962
73.36641734846799
8298686894576733e-22
42.62674826274818
11.09241086056116
.03007792202559923
.09694922719683302
5.848778004348944
2.1213479051109596
.01822040957927166
.030458337318601602
.3194364881980165
.41053132306825185
6.343987635742089
.4373476385337347
2.3968295478694834
.0018312903741082066
10.109833892326833
29.101970552192853
3.047954250446801
3.5435928228434372
.6177607747733102
29.199474320501327
4.417235505032758
24.847125416775953
10.020422144245524
1.5851851676015272
14.415601009365307
6.692383429521393
.0018312903741082066
1.9824521676756364
7.32516149643281
2.3363173930978864
1.9137870201591007
11.97750510257945
.09977992667730193
10.340596896090243
1.7046907140618197
2.3176198150039804
20.627442741313363
12.172098524474512
.5743534825877186
15.298889205426677
13.211068437349752
2.0681253814847076
4.82590240002925
15.815863305377711
23.55728405054511
11.383174468913756
7.956959281680825
34.47469739876517
.0018312903741082066
1.97377895870786
28.858374208219303
6.627221898024199
34.71227702519669
36.60000272982699
3.905533036923414
6.4534174121252255
15.741505175329252
.03964904335351266
5.310475864285272
7.37132262859638
14.709087061906132
3.0153152331288497
6.266403848134964
18.619176925052194
19.530064011281677
17.987555030447155
7.570645747359799
.44097700578902904
13.736337203924572
17.865578718328955
1.5135297830601249
1.9759173808430421
31.310734541517597
24.476896187839884
9.089649546367742
.3991197067092077
.09977992667730193
.09912260838378179
3.1538626925405993
6.63628685329722
1.9418533499148825
13.191182452077562
13.660875040959345
8.197401603071313
4.956725180115242
36.75680227766148
8.137142207432488
12.449217829496463
18.027261256427835
8.8397004596683
11.575215243570945
.0012925746120112812
24.58978775539209
4.450220273944994
3.4734396110448276
.00013886817133246636
38.496551082005816
3.807745228189077
1.2127452875979183
.6634039332996207
1.5103797604296392
.0018312903741082066
17.802604221386737
8.59888152144708
4.633661530300552
11.88199552273063
.03964904335351266
7.249820874740162
.5496157556350044
6.478099302590338
5.713312816833109
.0012925746120112812
3.884421497888962
9.350414188677814
3.101762329610162
6.433865410762381
9.276891090411889
.5947356503026894
.39649043353512714
.18317309022018888
6.166790507712239
.002628524789084593
2.199835326049842
22.706176754618134
41.77497460159529
11.245931928054459
.16387285902164084
.1662750168946341
26.583515541609625
38.45530961164855
3.7774987036949312
15.83740789744646
47.53056073094039
.20992717409947945
9.56893510079549
9.56893510079549
9.56893510079549
9.56893510079549
9.56893510079549
9.56893510079549
9.56893510079549
9.56893510079549
