.05695084800041108
7.095192626051854
9.509065753381435
9.665344682974286
2.0563445172299755
46.34557800477563
.004802741151569322
18.75364512154308
10418283085376314e-22
.060260283464825454
1.6320877525898856
1182425546969204e-20
4.9110547264907
3.2791372238805914
69.71315929146373
37.26618289982673
30.94880359624942
11.735928645938458
12.74305233333877
.00638734615562451
60.146139241741075
1.6385906732336128
53.01112023921109
3611841770891528e-21
5.048297451468836
2.195747057014483
20046032628673365e-26
13.861424792076502
.5960625700132662
20.12847113360569
17.959547308761266
.738419213207484
8.982550908956902
175.34074366794707
161.57633155985533
2.776618274248188
5.131573395389165
5.260755848841981
2.719509628680514
26.188270413179723
8.692775394924677
.0005825731259310885
.29939350639984535
.10174849106411134
51.98136796669057
104.65468107388408
22984403271714675e-24
23.89990867225295
5.521764831394759
1.107017194700653
1.8614626351276815
7.686362060122067
32.25606409380645
5.254448144347299
1.2497462538489972
63.8781452448609
30.12588058204526
2.89077207790442
31.542355273095563
2.805385667008974
.00017822392243929246
20.313852231967505
20.38811206268891
12.146908644867539
6.864298564920638
2.172437430197422
63.10770078618518
54.65101065751948
72.05483703976306
5.226637266844393
.840939656975155
9.338199212873333
3.520496020195857
5.299384421066745
11.888547643094611
113.72885394863474
14.216525883803467
19.783404798723105
24.632779529871613
53.329178061394984
22.738729486942987
31.304119712191966
5.202243425471796
.037562828617623646
.0011172154972017235
.27810577592591135
8.843624787672402
.2153752154269013
7095790976482946e-24
48.15175023678924
.19070641215943573
.0030481115174682454
47.22275740701624
.0037954684960525777
23416873637251084e-26
10.138877594492596
.0010872228104052775
6.181732545530519
8.242720651935617
.02203257437206179
.00020718786763917397
.036067631020325536
.0020610135132751654
.11655140931812034
.016911003294758413
.4828789906342256
11.124412078726907
5.068360698045899
.9678183197490866
2.090030343904531
.17428959180603346
.015064628098109377
16086254721522383e-21
.03269614946262079
46904452046420375e-22
.021082381574139095
13.729465006696561
.012179411639208944
6.522926911884726
.00024247805583600476
.0006456663547217432
90.1437362616355
313.5794593690241
14.455718462092138
26.71870755409886
71.49953421272535
7492920457785441e-23
39.5133156952828
10.444072184435871
.04984060906942984
.16498524717959642
6.027035353415701
2.2153470290534774
.0014589014295622077
.002483872403104289
.31927185882560233
.4098440953954969
6.339900988433104
.43661552046399027
2.395903039820842
.0017846913273013795
10.01130512670885
29.053253978398455
3.0256221477839085
3.4534224980545933
.6060944610090233
28.456463987550503
4.335236898464514
24.80553143547581
9.640395775591434
1.5811045569686353
14.04878137459762
6.5220889240236675
.0017846913273013795
1.9773489055710223
7.1387653092055015
2.3303032051084096
1.8892809959792727
11.957454810446961
.09971565080032045
10.32328678126956
1.7018370691232654
2.2297236535910088
20.59291249070045
11.862367093075756
.5597384738500669
14.909593403812844
12.874899359422908
2.061542404667657
4.736814623090458
15.413412571797796
22.957844989632857
11.09351801279575
7.754486356988241
33.59745364733741
.0017846913273013795
1.9485047383383913
28.81006541365916
6.5490028357467045
33.828987818450116
35.66867842186858
3.806152775132963
6.289203640074979
15.340946560023747
.03954697811142038
5.1753454028002315
7.183751824394744
14.334799375925554
2.989549963605357
6.2559139149895175
17.91304118622816
19.033101661744265
17.95744394053143
7.4737037021962305
.43814455619861903
13.386802127800026
17.410970890593347
1.5096336289374501
1.9256381526997894
30.514001044151378
23.548605359341245
9.074433512041246
.3988626032012818
.09971565080032045
.09886744527855112
3.03425186487022
6.384604443324735
1.9413528947223402
12.690904410558577
13.31326017635007
8.183679187972235
4.768740458164457
35.36279373272829
8.123520666303065
12.132434815427706
17.997083698460244
8.614765287561028
11.555838382935743
.0012904108476586957
24.548624556232568
4.336979891219104
3.4676250880444566
.00013861833070706565
37.51696717159215
3.8013710790204955
1.1818857498530893
.6616961876056455
1.5078513911934535
.0017846913273013795
17.349598843798915
8.584487030687848
4.625904800787191
11.862105113224867
.03954697811142038
7.23768470571315
.5356302235289462
6.467254992162762
5.703748755700117
.0012904108476586957
3.737104092003788
8.995797996028132
3.096569992783618
6.270149159279902
9.261361614544333
.5932046716713052
.3954697811142045
.18270156293436204
6.1271804531778535
.0025288374988553367
2.11640616323001
22.66816671218918
40.19065094038328
11.227106286276104
.15970294739217758
.16246219313569962
25.90707094138246
37.47677513240908
3.6813764057814002
15.434408939800921
46.321097253399635
.2097129676718579
9.44640497989635
9.44640497989635
9.44640497989635
9.44640497989635
9.44640497989635
9.44640497989635
9.44640497989635
9.44640497989635
