.08474125194604396
7.056962570660318
9.493986788093137
9.87172083947954
2.0452556380180296
46.59852740908377
.004694325465522836
16.331641522041796
111526974659036e-20
.076139548026586
1.5319445815180048
10693489216588076e-21
4.563732969582275
3.031090120075014
63.11766272593858
34.68253387404041
30.05699604943267
8.84056983823507
10.770101231682228
.00599148284660583
57.780246270784986
1.8976460582786745
52.164765590979854
37752260983588615e-22
6.539284899211338
2.193610106776986
26942286130474906e-26
13.96923089399772
.2588063901547523
15.15916331565036
17.120897951136335
.7172863565462384
8.12140917370882
163.62790942458437
168.44843897941243
2.5826688532962003
4.29738279036928
4.766336205998095
2.4759606134038603
22.59468249034707
7.266698222807822
.000550906361633655
.29098170261451783
.13765978592473554
50.756200777827615
68.07370116508862
13647026022157976e-24
18.55887863636005
4.952374635403525
1.2047251874487208
1.9705083319422219
7.714667000007
30.387817442694818
6.488171224125394
.8906814929524375
44.635761688896686
28.693369347214418
1.5793141582193686
7.739176455675083
1.877828204153555
.00015386832949576868
19.025120435457342
20.5195499767655
11.532703749757168
6.552782629279572
2.221598377713988
58.1766239631853
53.36342014071235
70.1380067001477
5.192891108238713
.8619368733279977
8.374075361303314
3.1126625784481585
4.618345673777934
10.501520722685363
83.37666522265327
12.84696893561835
17.70796562401864
23.52592888553291
64.98584424206803
21.721009439080632
32.78681632149502
3.915207695506197
.03388929837107957
.0009153705960931051
.011496639754372798
6.258733580460593
.38482992181885095
14083168080036256e-24
45.85100464839785
.00921572998973634
.0031228759005565905
46.17059749676536
.0001253523044889299
7867572039945646e-27
9.700369963591099
.0010545854421572078
8.082206037118283
10.125543400083204
.014733508048410738
6258816862616585e-21
.024134209143265334
9040083768374174e-20
.004833315664742959
.016754004079670797
.2841453963569848
8.090969042795015
3.783948146646539
.9261292363737308
2.2020307062812314
.09147964077367944
.007502424699106242
4012817028455929e-22
.001269945906978782
2669467656522833e-21
.010969622369450378
10.848359489648852
.00039856481982460183
5.232236031560002
.0001371465679917084
.000297822544790923
85.2701676129074
296.62596836183565
13.674178454839566
25.274176177096116
67.63395349920323
21047128091910626e-25
38.26032392605842
10.554652862468961
.08351687649254369
.3009022128780037
7.3393727054490405
2.7858220922360855
450149665764512e-19
8106111500030735e-20
.3189171482561192
.4083661015305409
6.331097685560914
.4350409825657011
2.39390637885798
.0016882030291555362
9.802097756454081
28.948481135213694
2.978021486648256
3.266715220152533
.5816820661111948
26.91798182012774
4.163561938247022
24.716076875338196
8.869256343588624
1.5723410268696472
13.28924218419451
6.169475981377461
.0016882030291555362
1.9663891264888607
6.752812116622128
2.3173871192064808
1.8374999545391868
11.914333425879313
.09957719010879003
10.286058589622264
1.695699845784982
2.051367093157378
20.518649621807683
11.221035118586451
.5294765389583844
14.103514911933976
12.178825417119304
2.0474183959055856
4.550266763311515
14.580095389760874
21.716642458831476
10.493753416458823
7.335244564228295
31.78102686536425
.0016882030291555362
1.8951005042319626
28.706169565436003
6.383462283714119
32.00004327623938
33.74027207765133
3.600375340045085
5.9491815047956695
14.511547210747327
.03932778252977717
4.895543364994516
6.79536646204413
13.559796788706956
2.9347376745784413
6.23335362318606
16.480169266097533
18.00408809526078
17.892685188916914
7.268865903087498
.43209855160352545
12.663052460186803
16.46965688037713
1.5012662381236495
1.8215296464520128
28.864279332989916
21.66494222102505
9.041708977982008
.3983087604351601
.09957719010879003
.09831945632444312
2.7915407444872047
5.873897169619882
1.9402741749077974
11.675753472094158
12.593486511549868
8.154166922775591
4.3872868442383055
32.534108551344694
8.094225346835177
11.476501786674705
17.932181996588096
8.149013014993233
11.514165321334305
.0012857573237027833
24.4600964625139
4.102503596974298
3.455120019254455
.00013808111442089333
35.48863417159148
3.78766244396552
1.1179877844953572
.6580286284737018
1.5024137256750603
.0016882030291555362
16.411602877581856
8.553529358471279
4.609222703881936
11.819327582012928
.03932778252977717
7.211583918336414
.5066716871629212
6.443932554902082
5.683179700874428
.0012857573237027833
3.4381715176649132
8.276220219498143
3.085403035632939
5.931157193417481
9.227962973936307
.5899167379466573
.3932778252977725
.18168890969846394
6.042630820754517
.0023265546924344485
1.9471139179123833
22.58641999018729
36.975783370686536
11.186618709661614
.15106870046834284
.15453530633818943
24.506420225576356
35.45061509162012
3.4823449324984432
14.599956601345134
43.81677408341659
.20925180626033013
9.187499772695919
9.187499772695919
9.187499772695919
9.187499772695919
9.187499772695919
9.187499772695919
9.187499772695919
9.187499772695919
