.09867221429849835
7.036641694989431
9.452945402851485
9.617255293781529
2.039470939556237
46.255778318768826
.004621709987547723
15.32010659878281
11435880238202165e-22
.07946095054133953
1.4842095896505265
9502813229961292e-21
4.288830576758432
2.8034920268612082
59.61256133086561
32.83147209289818
29.682885020492545
8.788066845123403
10.599965442696918
.005794445881787785
56.33931785089161
1.9223777895714491
51.600076647755536
3826072507505563e-21
6.90886471408994
2.1624783318276855
2851663209183268e-25
13.990160432576424
.17362217971321292
14.394263862972386
16.668048986401768
.702131792230505
7.687850943002669
159.0225525237058
169.90621582102327
2.404617312088276
3.9533891603772706
4.522345799043418
2.2680746851500033
20.845117099640717
6.420010578257668
.0005354102436480221
.28685619852894395
.14765097811723607
50.136014141518054
63.58310002669451
13013541185990319e-24
14.284989963778926
4.79899071732243
1.198920126018094
2.011286560257733
7.532733775540021
29.4891499009384
6.671514999222648
.7507798620741725
38.44872018521152
27.60696179001553
1.4533049690224136
3.759569895544687
1.5663665104353863
.0001333047675738904
18.490342557985965
19.856008616043884
11.282246309836232
6.361802847768033
2.1475905935310355
55.40981857132998
52.997049059541915
68.19281700196233
5.1125411370942695
.8365497867891775
7.821059030864905
2.8616180888531066
4.269537394028652
9.71406669732543
63.42970349051409
11.952713221502938
16.398686687946025
22.548013925661955
67.25106061636357
21.088345477882427
29.71028261885253
2.9580689875594715
.026532690843815834
.0007791403927051022
.008118699308021334
5.214814779828379
.4195062991998546
16402940159959984e-24
45.46004105426741
.0067247830956436465
.0032082524448714075
45.72501754653144
783761045066933e-19
51767907665297665e-28
9.42167139257154
.0008130493861253954
8.546390837816759
10.584503568487133
.010606494705834232
27265895274573496e-22
.01735704116564067
6053724662816678e-20
.003428489002000506
.016737940750871358
.1861172661069437
6.017393973969673
2.8824579568302906
.90441312181867
2.078785435267997
.051059418947298804
.004115909081960051
16876726987779095e-23
.0007456071507792898
17400958682158633e-22
.006088032730507952
8.843683071728357
.00020972308887012104
4.526503494491881
9378533861596483e-20
.0001526960430267373
82.92716838841189
288.4754693855465
13.298448109606229
24.579708500528135
65.77555090619354
10588397389258846e-25
37.613442030519586
10.70165505771506
.08615955734152664
.3330310983832695
7.628684373426135
2.955321942940387
2764752681586132e-20
5212204772794605e-20
.31873948484972464
.40762720954621967
6.32668930688772
.4342538254200315
2.3929061053049616
.0016418156641622064
9.698875690971308
28.89610215324406
2.9544424390874795
3.17695450498412
.569816969398743
26.178346701596595
4.080078763562334
24.671355947184257
8.506223431398835
1.5679662794137315
12.924088872041441
5.999955059294474
.0016418156641622064
1.9609180132370652
6.567262656648808
2.310939419101432
1.8120792900783624
11.89277579552283
.09950785395524855
10.267447137267027
1.6926316699026813
1.9674013421462953
20.481523460557224
10.91271067972485
.5149279206678739
13.715987533644643
11.844183427940697
2.0403746704082035
4.4595356401027715
14.179472837377046
21.119926422448483
10.205412759871582
7.1336913973166105
30.907768099915938
.0016418156641622064
1.868882972134281
28.654229018674254
6.302060210962539
31.12076651768518
32.81317842314985
3.5014465251292646
5.785713693692069
14.112808181461498
.039218360264741264
4.761026749995744
6.608647720936342
13.187209349868057
2.907640313899299
6.222075079226734
15.805609459696523
17.50938325738077
17.860310411445123
7.168305682295843
.4290992352428685
12.315105189476004
16.017114163754286
1.4970892430928966
1.7714788177916667
28.07116509402389
20.778161327313736
9.025349034628837
.3980314158209942
.09950785395524855
.09804590066185341
2.677278496705831
5.633469121000909
1.9397336524815882
11.197846123295019
12.247450729560983
8.139412885759604
4.207708144742587
31.20243521647358
8.079579767278869
11.161157797811363
17.899735754137996
7.925099638146032
11.493331749619623
.0012834308921583783
24.41583870178368
3.989777622400914
3.448868372808959
.0001378125989246989
34.513500139723384
3.780809099849367
1.0872684299379778
.6561977857880879
1.4996952790290863
.0016418156641622064
15.960655331782949
8.53805272057959
4.600882839977745
11.79794185391825
.039218360264741264
7.19853537799101
.4927496860301729
6.432272992331933
5.672896634011891
.0012834308921583783
3.2974416334093792
7.937461228685983
3.079820349991588
5.768184642834216
9.211266025175139
.5882754039711185
.39218360264741364
.18118339398534036
6.000687237711156
.0022313250708468563
1.8674154168654513
22.545552433789467
35.46230514911471
11.16637779626247
.1469177311674535
.15070840207050407
23.833048456866536
34.476525723757995
3.3866592817640746
14.198788315269887
42.61280474019462
.20902101386999222
9.060396450391798
9.060396450391798
9.060396450391798
9.060396450391798
9.060396450391798
9.060396450391798
9.060396450391798
9.060396450391798
