.12347015659587321
6.998595867735266
9.41069008083996
9.204647198567056
2.028873540805183
45.66768160482525
.00447515069982531
13.712648598576761
12038088678718585e-22
.08182808129537969
1.4031200505664425
7006407037301048e-21
3.7105104489733725
2.3059557649217215
52.80509800471583
28.872501139235595
28.940766229174077
9.677445874554428
10.816401973301046
.005441985450764559
53.243025171938434
1.8970389603181697
50.12762290632753
3925154744587192e-21
7.268178855732719
2.1213911374144576
3089598563765686e-25
13.988287737144294
.08528085532606136
14.098567900134318
15.854921202396397
.6718137855843621
6.904654240673372
152.248530209692
170.59245321488186
2.0091488817461647
3.4190677396244196
4.085835004449179
1.8299904979760298
17.80150829758589
4.879633866092274
.0005089170088770176
.2796597104354823
.1581946048053027
49.03303014081409
56.01158693414156
118397760541496e-22
8.147018552616252
4.667805821159905
1.16430132243024
2.064900566567485
7.030047284917172
27.949644481963784
6.67289806085231
.6079083470811756
33.29597846938661
25.415890345544597
1.2421206923911674
1.6647404487022641
1.2786986053379974
.00010673041721371027
17.63440058264932
18.252820387986034
10.806774412081023
6.07424053931349
1.9925390435971146
50.06676978842934
53.27046592987525
64.49643493589033
5.089369566164161
.7858084340055027
6.665439036991743
2.3306701954313813
3.58642305436734
8.229770415995882
36.09519531388588
10.16260803680233
13.644648277278037
20.17634588638329
69.62583776351698
20.13628643482913
20.505017434448572
1.6570322006259803
.015188948546402967
.0005472475911230025
.004188727139336442
3.7299341528798213
.4219384977125193
20045841727669258e-24
44.86483728820525
.0035492691030509565
.0036620999685231404
44.854833614647475
3164517333067618e-20
24106876297423217e-28
9.034307353744673
.0004431460615646153
8.980354814210289
11.009338863870246
.0054366842865917675
4685284443626317e-22
.008733162772231228
26021463094752263e-21
.001780315243414921
.016744827689949483
.07496593420751174
3.1608025824248114
1.6117538877000726
.8650085989779892
1.7854579676291427
.014986166771902629
.0011768424309977219
28458169285946812e-24
.0002476081242698987
6919492224625144e-22
.001764928567928593
5.66076054233381
5477329439261508e-20
3.3277402531565534
4405696987235372e-20
36915095289170226e-21
78.91464708367114
274.51726980753773
12.654988223096455
23.390392550889747
62.592929282047486
2601669565695859e-25
35.973883343896986
11.284082017072011
.07229889678716511
.34927074283238707
7.784931540509039
3.220188318018701
9989000497478813e-21
21917746172843684e-21
.31842347826776635
.406315244312182
6.318849724211761
.4328561613084203
2.391126592885055
.0015623746262136765
9.517816482924248
28.803098839097142
2.912931317013482
3.023234103297015
.5492920582726052
24.911678902558073
3.935593951943568
24.591950155516656
7.896378625890648
1.5602090641483126
12.298742764713412
5.709640703085606
.0015623746262136765
1.9512167439264747
6.24949850485469
2.2995064853868024
1.76769603384677
11.85449839888559
.09938455091156345
10.234400928940028
1.6871838640326673
1.8263505575608674
20.41560282010172
10.384687295521287
.49001257275187754
13.052324547631022
11.271089720951052
2.0278963254090026
4.302482065508725
13.493383610460686
20.09801579446574
9.711612755380171
6.788519974374613
29.412262098770125
.0015623746262136765
1.823108423375154
28.56200418333389
6.159719616871284
29.61495435625698
31.225477069566107
3.3320252238533494
5.505765639149381
13.429944596482908
.03902433487852946
4.5306592885466666
6.288881107761004
12.5491318718263
2.86002298693963
6.202049070176441
14.672442795944566
16.662172690343862
17.802826254891826
6.992732378420184
.4238116939855752
11.719225420478596
15.242108661076228
1.489682678498563
1.6857638870226173
26.71291121682523
19.288492750457465
8.996300571029785
.3975382036462538
.09938455091156345
.09756083719632384
2.4853338108787484
5.229583435638867
1.9387718629415875
10.39502823986582
11.654844495245216
8.113215844734098
3.9060409035913892
28.965409209640498
8.053575301649342
10.621113029376348
17.84212470546921
7.541635066061381
11.45633998036176
.0012793001161175044
24.337255303064364
3.7967278894584027
3.4377680456081943
.00013733591670500304
32.84352686916415
3.768640407526159
1.0346597635156016
.6529513719156207
1.4948684470079199
.0015623746262136765
15.18838165114257
8.510572640561751
4.586074706000008
11.759969684291082
.03902433487852946
7.175366590602091
.46890745613707224
6.411570452501058
5.654638178771874
.0012793001161175044
3.0610349991587125
7.368393235319067
3.0699078192977494
5.489084750496821
9.181619179960961
.5853650231779414
.3902433487852954
.1802870235671009
5.926744245658157
.0020713525501588627
1.7335330187735383
22.47298862969937
32.91987221622179
11.130438341987238
.13980895683197336
.14412926399706488
22.67986046614456
32.80834150056013
3.2227920861988237
13.511764487931705
40.55093780083483
.20861081933859116
8.838480169233836
8.838480169233836
8.838480169233836
8.838480169233836
8.838480169233836
8.838480169233836
8.838480169233836
8.838480169233836
