.12966964217021695
6.98862000464291
9.3910385367113
9.100359567714603
2.0261502911947287
45.50830264823799
.0044362006094339585
13.331443374179878
12163274410032575e-22
.08259760634977392
1.38359547813063
6424778292786043e-21
3.566180272580035
2.181134741918845
50.9370104331754
27.750525097517485
28.79212166189674
9.925676923379292
10.875418029055426
.005352722349776533
52.34233664618503
1.893454877240206
49.59704092003756
3943982638227247e-21
7.371078088559319
2.110353395724654
3165061087829965e-25
13.983170608483443
.07498717145857438
14.118875318860239
15.655274891308274
.6638506492961829
6.705802727467082
150.75413702817858
170.48221677445093
1.9082693975697596
3.2958163365644686
3.9753045787296952
1.7224474454505037
17.05539388370051
4.522877475196539
.0005025306059129225
.2778895591649693
.16122066743715374
48.75854482182771
55.25716097217332
11835837441833611e-24
7.450556580733389
4.6396094724720935
1.1472959407434395
2.076377818146385
6.8829358550001665
27.57631381916902
6.687402694234611
.5827572749901099
32.45952748033259
24.8539961264047
1.2219983325086192
1.4889974383763191
1.2295391010570371
.00010121220410650398
17.434776793139193
17.79354548635321
10.713406635581888
5.994216499624644
1.9416291016342244
48.64097958817969
53.19373248965481
63.48265487702337
5.106385215964421
.7729661822946357
6.322566778806567
2.1754141274414827
3.4030852264514655
7.843494424780057
33.02788679820251
9.65359439825639
12.850694562065934
19.433940263538958
70.18120072740207
19.8694865714773
17.825183823060495
1.5060662154623687
.013469425137308795
.0004952957856301745
.0035526369539064496
3.425325416832288
.41573533371285215
21126073446537916e-24
44.67570200488379
.0030257935116751343
.003884344754123527
44.67574100369513
25112307808895627e-21
20342921893108998e-28
8.91569186967174
.0003867731046360084
9.112056590751658
11.135978638752928
.004700431216922902
32437580305697913e-23
.007490289960778752
2102082256105785e-20
.0015129864023047303
.016751602975233922
.061903695504951436
2.805712776271556
1.412173991666779
.8551282268201789
1.708446736173988
.0118023992799408
.0009178426281312308
1962407346585682e-23
.00019782753517428442
5518640173271109e-22
.0013811352723662902
5.146320391357348
40768497319022464e-21
3.0513514372631585
3715809847660173e-20
27330784751308347e-21
77.94222766760005
271.13455274457425
12.499048144631141
23.102166312712516
61.82163292589584
18533968336922453e-26
35.39232113317966
11.5908670514385
.0659723061114515
.34924631891042396
7.802348752934556
3.3287600522676013
75853155149733325e-22
17778079710852276e-21
.3183445255870889
.40598791331890266
6.3168913468651615
.432507448728197
2.390681921592765
.0015431223900591368
9.4730822948519
28.779894819350147
2.902644991122429
2.985980543279731
.5442774048025372
24.60470673519741
3.9002793969162055
24.57213867272401
7.750875460622437
1.5582757642253755
12.147192492366749
5.639284112976505
.0015431223900591368
1.9487989351421593
6.172489560236531
2.296657100767044
1.7567711272574433
11.844948314831262
.09935374903122098
10.226156009093714
1.685824654458846
1.792697183070546
20.399155838003338
10.256722818340203
.48397443208380025
12.891488324141099
11.132202620900902
2.0247886814971725
4.26409062377219
13.32711247200656
19.850359605085327
9.59194218529345
6.70486898088453
29.049831855559493
.0015431223900591368
1.811841051131157
28.53899439147829
6.1246396700520105
29.25002645394311
30.84070363015207
3.290966609993261
5.437921283181225
13.264455180195808
.038975978702843146
4.47483060245859
6.211386874173853
12.394496199768334
2.8482410031248646
6.197052647051966
14.402080016983227
16.456854402335292
17.788484147666534
6.9495151359895635
.42250002072037607
11.57481620417551
15.054288998293211
1.4878367698484207
1.6649911965876691
26.383743508586196
18.933072008695866
8.989053075291002
.3974149961248839
.09935374903122098
.09743994675710807
2.4395376360290175
5.133220155840611
1.9385314900798514
10.20348353518389
11.511228607735141
8.106679769510924
3.8340659715287124
28.43167609944325
8.047087273351506
10.490235215032191
17.827750939080147
7.44870387219334
11.447110656092951
.0012782695011367155
24.317649004596454
3.749943014233231
3.434998550629146
.0001372170039987889
32.438815140732224
3.7656043589772135
1.0219102514763052
.6521422810918245
1.4936641683586915
.0015431223900591368
15.001224035134868
8.503716451347074
4.582380125474708
11.750495753367789
.038975978702843146
7.169586054660789
.4631293815775455
6.406405237180992
5.650082754485921
.0012782695011367155
3.004630626663956
7.232619029259025
3.0674346756246194
5.4214459434426185
9.174222389985292
.5846396805426467
.3897597870284323
.18006362473115126
5.908401306831727
.0020331846295570943
1.7015899530621907
22.454884200212437
32.31327192074204
11.121471566831447
.13808617216286231
.14252985549568614
22.400389702653996
32.40406334101379
3.1830794889257565
13.345266852587612
40.0512521187128
.20850839654698702
8.783855636287203
8.783855636287203
8.783855636287203
8.783855636287203
8.783855636287203
8.783855636287203
8.783855636287203
8.783855636287203
