.14206861331890444
6.968013145783178
9.32830097503075
8.858709361313247
2.020582953736683
45.14532793815289
.00435645029746649
12.576686122396232
12343248602213851e-22
.08497690190998662
1.3454086207806435
53621339775862855e-22
3.2874731806097177
1.9406100229967844
46.95020914677293
25.236869406786784
28.583579264074018
10.354367899166546
10.95963914126447
.005171562555001153
50.360604943522226
1.8996604290829355
48.13079261934299
3967989752171089e-21
7.64612815944016
2.083402277621044
3354380066127584e-25
13.970508368717574
.060590154792194754
14.203290669746078
15.264216973593484
.64766935981943
6.304191890322772
147.9230940798948
169.99855534171107
1.711796694015329
3.0569359979445743
3.7518773601171715
1.5175947675674664
15.585068815612857
3.857224885864494
.0004900439904059667
.27438348127125267
.16923733946246108
48.21308156221993
53.766598025110625
11830306180024914e-24
6.663965703485227
4.569864550155809
1.1008574674052933
2.098573751558891
6.577404484522028
26.84276084700449
6.785903205233482
.541617565464858
31.02192835001751
23.7310285009028
1.1795807904813067
1.2806537831205975
1.1470506975754515
914516067958307e-19
17.048538689846684
16.823264725725906
10.582383104067953
5.810999419499018
1.820918350672473
45.56000280371816
52.57404149170504
61.082114416691745
5.1664901206496925
.7475844553184908
5.520615850678156
1.8223705931800762
3.00454060465467
7.030104061688884
29.550350842579274
8.508837809244515
11.0512504528947
17.652018764466714
71.38255590984707
19.255482815555567
12.25617685483568
1.3227411106296372
.010885185864892932
.0004010081939133144
.002645863003920117
2.8858067937309526
.39938725436357575
24124809751779726e-24
44.22349448434109
.002285913304144898
.004666463456425165
44.41152410049626
1629628558536385e-20
15294182111174277e-28
8.622817603730834
.00030105989470576066
9.479928270303569
11.497164366017213
.0036089213770320984
17802908181232248e-23
.005636054293514713
1430960533951065e-20
.001132508100101742
.016769994224186464
.04390355041957038
2.3085701156523313
1.0997269278908361
.8354594639692783
1.5562047347794796
.007938741516084955
.0005986736989144427
10630037149947731e-24
.00013998031607214488
34977882127950246e-23
.0009146101775901298
4.353815848014907
24385765686111402e-21
2.5452956777915747
2704087802978872e-20
15777467319139967e-21
76.03318886236455
264.49365476001833
12.192908986813276
22.536325005686273
60.307435811054866
9889507463684563e-26
33.75192656395526
12.713908565134307
.050323275040722724
.3480145967350987
7.78760157036638
3.6911260444238407
4165150311319714e-21
11976236877032112e-21
.31818667894951874
.4053340422217447
6.312976412841444
.43181086611883557
2.3897928270757296
.00150532669686425
9.384243688914486
28.73354284485962
2.882181182230489
2.912844928615119
.5343850207886819
24.002063709015903
3.8305980886163082
24.53256357517466
7.467863098499635
1.554416348233644
11.84967133424064
5.5011611400056495
.00150532669686425
1.9439723017903299
6.021306787456985
2.2909689194157603
1.7351234546635914
11.825871221409727
.09929217390651043
10.209686090581332
1.6831095194012138
1.7272393561541857
20.366301612615565
10.005504929646278
.4721204474180034
12.57573712989783
10.8595416073913
2.0185876732755568
4.188332394570715
13.000691536499037
19.364164792363294
9.357006767134852
6.5406466401642245
28.33831438990099
.00150532669686425
1.7895147837771284
28.49303040348173
6.055077985404319
28.53360562244109
30.085322346186004
3.210360972289336
5.304730289543199
12.939568909594295
.038879446035806564
4.365228586676074
6.0592513895723865
12.09091783249853
2.824822444666864
6.187071873042345
13.876208235686317
16.053776704836682
17.75983458627608
6.863880288048511
.41988884028998813
11.291314257176053
14.685564332050216
1.484151811669344
1.624210570991275
25.73752653875473
18.24175740060489
8.97457559504115
.39716869562604173
.09929217390651043
.0971986150895166
2.3504613358913544
4.945787811071113
1.9380508337584266
9.830917624165936
11.229284111590877
8.093623411374876
3.694070422296927
27.393533266044187
8.034126892976293
10.233297907736457
17.799038135856275
7.2662627851696495
11.428674307230247
.0012762107613226675
24.278483779935073
3.658095668502711
3.4294662522592883
.0001369794873799577
31.64429131516725
3.7595395975079886
.99688060600792
.6505271059050491
1.4912585208098121
.00150532669686425
14.633799088913987
8.490020638679871
4.574999891182153
11.731570782208932
.038879446035806564
7.158038949572351
.4517859546864539
6.396087286611897
5.640982912622383
.0012762107613226675
2.894920747402085
6.968530074894563
3.0624943638295834
5.288658480263389
9.159446681982875
.5831916905370981
.3887944603580664
.17961765717600417
5.871885564557981
.001958945740341795
1.6394587790513153
22.418719084732714
31.13339805221374
11.103559681829829
.13470402786170693
.13938408764496024
21.85173700854399
31.610390691200376
3.1051163302330984
13.018401261877752
39.07027689153597
.2083037018003187
8.67561727331794
8.67561727331794
8.67561727331794
8.67561727331794
8.67561727331794
8.67561727331794
8.67561727331794
8.67561727331794
