.14206861331890444
6.968013563627947
9.328240626068618
8.858706317732905
2.020582636057372
45.14530045317615
.004356450166553005
12.576723530106667
12342993174406936e-22
.08498010318109432
1.3454086141246253
53618191085178255e-22
3.28739357737286
1.9405479027768093
46.9487451482658
25.236903636670448
28.583736769210777
10.354734073281575
10.959856506782577
.005171562928313833
50.36061811666309
1.8997137637539057
48.13083326020832
3967937240408603e-21
7.64639604087772
2.0834119528394903
335448973029514e-24
13.970505280079394
.060601699608734454
14.20361192499674
15.264214516445236
.6476692511795926
6.304190373205046
147.92312217750828
169.99850158502196
1.7117457932329017
3.0569450497529678
3.751876639216297
1.5175444654461456
15.585062588032427
3.857113892265244
.0004900440075086402
.2743834812974415
.1692443659495051
48.213129708610104
53.60663502876793
11785176190593774e-24
6.665295372591023
4.569862177573587
1.100835886108589
2.0985769302330626
6.577413774807369
26.842759492513608
6.7861754582153155
.5416368353986991
31.022917565421057
23.73103654528049
1.1749646752035203
1.28071169105079
1.1470915768244074
9145423165033739e-20
17.048544338564653
16.8232113116865
10.582474533519894
5.8109301598985
1.8208775362641576
45.560048396153505
52.57386112164378
61.082776438862545
5.166581506229126
.7475914599599901
5.520626555080285
1.8223749937352454
3.0044142019556923
7.030117480473855
29.556239421897203
8.508403062643072
11.05127638881125
17.652075751325697
71.38338437980747
19.255244941541203
12.25704859757448
1.3229818388838297
.01091375783710942
.00040100298138557943
.0026492729304484143
2.8858135501146
.39939102771589374
2413465849134728e-23
44.22324650356201
.0022889000051173596
.004671324221757473
44.41168891455062
1631705071524087e-20
15260167261483158e-28
8.622653274007874
.0003018455449294971
9.480313141772598
11.49768919526983
.003618446716302685
17876849073829552e-23
.00565087250732708
14328467585744298e-21
.0011339714656816765
.01676998955979941
.043911620678718795
2.3090361229068757
1.1025353743068893
.8354591411296444
1.5562103066370065
.007961134255796809
.0006003722718477223
10674096367387105e-24
.00014018977129992409
35069689675146397e-23
.0009171566665910791
4.365080087964952
24422670638653278e-21
2.5451860710353875
27111468401410755e-21
15822361597551796e-21
76.03318897607829
264.4936551555898
12.192909005048751
22.536325039391155
60.307435901249484
9928118276972444e-26
33.78819458743137
12.727451810349205
.05034639347833608
.3481639707815187
7.794366544959307
3.6942667908911972
41560697195794915e-22
11949846867890886e-21
.31818667894951885
.4053340422217554
6.312976412841447
.4318108661188469
2.3897928270757296
.001505326699115587
9.384243689204771
28.733542844860377
2.8821811822587984
2.9128449329715123
.5343850210271492
24.002063744912917
3.8305980902109362
24.532563575175306
7.467863155393669
1.5544163482338738
11.849671351962774
5.501161148233078
.001505326699115587
1.9439723017906172
6.021306796462333
2.2909689194160996
1.735123454824777
11.825871221410038
.09929217390651049
10.2096860905816
1.683109519401258
1.7272393693131864
20.366301612616102
10.005504944610315
.4721204481240975
12.575737148705855
10.859541623632618
2.0185876732762558
4.188332396275446
13.000691555942616
19.364164821323957
9.357006781129007
6.540646649946287
28.338314432283216
.001505326699115587
1.7895147839433665
28.493030403482482
6.055077985809296
28.533605665115388
30.08532239118102
3.2103609770906885
5.3047302974768495
12.939568928946459
.038879446035812316
4.365228593204624
6.059251398634483
12.09091785058147
2.8248224447183445
6.187071873042508
13.876208341402432
16.053776728846394
17.75983458627655
6.863880288686136
.41988884029241846
11.29131427406312
14.685564354013657
1.4841518116695633
1.6242105734204124
25.737526577247266
18.241757539580014
8.974575595041387
.39716869562604196
.09929217390651049
.09719861508953098
2.350461353798382
4.945787848750677
1.9380508337584266
9.83091769906294
11.229284128385173
8.09362341137509
3.6940704504402624
27.39353347474226
8.034126892976506
10.233297923041176
17.799038135856744
7.266262796036929
11.428674307230548
.0012762107613227011
24.278483779935712
3.658095673973687
3.429466252259379
.00013697948737996252
31.64429136249383
3.759539597508088
.996880607498835
.6505271059051454
1.4912585208098514
.001505326699115587
14.633799110800009
8.490020638680095
4.574999891182274
11.731570782209243
.038879446035812316
7.158038949572539
.45178595536213606
6.396087286612066
5.640982912622532
.0012762107613227011
2.894920769457085
6.9685301279844225
3.0624943638296642
5.288658488173002
9.159446681983116
.5831916905371843
.38879446035812393
.17961765717603073
5.871885564591967
.0019589457552660547
1.6394587915415584
22.418719084733308
31.133398289404035
11.103559681830124
.1347040280631676
.13938408778156125
21.851737041225018
31.610390738476255
3.1051163348770494
13.018401281347817
39.07027694996871
.20830370180031949
8.675617274123868
8.675617274123868
8.675617274123868
8.675617274123868
8.675617274123868
8.675617274123868
8.675617274123868
8.675617274123868
