.14826809889324818
6.957377425699126
9.281003606857544
8.713454311267604
2.0177290506810075
44.934199674026424
.004315844003106316
12.20049517309733
12381509313112332e-22
.08680725598035129
1.3267361341719313
48687547933429015e-22
3.1508099110343055
1.8225931464610445
44.76164148638321
23.744389443382833
28.53560316620851
10.529918479945811
10.98814245696866
.0050792217639706785
49.271078213796045
1.912567830782405
47.04515706227606
3970120384954108e-21
7.8372590733192595
2.067260635679345
3476604782221593e-25
13.96341543940101
.05446531124623571
14.267832591079248
15.07324695940924
.6394905015268803
6.101451408024873
146.56828495732614
169.63989656622527
1.6143558402076263
2.9405806606049745
3.6388597519151844
1.4183311799131681
14.862418149790246
3.5427940297618297
.00048394232436419854
.272647402477073
.1747746343702334
47.942268754948046
53.17640289080628
11870303074566604e-24
6.4311717732455
4.5257792109163
1.0706697343595144
2.1096691278949375
6.423054356254529
26.482262823868695
6.887765778048245
.5252178686469126
30.391058225986555
23.15932116717386
1.1610384967000937
1.2170105389571666
1.1125397292142276
872060244235918e-19
16.861082769937337
16.31498669722152
10.551305236086511
5.703763264991823
1.7499807012980024
43.789993069624735
51.98709510073424
59.4941662492226
5.213417903763835
.7354236966027952
5.032188209485962
1.616558328252231
2.777375789470822
6.581459471731974
28.502111883972216
7.840504004092629
9.99125461171078
16.525469172630654
72.06316655939645
18.894458891938267
9.474560301131751
1.259631702302163
.009829328531399251
.0003587657926761574
.0022949869054119734
2.647961143112287
.39020237329421276
264877125787962e-22
43.948357325351374
.002003734386097539
.0054177585267649155
44.3392855980937
13165660768910843e-21
13636162466638138e-28
8.439885758203635
.00026595332545540674
9.7443454361699
11.75750960777572
.0031736238295205364
1364938737390699e-22
.004894105497461587
1194693207076461e-20
.0009855154791151173
.016781194274028893
.036910968158259505
2.093852001453835
.9668779823038296
.8256924238921584
1.48248281646208
.0065922615507323055
.0004850537218131722
805890574201753e-23
.00012090263411187363
27256931398622117e-23
.0007536509565449458
4.023122240483387
189270197280794e-19
2.3149131895058055
23092636920618594e-21
11871179833317392e-21
75.09627609668112
261.2344532811022
12.042662860726935
22.258622979698124
59.5643023541734
7243888993084985e-26
32.49692152946738
13.788892831135403
.04116981191977475
.3478263921874689
7.7238530152511755
4.013901734441335
29098990630881426e-22
9853249976509258e-21
.3181077849829195
.405007501693169
6.311019855788167
.43146299563725865
2.3893484038202297
.0014867774314721433
9.340137299586658
28.71039486000993
2.872003443173564
2.876951634661397
.5295064584124481
23.70630023745572
3.796225675603122
24.512799934713463
7.330256059994533
1.5524902262318248
11.703654726120991
5.433373530735666
.0014867774314721433
1.9415634698029025
5.947109725888558
2.288130113939876
1.7243998568181398
11.816344199651722
.09926140065622602
10.201461081217856
1.6817535921538906
1.695412273968174
20.349894347986954
9.88221291156897
.4663027817282635
12.420773635255921
10.72572579203923
2.0154942943817074
4.150959522497866
12.84049157585675
19.125551451765357
9.241705814749647
6.460050055637338
27.989117823150252
.0014867774314721433
1.778455030750254
28.4700761774866
6.020593978916051
28.18200259541253
29.71459841644439
3.170801561163827
5.239363183399888
12.780122127534625
.03883126939605802
4.311438413605911
5.984586758740555
11.94192848408907
2.813185471003367
6.182087515674567
13.6205174315289
15.855955351329863
17.745527113502682
6.821459391903906
.418589308037922
11.152177958578324
14.50460266386516
1.4823127564755765
1.6041963687607943
25.42037796808349
17.905624536368258
8.967345601126787
.39704560262490407
.09926140065622602
.09707817349014522
2.307150415580331
4.854653947905778
1.9378105502913487
9.649767616164201
11.090912174400653
8.087103119981741
3.6260014065508166
26.8887646411763
8.027654532480991
10.107198929273837
17.78469908037215
7.176724854903967
11.419467270661725
.0012751826351522326
24.258924828303325
3.6130190831168796
3.4267034452751846
.00013686088328912466
31.25435711751241
3.7565108806485754
.9845966260827618
.6497210190590845
1.4900571503476643
.0014867774314721433
14.453475293713591
8.483181006331753
4.571314232621349
11.722119729681374
.03883126939605802
7.15227237292523
.4462188591241667
6.3909345446612384
5.6364384891343455
.0012751826351522326
2.8415773122717582
6.840124027047673
3.0600271924988864
5.223489417678519
9.152067754359129
.5824690409408698
.3883126939605809
.1793950877712272
5.85371241028621
.0019228491062223542
1.6092491910659965
22.400658375250252
30.55971657893842
11.09461456035002
.13304414846981313
.13783733670012588
21.582470762290363
31.22087423121818
3.066853787621691
12.857983074589544
38.58883659255378
.20820142979588793
8.621999284090682
8.621999284090682
8.621999284090682
8.621999284090682
8.621999284090682
8.621999284090682
8.621999284090682
8.621999284090682
