.16066707004193567
6.935515878744487
9.129038705174535
8.345119849390134
2.011805671282806
44.42066380821386
.004233561635643645
11.448828304196471
12253737087187757e-22
.09283989746424348
1.2902066393220841
3887894528413725e-21
2.865808822780221
1.5737083692716523
39.53180284534319
19.66240301401277
28.60963896818855
10.788084254203145
11.035305466298547
.004889768042230403
46.87595490434467
1.972699634116972
43.17504543323103
393444923181044e-20
8.418979738837868
2.0288887139208804
381321782491797e-24
13.948296673237968
.040799037019564256
14.473985890265913
14.70097274557035
.6230316976728006
5.692020571881023
143.94353632523266
168.71782096285946
1.4065182888437862
2.713470271756378
3.4098890776958837
1.2122689492335876
13.44529621716486
2.91881501303773
.00047202000863868495
.2692087885647281
.1916288098726671
47.40475004973772
52.18713323616616
11996690565055104e-24
6.08542065494309
4.411133137227286
.9904628653023853
2.133349594027571
6.123079410204793
25.772863609659517
7.285934845614075
.4999913029825185
29.21765514863987
21.8765705580429
1.1232729369500332
1.122076422541503
1.0541476598382464
7986447131522809e-20
16.49680606227095
15.245517732766574
10.591133909789539
5.433196654350775
1.5772795553711605
38.98652444936515
50.0933252721164
54.18056530597499
5.366246425121095
.7141032807614341
3.7447295383465855
1.1154710531696752
2.207411448406986
5.457846377971354
26.873202597483413
6.1476945432141665
7.298462659738252
13.312631505429799
73.62022585034869
17.9796134593703
4.468094722031111
1.1422811137142679
.007647304955386982
.000283289311179358
.0017104903685703865
2.2289366964752673
.3720251638509368
3550418791094686e-23
43.211696801895336
.0015470164259160136
.00899829537531914
44.37491541682521
8474658303368494e-21
10566529329302335e-28
7.948045754431879
.00019641319896880732
10.575840359080866
12.57704895345499
.0023364947330207753
7838122071563921e-23
.0034849514748001406
8473228895414538e-21
.0007412771373249876
.016807380951942587
.024058395435256792
1.592813714749249
.6955131567705668
.8063253358179352
1.3413823275556152
.004150932521458169
.00028008936564292313
4434884497455642e-24
9127846696412122e-20
14050148597169341e-23
.00047220901169395973
3.3112581017113936
10376287340293446e-21
1.8854391869395664
15867987742724542e-21
5663000312469619e-21
73.25694306724336
254.83603802908044
11.747701929061014
21.71344254513633
58.105393944994766
36127187877168107e-27
26.916522184199803
18.064708235171363
.021530843753105895
.3453414973797462
7.127658754701619
5.252698794913151
9722885452776903e-22
581801783390646e-20
.3179500557298347
.40435520961548427
6.307108560658789
.43076809519049725
2.388459805238404
.0014503617930507568
9.252545452092457
28.664154819921556
2.851755658873674
2.80648646061049
.5198825399758441
23.125661844995573
3.7284033606324107
24.47332040622958
7.062601972387985
1.5486451394095564
11.416997120420605
5.300293917260708
.0014503617930507568
1.9367547566875505
5.801447172203013
2.2824630515648034
1.7031510764733055
11.797313175099324
.09919988276501451
10.185030935563102
1.6790450138184434
1.6335066568121162
20.317119461572705
9.64016787875291
.4548816280741558
12.116551636696586
10.463020598926969
2.0093217506463055
4.077211242328877
12.525989426119203
18.65710933559233
9.01534872173572
6.301824054871902
27.30358038304248
.0014503617930507568
1.7565401598157901
28.424223186951814
5.952214011317424
27.491740828734414
28.986798781566613
3.09313912110178
5.1110354652046395
12.467098606645797
.03873509513375098
4.205838356043501
5.838006280119807
11.649434839428315
2.7900551430295617
6.172130844024857
13.123183213456898
15.467595449789018
17.716946737331664
6.737402500066052
.4160022970155984
10.879027672897413
14.149341442600726
1.4786414797421708
1.5649047884037726
24.797756671159362
17.251825602322473
8.952903082237576
.39679953106005805
.09919988276501451
.09683773783437763
2.2229080324494905
4.677393022443207
1.9373300727259917
9.297419795599584
10.819262471521844
8.074078291368618
3.493603016891951
25.906958861405684
8.014725449854039
9.85964331410888
17.756055615089075
7.000945338862223
11.40107544334768
.0012731288669453882
24.219854182914055
3.5245254096488354
3.4211845067355693
.00013662398309962606
30.48884417402007
3.750460764843461
.9604809017198724
.648111840665351
1.4876573121461347
.0014503617930507568
14.099466335084749
8.46951826739269
4.563951820700383
11.703240460034818
.03873509513375098
7.140753152696473
.43528962097008755
6.380641510692592
5.627360622286327
.0012731288669453882
2.7378210755653245
6.590366427778154
3.0550988109582433
5.095550495614189
9.137327727901239
.5810264270062642
.3873509513375105
.17895077599630346
5.817534662225929
.001852638949998781
1.550489698840746
22.364580594142474
29.443871103486288
11.076745930380381
.1297854982494094
.13479513701682275
21.05385132344032
30.456181384032654
2.9917373402925787
12.543052505587744
37.643680249236816
.20799703640150197
8.51575538236651
8.51575538236651
8.51575538236651
8.51575538236651
8.51575538236651
8.51575538236651
8.51575538236651
8.51575538236651
