.1699662984034513
6.918880753810333
8.898137874627114
7.941777639275247
2.0069657596241046
43.88147151212197
.004171143606517528
10.889850185702857
1173274857173339e-21
.10092414572426105
1.263499987212379
30380199123709985e-22
2.6049095901782806
1.3387377583519866
33.815246074187925
14.306142845288335
28.92144758422597
10.830346102655936
11.085059616442981
.004742474016635983
44.88207921886396
2.0654013154697988
36.061274622885676
3820373307797688e-21
9.152564112422462
1.9879872488044807
41697269875317054e-26
13.936369457704643
.026532990874355983
14.704446960857862
14.430539939234608
.6106428427156607
5.380753613062572
142.02759375605453
167.86412426975718
1.2071804364282739
2.548860050733157
3.2349902918850644
1.0223967830168743
12.4068973662595
2.393777400224713
.0004633250957127095
.2666588858110107
.2132668742789662
47.00524494976678
51.64414230550395
12112176734577294e-24
5.856184226983546
4.282996320906735
.8967637977042126
2.154855066382973
5.91977529054664
25.249622814976767
7.877665016407381
.4865886774624917
28.183931033986468
20.327389798364052
1.0898300267952803
1.053376804413274
1.0136539705513496
7495892897889272e-20
16.23552707127638
14.352495728478985
10.774888621376492
5.117451945346037
1.3938156867701847
32.02086073081282
47.61577844504036
44.647327085108984
5.587838275789016
.7045480769492463
2.3360267414438303
.639758915449189
1.5687831684769789
4.0757985371653325
25.676506229624785
4.277436165898406
4.477860279734819
9.185810975696738
74.27744952038876
16.908003614333687
2.121412353026951
1.0302853200738036
.00569730322892531
.0002322625103327894
.0011982367569778093
1.9589701425346757
.35756095426260287
5416698970810137e-23
42.25232723509585
.0011478207974320001
.017941718614111445
44.669608605523266
5299616487533869e-21
12842204269986134e-28
7.337878099110652
.00013899688619484465
11.664732798910057
13.654497104150368
.0016913111446603675
4224587021514172e-23
.002424725816866048
5975470987617846e-21
.0005256392496162829
.016832924399002185
.013945531506886447
1.0386797130496426
.473758195625944
.791953035140085
1.225439545709989
.0022908897543991694
.0001350884171297337
2224240840780222e-24
6560968997575874e-20
5978793150211972e-23
.00026984849768807846
2.649538862404162
4575807628763068e-21
1.5636371382718723
10648654300349473e-21
2240673696969332e-21
71.90706876256498
250.1402835348513
11.531232058641988
21.313338241973074
57.03471074466567
16731007322008988e-27
19.607523920204788
24.111502462978954
.010409399653324535
.33073426327379357
6.4634788828076175
6.9243625146322305
39079175002279214e-23
4539193177219757e-21
.3178318101160259
.40386668008024995
6.304176680176944
.4302476544187874
2.387793573179549
.0014236365976637564
9.187391057054004
28.629523669143566
2.8366635542077003
2.754772536974222
.5127795656123576
22.6995351818261
3.678332990705721
24.443752492772834
6.868294729293208
1.5457675751914068
11.206621005827666
5.202627672034151
.0014236365976637564
1.9331560393020428
5.6945463906550104
2.278221967639705
1.6873864986058207
11.7830600239456
.09915376936815715
10.17272569425304
1.6770164432430372
1.588565404805696
20.29257294234447
9.462532635355302
.4464997191970143
11.89328513073998
10.270223000986691
2.0047047515663983
4.022761167402872
12.295178385430937
18.313322775066954
8.849226753255332
6.185703042881716
26.800469004903775
.0014236365976637564
1.7402814059628318
28.389881914197783
5.901439188481767
26.985162298675878
28.452671459133803
3.036143171700258
5.016856604390767
12.237372721857577
.03866312078604083
4.128339174549638
5.730431839553114
11.434775694569717
2.7728322885536887
6.164673865257341
12.762136454655579
15.182580695164804
17.695541666865054
6.67504026584969
.41407253663519006
10.67856449083357
13.88861758979191
1.4758939905302781
1.5360689583146656
24.340819032998034
16.777191086000478
8.942086459926903
.3966150774726286
.09915376936815715
.09665780196510225
2.161751091547658
4.548707964639448
1.936969792735131
9.041627947858384
10.61990055721875
8.064323438157059
3.3974865468807787
25.19420316980503
8.005042304921217
9.677963890893079
17.734603294478486
6.87194191849409
11.387301014441949
.0012715907117816308
24.1905924995573
3.45958048992561
3.417051136774499
.0001364465771007412
29.92703930465669
3.7459295734286004
.9427825316394299
.646907572886634
1.485859970309036
.0014236365976637564
13.83966150951431
8.459285655757089
4.558437794396828
11.689100964643838
.03866312078604083
7.132125914229019
.42726872561411616
6.372932615746785
5.620561818155633
.0012715907117816308
2.662497778661477
6.409051391680633
3.0514077344821127
5.001656969700788
9.126288289402499
.579946811790612
.386631207860409
.17861826447593449
5.790548157624023
.0018016689012502246
1.507832420403358
22.337560395308493
28.63380741272134
11.063363346423014
.1273939964767249
.13255763234674608
20.66590102513284
29.894978377906774
2.93660987806281
12.311927050844389
36.95003628083739
.20784387304633825
8.436932493029088
8.436932493029088
8.436932493029088
8.436932493029088
8.436932493029088
8.436932493029088
8.436932493029088
8.436932493029088
