.1704338129857317
6.918059450552511
8.879793517148519
7.915344401949068
2.0067002466531956
43.84584576409877
.004167991596992212
10.86206740089992
11682290909371722e-22
.1012587611210756
1.262172561158426
29887103806341975e-22
2.5892558937194727
1.3244046623022092
33.44310962875437
13.975159766035334
28.945210066852884
10.823611954601041
11.08871111213099
.004734932985749885
44.7773376269398
2.068798530301852
35.541620021626585
38094408807863574e-22
9.183452080410492
1.9850291572015608
41800087821664073e-26
13.935758746788064
.025750206797646877
14.700855554086054
14.417121473266524
.6100195920587038
5.364959433849328
141.93219896643112
167.8177710040303
1.1949158799692143
2.5407590698079128
3.2260943506847832
1.0109607781133705
12.355107017135536
2.3637998735242176
.0004628930792644091
.26653134293204567
.21421381918344304
46.98524249665623
51.62016415956464
12115794099619955e-24
5.844534807525484
4.274413530819532
.8902722689053625
2.156065511852789
5.910480844373291
25.22347769743893
7.9012018543463585
.4857154029248108
28.099682441574508
20.218673211901336
1.0877655747084998
1.0491247383282503
1.0107729009385686
7466000789130383e-20
16.222919198226126
14.301995981024724
10.78905287582466
5.095143095875608
1.381646453944374
31.541216580398277
47.43911171329437
43.97351779249554
5.604454663175277
.7044046584703
2.260553691248226
.6163314063678874
1.5300155446336199
3.989697184249112
25.61003990239342
4.166002507297475
4.329963069610219
8.942076151976396
74.14569932381066
16.83222731580398
2.043698350136584
1.0229479873735376
.005573053670359209
.00022961620041388094
.0011621561592904143
1.946314082197312
.3560210538180633
5671341286511283e-23
42.1802467132973
.0011185035026614512
.019135377482666624
44.692759902173826
511103558638544e-20
13300206914486002e-28
7.293898963065687
.00013552330264953702
11.711082072381732
13.700703420355744
.00165811371346232
40233825443265585e-24
.0023705845731667235
57989149819110006e-22
.0005102739886942121
.016834598617460523
.013450348550076175
1.0077198649364814
.46192452092564934
.7912337243104121
1.2156481852796304
.0022003511997049576
.00012861898628106902
2112161196084414e-24
6376274524801884e-20
5651260782081573e-23
.0002597856379677786
2.606707649495183
429703712832169e-20
1.5461667984462262
10385030323826376e-21
21120050119703295e-22
71.83986506853977
249.9065046954779
11.520455073787252
21.29341898943618
56.98140662150141
1582493273989389e-26
19.68157971066009
25.034578500340782
.010215477027719121
.33579546216894807
6.54121626577002
7.123532235570387
37973829933508937e-23
4563740077903934e-21
.31782586653136274
.4038421350630608
6.304029317172949
.43022150609659543
2.387760083564955
.001422306079816778
9.184127588931645
28.627783708445552
2.835906917570839
2.752197951556269
.5124250401640281
22.67832040220671
3.6758335547500924
24.442266922522307
6.858668440909335
1.545623048172106
11.19614739951757
5.197765343417295
.001422306079816778
1.9329752920249696
5.6892243192670975
2.2780089572003788
1.6865978053183603
11.78234390789767
.09915145160359363
10.17210744635258
1.6769145224868662
1.586338944045635
20.291339660233692
9.45368903821147
.4460824246107152
11.882169774369105
10.260624543755622
2.004472914275369
4.020042994967752
12.283687423270761
18.296207309765144
8.840956346224152
6.1799219409430854
26.775421529742676
.001422306079816778
1.7394679893186256
28.388156517739112
5.898897973184502
26.959942210838214
28.42607985055005
3.0333056198400734
5.012167895728159
12.225935784346083
.03865950584049937
4.1244808662151025
5.725076229950265
11.424088856957658
2.7719692295695597
6.164299206902365
12.744249626738469
15.168391193004453
17.694466219456764
6.671920317067621
.41397575547476073
10.66858440135113
13.875637413809219
1.475755996589482
1.5346333622035648
24.318070324383342
16.753676940782395
8.941543004185956
.39660580641437454
.09915145160359363
.09664876460124859
2.1587212798925703
4.542332703185555
1.9369516815873329
9.028955614838871
10.609975294516385
8.063833328506593
3.3927247848176116
25.158892124651416
8.004555798084517
9.66891895365251
17.733525473097878
6.865519463928818
11.386608950667137
.001271513430794073
24.18912231511772
3.4563471973898205
3.416843465324922
.00013643766417710122
29.899069765262016
3.745701914375987
.9419014156395856
.6468470879697727
1.4857696670968357
.001422306079816778
13.82672708744005
8.458771542258576
4.558160755117437
11.688390558962325
.03865950584049937
7.131692458928559
.4268694041399295
6.3725453004560855
5.620220228236872
.001271513430794073
2.658766143306706
6.400068757796236
3.0512222850281514
4.9969824664788485
9.12573363878638
.5798925876074901
.38659505840499436
.1786015639280826
5.789194732992747
.0017991437643568235
1.5057191113091153
22.33620282898547
28.593675575264285
11.06269096997578
.12727493520351213
.13244612865023217
20.64658686154436
29.867038802363332
2.9338653491157545
12.300420435533484
36.915503112191104
.20783617580492056
8.432989026591786
8.432989026591786
8.432989026591786
8.432989026591786
8.432989026591786
8.432989026591786
8.432989026591786
8.432989026591786
