.17972537356000412
6.902164524614525
8.364542664400334
7.250034814642611
2.000898261745665
42.934596348537035
.004105119819444
10.316296504901976
10231086304982986e-22
.10710839746104002
1.2360885803590367
2009405780491014e-21
2.2541563411284686
1.0152267154562122
25.069040890572186
6.178416357252199
29.525947830008548
10.478114511029958
11.183162504053312
.004582045660852382
42.607783339729465
2.122319224421816
19.79076002999652
34836305181598956e-22
9.731337072479185
1.8672953797677923
422284016003634e-24
13.923431254772392
.00983623963583853
14.462062460705745
14.153764060224843
.5976352433299599
5.047844893930798
140.05049409867806
166.83273069554332
.9271804185784697
2.3831692735713
3.0470037390221227
.7671328414941821
11.33405016807573
1.7463603225284312
.0004544040386252232
.26400937340913033
.23158676966209815
46.58940445162245
51.038850614279504
1207860045539091e-23
5.602476265651411
4.0502570425919435
.7320607262025052
2.181294580646708
5.746717524345641
24.70689032925898
8.29843563418375
.4603403380346082
25.509764508657373
15.983625852993818
1.0282831424124455
.9454477834898555
.9269393571058369
6722485451895514e-20
15.98277285941167
13.161855883506654
11.140802475034107
4.528222113872539
1.0963113258331454
17.47096860864064
42.72575042829859
23.850643534477495
5.995317545846866
.7041121931575794
.8103547949548029
.20293641083233097
.6871317846292482
1.8690011376769151
24.097842844393984
1.8143968139606943
1.534568497947419
3.6402955253683085
68.59461100766856
14.909952800686318
1.2540387002619793
.8492985194063191
.00316764775408177
.00017746441643314275
.0006906423271574517
1.7113490952803574
.3131884639431424
11858068391083938e-23
40.193712206038505
.0007585306560643169
.048138588086960324
45.26157586152779
27207904525539574e-22
1628995174984271e-27
6.201801707594552
7088440836824323e-20
12.538650369121886
14.534244179131123
.0010523472357446674
15340665925525023e-24
.0014057782696199016
35330089867367955e-22
.00031039367077493463
.01687575765218196
.004517387445722901
.38006207921508245
.2500420555219194
.7770044950073098
.9703306937041088
.0006610293469008173
31295794778679844e-21
6819382908282537e-25
3992397674116159e-20
11833454777398254e-24
8660692880084256e-20
1.735651068826698
9311326754933682e-22
1.1897114759120078
5753289239073465e-21
4288107986927635e-22
70.51718399444988
245.30534621978612
11.30834599094776
20.901374791230587
55.932292344332666
5307569680625678e-27
12.891513767419369
26.81983186186835
.005432374305932354
.2748715487527652
6.792854410853013
7.5984910384070785
11847874677000932e-23
2234544716531449e-21
.31770776454811894
.40335462747739287
6.301101283862458
.42970215402921697
2.387094595796965
.0013961192637426975
9.119508115793954
28.59322500219132
2.820911030269557
2.7015258053989877
.5054296881156757
22.26077806468245
3.6265095965176877
24.412760861858807
6.670125243221841
1.542753465252856
10.99000931373562
5.102066585621198
.0013961192637426975
1.9293865561505361
5.584477054970776
2.2737796364735616
1.6709992592960685
11.76812057275422
.0991053987160717
10.1598279462416
1.674890195455955
1.5427308560175579
20.266844489599304
9.279632258466084
.4378693693668919
11.663400974278982
10.071710855242708
1.9998708502523614
3.9664003569703414
12.057526073172246
17.959346332741276
8.678180906364277
6.066140187833727
26.282445335057727
.0013961192637426975
1.7233804719507437
28.35388708311619
5.848619272343743
26.46356871004153
27.90271252806108
2.9774578543763557
4.919886268952891
12.000837729671778
.038587731123010685
4.048542906462759
5.619668877502532
11.213754022595113
2.7548720840394956
6.156857827306791
12.393913173321227
14.889118063298023
17.67310592602185
6.610214879176814
.4120569756366827
10.472159551979058
13.62016584547221
1.4730161278965286
1.506378430183342
23.8703376992488
16.29312226451355
8.93074900904864
.3964215948642868
.0991053987160717
.0964693278075269
2.0993785347907203
4.4174650353287985
1.9365917689522911
8.780751728316769
10.41462952785565
8.054098881365276
3.299459570831219
24.4672800410051
7.994892909216177
9.490899464129475
17.71211802836104
6.739114818679686
11.372863336337863
.001269978493280201
24.159921843954837
3.3927105936864383
3.4127187419150546
.00013626064610089148
29.348582460286227
3.741180201710655
.924559579391197
.6456461603844862
1.4839760850993764
.0013961192637426975
13.57215603252904
8.448560336110809
4.552658263544917
11.674280641826378
.038587731123010685
7.123083267686453
.4190100897964904
6.364852531662905
5.613435646449827
.001269978493280201
2.5856772813969697
6.224132358564969
3.0475389298743414
4.904980426529794
9.114717293567724
.5788159668451599
.3858773112301076
.17826997467169473
5.76236178447953
.001749685721392091
1.4643272437022663
22.30923915340851
27.807642094706594
11.049336380898737
.12493161025657509
.1302494134756729
20.266451825652197
29.31714123608443
2.8798484301321077
12.073951005253978
36.23583260807173
.20768325705164342
8.354996296480328
8.354996296480328
8.354996296480328
8.354996296480328
8.354996296480328
8.354996296480328
8.354996296480328
8.354996296480328
