.18637481739815615
6.891649576455081
7.845275380861549
6.565668146267264
1.9956704881994698
41.89952390454662
.004059830018907583
9.92755709433791
8852376603451932e-22
.10839242636212096
1.217770834154862
16026235212350233e-22
2.086843504313147
.8677316542695505
20.48335311031491
3.1570134754845878
29.689756759709294
10.023288517321395
11.274452226633942
.004468766379086444
40.95499883322417
2.1193073530687023
11.240993644847224
31477044239843107e-22
9.884322671919412
1.630599341312671
3998291499495185e-25
13.914284372441251
.004676050439377584
14.238007884961588
13.96786612768313
.5887817392096861
4.817257300420837
138.7198618798022
166.05576896643743
.7972586037280638
2.273048134156441
2.91617301469974
.6518208026997349
10.614608672647424
1.4501644028921097
.00044841835191349906
.26221949420516566
.23732783376955832
46.3080607186966
50.65456494267361
11939961924901982e-24
5.456701491660659
3.809957852075476
.6021169754502852
2.1916167529283674
5.650588924225863
24.341287064575276
8.335891222898931
.4215384061119998
22.00631649338007
11.846260933162808
.9586127365570761
.8412859484034303
.812768230026565
589039824788591e-19
15.82228296234202
12.163482157502157
11.243783934022833
4.028170900200052
.8741009937173077
9.905786884766073
37.79815772394985
13.74131203376942
6.26923501232953
.7011400969598262
.3815772558059942
.09307343901725196
.34315045103563124
.9732534120128709
22.905581142890895
.9021436115454823
.7243441498920136
1.8105691628904046
61.438239964662955
13.222466072896458
1.0512261234303881
.7171153915458847
.0020394161470802473
.0001433623975893433
.00045722771920574107
1.561305676086507
.269899770538432
17869520529391257e-23
38.336046969382124
.0005705432925924494
.08041913496162587
45.41026285089392
16807309533615194e-22
1765740022281034e-27
5.305395771599822
41506458589016044e-21
12.757945488519356
14.7482192451248
.0007973317512651376
7498996788294738e-24
.0010026132053344529
2380338544901538e-21
.00020967615375022704
.016913987687505138
.0019921278525403302
.18123239192629853
.16076120560017304
.7669071396237203
.7591447626452038
.0002654897292143342
11346485904125036e-21
27283493312917547e-26
2782561018603939e-20
3971438701813916e-24
33586213843958505e-21
1.3066108710087334
2977771246845936e-22
.9570310002957173
37904290557384516e-22
1508971402035173e-22
69.585592182807
242.0646545337914
11.158953148924732
20.62524990216636
55.19337932196216
2421467728477284e-27
9.655836681900604
25.82633465364926
.0037710586622308464
.2235954864634385
6.707343188963383
7.478590963811992
59469704659193333e-24
1323568214268061e-21
.3176232725876157
.4030061072218813
6.2990066911233935
.42933086808301935
2.3866184577458087
.00137767534411196
9.073542918644847
28.568518906352065
2.8102280266896953
2.6658363581367466
.5004822118473421
21.9666943053609
3.59161805757416
24.391666913571832
6.538385733959055
1.5407031384037013
10.844821969224515
5.034663958567974
.00137767534411196
1.9268223920455314
5.510701376447827
2.2707577722919385
1.6599249035256456
11.757952278877047
.099072454403768
10.151049304345452
1.6734429995665092
1.5122608725486812
20.249332837720896
9.157040445558119
.4320847436066867
11.509317554776567
9.938655012248223
1.9965839013274365
3.9284513396312923
11.89823592682548
17.72208813497551
8.563534775954972
5.986001330789911
25.935231940007547
.00137767534411196
1.7119589657064964
28.329387788208493
5.8129009477682745
26.113962521583076
27.534094029117437
2.938123110707818
4.854890398404068
11.842296484424422
.038536447840910586
3.9950582207861105
5.545428285155031
11.065610820704789
2.742701399889713
6.151537968510224
12.149124960242606
14.692420185069587
17.65783540481439
6.566406438877573
.4106892756487941
10.333813442049184
13.440231902337748
1.4710584823074655
1.486477893444599
23.55499029196265
15.971322020407673
8.92303235795675
.396289817615072
.099072454403768
.09634111960227665
2.0579143811436498
4.330217096988945
1.9363342409127517
8.607325910739762
10.277043438340108
8.047139703488467
3.2342930006629294
23.984034622356837
7.987984888507616
9.365516632242645
17.696813798583136
6.650085395960576
11.363036566131537
.0012688811630431826
24.13904636228042
3.347890009123659
3.4097699679903326
.0001361341052954687
28.960862793183807
3.737947619285682
.9123453631569722
.6447880935011472
1.4826938493467174
.00137767534411196
13.39285633974439
8.44126032216164
4.54872452010136
11.664193430734617
.038536447840910586
7.116928537750639
.41347461111542333
6.359352954170756
5.608585333865007
.0012688811630431826
2.53460839681953
6.101201512050922
3.0449056910959396
4.840181474802178
9.106841683908957
.5780467176136586
.3853644784091066
.17803305300942024
5.743235346610918
.0017151282386020147
1.4354057848913548
22.28996276186531
27.258422254039516
11.039789155513498
.12328115772092726
.12869975084307594
19.99871480749052
28.929836934221452
2.841803189747936
11.914443871623158
35.75712652490768
.20757389083334613
8.299624517628214
8.299624517628214
8.299624517628214
8.299624517628214
8.299624517628214
8.299624517628214
8.299624517628214
8.299624517628214
