.18969953931723216
6.886550646542497
7.606322226906805
6.198823998221252
1.9925857329946353
41.29488788308556
.004037098149004829
9.729393169812404
8268105867757396e-22
.10921078065334079
1.2087198584437624
15054561834805267e-22
2.039210358986229
.8297694413258669
18.993087567376502
2.4299694569614068
29.596171935962303
9.827559205693975
11.31766575944236
.0044108175106619225
40.099525437752526
2.120077062047034
8.900811964559436
2995813365804675e-21
9.975614932617223
1.4477601666044393
39176823089282784e-26
13.909571268035117
.0035134467593555424
14.194345571507137
13.87583354226563
.5843603787338342
4.701686894563389
138.05843589928884
165.64579864514812
.7636020490682968
2.217834754580659
2.8503900883443496
.621885026952172
10.261734851066802
1.3649528044902532
.0004454562041037784
.2613291998623433
.24067194815688975
46.168002068927194
50.489970272184614
11859223268884399e-24
5.409194063770653
3.6720534997089604
.5477339125060272
2.1921150451436144
5.605273504844461
24.160037120587713
8.368905973280668
.40213949182840203
20.206482991774497
10.2270568007053
.914513398841295
.7845485024725373
.7545786626771995
5500344498615723e-20
15.741750557796367
11.654190744196995
11.188032158381432
3.8120375763637653
.7834480618580283
7.828224828704608
35.15962094358557
11.074095563610646
6.366190405801747
.6974144190815125
.28722516483254856
.0695953995357047
.2563086346667679
.7503565059936661
22.35709173951793
.6793260733549418
.5466656795617626
1.3876969951678817
58.46229176887922
12.495821071705562
.9867468247789846
.6660010061241923
.0016968875979376484
.00012950902341455253
.00038057386663577095
1.4914725336672572
.25168551807401696
2060891426899959e-22
37.545722072891365
.0005018643247342462
.09484923706128218
45.306747431665684
13555321688640875e-22
17769093286940729e-28
4.941799155824076
3264239035039358e-20
12.889263747878486
14.877092944160514
.0007138201729868176
554292584216677e-23
.0008709707587457886
19973658715577196e-22
.00017600547224796143
.016932022130176524
.0014523837649929488
.13705348544551094
.13316978316672945
.7618918217414555
.6754133196458729
.00018615652782156883
766975287256546e-20
18293587542444852e-26
2375230680043755e-20
2601745921938335e-24
2232367449742965e-20
1.165381867263473
18971931624884527e-23
.8667853113869416
31396903233143207e-22
10254945310099502e-23
69.12442166284808
240.46039883813307
11.0849984685885
20.488558427346735
54.82759153972515
17187786083405886e-28
8.468392606888358
25.35131783195061
.0032867360484530287
.207740594596873
6.759164616754628
7.755486453820103
45443377959121356e-24
10793214091265457e-22
.3175810350339851
.40283196003803884
6.297959655872611
.4291453454314429
2.3863804243359614
.0013685449590013523
9.050647272862607
28.556173864862775
2.804901705994132
2.648168833857042
.49802666438481913
21.821112561830304
3.5742983782835003
24.38112677528087
6.473494946583749
1.539678997040962
10.772949157202305
5.001297301437407
.0013685449590013523
1.9255415881961984
5.474179836005398
2.2692483465619593
1.6544152788812903
11.752871427146944
.09905598635456137
10.146662828265514
1.672719870610215
1.4972523057969713
20.240582686730168
9.096353211734357
.429221151595399
11.433040874581554
9.872787717655832
1.9949424533073488
3.909613204611804
11.819381734788816
17.604637031326156
8.506780932789587
5.946329794490515
25.763349169108547
.0013685449590013523
1.7062766295432472
28.317146080167625
5.795123670225146
25.94089523428273
27.351614983359696
2.9186510372488645
4.822715169895647
11.763813024617361
.03851083176392393
3.9685814312790826
5.508676596113695
10.99227475592803
2.7366362359044487
6.1488797631026175
12.028549895284826
14.595047857786618
17.65020509288264
6.544611215091455
.4100071289746418
10.265327280349092
13.351158309078869
1.4700806353743432
1.4766264319347742
23.398882299204118
15.812813222747415
8.919176533122767
.39622394541824546
.09905598635456137
.09627707940981002
2.037490427896322
4.287241474509193
1.9362054897355494
8.521901743633368
10.208933513319298
8.043662369789953
3.202193973784566
23.74600294995213
7.984533116814876
9.303447746436104
17.68916664329
6.6060127187924405
11.358126365560304
.0012683328535331901
24.128615386497913
3.32570225260911
3.408296536628288
.00013607087896744583
28.76892800131332
3.7363323756464815
.9062988990498065
.6443594877948977
1.4820531470006806
.0013685449590013523
13.304096722585292
8.43761268088067
4.546758923176015
11.659153094120963
.03851083176392393
7.113853167327592
.4107343556197601
6.356604947656256
5.606161749398841
.0012683328535331901
2.509453451661822
6.040649598144084
3.043589925052527
4.80810372799554
9.102906431304762
.5776624764588587
.3851083176392401
.1779147102807161
5.7336959475497284
.0016981062967373036
1.4211599732530331
22.28033081293607
26.98789363204551
11.035018636761562
.12246412600755276
.12793184731049087
19.866175622050356
28.73810776266777
2.8229694655023474
11.835482263293907
35.52015027573807
.20751922932322986
8.272076394406438
8.272076394406438
8.272076394406438
8.272076394406438
8.272076394406438
8.272076394406438
8.272076394406438
8.272076394406438
