14683005284872798e-21
7.165896842766946
11.055113179872867
49.96337063067987
1.8430371532066925
57.30111672547087
.004474055964993018
37.813831204481524
1435413581081825e-21
.6779897550057379
1.8600146575989156
.014227227876256198
89.0010571453346
1.2505110255617302
29.984819147769624
2.236613987633947
12.676015496788981
66.12075810363928
21.625513789337926
.007229802707274355
63.47439483357231
7.024624255631911
47.6747584079274
4226856961652222e-21
28.606940363553072
16958362550171497e-21
9635861524502919e-27
13.28320642735843
6.64608900705262
1450.665461135415
5.873767061235569
.5221777438240621
10.637686614684073
211.6727075610162
79.65395982490601
1.127898088573231
11.040942116320817
6.266295086847945
1.028577233510691
33.08326873236308
5.420398974597506
.00027337823486605023
.317412148027127
3.4285994939986986
46.437154874215956
266.24173694325117
1788986501098544e-22
19.79893429538274
.6773781426934495
2858806173284683e-21
.9718130606457684
.0040615410676082195
36.28004564745033
107.35556486495118
.005352306303431067
.4151050653113609
2.370302356608627
.0001389915980251546
.0017165772073403254
.013672090295704726
4013987958875601e-22
23.693115506296817
.033839904355285985
3.687629289103912
10.066896953308655
.006049476905202922
6.056633695333604
.13218140502614964
.016299445295624868
14739829187678887e-30
2447358905627351e-21
8.061698222472362
2.3440544271888473
47.98456864086987
1.2252426694193552
153.15439919185116
53.41433802086556
1.6242200244349057
1.8637514605003096
249.11516623510718
33.45390551360642
225.6545988265142
10.223553651663412
18.104738668033537
.003192509044767519
189.9601298587193
16.09433675443194
.012594868204360725
4758349123905392e-20
24.39895238091594
.9960660202483392
.32289899108312103
24.73708250138161
3.7591499871708
3065542209435389e-23
7.45434685046948
2.004301178795847
123.93638785401454
346.67292346056814
.003017725224744461
20.822316802836976
1.9334749886482197
10.399194246121867
67.06700671720621
.012436286340432593
.7780211374380941
12.280243981062371
53.825576082565604
.8335879450424137
84.23326706134894
.0051295811443352836
.0010732800744023038
.00022576205678180553
.9382255431078098
.00035287695741081346
.5125264075675341
1015.3237513983012
16.115410394816728
10.02610681000616
.011047245114755144
38091936371819836e-21
101.0158874645456
351.3999828770764
16.19920906259714
29.941225729198347
80.12302575119664
.0006924298605182394
1822.4916828903706
455.8178210344289
198.9237026665455
430.82961673001506
3786.04602716565
1091.248267278662
.09571802904844434
.12373658883848322
.3199998120575878
.4128888934739283
6.357975185550773
.4398592077896276
2.399998942823854
.001999941268846134
10.453972282510055
29.26909530167095
3.1255344861817504
3.8699365357843636
.6593566365356605
31.888571330814543
4.709385736804675
24.989815740892713
11.436050524497283
1.59921186336671
15.743191675918341
7.30871193169447
.001999941268846134
1.9999941268065595
7.999765075384532
2.3569905699315266
1.9999706342062498
12.046288676394548
.09999992658500068
10.39998014859591
1.7144802919879696
2.6450399912724625
20.745900568570566
13.293076025374958
.6272480044526282
16.70782543393068
14.427728855546995
2.090784290623187
5.143236290831702
17.272409757659272
25.72676906990189
12.43149678102944
8.689747659330793
37.64961091566307
.001999941268846134
2.0626641910768817
29.024100049747613
6.901686337894226
37.90907020527399
39.970644161174015
4.265209279652763
7.047738572799856
17.19120368839758
.03999988253613118
5.799538941697032
8.050177371837266
16.063706039236052
3.105065892491716
6.302390111380265
21.249588587615673
21.328666142522444
18.090852696245992
7.911574808067891
.45079693159572215
15.001371735104229
19.510891705530327
1.52692242780121
2.157887558221209
34.194265995615986
27.93485318857173
9.141848946424012
.3999997063400027
.09999992658500068
.09999970634032795
3.5994225173371692
7.573823802717481
1.9435648176419795
15.054757856329763
14.918959958094776
8.244477064398845
5.656983186920803
41.94959472916932
8.183871615341353
13.595716361578999
18.13078694434825
9.65378402217506
11.64168857548047
.0012999975185744891
24.73100025888801
4.860058954687913
3.4933866357242054
.00013972550014567384
42.0418532777138
3.8296120796518047
1.3244318779575703
.6692741403467241
1.5190534630789492
.001999941268846134
19.442117633924763
8.64826257341008
4.660271395808758
11.950230610848621
.03999988253613118
7.291454636113096
.60023208074677
6.515301275600997
5.7461228278078265
.0012999975185744891
4.433190525192817
10.671387646887124
3.119574912141201
7.0263859490068485
9.330165768036885
.5999982380419678
.3999988253613118
.1847939186643349
6.304116092620684
.002999867855879468
2.5106155780799346
22.836572189350505
47.67670596370918
11.31051427490113
.1789645695925118
.17999524276951195
29.031698388393476
41.99681371450659
4.125383749811524
17.295938477849116
51.90784120377217
.21066095823047284
9.999853171031248
9.999853171031248
9.999853171031248
9.999853171031248
9.999853171031248
9.999853171031248
9.999853171031248
9.999853171031248
