.19302426123630817
6.8815033301600605
7.391335371466731
5.839916769375536
1.9894563242928074
40.66686617732975
.0040143194815166665
9.52776717473282
7767963141069541e-22
.10989124984842759
1.199740000171499
1450702703181239e-21
2.0075446475161236
.8074518117194072
17.8351058986754
1.9540622537756007
29.3935936968883
9.661007276034669
11.355157819376682
.0043519570535200894
39.22612438295201
2.1189184595951294
7.3026777158115905
28608336941167036e-22
10.055577805904871
1.2296631375793827
38548665813421936e-26
13.904763623386806
.002775755232899199
14.153083505237438
13.784452164764176
.5799436388866728
4.5863447184968615
137.39894876239856
165.22194421540172
.743788209853003
2.162318740099047
2.7845886395629496
.6039581453402647
9.91481431332811
1.306179820354372
.0004425152847574432
.26044198759253584
.24367786933592261
46.02835998420971
50.34800330145541
11779822949488029e-24
5.380192992386803
3.525457876420362
.5011193027864457
2.18966921627257
5.560719742448701
23.979882488419047
8.390086929276992
.38549094409942947
18.54448942369993
8.934097835166623
.8653110353809381
.7273648597708066
.7015720357711933
51678194627452476e-21
15.659872989798727
11.158862600516805
11.066309972681498
3.623612532854102
.7068615679621295
6.4055931783624285
32.52760967299069
9.274599016177158
6.431679423737403
.6927263901859175
.22726197317007885
.05480215846725943
.19998737926154284
.6029410391356228
21.84789166416098
.5377025282366541
.4337281732302931
1.1144749889814687
55.88471912490625
11.863689801833134
.938175122839918
.6247833319103725
.0014475672488884464
.00011754631339230332
.00032301080688194
1.4248921978202063
.23535584496220657
22855484772654171e-23
36.86155210307327
.00044670246762782496
.10760991562672095
45.09218151312365
11167536013149192e-22
17595855946705253e-28
4.635955533730479
26240782487291335e-21
13.002870153485896
14.98832349134213
.0006511625093357329
4264219242585254e-24
.000771534946724217
17027307208756708e-22
.00015046955901910396
.01694812466053743
.001116727272206603
.10911527467542795
.11309694145518014
.7569005864683316
.6033446971354695
.00013921986477493555
5548314680575706e-21
1292327195790686e-25
20664582440865527e-21
18284807572702857e-25
15678577984222005e-21
1.056691742093654
1296883984265714e-22
.7919818261602364
2639745336560084e-21
7511962675136606e-23
68.66630749754955
238.86677516286565
11.011533914403271
20.352772859578888
54.464227974007976
12677805694252688e-28
7.555388411557797
25.023548669180638
.0029135432284514225
.1940758560673046
6.637907268693582
7.865239016977452
3616184284728453e-23
9056470800494077e-22
.3175388030971058
.40265788810675723
6.296912794662415
.4289599029479997
2.3861424146667773
.001359475084469536
9.027809400609478
28.543834157918475
2.7995854804552214
2.630618399065571
.4955831647298015
21.676495644586414
3.5570622188121197
24.370591191599292
6.409248173569093
1.5386555364489074
10.701552673987926
4.968151777995159
.001359475084469536
1.9242616357271
5.4379003378781325
2.2677399241825187
1.6489239417893864
11.74779277095682
.09903952104271142
10.142278247671632
1.6719970541327376
1.4823926928939022
20.231836316858697
9.036068175583464
.4263765377113123
11.35726970932495
9.80735695099418
1.9933023547680422
3.890865404256221
11.741050139854295
17.487964321378204
8.450403219202192
5.906921176742081
25.592605531534737
.001359475084469536
1.7006131541967215
28.30490966201925
5.777400759959189
25.768974930554
27.170345296521894
2.8993080127205952
4.790753179019177
11.685849704927168
.038485232714541975
3.9422801136539283
5.47216847467093
10.919424717498694
2.730584484321342
6.146222706359951
11.909171488227344
14.49832085442052
17.64257807816478
6.522888334037174
.4093261153324743
10.197295002820747
13.262675040830139
1.4691034384389172
1.4668402598547683
23.243808894240214
15.655877559673925
8.91532237446958
.3961580841708457
.09903952104271142
.09621308178635513
2.0172691739800475
4.244692367397096
1.9360767471193
8.437325376231499
10.141274979004846
8.040186538718473
3.1704135165384844
23.51033364394054
7.981082836703303
9.241790215042279
17.681522792489112
6.562232128230949
11.353218286787193
.001267784780958955
24.118188918153447
3.303661542902828
3.4068237419660794
.00013600768200435357
28.578265235234245
3.7347178299871033
.9002925071891377
.6439311669928722
1.481412721515235
.001359475084469536
13.215925349595798
8.433966615820124
4.544794175625315
11.65411493553988
.038485232714541975
7.110779125835024
.40801226085270464
6.3538581286115905
5.603739212213105
.001267784780958955
2.4845481589829665
5.9806986370642665
3.042274727578541
4.776238572772068
9.098972879203727
.5772784907181293
.3848523271454205
.1777964462171879
5.724172393239621
.0016812532906406794
1.4070555454327431
22.27070302616902
26.720049895296054
11.030250179448375
.12165250907803106
.12716852557260688
19.73451482484095
28.547649254180463
2.8042605596013392
11.757043963955939
35.28474455944556
.2074645822074128
8.24461970894692
8.24461970894692
8.24461970894692
8.24461970894692
8.24461970894692
8.24461970894692
8.24461970894692
8.24461970894692
