.2013360660339982
6.868970111684381
6.944820971895487
5.038413569356942
1.980713030537135
39.10013839431963
.00395724185642179
9.009288148322247
6800719635541363e-22
.10969911430691642
1.1775990102985352
14125516645408854e-22
1.9670410684702133
.7895842337004612
15.625458923608871
1.24997780879101
28.49499882766078
9.32605218994831
11.41455052701242
.004200632502751671
36.972307932281325
2.0911634889177737
4.837124719216351
2585956410304335e-21
10.098093309359115
.6579727236073833
37068098887670416e-26
13.892363234348595
.001745013316910276
13.965907513507107
13.558698890855048
.5689264884824409
4.300432689061246
135.75607526367236
164.10354665413178
.7279668731300236
2.0224080990600433
2.6208065457416776
.5880840584368339
9.077700292350963
1.2202558172692566
.00043525231651763346
.2582373687571075
.2463193563862673
45.68111538534871
50.08550859418381
1160283076074022e-23
5.380783189828617
3.12827517075555
.4114352656874563
2.172261147881941
5.450626101002818
23.534473508486272
8.2856420172554
.3586718702229828
15.112050061405535
6.550405944116728
.7304244485335998
.5930680913623132
.5953226861571916
46072995452976534e-21
15.44768372945489
10.039861463418477
10.535437480305298
3.2480081303100157
.5628788799958471
4.204583257501259
26.276369437102254
6.485868140113272
6.456154123424936
.6802875330915259
.14144533333172005
.03381353435125689
.11958178602793114
.3833893061492756
20.68572432198047
.3407641368195752
.2716133576794939
.7147297416514294
50.416853885947155
10.607425495209407
.8600822064488084
.5534025853035327
.0010417450469900119
9375191079987125e-20
.00023093979913840648
1.2717188754928264
.19872760923031021
27340888485865507e-23
35.46637367953242
.000350180789009187
.13198561794318106
44.14627195786473
7461055089445414e-22
1675444460526782e-27
4.054000079754173
16246351613128248e-21
13.033903927525694
15.019262329150024
.0005482875184711249
25165747494132874e-25
.0006061221306424002
1202374324220134e-21
.00010910900036868867
.016978032762802058
.0006582935785866827
.06967199048782768
.08162512330062385
.7445324152121984
.45431025457584606
796316384610001e-19
2918830857914576e-21
6389791555208991e-26
15718490608181008e-21
9021617312871894e-25
7615137252492156e-21
.8579699712050102
603387274431799e-22
.6530920484915327
17836646456166577e-22
4161953762573991e-23
67.5342610467313
234.92876983104884
10.829995568449402
20.017232983915434
53.566319840871024
6785944257369122e-28
5.849498485402067
23.607029062226868
.0022837621778122445
.1652441214464446
6.477665646842761
8.205745895621643
228791528845613e-22
6229536803548296e-22
.3174332478232933
.4022230372951423
6.29429640287465
.4284966472476725
2.3855474943436774
.0013370625068832942
8.970966523397838
28.513008214066915
2.7863389574449138
2.587249499081753
.48952673756599924
21.319132610881603
3.5143345811710573
24.344272145897666
6.251407018977863
1.5360998603715872
10.525124740634078
4.886245836167627
.0013370625068832942
1.9210654756299004
5.348250027533165
2.2639732535167805
1.6352752092655707
11.735105729743864
.0989983697360362
10.131325083564105
1.6701913791478875
1.4458856693136815
20.20998692385609
8.887097752091767
.4193472090082144
11.170031494049057
9.645670906806107
1.9892080051197547
3.8443882799993325
11.547484843800252
17.1996542510754
8.311088185076871
5.809538495233648
25.170680728599912
.0013370625068832942
1.6865365715964802
28.27434174492943
5.733330251277572
25.344142466504593
26.722409560913402
2.8515094421371048
4.711771865902136
11.493194454261037
.038421309512598
3.877286896843012
5.381953212983066
10.739404902149479
2.715513590144973
6.139585086655563
11.615883207446046
14.259298643030215
17.62352495733225
6.468896057075402
.4076285258996206
10.029180362080789
13.044023932950727
1.4666632870055478
1.4426576385576324
22.860606821474597
15.270318797829047
8.905694262653439
.3959934789441448
.0989983697360362
.09605327378149514
1.9675896972427638
4.14015793121822
1.9357549280291073
8.229538574569137
9.974083895558804
8.031503530772609
3.0923354461579775
22.93134245703537
7.972463657862865
9.089428216947088
17.662427613271213
6.454045859579843
11.340957366705226
.0012664156354455136
24.09214245455366
3.2491967193140345
3.403144539067092
.00013584981797870905
28.107118250503138
3.7306845175213836
.8854501052222328
.6428616102012835
1.4798128682817215
.0013370625068832942
12.998044966457057
8.424858344664017
4.539886020354387
11.641529061804244
.038421309512598
7.103099832406498
.4012856892833056
6.346996272813601
5.5976874481312775
.0012664156354455136
2.423360958950891
5.833411412015103
3.0389892197727377
4.697496550350653
9.089146433830994
.5763196426889693
.38421309512598056
.17750112987544286
5.70043265564994
.0016398489085090303
1.3724038568336077
22.24665175690991
26.062012725881814
11.018338049115103
.11964692153220541
.12528008758622708
19.409167674539056
28.077007010623788
2.758028960300917
11.563214990525477
34.70303321799947
.20732802736805617
8.176376046327842
8.176376046327842
8.176376046327842
8.176376046327842
8.176376046327842
8.176376046327842
8.176376046327842
8.176376046327842
