23339950820357356e-21
7.165880232430663
11.06783591717029
49.94086494516645
1.8903506524429372
57.534525829495536
.004474392655808743
37.81028207496058
14412391997905622e-22
.6783409949225251
1.8599760076657676
.014496710072763572
88.99945715410352
1.2738998922970777
30.5240660327784
2.5035652729891904
13.00614706098941
66.21460643704576
21.623582304068535
.007229670995604725
63.47403768897757
7.025565885581332
47.65893781105508
4235439309872849e-21
28.621118239585165
34091292158788254e-21
1539723533688227e-26
13.28350872638006
6.601508076157045
1450.358988192799
5.924712483828623
.5223481576264627
10.63738174550541
211.663706016715
79.69192461505918
1.1481712700382634
11.039781285481936
6.266099643103069
1.0481742294932808
33.081836396946976
5.519960368765657
.00027534310327299096
.31740932560978496
3.431994967754659
46.445587057582976
266.2355135531585
17890112329064836e-23
19.803452224784568
.8369799890115293
5775224480322837e-21
.9848220146008887
.006456456487201658
36.27947620684099
107.45371381822756
.008514006089709474
.6598268940488577
2.6623189091960873
.00014059059945811635
.001730626799293208
.021747097970700423
63840953619494e-20
23.692514877183864
.04284223069547684
3.8031016973169183
10.091207956898915
.007696370325976118
6.776691031856912
.1672858284463962
.028915606051546992
16126283953119814e-29
4923839359142745e-21
7.974339210297993
2.3088618430862184
49.51954456759264
1.367438460993754
153.13924860814686
59.87804893968739
1.7995409503042392
2.0736323295433734
249.92238643687244
33.53809289772402
225.40422649202088
10.266155457448209
18.19584975627615
.003197143806697333
190.68092723007933
16.093187932056626
.013962332960814504
4396445403188652e-20
24.472796931028945
1.1041434110200121
.28950650901732905
25.265604892386058
3.7717836925617547
48217380161738476e-24
7.499288624755364
2.0134464554709344
126.45021270058157
342.65022987570813
.0047891768236249035
20.898351376927067
1.931635861424449
10.40603152034629
67.2647827209033
.012458862164067467
.7711833221576895
12.175442363321691
53.9897595255803
.8346056084538235
84.64109100514146
.008111709238452908
.0016898807074134463
.000358354719266606
.9399190438168152
.00034831060764109885
.5134415088104148
1015.4380404299565
15.950823922780687
10.086032269417853
.011038540064078818
59362677581970457e-21
101.01413850161347
351.39389882871706
16.19892859368387
29.940707334565015
80.12163852186502
.0006971759751225483
1628.8402385768818
397.26209465929355
181.1396727108943
392.69485675306595
1603.7645088919821
390.84125778243657
.14811820840818596
.19097012218215256
.3199997012487692
.41288842880782356
6.357972433519124
.4398587127710695
2.399998319524131
.0019999066423806
10.453903510172221
29.26906236216418
3.125519046788681
3.8698695327047425
.6593481924187924
31.88801922034345
4.709326462039916
24.989787617296944
11.435753524554155
1.5992090945111066
15.742919102372083
7.308585390547617
.0019999066423806
1.9999906640415117
7.999626569522397
2.356986489067261
1.9999533206443343
12.04627511947373
.09999988330031415
10.399968444434473
1.7144783625079292
2.6449712982629925
20.74587722108663
13.292845872496974
.6272371444430141
16.70753615896519
14.427479057583561
2.0907798131161677
5.143171917939591
17.27211070762692
25.726323643280434
12.431281545311512
8.68959720728877
37.6489590600436
.0019999066423806
2.0626463347826074
29.024067385959057
6.90163129514561
37.90841385744353
39.96995211978561
4.265135432923152
7.047616550078199
17.19090604434609
.03999981328083023
5.799438529980748
8.05003799314968
16.06342791638706
3.105047993705289
6.302383018656024
21.249036725188297
21.32829686351682
18.090832336759004
7.911506318292117
.45079498033770266
15.001112005236442
19.510553899000858
1.5269197841066395
2.1578501971144988
34.19367396494419
27.93412770648414
9.141838658166307
.3999995332012566
.09999988330031415
.09999953320207555
3.599329038536893
7.573627106731061
1.9435644811353134
15.054366876750095
14.918701655083167
8.244467786045506
5.656836272242418
41.94850527724516
8.183862405193524
13.595480968864557
18.130766539919172
9.65361687905695
11.641675473897532
.0012999960555543093
24.73097242656377
4.859974808884981
3.493382704258898
.00013972533113401698
42.04112537594679
3.8296077697976147
1.3244089470868052
.6692729815737709
1.5190517535327088
.0019999066423806
19.441781018131767
8.648252840635607
4.660266151128674
11.95021716203177
.03999981328083023
7.291446430293378
.6002216884838671
6.5152939432660455
5.746116361108058
.0012999960555543093
4.433075393021005
10.671110505620792
3.119571401364462
7.026264295978992
9.330155267846997
.5999971992124534
.3999981328083022
.18479359871443402
6.304088805484905
.002999789947813158
2.510550376139605
22.836546489019952
47.675467775846215
11.310501546022506
.17896147104627083
.17999243801513937
29.031195741081135
41.99608659254293
4.125312323984951
17.29563902044659
51.90694248484358
.21066081376656673
9.999766603221671
9.999766603221671
9.999766603221671
9.999766603221671
9.999766603221671
9.999766603221671
9.999766603221671
9.999766603221671
