.20172646966305874
6.868382133410286
6.92608347883361
5.00485606677002
1.9802536692653274
39.02842418975081
.003954558447795045
8.98450503871745
6762199537728144e-22
.10961318365741334
1.1765698418093864
14128642541613428e-22
1.9659769001380543
.7895638458080619
15.532578199581184
1.226093887524845
28.441205074974615
9.311228682383348
11.416025100765667
.004193373661581868
36.86423672363706
2.088868687728277
4.751204866961494
25746263425898517e-22
10.093651763792016
.634329143926659
36987409522320593e-26
13.891768420923729
.0017119191924904143
13.954695321657619
13.54818483109411
.5684099998223076
4.287122968669728
135.67905580500587
164.0490044559013
.7279528383915115
2.0158149023183274
2.6131580260071035
.5879601093412804
9.039524814422375
1.217455255247417
.00043491419130681523
.2581342873672052
.24624193162458044
45.66487165959667
50.07596863684188
11595382494118245e-24
5.383103511478202
3.108641295482049
.40793551954553625
2.1710833126578817
5.445474563879052
23.51373204775915
8.274431608417352
.357911021735189
14.973216270728848
6.457303405150511
.7240169119898834
.5872887935503203
.5911299990078778
45895837395586995e-21
15.437454476684113
9.992450848439544
10.504219289716447
3.2327080640366868
.557369036751295
4.1278527794647175
25.99856945251963
6.3867146201874885
6.452392770941434
.6797567250194814
.13860286332110638
.03312249337433973
.11659523683788137
.37593451730122973
20.632612373551677
.33338422387217514
.2662226293564719
.7012338951897265
50.17666000748486
10.556363212134878
.8580584555721539
.5508236518028156
.0010270765518200634
9279647095819807e-20
.00022780592764838327
1.2649648551276786
.19708463585380148
27508778232643814e-23
35.40623107728523
.00034671035629368566
.13286731070576285
44.08934440842702
7337994767404282e-22
1671228157240215e-27
4.030963790199206
15907250498485106e-21
13.02495371677828
15.010892401448265
.0005445701147604886
2462705940558164e-24
.0006001460315522166
11844660363686362e-22
.00010768948284967306
.01697906821437235
.0006438063685374437
.06837856764615786
.08053903795463464
.7439554299967995
.44805778880466013
778320508372457e-19
2840949309322685e-21
6205439777518376e-26
1555165448484185e-20
8757420048592581e-25
73865737045376356e-22
.8499664489853554
58446033271757994e-24
.6477587197984622
17522871391003717e-22
4063317077254478e-23
67.48155038405602
234.7454073281155
10.821542729337292
20.001609482611745
53.524511191866424
6613218224330869e-28
5.784340341432241
23.503100428331653
.0022607462598956468
.16385604070484916
6.480236892767675
8.22380320692179
2246818968778526e-23
6128354913806136e-22
.317428290778321
.4022026239998104
6.294173538265921
.4284749005355303
2.385519554715321
.0013360189261927863
8.968305443898187
28.51156114514368
2.78571831462282
2.585230144261116
.4892440954894094
21.302492973604693
3.512340341589833
24.34303664526523
6.244089587764893
1.5359799252619346
10.516909853979218
4.882432108853125
.0013360189261927863
1.9209154832990547
5.344075704771134
2.2637964877430075
1.6346369164894639
11.734510159234961
.09899643728875634
10.130810906821704
1.6701066149580668
1.444193223293945
20.208961243093235
8.880161349671544
.4190199074440121
11.161313256031356
9.638142436107456
1.9890159013444635
3.842218962526269
11.538472002482152
17.186229877145664
8.304601359590103
5.805004135648232
25.15103494821188
.0013360189261927863
1.6858782701043578
28.272906788612058
5.731268555171563
25.324361298788528
26.701552652221366
2.8492838317581617
4.7080943159656
11.484223986730182
.038418309665981074
3.874260664549253
5.37775258479899
10.73102276928304
2.7148077624237397
6.139273495443799
11.602286520157836
14.248169224138096
17.62263054257629
6.466371069477461
.4075489638372319
10.021352561275963
13.033843039063665
1.466548773342284
1.4415316405980296
22.84276405965205
15.252444500560607
8.905242288126214
.3959857491550254
.09899643728875634
.09604577416495286
1.9652865833643656
4.135311770860952
1.9357398135731374
8.219905689963948
9.96629909768636
8.031095922459976
3.0887157887199006
22.904500736356965
7.972059045893681
9.082333895083952
17.661531224159404
6.449008460355771
11.340381799692377
.0012663513633527133
24.09091974980156
3.246660713002825
3.4029718254527728
.00013584240764739585
28.085180573153693
3.7304951808653852
.8847590091609335
.6428114170597438
1.4797377660267153
.0013360189261927863
12.987899959270395
8.42443077312889
4.5396556157641115
11.640938240422024
.038418309665981074
7.102739341680689
.4009724847812294
6.346674155238586
5.597403358866219
.0012663513633527133
2.4205243531967806
5.826583255311374
3.038834987471994
4.693830142334247
9.088685148888892
.5762746449897156
.38418309665981143
.1774872709994516
5.699320029447958
.0016379294235752792
1.37079742314783
22.245522712995573
26.031506475878544
11.01777885541457
.11955353680535313
.12519208086750885
19.394018769757338
28.055092835173728
2.755876311676029
11.554189871787813
34.67594741222606
.20732161562798393
8.173184582447306
8.173184582447306
8.173184582447306
8.173184582447306
8.173184582447306
8.173184582447306
8.173184582447306
8.173184582447306
