.2243321893666083
6.833990931615075
5.961294846413701
3.5410041356987425
1.9540135751900751
35.11672834870684
.0037994829272516013
7.5250025071152065
5011035958649935e-22
.0959677085822765
1.11860852851789
17678386540045783e-22
2.0278305508566
.910546493928242
10.844203097341081
.5153686435695345
23.71194626489229
8.227512718397152
11.311750706265432
.003749445888962563
30.40666071803338
1.843714065075015
2.1200404491518188
2028775832483745e-21
9.080782209120043
.04979098620549274
2957228892633856e-25
13.85557269489786
.0008403803163969702
13.36307696661244
12.952013742896979
.5386939847737111
3.546833545586207
131.22885240258734
160.60204330402988
.8352828953470789
1.6398489413092034
2.184107056583613
.6723921095778173
7.026236262418919
1.2083140993880825
.0004157725109574356
.2522364840744471
.21842572612537914
44.734619442747245
49.79477623885818
11290145106146245e-24
5.842916361716057
1.8663859058162091
.26889642906785266
2.0411081329270004
5.146098190240231
22.341729085676356
6.957544580721222
.3686816463722174
8.647519976161453
3.1894779499974844
.44064682121878185
.3613216911017719
.39831014747760546
4441966306800965e-20
14.815164227178453
8.139242837396075
7.995244148284084
2.5026591651015777
.34783286653168155
1.7793848454716668
12.727412841271772
3.244235843440991
5.45567559977359
.6760324326477333
.05626612421288929
.013230567741499355
.03921140155468814
.15436885977299872
16.941804108302094
.1511474506064509
.10916063684906803
.30089940450999103
36.79816515202187
8.131201576581569
.7328012655539585
.4582657179528003
.0005301962893836947
52444601760434086e-21
.0001300370574694829
.9320351303116815
.10939524875929922
3001413936786946e-22
31.85994012524714
.00023776677465493304
.1520650732876529
38.83565901508575
3642140407111082e-22
13870444576691865e-28
2.978114629702
5690513742412376e-21
11.364111213541792
13.333741564474865
.0004485150282753985
10663463697232923e-25
.0004236899901022596
5849983925612557e-22
631345659514052e-19
.01699128643407527
.00025479374543319207
.032005649709887826
.047488262095654765
.7111692673785597
.16941153061424363
3429764101144023e-20
8936282468954031e-22
20770344595598793e-27
10877952539288597e-21
25995871792151643e-26
2107705643266859e-21
.5283794317398895
1550322666628133e-23
.4306092553655274
674371775703295e-21
1719969155388104e-23
64.4985385437196
224.36852171213522
10.343178051753565
19.11744132742199
51.15846818122335
23847673078852797e-29
3.268046591114567
17.65000826875594
.0012910996650819886
.09865459630493122
5.364602546208444
7.443305272298799
1014757176857584e-23
29231484721807065e-23
.3171413927093453
.40102238865691764
6.287063341140011
.427217571042934
2.383902311567613
.0012769604094120535
8.81555823398185
28.42789597207767
2.7500156993595297
2.4709504324519527
.4731533749980651
20.360819458291395
3.398775936632563
24.271603714479365
5.834668316879053
1.5290512132353185
10.052011427081444
4.666604927831681
.0012769604094120535
1.9122503503813986
5.107841637648207
2.2535846394678667
1.5980992624138686
11.70007606359497
.09888460621520771
10.101082753968086
1.6652058044318443
1.3494983255710924
20.149659466130533
8.487615145569707
.40049719511555504
10.667929073140506
9.212089791464159
1.9779240077915055
3.7186730328814024
11.02841557362265
16.42651515627017
7.937497698753288
5.548394796187475
24.03923721060452
.0012769604094120535
1.6481952614647863
28.189941929988347
5.613144840393595
24.20490169578137
25.521214511446214
2.7233316661923
4.499973711000006
10.976565583292178
.03824500700762795
3.702999551413498
5.1400298362320695
10.256659512992858
2.674249205767928
6.1212582286935495
10.841531437211458
13.6183310349319
17.570918171348445
6.321833755485796
.4029684289112501
9.578360170373005
12.457683957220766
1.459933261019268
1.3778089500603885
21.833003091385205
14.252350712064754
8.879110480280342
.39553842486083085
.09888460621520771
.09561251751907002
1.83642390141429
3.8641618174630024
1.9348648355497882
7.680931322789396
9.525740336906075
8.00752923570993
2.8861905164847315
21.402666134422354
7.948665598710212
8.680850683854633
17.609704701614465
6.163931006056261
11.3071042460335
.0012626353442460106
24.02022663833264
3.103142561844126
3.3929860437109065
.0001354140124613089
26.843679367107047
3.7195483048476126
.8456483695097892
.6399117338523164
1.4753955795130862
.0012769604094120535
12.413771784397246
8.39970987289378
4.52633431529868
11.606778725003782
.03824500700762795
7.081896852094119
.3832475560719134
6.328050285823353
5.580978171962011
.0012626353442460106
2.261811999223222
5.444537628357828
3.0299177396983072
4.486340083030288
9.062015040856114
.5736751051144183
.38245007007628007
.176686636714511
5.635264083376015
.0015305313574848233
1.2809150447444289
22.180244789480547
24.32463595222191
10.985447957430813
.11426869059457727
.12020020685818382
18.536709071141377
26.814921653083733
2.63405321156281
11.043438636866851
33.14310234395401
.20695069166170454
7.990496312069329
7.990496312069329
7.990496312069329
7.990496312069329
7.990496312069329
7.990496312069329
7.990496312069329
7.990496312069329
