.2358151030915115
6.81620459340537
5.412458355081429
3.0008004576806853
1.9395723308362338
33.05898368510547
.003721313430448922
6.798514836526733
4215290316473577e-22
.08608724899360008
1.090368430539465
23131318577981305e-22
2.1687477102175925
1.080677365149769
8.400726499725398
.3666861297876683
20.23261031842408
7.31249882181197
11.135102786897585
.0035084267066007296
27.133050685866912
1.6777833948639254
1.5431504781093495
17609663592854425e-22
8.280430109967526
.013697621193545666
24122915512416106e-26
13.835721903022373
.0007078850884839932
13.142502422557579
12.658723001933
.5237701275144451
3.2044963506691104
128.97078856006323
158.64754217317207
.9839260813884906
1.4601882591875859
1.9831123951039908
.7963741544797236
6.167052583763117
1.3116156685036144
.00040637944449611126
.24929339958820773
.19614682106293596
44.26992770360785
49.836840736382136
11233295348488504e-24
6.355774749847728
1.2209796005684481
.22319995693295355
1.9173638315249653
4.993390404314244
21.76865877818866
6.098424531828742
.41241148656887583
6.061055517668674
2.357527843543775
.38540920535421874
.3208576847017735
.3053362966587139
4917634054039001e-20
14.485599228678387
7.807505300622855
6.409226490978953
2.147117404200023
.2844294328080161
1.2721452605255026
7.905187988299297
2.490057956260315
4.330162337899998
.7023698440337552
.03970630472664594
.009270231053459997
.023439377261967147
.10850544896485055
13.923713077466138
.11419066862259772
.07721093028689965
.2167289620582302
29.851357961281984
6.958876907506171
.6639208614228017
.42601397538778835
.0003975945770166078
38786647324135766e-21
.00010830968235389428
.8001590669039846
.07029404168962557
26162419699720825e-23
29.458673380898635
.00022086935180750053
.14149579244451316
34.59114393239099
28910620533148843e-23
12147973785940506e-28
2.492806461284063
35747394905280396e-22
10.13854212649904
12.092417022169297
.0004478385173374256
8647234169517134e-25
.00039823186997024843
44708277308001847e-23
5326754545772764e-20
.016970167274878233
.0001896190508578053
.025287565436280704
.03977589615495719
.6949943181469227
.0841145669795608
2863909447219205e-20
5482784393427963e-22
16143405171989118e-27
10406903557164309e-21
176254360422573e-24
1390458178326065e-21
.40671431924727486
100098070381243e-22
.35130105527116445
3956943263971694e-22
1416069175549198e-23
63.03416330035493
219.2744573192984
10.10834646922966
18.68339881377066
49.9969659831191
17859873652311416e-29
2.5171289505784475
14.830405610305126
.0009397493711408983
.07266389715249578
4.717875706202548
6.820570845097928
7571571640580017e-24
2207768838689861e-22
.3169957578683979
.40042419755025666
6.2834546869005
.42658030549658127
2.383081228665842
.0012479682918769823
8.738967308033779
28.385491071422294
2.7320556561813265
2.414849957579779
.46518368760533924
19.89854727937793
3.342503359216953
24.235398609983765
5.637096202141136
1.5255436500233437
9.823790493519375
4.560654298853505
.0012479682918769823
1.9078637484657628
4.991873167507923
2.2484150346122234
1.579853407581499
11.68262346831235
.09882784834049284
10.086015321221236
1.6627218750275352
1.3038019425826977
20.119602922067614
8.2949122754736
.3914043041632016
10.425724341290838
9.002938444242103
1.9723134271579321
3.657445962364048
10.778026353894772
16.05356744810944
7.757284698788342
5.422424004237779
23.4934502108461
.0012479682918769823
1.6293774494656352
28.147891977076032
5.554077867619161
23.65535344846176
24.941780689301105
2.6615011261291346
4.397806278264867
10.727353566085828
.03815727496931523
3.6189266252400665
5.023330565019405
10.023792247942094
2.653879545188057
6.11212736134661
10.474418145295457
13.30914035753413
17.5447082457102
6.249655972985139
.4006614328748395
9.360893018058896
12.174844618710024
1.4565842507611653
1.3465271665950613
21.337306445582026
13.769741090190776
8.865865820943112
.39531139336197135
.09882784834049284
.09539318742328821
1.7742393633989826
3.7333145129543466
1.9344205288517966
7.420841500680719
9.309467865637131
7.995584683708302
2.788459037519802
20.677934276576277
7.936808851542319
8.48376059282621
17.58343691946218
6.02398507594874
11.2902378331015
.0012607519151526542
23.984396504251713
3.0326887927077055
3.387924844800865
.00013519692041878622
26.234220294179913
3.7139999844054365
.8264487633658075
.6384438099285505
1.4731947833993642
.0012479682918769823
12.131929428147142
8.3871803187177
4.519582540311118
11.58946529810627
.03815727496931523
7.071333033626525
.37454630103787406
6.318610953979162
5.572653221526906
.0012607519151526542
2.18522307324548
5.260176023792756
3.02539811711097
4.384482188274255
9.048497549166877
.5723591245397277
.38157274969315286
.17628132684547393
5.60300217159399
.001478704878146454
1.2375410120753128
22.14715929213197
23.50096106544084
10.969061347962873
.11167433349166446
.11774126915715113
18.115851506456668
26.206115495484955
2.574249650120822
10.792708333412257
32.39062113032327
.20676252952560673
7.899267037907481
7.899267037907481
7.899267037907481
7.899267037907481
7.899267037907481
7.899267037907481
7.899267037907481
7.899267037907481
