.29544501586768795
6.730884612106624
1.815238089294364
.764093976248387
1.8247268251826343
16.06724370993378
.003325955620927154
4.056210439298872
9584166522258419e-23
.04793522059360716
.9557168841586302
1117972767855801e-20
3.5681773504013887
2.614679305825333
.7089668792221707
.09856977795931
4.267428667296078
1.553254031099198
9.232550989379135
.002314781876795175
14.437309401928202
.9794521983697494
.3983766187226643
4671583522352225e-22
4.96324363357092
4147051406816622e-20
38694413716533857e-27
13.713284596993104
.0005345173350432322
12.541298780881291
11.238292982243411
.44886509213254916
2.030884077596348
117.29337526695919
146.7420697774188
2.2126901773504675
.809694798762211
1.2798436898068268
1.935882990407635
3.555634547195976
1.9614950248734004
.00036112057753387303
.23456315862633847
.11126307762408001
41.94295608181401
50.906807163386304
11662295724633623e-24
10.359523545718075
.0393337521220095
.05699067776950439
.755611617318779
4.218928630699584
19.024434228307214
3.038754478173454
.8709314849922167
.39353904950060203
.6849380433789326
.9622813712371138
.9560809556083327
.02440175241235323
.00010584959729509375
12.809499015448335
8.29605942827777
1.0595328022386232
.521141249233595
.07127688142995951
.3446129301936253
.29667007206873874
.8885588925627188
.2382801754778575
.975051790027133
.010588266973042569
.0023841179664359927
.0012695901844088895
.027471203762733102
1.094600115707292
.03858589904139081
.020542165467159042
.0617832751698305
5.165796700579331
1.6699117486887118
.2037434418134545
.16792827872149133
.00014896678856401928
495018773661635e-20
936244486455859e-19
.3742826172548278
.0007623871021792188
3089392204566022e-23
11.179016371379268
.00042356792180138795
.03583105982931482
9.161880210328642
22751319927203322e-23
3541020349261782e-28
.5366440186149382
3245487273957114e-22
5.455269907574394
7.281913627803154
.0012537904551802109
20924036718866595e-25
.0009063207434355188
2853233039377258e-22
48825708655790564e-21
.016756544888048234
8329964084654346e-20
.012674207705875068
.026674348214755138
.6162777675068005
.00038703721949707884
5051049149523632e-20
43136974998842245e-24
41900400405710555e-27
18794915898859664e-21
1220017815815976e-25
443931978823608e-21
.0480112289651505
3739013387822878e-24
.07904990544891263
29213497812814336e-24
2318399780631782e-23
55.94766416934181
194.62293233843394
8.97193432826336
16.582952285635145
44.37614962827315
23029409902619366e-29
.4360148051297001
5.745402703445325
698234797219256e-19
.010771438657915137
1.3788435702205517
4.752748280765626
15566126826724142e-25
8973159310874887e-23
.3162405616954998
.39733215378868225
6.2647484941935705
.4232862863526568
2.378821951729451
.00110766776668752
8.35180686435829
28.16630057013995
2.64065937877957
2.1433649210548347
.4259059289267238
17.6614899342709
3.0649221160857
24.04825479215327
4.713723708419226
1.5074581008640338
8.719369031401106
4.047931181205735
.00110766776668752
1.885245737102001
4.430671066750072
2.2217597365888664
1.4884005791128245
11.592411180356192
.0985336323609104
10.00813191421457
1.6498824691365688
1.0902354523417148
19.96424095073538
7.362372117022053
.34740139976815426
9.253631580533538
7.990799754343332
1.9434329935515333
3.3553387845898506
9.566326691491515
14.248774843365728
6.885186325481698
4.812818022622421
20.852242557936343
.00110766776668752
1.535057827352835
27.93053619707658
5.257195744291215
20.99594412375055
22.137747163251955
2.362286788538358
3.9033910478954557
9.521350698055219
.037704914742039984
3.212075498133577
4.458591924574862
8.896885958791785
2.550569778016616
6.064930000664559
8.758678470774047
11.81288488843574
17.40922940599053
5.887882714186029
.3888920512110629
8.308511947782879
10.806110248435255
1.4393162256401442
1.195146342350698
18.93849926439863
11.51421808465379
8.797404311198399
.3941345294436416
.0985336323609104
.09426228685510007
1.48361387703261
3.1217869093691006
1.932114917410324
6.205286421206305
8.262868172932704
7.9338434155915145
2.331701465396395
17.290829452867968
7.875521445720298
7.529989511859897
17.44765902000834
5.346749704352934
11.20305551576876
.0012510164892768204
23.799190904690537
2.6917443687807627
3.36176355898163
.0001340751614148175
23.284886637894743
3.6853207723285304
.733536790924576
.6308749626459811
1.4618188906150074
.00110766776668752
10.768019718734163
8.322415180296124
4.484682683898381
11.499972370120828
.037704914742039984
7.01672876313936
.3324386264395483
6.26981914344025
5.529621637185955
.0012510164892768204
1.8272772787928457
4.398544134193132
3.002036233809405
3.8915648940587704
8.978625771762585
.565573721130599
.3770491474204003
.17419148523229977
5.438414653031754
.001236488786412162
1.0348282519189251
21.976140691995454
19.651436372990975
10.884359129868175
.09911955326123198
.10575821405248786
16.079210433799723
23.259941469170265
2.284844398215315
9.579358076638506
28.749165505707747
.20578816501469827
7.44200289556411
7.44200289556411
7.44200289556411
7.44200289556411
7.44200289556411
7.44200289556411
7.44200289556411
7.44200289556411
