.2979492912259769
6.727895812386607
1.732984491262833
.715533332405209
1.8193941113986227
15.371726009436822
.0033098376178187106
3.989300905708165
9077541271198627e-23
.046748614037446935
.9504721298698396
11442200768489734e-21
3.590169159886143
2.641738117535421
.6697182035883186
.09516388260352901
4.01481856263645
1.4442733742494955
9.124508387019453
.0022734728218514193
14.098390858534508
.956143543365002
.3815840758778546
4434774179845295e-22
4.853551077504579
3587011909272476e-20
3601401272887665e-26
13.707806803227525
.0005329971923968493
12.500295305431246
11.18253600086572
.44583333048005414
2.001086377050425
116.80644633960117
146.1908853858205
2.2318836293067963
.7939173341933554
1.261670732287523
1.954782873891368
3.4958738296793217
1.9513967741905058
.0003593426031248874
.23396429796252047
.10866281651395163
41.84822239356081
50.87993396260885
11672177410637988e-24
10.457437711295574
.03651946858010004
.05415394978956301
.720849833122823
4.187780946342839
18.917180825265486
2.9505903479088746
.8884975652419742
.37385411699161547
.6620072124429228
.999091575486603
1.0169080750883375
.023222549040353625
.00010814910390179454
12.743013734087327
8.31439354515047
.9936010437520222
.4930781784355083
.06773949426439531
.3327141034910409
.2782367700910879
.8666305501084658
.22267237082263042
.9858874361025329
.010223205641756312
.0022983833707775655
.0011482367109470935
.026454471059822925
1.0317000262797813
.03720882390516649
.019828913560371673
.05977293477688853
4.817624901465926
1.5796680040289612
.1922954418033361
.16084889865173146
.00014229702544032798
455898428856175e-20
9472359021490917e-20
.36299575248786203
.0006631964007420889
2843536809411673e-23
10.701983434193359
.00043380081943870946
.03387056968151076
8.65490598339027
22983753171578163e-23
3398579266479933e-28
.5067323672317399
28961632298016066e-23
5.312789281764197
7.133540529559134
.0012926047061974362
21589378202481118e-25
.0009277582906474798
2836607772739121e-22
4945370507934807e-20
.016746997056621093
8147201185717569e-20
.012424792110871899
.026083374225877306
.6131646672339962
.0003340793060453871
5149252881418357e-20
4101509465818558e-23
43680864570521874e-27
19315262489282575e-21
1212397071738305e-25
4247159208306066e-22
.04472054506611085
3667899080359144e-24
.07496846240528461
27908505079518404e-24
2355986554535839e-23
55.668147998968855
193.65059046283147
8.927110281334729
16.500103369863993
44.15444508378227
2314896576716926e-28
.4087470303888173
5.58607664143019
6340611466869142e-20
.010142258329074328
1.3072189538483834
4.697372108660863
14812150962441044e-25
8850452052876493e-23
.31620888514422457
.39720282105649896
6.263964110538416
.4231485054774175
2.378643241686758
.001102133826052341
8.335928033067963
28.15713236018388
2.636888639358874
2.1326566070735464
.4243309907409346
17.573252612788348
3.05378289665028
24.040427017665724
4.678443005437651
1.5067032718745763
8.6758068080999
4.0277075983537465
.001102133826052341
1.8843017386361067
4.408535304209357
2.2206472355808287
1.4846778774556797
11.588637817953348
.0985212953659331
10.004874239163168
1.649345427758266
1.0820753913043337
19.957742534225407
7.325589490087319
.34566577219036143
9.207400165874223
7.950877484509318
1.9422293996968816
3.343212239885177
9.518533042890764
14.177587546525789
6.8507877327508595
4.788773042687002
20.748064142804648
.001102133826052341
1.5312184292782214
27.921444729086218
5.245080915199087
20.89104777138324
22.02714632942576
2.3504847344891253
3.8838895917868785
9.47378175083621
.037686034772722095
3.196027874778479
4.436316668609916
8.85243685571718
2.5463201924791554
6.062955848912663
8.693122584864447
11.753867369222103
17.40356265291552
5.873156281635028
.38840540955466096
8.26700237851627
10.752122604838048
1.4385955173090226
1.189175356186951
18.84388196686547
11.42803787269436
8.794540731382774
.3940851814637324
.0985212953659331
.09421508693180536
1.4725095052508186
3.0984213403340504
1.9320181488781538
6.158841851968791
8.221586641303357
7.931260927273192
2.3142494313080535
17.161413166304094
7.872957941366999
7.492369463506619
17.44197975798602
5.320037186082646
11.199408889728458
.0012506092798953957
23.791444201197994
2.678296335002136
3.360669295499826
.00013402825513475145
23.168554661623258
3.6841211900648947
.7298720196124743
.6305590648374415
1.461343064459793
.001102133826052341
10.71422237654002
8.319706210776873
4.483222907087083
11.49622909681038
.037686034772722095
7.01444479821663
.33077775331595954
6.267778299696837
5.527821729810079
.0012506092798953957
1.8136006971928413
4.36562244875946
3.0010590625824363
3.872122521761461
8.975703203852488
.5652905215908307
.37686034772722143
.1741042623882986
5.431609270646821
.0012272340662987326
1.027082895921991
21.968987396468176
19.50435170432478
10.880816240396713
.09862434906731248
.10528256103345866
15.998878227088232
23.14373411969303
2.273429248618467
9.531499322855527
28.6055338320198
.20574734528165275
7.423389387278386
7.423389387278386
7.423389387278386
7.423389387278386
7.423389387278386
7.423389387278386
7.423389387278386
7.423389387278386
