.31798349409228854
6.705589854964226
1.3069920411001545
.45366637133102933
1.781700626960482
10.964836435663775
.003182861377467939
3.5546193565943405
6565163855355601e-23
.0378208787518925
.9096180555447395
12749822553386357e-21
3.658438711456667
2.74981894508058
.49492123417083833
.07547589622446349
2.7219327964372666
.8681155066860989
8.197179543104838
.001972214349314225
11.787186014926204
.7787793420645244
.2862011342223324
3233695083700482e-22
4.010833855642581
13993539608653284e-21
22324028693807047e-27
13.663921635969498
.0005392188419056206
12.120426962922352
10.746730458770337
.42195854455986437
1.7932900911532403
112.92882038438927
141.67274721412932
2.3028093967612833
.6903731889732674
1.1344587650982931
2.0202594926121895
3.087210882771613
1.8267014429212431
.000345435682325697
.22922910126867543
.08899938389767384
41.09818335492946
50.52491667714862
11731064681992675e-24
11.025206336681144
.024422365179383926
.039876677989409505
.526297073521923
3.944090110630277
18.080923560275828
2.305729009152807
1.0137742535373429
.2931423013808578
.5284520691589388
1.1943132139735115
1.3747451709626604
.018391762336172707
.00012499812025682237
12.223899891018432
8.411656816223632
.6631913254137602
.3506271594600766
.04998538823222122
.2638408059012321
.20090946509680999
.7442567180269669
.15607396028219522
1.067910284986742
.008114180136007015
.001801757336097574
.000611616481632311
.020553871900189633
.7588585902870859
.029617156028955715
.0157067720251506
.048148258381498256
3.023627597707541
1.1221477173754606
.12619745366031945
.12417105513942774
.00010350348205261988
25887021652484763e-22
.00010743123825287192
.2852328371103871
.0002855290325227954
16642562983962995e-24
8.130342195246916
.0004917675872463354
.02396986589197823
5.99391974446322
2577731969044347e-22
27422819190877356e-29
.356799471112932
130965693835554e-21
4.259289939662418
6.034651239556015
.0015700944786021362
26359665314840435e-25
.0010662703756484928
2723558315750534e-22
564348338968624e-19
.016671642213527946
7027213171582441e-20
.010887136575906696
.023086795957539857
.588805132482699
.00013774054084363533
5869529318378353e-20
3236005584035656e-23
5961571220462944e-26
24067066962497737e-21
11545587357799984e-26
3246803670564351e-22
.02802883306519917
32794878578868987e-25
.054717194924821466
2237058261098413e-23
2618069885458813e-23
53.481710215643766
186.04471559595083
8.576486595858764
15.852040685304985
42.420222723183485
23810487944955305e-29
.268879425836217
4.657435578638079
33122333007539484e-21
.006713290759030064
.9169703706188572
4.314347512912774
11088015892685815e-25
8378231440344942e-23
.3159555869322111
.396169673582611
6.257692575805924
.42204787178012754
2.3772140445846346
.0010588461089972286
8.209979399800385
28.08389403299258
2.6069159195110543
2.0488937884389147
.4119393470653214
16.88304061778488
2.9661142997755054
23.97789647878782
4.405539668068892
1.5006782308236013
8.335053388273353
3.869514225845838
.0010588461089972286
1.8767667478123453
4.235384435988907
2.211767258345854
1.4552295120707157
11.558495101807539
.09842265499780933
9.978850983539601
1.6450553850598668
1.0189556770685642
19.90583129344195
7.037867584078289
.3320893064395474
8.845767736334187
7.638596591977346
1.932627444580243
3.2477644116483866
9.144680471269552
13.620744644392644
6.581714273639125
4.600687850478103
19.93315736032069
.0010588461089972286
1.5008469389541041
27.848819439033086
5.149161937376938
20.070525123828162
21.16200195648239
2.258166437269842
3.7313448556138127
9.1016868435045
.03753533495624689
3.070499788194652
4.262074651734785
8.50474606463503
2.5125774132067873
6.047185750646655
8.186034615040326
11.292219180086454
17.35829498149345
5.756663098318401
.3845341350186752
7.942305276044652
10.329819223834658
1.4328428271746532
1.1424689715985077
18.10376437722271
10.761416590483586
8.77166562310317
.39369061999123733
.09842265499780933
.09383833739061731
1.3866149549008187
2.917683961815392
1.9312441750772695
5.799583762519983
7.898673300055512
7.910631259613829
2.179254435628152
16.160352146301246
7.852479923140662
7.1980970605169325
17.396612161455273
5.1110859144764635
11.170278580500835
.0012473563729424487
23.72956128100313
2.5731028174829564
3.3519280006017125
.00013365359517914372
22.258580015113655
3.6745385781114153
.7012053616036242
.6280375701797821
1.4575420267644554
.0010588461089972286
10.293407575525837
8.298066174504497
4.471561785423815
11.466326741084375
.03753533495624689
6.996199822250126
.3177860335672301
6.2514754464089455
5.513443546288961
.0012473563729424487
1.7078095862734648
4.110966586846917
2.9932531346656903
3.720039952328756
8.952356881520837
.5630300243437025
.37535334956246924
.1734080501030926
5.37747189217161
.0011556469438230945
.967171008628355
21.911844791659483
18.366622193216553
10.852514609047006
.09475075149117955
.10155354834781213
15.370501801718904
22.234734331744914
2.184137404259143
9.157137483988269
27.482014867751925
.20542107877159196
7.276147560353568
7.276147560353568
7.276147560353568
7.276147560353568
7.276147560353568
7.276147560353568
7.276147560353568
7.276147560353568
