.3355134216003112
6.68771951152204
1.1326395388494275
.3443094957632184
1.7575220259499629
8.64169298424178
.003074959286672743
3.2803965471983028
55900815635371215e-24
.031471753114664894
.8754234870310091
13070454864743837e-21
3.6180552655252827
2.743126481227259
.4163975967798733
.06492769479249272
2.1901253233659053
.5994030440503435
7.299378868113514
.0017423085893723009
10.180121630726042
.6490019748258856
.23962027235424266
27482449384119135e-23
3.395212392017842
7207259690597554e-21
165795701033077e-25
13.625546560516728
.0005635179763631671
11.845050021814888
10.379923307077314
.4016483348682139
1.6445418304702228
109.56990259321692
137.58725022464984
2.2893133910540504
.6236458304927289
1.0428669548404474
1.997908934893127
2.802799697310333
1.6946922076494495
.0003337170211709345
.22516586485328977
.07501847212681308
40.452994819814236
50.09336898283728
1177248478875347e-23
11.288133991919034
.019479329597880325
.034125154441038606
.4370400145485325
3.7393309107198407
17.379909030201944
1.8632313137491219
1.0983434346069052
.2606337825156885
.4561632642935352
1.2506120486954628
1.3990500960543586
.01640830174608188
.0001370251340036419
11.788389458292555
8.426499690727079
.530686227139723
.29175853843747257
.042864180919198774
.2268786088577737
.17030711877514118
.6849167545194949
.1293364742840951
1.1322362725645028
.006985169754748573
.0015340866210535558
.00041754158310096856
.01736234752044209
.6422464345513842
.025176802911259014
.013498190323997648
.04192206099311764
2.2530680654072817
.9333590745790882
.0964112632997786
.10909139865642499
8531978942535625e-20
17598584335761302e-22
.00012395503375868197
.23229458184952206
.0001728135744649529
12068414834332673e-24
6.972519092182469
.000528709057788623
.019906547750481073
4.866077297772496
29459510775127163e-23
2583922054503363e-28
.2957634622155195
8060631833871103e-23
3.5323738232311754
5.277675434243043
.0017934693449133138
30634600473899773e-25
.0011625771579961918
26847057671722376e-23
6532121521205448e-20
.01660806522951378
6373272503344792e-20
.00998579168696264
.022511464786822553
.56827038031852
8147520647142751e-20
6525544509782199e-20
29556752620226272e-24
7810289192197661e-26
2927691276941112e-20
1124773590396175e-25
2871894856975763e-22
.019670627135129463
31280546289548986e-25
.04685426806490446
20189692593197173e-24
28461757337922e-21
51.63913812538757
179.63503275083346
8.281006238737287
15.30590018937513
40.9587451799817
2527604783989788e-28
.21591738001933455
4.1655153154170925
22451011702249286e-21
.0050675846376526945
.7585914922366405
4.04098710378133
10094723536800814e-25
8487929946790673e-23
.3157341174467789
.39526787418832277
6.252210133966045
.42108716594999657
2.3759642015621245
.0010223663427285725
8.101336366182686
28.019966780815043
2.580969395406046
1.9783045253945082
.4013938697354997
16.301379722582382
2.891471334753414
23.923315691910997
4.179840067188676
1.4954260870537022
8.047890979253465
3.736200259507729
.0010223663427285725
1.8701983518833476
4.089465370914285
2.204026411981998
1.4299417382510604
11.532184547071147
.09833642569280349
9.956136166195641
1.6413107522705825
.9667536979794025
19.860519731754515
6.795396310570878
.32064804016270604
8.541010003603894
7.375428775683645
1.9242646820825537
3.1664856016927336
8.82962448404079
13.151477602836383
6.35495856635621
4.442183214125018
19.246412690512646
.0010223663427285725
1.4747664632522417
27.78542728618442
5.066672852198284
19.379047807922618
20.432920668286116
2.180367233847032
3.6027911526309957
8.788112088986125
.037403967037666935
2.9647137691976355
4.115236045261468
8.211737339404907
2.4834194834881447
6.033420566659285
7.766656993997112
10.903175377740043
17.318782366207614
5.65662857236992
.381178435041426
7.668673973400674
9.973932388457015
1.4278280969190809
1.1031081988677331
17.48004664576753
10.210099927287466
8.751698716817085
.39334570277121395
.09833642569280349
.09350991759416742
1.3155774735761225
2.768208493361605
1.9305672023492446
5.502466079081689
7.626545222736156
7.8926243222987
2.0676093493512844
15.332443353210593
7.83460535547295
6.95010550053903
17.3570123249307
4.934996851151012
11.144851721431005
.0012445170207744526
23.67554577851296
2.484453306879482
3.344298020716314
.00013332662694542967
21.491719005261622
3.6661742410987825
.6770471695110514
.6258395349556207
1.4542242298594088
.0010223663427285725
9.938775208015127
8.279177320690273
4.461383187771068
11.440225988807427
.037403967037666935
6.980274401445021
.3068375490523703
6.237245238629542
5.500893317480374
.0012445170207744526
1.620317026668324
3.900358219248231
2.986439604898552
3.591875730145861
8.931978668468332
.5610595055650033
.3740396703766697
.17280114850933817
5.330544504814068
.001096442153120655
.9176220028135871
21.86196694971828
17.42568428075787
10.827811074795031
.09148636279596947
.0983991691170691
14.84095146537241
21.468694862387206
2.1088886770560378
8.841652323050013
26.535194106501972
.20513602001771727
7.14970869125529
7.14970869125529
7.14970869125529
7.14970869125529
7.14970869125529
7.14970869125529
7.14970869125529
7.14970869125529
