.3380176969586002
6.685243561561158
1.1153315844728942
.33393099130299975
1.7547652964123526
8.398634797686137
.003059806146601128
3.24682862416792
54953032285038855e-24
.0306982322497956
.8706525800333323
13075272080262987e-21
3.6077608959293497
2.7375504908457615
.40736199871273127
.0623246556115224
2.1378291292515255
.5699581015235405
7.165058197411733
.0017112984011468805
9.971312298714686
.6328932847109019
.22955723339570122
2699867112889446e-22
3.3194374120909025
6598524216644528e-21
16001817474912564e-27
13.620070800552178
.0005553449021414797
11.816557129225862
10.328617721629616
.3987930605685372
1.6251893745375432
109.09326458586456
136.99554927969177
2.284002033095236
.6153814873377689
1.0309176522287382
1.9911430338433131
2.7662620384932617
1.6757367787312802
.00033207671964912506
.2245914156632852
.07332286829685132
40.361650319407694
50.02420779867746
11777855857649368e-24
11.312604623696798
.018940651246189506
.03354568897136254
.427930060301747
3.7107540199811835
17.282021637889194
1.810021264048776
1.108424975457379
.2568817116764765
.4383011051603898
1.2541502556111843
1.3897282011032188
.01617383704366832
.00013851404969226312
11.727595698745178
8.423507458788272
.5177677727528508
.2857540200875076
.042147337246792795
.21778834048779847
.16696652097789685
.6637604898400877
.12643667025949926
1.14081377929788
.006705533670023529
.001470323065040641
.0003946024165518255
.01662322831398469
.6290285673961087
.024373375314150524
.012954648878847048
.040305719790025396
2.174132580981847
.9141126005925654
.09383109126420382
.10757036021210895
8347092842479779e-20
16750284167576903e-22
.0001265724241497307
.22567770385191618
.00016259595728127194
11621423304952315e-24
6.849735520706028
.00053411006189043
.019493077531310684
4.754090465679825
30039924172448683e-23
25781443853740215e-29
.28956795368336835
7631394581535279e-23
3.4452795908614817
5.187744608498664
.0018252919513954485
31278317134883608e-25
.0011755073622247557
2682570373585246e-22
6672489678201302e-20
.01659921708954392
6157186756292863e-20
.009661460388008641
.022525528108106454
.5653950406603797
7645789195397509e-20
6480390219189932e-20
28660600663066605e-24
7939298917258768e-26
30078890058515523e-21
10975547259076876e-26
27769210058721675e-23
.018728448200857485
30452395917009945e-25
.04608841289394443
19955436390817047e-24
28171822481297817e-24
51.38114751013926
178.73757097470917
8.239634094043096
15.229431473007365
40.7541141142361
2558023070349658e-28
.20726444979504577
4.019908877745862
21094457848709597e-21
.004786198208490233
.7303823886204871
3.917004329720251
9873516705062789e-25
8344908705966102e-23
.315702491623997
.3951392133849525
6.251427320187933
.42095010089463053
2.3757857062091667
.001017258571155599
8.085933740788697
28.01084620291877
2.577283890530793
1.968420859241604
.3999095736557997
16.219937561913213
2.8809625091115088
23.915528585451806
4.148555324653516
1.4946772828505803
8.007683485082138
3.717534095845183
.001017258571155599
1.8692618880897272
4.069034284622391
2.202922790575784
1.4263652505304185
11.528430788606746
.09832411338927029
9.952895415906392
1.6407765010102164
.9595178611889911
19.854055076792896
6.761446315689798
.3190460733568528
8.498338872642698
7.338580921969696
1.9230729594179643
3.1550415926563407
8.785511426856955
13.085772443506624
6.323209011078375
4.419989939371379
19.15025706066283
.001017258571155599
1.4710778625173004
27.776383051552482
5.054997069538008
19.282229529221826
20.33083721054654
2.1694740566069006
3.5847915046930017
8.74420642891869
.037385237761794525
2.9499019741693524
4.094676207941351
8.170711264118632
2.47928177921425
6.031456671316738
7.708526094127652
10.848702800815285
17.31314505389832
5.642480539559816
.38070144585105725
7.630361058267731
9.924102336160345
1.427113141034892
1.0975970386655565
17.39271583134223
10.13368065230351
8.748850014300917
.39329645355708115
.09832411338927029
.09346309440448639
1.3057308043533051
2.747489353727942
1.9304705113332268
5.461281911308421
7.588442784049918
7.890055250911121
2.0521339662940443
15.217685004797817
7.832055169422048
6.915382574107321
17.351362568662452
4.910341465331337
11.141224040889382
.0012441119269882967
23.667839321856576
2.4720409068963303
3.343209442316315
.00013327998254062342
21.384345760660832
3.664980891084887
.6736646224323191
.6255261585351399
1.4537508757876203
.001017258571155599
9.889120802000363
8.276482425215876
4.459930995011259
11.436502163112056
.037385237761794525
6.978002302519504
.3053045798562329
6.235214997783718
5.499102761253322
.0012441119269882967
1.6081894810709276
3.8711653073849432
2.9854675104181396
3.5739306159716913
8.92907128432149
.5607785664269171
.37385237761794554
.17271462184818906
5.3238741061927515
.0010882356404518228
.9107539007711256
21.85485081806508
17.295258705267095
10.824286591874467
.09102929430332245
.09795661382281964
14.766805646165963
21.36143664706462
2.098352608735866
8.797479174437491
26.402623515632563
.20509532964286273
7.131826252652081
7.131826252652081
7.131826252652081
7.131826252652081
7.131826252652081
7.131826252652081
7.131826252652081
7.131826252652081
