.3380176969586002
6.685243647108918
1.1165332333417866
.3339730780815816
1.7547160566622164
8.398672959483848
.0030598060978023656
3.246833825334706
5501731936296151e-23
.030685762773557033
.8706525824403153
13075357406846051e-21
3.607769587382968
2.737560438554613
.40813534564348747
.06327811127863434
2.137638622612529
.5705961509105917
7.16504199067809
.001711302537964295
9.971349795739519
.6326686791142727
.23304777539763658
2702918809085981e-22
3.318130921259715
6610779883945705e-21
16013935456044674e-27
13.620070766676381
.0005638382787765566
11.811897734170715
10.328618725742752
.3987930562368438
1.6251911195432893
109.09326503837958
136.99554654739345
2.284009276194935
.6153824741512711
1.0309187241413207
1.9911507558821284
2.7662655798945166
1.6757450489898966
.00033207673923733844
.22459141567236385
.07329189121653779
40.36165031891031
50.02420843043959
11777868019736707e-24
11.312605627608932
.01897649986876298
.03358499523302209
.4278972658668929
3.7107529832859654
17.282021943229548
1.8092667487939655
1.1084403747847609
.25737189627122875
.44482896163974683
1.2541507240580443
1.3895013734322166
.016204648295559423
.00013851601050633914
11.727594396245777
8.42353077495529
.5177202659900637
.2860807065982256
.042197019207047576
.22110688028150383
.16728351000959021
.6738958981041165
.1266736708491809
1.140818709382365
.006808315357708058
.0014928732324189238
.00039835815500709453
.016877258119452097
.6302111385674034
.024607610286334236
.013153243405709567
.04092296454129939
2.1759054285712605
.9151601482763752
.09337355339669626
.1076962802668981
835350469481554e-19
16766016648647095e-22
.00012672215426166059
.22567789838115712
.00016301851874126068
11622538564755503e-24
6.857153694956092
.0005341175390361437
.019515841740373806
4.753682095407644
30075414965833884e-23
25812120060925406e-29
.28990815620347615
7638124247484505e-23
3.443762817262398
5.185540837974505
.0018253165696170532
3130263702270099e-24
.0011755220627772992
2684476606703546e-22
6680305555407301e-20
.016599215125991093
6251499073210492e-20
.00980946414799341
.022551927123804476
.5653950395481069
7666074098158103e-20
6579545232336267e-20
29154821748335773e-24
8066758322611514e-26
3011303706608955e-20
11143939827053285e-26
28223131672180147e-23
.018755656955343643
30946875810275574e-25
.04614232543633675
19993540066662296e-24
28604431887097908e-24
51.38114754279836
178.7375710883191
8.239634099280407
15.229431482687563
40.7541141401404
2561061185285991e-28
.20951532688961555
4.081507004896558
212988967521674e-19
.004854374735675934
.7382812522988328
3.977557085804968
9980443146593758e-25
8473033106303609e-23
.315702491623997
.395139213384957
6.2514273201879345
.42095010089463525
2.3757857062091667
.001017258571802193
8.085933740895157
28.010846202919083
2.5772838905415703
1.96842086049278
.3999095737316918
16.219937572223
2.8809625096215483
23.915528585452076
4.14855533807003
1.4946772828506745
8.007683490172015
3.7175340982081377
.001017258571802193
1.8692618880898448
4.069034287208767
2.202922790575923
1.4263652505867999
11.528430788606876
.09832411338927032
9.952895415906504
1.6407765010102349
.9595178642920916
19.85405507679312
6.761446319987537
.3190460735596462
8.498338878044448
7.338580926634275
1.9230729594182479
3.1550415932024727
8.785511432441238
13.085772451824258
6.32320901509756
4.419989942180831
19.1502570728352
.001017258571802193
1.471077862575449
27.776383051552795
5.054997069681882
19.282229541478078
20.330837223469313
2.169474057985871
3.584791506971582
8.744206434476718
.03738523776179688
2.9499019760443814
4.094676210544026
8.170711269312134
2.4792817792334834
6.031456671316805
7.708526119057185
10.848702807710984
17.313145053898516
5.642480539782852
.38070144585199545
7.630361063117773
9.924102342468345
1.427113141034982
1.0975970393632157
17.39271584239746
10.133680685076044
8.748850014301015
.39329645355708126
.09832411338927032
.09346309440449227
1.3057308085760655
2.747489362613379
1.9304705113332268
5.46128192897032
7.588442788873316
7.890055250911209
2.052133972930688
15.217685054012126
7.832055169422136
6.915382578502905
17.351362568662648
4.910341468452469
11.141224040889508
.0012441119269883105
23.667839321856842
2.472040908467619
3.3432094423163523
.00013327998254062542
21.38434577425324
3.6649808910849284
.6736646228605166
.6255261585351793
1.4537508757876367
.001017258571802193
9.889120808286128
8.276482425215969
4.459930995011309
11.436502163112186
.03738523776179688
6.978002302519583
.3053045800502919
6.235214997783788
5.4991027612533845
.0012441119269883105
1.6081894862718458
3.871165319904372
2.9854675104181734
3.5739306182433683
8.929071284321589
.5607785664269525
.3738523776179691
.17271462184819994
5.323874106205871
.0010882356439711994
.9107539037165224
21.854850818065326
17.29525876120032
10.82428659187459
.09102929436118287
.09795661386362986
14.766805655552103
21.361436660642468
2.0983526100696297
8.797479180029383
26.402623532414708
.20509532964286303
7.131826252933987
7.131826252933987
7.131826252933987
7.131826252933987
7.131826252933987
7.131826252933987
7.131826252933987
7.131826252933987
