.34553052303346704
6.677890318231901
1.0762839283493835
.3081062785396261
1.7471691122288866
7.7740695452037265
.003014748909651497
3.1526651611195144
528280112854408e-22
.028472760848300922
.8565066754916766
13045011237350004e-21
3.572177238384762
2.715980132825117
.3855140759414502
.060328369049220884
2.0046644837368666
.4933834143772558
6.754046913055407
.0016202892693374246
9.367229293718339
.5864036788642737
.22136553090739672
2588773566163258e-22
3.0999407596667936
5141902572445501e-21
14544661964571814e-27
13.603655525773545
.0005804130349901304
11.71339204489335
10.176327591496552
.39029850517791714
1.5695311980516804
107.66876462095117
135.2104537242267
2.264552698171963
.5920818175066043
.9965084430728284
1.9671764256571174
2.6617495196153906
1.6194525575581031
.0003272059061419871
.22287699959024979
.06843061190940872
40.088835883606336
49.805623608987396
11793077016817905e-24
11.369884882104463
.01762794803898503
.03221350626282438
.4044433079311255
3.6260534174593215
16.99166405086401
1.6584398894759567
1.1359329308659556
.2483875023513464
.4244795061918053
1.2612139015380486
1.3557024790642154
.01563573212855896
.0001426588896416397
11.54730495963483
8.407679143317717
.48497033390651645
.27150977935461473
.04050394176567785
.21075593268780882
.15918324300077769
.6609273406597231
.1195637964976046
1.1656730338863264
.006493029850975204
.0014169705692945076
.00035334323551340717
.015964805966804205
.5974008003281485
.023259609710792436
.012535106453168483
.03920018209908312
1.9740760866020544
.868464726169175
.08531328543445227
.10418258213666107
7889240771164181e-20
14595343016185676e-22
.00013540494478967452
.2070696348982618
.00013851045627857542
10472961103024865e-24
6.556886804932351
.0005511670823383716
.01851411980765364
4.468053485328344
3200117522678224e-22
2593202699395734e-28
.2749084861108638
6612007116141574e-23
3.1958533563065186
4.927788958698406
.0019209448076944824
33330189558095506e-25
.0012133148059760633
2685054374460254e-22
7144942767589233e-20
.01657302859295167
6068559513468678e-20
.009563112373110387
.022790861932580606
.5568550139168484
6468286797491905e-20
6923031848726563e-20
28862682596448023e-24
9109689717527076e-26
3271394706377468e-20
1114530820233199e-25
2768550934886084e-22
.01625558797173518
3081287806847681e-24
.04437668313021001
19478382901614913e-24
2980863960508234e-23
50.614883509553685
176.0719986232353
8.11675371300418
15.002309938112733
40.146334567947584
26782344049014324e-29
.19811239645418754
3.9538705832541243
18859558125798003e-21
.004403345909632225
.7031310158510106
3.8968779859983456
9992696489463366e-25
8689017035075225e-23
.3156076331613746
.39475348219703615
6.249079466882069
.4205391733608111
2.375250300603514
.001002087858547247
8.03990134699573
27.983502278007247
2.566258922238624
1.9390651496957843
.39548953657050634
15.978044283002165
2.849664638457491
23.892182471124432
4.056099036532059
1.4924331191811828
7.888262259982187
3.662093283667264
.001002087858547247
1.8664553092609915
4.008351434188984
2.199615240946295
1.4156893697581638
11.517176842776344
.0982871857273391
9.943179492905239
1.639174790404432
.938133679735612
19.834673734748595
6.660610636560937
.3142880340294264
8.371600341908286
7.229138244092955
1.9195022178941494
3.120957127221709
8.65449019709938
12.890620002792156
6.228908909423162
4.354073171498057
18.864662960518416
.001002087858547247
1.460067322362107
27.749268007366627
5.020130909689451
18.994667280123455
20.027636729219548
2.1371199744125664
3.5313303265612914
8.613801194219576
.03732910618521982
2.905909113020888
4.0336109510476525
8.048858751976164
2.466909984231726
6.025568819977551
7.536730938036789
10.68691251756643
17.296244124347446
5.600248404783884
.3792740565874613
7.51656696697643
9.77610092461487
1.4249704206630924
1.0812282119920615
17.13333252326523
9.907837575666111
8.740309469109237
.3931487429093564
.0982871857273391
.09332276546304963
1.2766307890446185
2.6862577568418327
1.930180467340387
5.3395696972025135
7.4752738338085205
7.882353053099396
2.006399325098834
14.878537865796442
7.824409590744984
6.812251192781717
17.3344243315327
4.837111923411832
11.130348082648437
.001242897436613152
23.644734999461367
2.435174545463749
3.3399458326669684
.0001331401472148176
21.065433958832436
3.6614031711701793
.6636180397137044
.6245869704606646
1.4523317378401404
.001002087858547247
9.741641081612268
8.26840300082694
4.455577252273366
11.42533795714223
.03732910618521982
6.971190442227592
.30075147195393137
6.22912823948047
5.493734588799868
.001242897436613152
1.5723487561968517
3.784891039111744
2.982553125081857
3.5206314098558815
8.920354808819127
.5599365927782965
.3732910618521985
.17245530173676926
5.303912950744739
.0010639828054179656
.8904564915604943
21.8335163180149
16.90980996544033
10.813720024993737
.08967174441190398
.09664085466274155
14.5465834028214
21.04286649640372
2.067059184152621
8.66627946571276
26.008872482395105
.20497330693946864
7.078446848790807
7.078446848790807
7.078446848790807
7.078446848790807
7.078446848790807
7.078446848790807
7.078446848790807
7.078446848790807
