.38309465340780136
6.641772080177768
.9946161721289473
.2454837197357286
1.726783067742558
6.128899232502285
.002798620539503283
2.7827843331490807
4863135411383309e-23
.019760364761540035
.7893767291278497
12283816334992062e-21
3.3342143235555604
2.5447977839755875
.3148590204772008
.048550296760638885
1.6394926208741363
.24425021875773342
4.618834105131241
.001191076804876021
6.645984779709365
.40147961982159697
.18229639723046526
23364287012906548e-23
2.2205994433541787
17344570846643737e-22
10166137438339709e-27
13.521860873612209
.0006589397371159537
11.119578816256979
9.449510364761224
.34950385614836904
1.3337363407970406
100.68848129845857
126.1419877562119
2.121778391201201
.4991761653944439
.8500279321091815
1.8016891763743776
2.2278187883700817
1.3598321975434802
.000303930253333445
.21450251063583048
.04914461229981558
38.751537039655375
48.49745128132306
11855436482856314e-24
11.386364900882795
.013550691773635484
.028948533504690545
.33768437283796
3.2263811594629757
15.611342329892977
1.0846323574030579
1.2240833090080334
.22210645368332996
.3428542725145803
1.2646972318146077
1.2316213266658222
.01383945925969493
.00015738513906038147
10.690626709526247
8.209004778562875
.39585911146237884
.23361413761715785
.036491523031986106
.1694638395149686
.13650380793144143
.6106383122614757
.09936976588843746
1.2727784610706963
.005233342956490001
.001114748558358887
.0002297988639366765
.012353384485770192
.4961200376277812
.01835315080299795
.010067776807682529
.032209845982609175
1.356552904729814
.7470944994601523
.059750033041881895
.0966057045870567
6502098116995568e-20
8129507316486993e-22
.000186390932769156
.13660368109217189
7644172456951425e-20
7175477342915252e-24
5.743736746800903
.0006545293530457757
.015921377510951133
3.6772077157448537
43077956162715817e-23
3009618695385383e-28
.23617067678172457
4220935928717254e-23
2.240124412360355
3.9379207637418414
.0024033753080763202
4320035666619051e-24
.0013820086547677447
2656827174179266e-22
98687109000046e-18
.016449307407914636
5229313332531715e-20
.0083935197007587
.026110728350233262
.5160380056190157
34862712426102154e-21
8617937619142499e-20
29461065904049814e-24
15721459241818605e-26
4761792353710092e-20
11077789501099484e-26
27328326800693695e-23
.007850829339481898
29369472347479457e-25
.04094374476409482
18480330714067836e-24
35334856647133204e-24
46.95160619422001
163.3287003342999
7.529299634494125
13.916510310350672
37.24072367804405
36563501874486607e-29
.16702647247073124
3.4382749301553965
11812389798446247e-21
.0028428326882243304
.5986785260597263
3.438640918340559
11370015588671534e-25
10187975009090538e-23
.31513376820585964
.39283046711863057
6.237353420506893
.4184905450195686
2.3725750819116804
.0009295612524256594
7.813640533533021
27.847182525923724
2.5118374891340323
1.798724347083962
.3741114342764021
14.82162539774936
2.6982021630467434
23.77579330872291
3.623822135788071
1.4812627418203377
7.317345363790158
3.3970474646808015
.0009295612524256594
1.8524854972381668
3.718245009702634
2.183151834999154
1.3634966540786715
11.461071689235816
.09810275534778763
9.894741961751022
1.631189660493617
.8381525116459903
19.738050453669725
6.1785456359257305
.2915412815781738
7.765701612145056
6.705925775689304
1.9017477161296399
2.9559791899109156
8.02811717366196
11.957654982179163
5.7780885355530405
4.0389449646843225
17.499323615785187
.0009295612524256594
1.4062385091656215
27.61408931180224
4.84937437697517
17.619918808234683
18.578126580765975
1.9824448555627066
3.275748541496033
7.990373057560472
.03704970994476334
2.695592498696536
3.7416763564917783
7.466318604968341
2.405970913239778
5.996215666124925
6.733507283413841
9.91344191994731
17.211986632644543
5.393782085992958
.3722169871628212
6.972551702096607
9.068550768092344
1.4143049796980849
1.0029737835107295
15.893299078227278
8.851914314989108
8.697731638495853
.3924110213911505
.09810275534778763
.0926242748619084
1.1405744462600502
2.399971064315726
1.9287309009111682
4.770507497481991
6.934247179936456
7.8439546995495695
1.792568234167161
13.292864493844558
7.786293504880756
6.3192111316273385
17.249980847514546
4.487023547185105
11.07612733943495
.001236842745218877
23.529551260800464
2.2589275791027275
3.3236755108409755
.00013244316820600955
19.540812720803014
3.6435668915074997
.6155883547205435
.6199121397663816
1.4452568013122347
.0009295612524256594
9.036584973330266
8.228124030882377
4.4338722069082515
11.369680190565514
.03704970994476334
6.93723075614647
.2789844349013994
6.198783459586004
5.466972229688502
.001236842745218877
1.4047764062380166
3.381518006721539
2.968023817829751
3.265823964197295
8.876899899424492
.5557456491714493
.3704970994476336
.17116452979294172
5.20522420242266
.0009505893242853611
.7955564980070221
21.727155809526188
15.107654697979179
10.7610417140996
.08318170740394516
.09032245903014377
13.493767209238605
19.519878589668334
1.9174547497706047
8.039053188108163
24.126467427680716
.20436428153118025
6.817483270393347
6.817483270393347
6.817483270393347
6.817483270393347
6.817483270393347
6.817483270393347
6.817483270393347
6.817483270393347
