.3931117548409572
6.632094107447268
.9908661537403303
.23806590597908697
1.7253093058953601
5.920814709852249
.0027435509379735547
2.7025855998961954
4854562008503837e-23
.01789029077376154
.7724411986574803
11995852441392093e-21
3.263430794221244
2.4909039754782185
.30313209283667913
.045724528290201835
1.586589578217012
.20284689715212112
4.078369046671958
.0010811092429911047
5.9768397804540605
.361599124949289
.17413991949021748
23170871402732845e-23
2.0264711869860235
13455977434205504e-22
939629987417033e-26
13.500122330358431
.0006752734163653927
10.910284346245641
9.264690064676362
.33912068047986166
1.2801346629477497
98.87280444742981
123.70983614139537
2.077880116400887
.478888043880832
.8165698611946335
1.752384080282466
2.1310398683967047
1.2977112032144609
.0002980089621324766
.2123238519089121
.04492615368346986
38.40227257657005
48.10257317983057
11872121250001013e-24
11.336782146299903
.012883426186807255
.02859204493871183
.3276741577813028
3.126589123253385
15.262513617660689
.9668362218336543
1.237362539775113
.2182182359755284
.3232007683222123
1.2625527660229199
1.2150653401515028
.013534757534686411
.00016002450189240143
10.4740370362617
8.13215580539066
.3830809598568103
.2285663845139602
.03605718745819451
.15957529105348883
.13331471402118814
.5961780046600894
.09643382074133935
1.2973575294314905
.004930582586876197
.001043394997529425
.00021034753449168856
.011513513320389841
.47923556399316497
.01731259395208525
.00947664808038861
.030482651169022938
1.2453831754737632
.7309412569153085
.054923862972634754
.09601293100892234
6226744133059616e-20
7062778707227535e-22
.000201017076063182
.12274531957464901
6755585369544272e-20
6638674893964625e-24
5.629921668125045
.0006846949001946677
.015578789614003503
3.561867914289198
4616628297379321e-22
31926419436132393e-29
.23106644960702838
3894870496408508e-23
2.037688637851789
3.7298468646785277
.002529927946017698
4519630937270388e-24
.0014199144429449509
26150326883208906e-23
.00010650090496513206
.01641801937152032
4993922713958747e-20
.008049634559742416
.027360830918159287
.5056664599660526
3067571681683817e-20
8994026904642961e-20
29747119721820705e-24
17690499536914545e-26
518560656120826e-19
10952951217119365e-26
2735018470690044e-22
.0063803640956846324
28354320401737377e-25
.040836001933770724
1844468820365487e-23
36391757390379616e-24
46.02032804703244
160.08909978047254
7.379957092638869
13.640478391793312
36.50205944569916
4005796499033908e-28
.16138188846926763
3.304554251559252
1059394060216487e-20
.0025356077612407667
.5767004523840553
3.287441816558763
11911378140775908e-25
10614635598467133e-23
.3150075244226391
.39231924710957733
6.234230192620063
.4179459316096597
2.3718621992747115
.0009111235428130137
7.754387203560392
27.81094288033965
2.497521039633486
1.7630469163625453
.3686084140675103
14.527640655637951
2.6591898725284437
23.744852069975103
3.516541587650783
1.4782981206762047
7.172206903467135
3.329667531910672
.0009111235428130137
1.8487779053847715
3.644494171252051
2.1787824426502067
1.3499065501539977
11.4461565294833
.09805363238799675
9.881865185383933
1.629066869969955
.8133396324530462
19.71236383520138
6.055995099351178
.28575860348589094
7.611670072115222
6.572914732238992
1.8970409803680173
2.913477425617493
7.868880659878689
11.720476668609928
5.663481006187241
3.9588330901779547
17.152227126550486
.0009111235428130137
1.3922223930092144
27.57815300805391
4.804828516065294
17.270430331238803
18.20963219467867
1.9431233557964804
3.2107745548818682
7.831885192723626
.03697555810769543
2.642125821169584
3.6674607607518785
7.318225282495319
2.3899762835313294
5.988412336995173
6.5341668287273285
9.716810269365
17.189587372152598
5.340021734710527
.37035738035997734
6.834252172929543
8.888677408232184
1.4114743688086806
.9830799472291378
15.5780578475643
8.589860002113785
8.686412622230163
.392214529551987
.09805363238799675
.0924388952692386
1.1068085915350776
2.3289217132036226
1.9283445337538165
4.629280185531813
6.796707415286897
7.833746767812683
1.7395005902461882
12.899339167330652
7.776160612019233
6.193870515802499
17.22753214227608
4.398024100432973
11.061713136890345
.0012352331481729915
23.49893047546069
2.2141220855101214
3.319350160424027
.00013225792414115487
19.153223597868838
3.638825242233388
.6033782509800464
.6186714384477231
1.4433759792862082
.0009111235428130137
8.857345650269535
8.21741615052775
4.4281020735314245
11.354883965485046
.03697555810769543
6.9282028128813415
.2734508200011038
6.190716513660011
5.459857645086003
.0012352331481729915
1.3631890497882586
3.281410691377735
2.9641613038701022
3.2010468301023
8.865347717944696
.5546333716154308
.3697555810769544
.17082195857324972
5.179218752185326
.0009224478372196311
.7720046419880697
21.69888061775933
14.660403862718304
10.747037556319132
.08153181057122337
.08870846888851232
13.226120337410244
19.132704692121237
1.87942231911646
7.879599760099872
23.647922523566283
.20420218059284087
6.749532750769979
6.749532750769979
6.749532750769979
6.749532750769979
6.749532750769979
6.749532750769979
6.749532750769979
6.749532750769979
