.4081374069906909
6.617419086393157
.9943843773672896
.23007315811866533
1.725357432591024
5.693989059763911
.0026629278860302585
2.59156175873173
48958203863951665e-24
.015351470106862603
.7477602403692013
1154201687194773e-20
3.156286167233483
2.4083980847097
.28837811962196935
.043924343091840894
1.5179590907909424
.15506266943749358
3.3469827925599187
.0009218285617977152
5.030334854373081
.30757929602806944
.17117892167346516
23123016818398772e-23
1.759173921670944
9379920503099032e-22
8401317065319602e-27
13.46756121962548
.0007336187455509018
10.548842372424966
8.993936721759082
.32395552539790595
1.2054148357544505
96.18950854795018
120.07332179313369
2.010946910546028
.4508511083552895
.7698316306123275
1.678145816763203
1.9972091036251252
1.2101025617694028
.0002893372242179361
.209097970319693
.03912491987619125
37.88403521145441
47.486044060436534
11900396592773528e-24
11.233398166633945
.012044955378822267
.028303876698087534
.31456835759077967
2.9822383263862777
14.753757036391535
.810633419698601
1.2514999797375363
.21348253593635838
.3105479638786882
1.258306541752502
1.1943449592628954
.013136037214815663
.00016322091072868967
10.157930965795122
8.004214795266837
.36653185716542785
.22336006722480442
.03571102829420239
.15323725586485043
.12959002071590428
.6041037633501284
.0929604779051182
1.331644199748871
.0047393911521940125
.0009930794783914363
.00019041348343591395
.010888258231211353
.45765885588072414
.01631148161485684
.009096862783391184
.029484026855795598
1.1007087198504293
.7142910189211159
.04842849673975274
.09583362495846068
58296976054420676e-21
575375397544354e-21
.00022342633682706124
.1048679281720282
56904805635830044e-21
5975024075873411e-24
5.510187860743597
.0007286897238943406
.01522839191128634
3.4119523660615063
5081811059572753e-22
3516613154639085e-28
.22585124298848044
34929168539134805e-24
1.762976485341088
3.4454898604963202
.0027132935553740266
473796670264012e-23
.001469171752320887
2522521785706453e-22
.00011847339437929268
.01637220842558738
48872652496286706e-21
.007924239240132733
.029441785721111793
.4904987673133773
25696629726789434e-21
997868572089883e-19
31682311192334106e-24
21764969385542533e-26
5831849595832903e-20
11245845503120818e-26
28794406549220857e-23
.004631056964477887
2780993123714118e-24
.041086218905994884
18428631533145034e-24
3958215973173695e-23
44.65793064546894
155.3497816831166
7.161478981044667
13.236662228247717
35.42144326908884
4582046570052308e-28
.1618731791684445
3.272454530849609
9516987455368746e-21
.002248161120445752
.5735678779798302
3.21063645837864
13465592592933321e-25
11843730635621459e-23
.31481825356723653
.39155366424279564
6.229548282844188
.4171303401064672
2.3707932769210407
.0008841504115923241
7.666348649619266
27.756671820392693
2.476199216067386
1.710853230667126
.3605052868678318
14.097560716619222
2.601726504267844
23.698515694553883
3.3615462161510585
1.473862310441771
6.959879080884619
3.2310952142837874
.0008841504115923241
1.8432304262672645
3.5366016463692924
2.1722447454681992
1.3297749479601744
11.423820176133239
.09797999406444226
9.86258143437372
1.6258878628381888
.777490809015208
19.673896571290218
5.876711892616857
.27729893369679864
7.3863322710197945
6.378328506283603
1.8900027094924077
2.850867842354221
7.635928331653741
11.373500720457605
5.495817885690833
3.8416347966375444
16.64444826751329
.0008841504115923241
1.3714597206759354
27.52433622084299
4.738775787217291
16.75915215470958
17.670549649241284
1.8855986417581758
3.115721974941396
7.6000280876415935
.03686460852534531
2.56390766180126
3.5588883271595306
7.101574694982375
2.3661834876713357
5.976726379912507
6.246166362980999
9.429151366783099
17.1560431255317
5.260384227019864
.36758537561017446
6.631929247449453
8.62553475979353
1.40723907123018
.9539766004588718
15.116881092995378
8.211252637755077
8.669461711138318
.39191997625776903
.09797999406444226
.09216152131336326
1.0580248065155835
2.2262719713665255
1.9277651281338692
4.425239657573164
6.595495974283895
7.818459772967722
1.662830221507762
12.330786850656075
7.7609859924262246
6.010505610456189
17.193913849158342
4.267823885425381
11.040126997241961
.0012328226792967152
23.453073998389396
2.148574656709516
3.3128726867074265
.0001319805437337475
18.586206734481134
3.6317243358129394
.5855156890171019
.6168150408375017
1.440559334606634
.0008841504115923241
8.595130555098013
8.201380452405855
4.419460949995346
11.332725723995965
.03686460852534531
6.914682922103082
.2653555129393164
6.178635774489351
5.449203124567469
.0012328226792967152
1.3031050189500402
3.136778968283844
2.9583769557267496
3.1062822321803236
8.848047627849898
.5529691278801788
.36864608525345305
.17030938686561703
5.140453981337849
.0008817899517218268
.7379777029338982
21.6565368088545
14.014230716062581
10.726065483492228
.07911812228213769
.08634139865629203
12.834570934241311
18.566295275595817
1.823783426638599
7.646330100927749
22.94784345925463
.2039592702368743
6.648874739800861
6.648874739800861
6.648874739800861
6.648874739800861
6.648874739800861
6.648874739800861
6.648874739800861
6.648874739800861
