.43318016057358044
6.592417900476571
1.0066285785498161
.22149346245143084
1.7298583265460192
5.456009963496391
.0025337075199882903
2.425421851702529
5013694021082875e-23
.011938707033348797
.7084712939847371
1077406787778747e-20
2.980012845553561
2.271374884573143
.26870020549412427
.040013380903433246
1.4489866190165646
.1037101337503524
2.415992412836295
.0006851200846353389
3.6820450486774687
.23496972457557308
.16403531191499715
23242175688129112e-23
1.3934368988569596
5366367105325371e-22
7049833169363637e-27
13.413388528444461
.0008125787569272427
9.959953981713983
8.559076028114315
.29980370222064495
1.0937680001044314
91.8309876860362
114.08751270753439
1.900062929476264
.4092096742301185
.6997830602955459
1.5573667530464697
1.7994923410880985
1.0780952861556736
.0002754212407768128
.2038318070923938
.031212534640026754
37.03514640187984
46.41266913358214
11959060546799858e-24
11.002596379435982
.010926069510571026
.027931863615386836
.3010826469839271
2.7556538255110627
13.943015993450523
.6068674847329094
1.2628767848022426
.20720948670146228
.2831567049238127
1.2492469175389647
1.166728982686763
.012553796883401695
.00016687597247863904
9.653442457245163
7.765617311163828
.3500761668661594
.21639754730503735
.035257109985662914
.13953645928519393
.12507540403065553
.600761788436939
.088714491796302
1.3826701624889033
.004321406829139078
.0008905612525979464
.00016375063100380378
.009664779111509132
.42778803903706397
.014582715720315343
.008276190294078379
.027137154768197398
.9017613648874184
.6920342747791742
.03999226300402319
.09567809224419081
5179127760293234e-20
4111930100746191e-22
.00025782080957289247
.08131228764576223
4378997966983967e-20
5084049859949782e-24
5.343978855813505
.0007937620749498434
.014761055114339828
3.2610243224007083
5767405064655419e-22
4124014294901928e-28
.21891980595976024
29495966848709157e-24
1.393605895108496
3.069666212697304
.0029909173858305195
4863499948828995e-24
.001527391194310557
23048794007352163e-23
.00013687757598050985
.016298531163371748
45698977126473973e-21
.00747451790356606
.03288340210065146
.4662257738705028
196340002413897e-19
.00011266817823873342
33923624027891146e-24
2824189083536985e-25
6825733548460599e-20
11242099711779252e-26
30069020344345295e-23
.0027638291816411984
25108522759293016e-25
.04180741328558467
1834365797406106e-23
43217349174274367e-24
42.476305550728334
147.76064852616528
6.811627072667231
12.590026030144339
33.69103820080978
5562198689387695e-28
.1610064277554272
3.1349805135230384
7937012881332322e-21
.001804592427179408
.5573768053205119
2.961523177791359
16212107036374267e-25
13727007183590183e-23
.3145030548245828
.3902810113138767
6.221752912172359
.41577455621895315
2.3690128100667778
.0008409579775145318
7.521833307542512
27.66645529858442
2.4410665834087295
1.6272747869843545
.34739398472461824
13.40886798523924
2.508700384616391
23.621489253062066
3.118252656019638
1.4664988518318967
6.61987571217146
3.073250049917826
.0008409579775145318
1.83402159389797
3.363831910058123
2.161392148071243
1.29688723987903
11.386689740297026
.09785738639892992
9.830525437213208
1.6206032974268643
.7212195294516766
19.609951205989866
5.589623307136368
.26375235185223384
7.025495850530971
6.06673499241756
1.878330238859959
2.749494138428355
7.262898667511282
10.817883515894676
5.227336698984439
3.653963609100701
15.831335221214916
.0008409579775145318
1.3375410737591578
27.434874851158863
4.630699594730622
15.940435604729888
16.807309593209805
1.7934835514257081
2.963513013385839
7.228752218896999
.036680431877959406
2.438655882000065
3.3850298439810595
6.754649225243433
2.3270540248688127
5.957300439032983
5.794097001470702
8.968519336893715
17.100281449607678
5.130285535419257
.3630113966391868
6.307946853647071
8.204160934012998
1.4002084642448542
.907373023865079
14.378392616928146
7.616959190953878
8.641283668518886
.3914295455957197
.09785738639892992
.09170107969489855
.9814497409556446
2.065144442870212
1.9267998389476493
4.104960761643407
6.273293415370246
7.7930477116377785
1.5424820666791925
11.438340089786381
7.735760736078127
5.716880946654602
17.138029083370164
4.059332547967452
11.004243665679104
.0012288156796516501
23.376845307300716
2.0436126864334314
3.3021049746084308
.0001315195352104657
17.678235083266824
3.6199202715553955
.5569121307675069
.6137334151042312
1.4358771359097735
.0008409579775145318
8.175242032711312
8.174723797630026
4.40509653347755
11.29589136921303
.036680431877959406
6.892208374481678
.25239238998021646
6.15855357469604
5.431491773735989
.0012288156796516501
1.208792152519044
2.9097530482258582
2.9487614484760827
2.954534420064469
8.819289133786075
.5502064781693905
.3668043187795942
.1694585162570307
5.076489716239055
.0008179699704251974
.6845662038500114
21.58614733860571
12.99994387775224
10.691202934881577
.07525305109489985
.08253580787191148
12.207577662818643
17.659296337128136
1.7346881274740713
7.272792290515412
21.826797534437063
.2035550615982347
6.484436199395141
6.484436199395141
6.484436199395141
6.484436199395141
6.484436199395141
6.484436199395141
6.484436199395141
6.484436199395141
