.6452726159140948
6.3371681410837075
1.6582853392344128
.2591970470967444
1.7495896015529964
5.940974697344183
.0016621638598537595
1.4846282057557527
10058319139009045e-23
.00419611825297871
.4513676484754973
5873123532782928e-21
1.8147628333502535
1.3632455679495525
.2814390280629325
.031283321864608506
1.679200945031254
.09995348449884266
1.3585004065005142
.00019924661281087107
1.4052367617472306
.06439470738098821
.2531122611746909
3851631547566208e-22
.5556570594316794
2561991445440301e-23
7224284562717944e-27
12.954537034613251
.0016149447503086653
9.456948169673081
5.651963569816875
.15080298405858295
.5221191709743324
61.10112750112166
72.69417922534922
1.1597588771571512
.19305872832861348
.337232510190852
.817143390271263
.8266261883725737
.42527866341571585
.00018200178378348684
.16429579132192362
.01377793229951647
30.540565110428425
37.03708260731185
1267578145332994e-23
8.155755847596396
.009240160467094295
.03612765924541937
.3370322255301293
1.4247523508495468
8.631571794020523
.1564808477802221
1.1601526695638795
.27380467061386843
.21974551830433164
1.1443479463003186
1.1021343596100772
.013978382236360973
.00016418336916522048
6.295996588754797
5.4834188172633365
.41058312857019047
.25547277145246916
.04559100797885561
.10885589058874001
.16709685256398366
.9471333569207977
.11431230670047002
1.6252349078622026
.003402192202381133
.0006071632137113943
.00013924959949784702
.00615792313005796
.4126945578138752
.00990840601184146
.006404978599469968
.022404631615289168
.6776675456176896
.8181997877915612
.023736515545736178
.13088154879976172
5035187886045082e-20
9159956960635872e-23
.0004001382363718907
.013353992975495289
4040086609640323e-20
19667441456134793e-25
6.039754274065341
.0007449130663309394
.017681206799390472
3.765709750621322
7717826768746457e-22
1314268552249292e-27
.2637176870152115
3211579316220156e-23
.5685150387396223
2.2734210741889513
.003887061605961779
4348493499105648e-24
.0012579005365337811
13834561687377584e-23
.00021243499653078663
.015758706810294724
4013863470794313e-20
.006842399496223215
.07620617843979266
.3035343445730395
1837745286162597e-20
.00026585195565151403
10004635923534673e-23
9125630895290886e-25
.00010324557038594711
11462337791638726e-26
6125779554588217e-22
.0014940775985449427
16039357447050885e-25
.07656659421894321
20267007439795922e-24
7579531222090384e-23
27.792381737424414
96.68026200405201
4.456869245147815
8.237694050298161
22.04415338543957
11955302800677243e-28
.28124565787767997
3.721237544910163
30391751259122256e-22
.0004681219601471585
.6133631390090879
1.822296216771919
7571094691431106e-24
43538141432385714e-23
.3118461917676081
.37966717068329453
6.1561221792299925
.4044674089326869
2.353987205898754
.000550241477764666
6.402164413864337
26.914055517811747
2.162818379504537
1.0647310655947497
.253838939038963
8.773464944295473
1.8430048263800678
22.97909386327617
1.6503670705493645
1.4055930810777078
4.331405720472759
2.0108372763226416
.000550241477764666
1.757852084036679
2.2009659110586606
2.07162647623598
1.0490390295114436
11.07702437941632
.09682512875645401
9.563180556778962
1.576530374005921
.3817128030810394
19.076651120051327
3.6573082970883477
.17257400218261384
4.59680426630936
3.9694839893195066
1.7823201886612827
2.023394140480763
4.752137684070394
7.078175570275805
3.420263017806935
2.3908000039575574
10.358492956871407
.000550241477764666
1.081923506378921
26.68877298878569
3.8088061936460162
10.42987768459276
10.99707609070895
1.173481988481464
1.9390359845085894
4.729795554203848
.03515704168073358
1.5956202951270806
2.214835786604391
4.419588458468104
2.0205649305872138
5.795289386444154
3.0665850236145307
5.868130709549163
16.635232787790336
4.149836310899952
.3264863051914751
4.127309676840261
5.368008576947534
1.3420558270130947
.5936970536993176
9.407827992549596
4.031353457585066
8.406280670569936
.38730051502581603
.09682512875645401
.08789260420183398
.5194423007210599
1.092998791442233
1.9186439550155594
2.1725924144842175
4.1046358220259895
7.581112813346443
.8163743899475222
6.053858332962866
7.525383778888642
3.740573375127456
16.671953860287164
2.6560341891675807
10.704979071343823
.001195397569597369
22.741103102723113
1.33714227657983
3.2123029731532284
.0001276791673285335
11.566925407185176
3.5214751621498457
.3643893773672972
.5882441986361578
1.3968279107518868
.000550241477764666
5.349086847903947
7.952409072926974
4.285298256817198
10.988695304588783
.03515704168073358
6.704772144793627
.16514114302087157
5.991069366492643
5.283780287905107
.001195397569597369
.6397655942999849
1.5400165233411287
2.868568758684779
1.9331612623589773
8.579445209466256
.5273556252110029
.3515704168073359
.16242066448469336
4.5657089175213335
.00043291896225341537
.3623136560996896
20.999103846766527
6.880353089226068
10.400451602353163
.049238310531446366
.05634345644827355
7.987456867902994
11.554533725387763
1.1350119557022227
4.758611113049962
14.281343005645345
.20016369531852662
5.245195147557209
5.245195147557209
5.245195147557209
5.245195147557209
5.245195147557209
5.245195147557209
5.245195147557209
5.245195147557209
