.7821329763783675
6.100427314606142
2.150498837491435
.28457598170884973
1.6995626134174178
6.197997376911176
.0012666134655213955
1.1076906204120047
151426240583893e-21
.003351606240775231
.3390397997625537
4065756912184467e-21
1.330674546111872
.9915224034033929
.3042022585583826
.025879107065250144
1.8556010545611021
.15885632127827254
1.420655115609163
.00016073303395231381
1.4576508274737865
.042798068752793364
.32380667871639396
5105694073152811e-22
.4769404217282057
7117181754966961e-24
1060296755705432e-26
12.653019163973328
.0016679686395926778
9.959474433809948
4.361566838493918
.09572727242391366
.3383483109910138
46.68902202466744
54.83967895566738
.8513540410330792
.12169117013599896
.21930625378881918
.5466069445355813
.5277527418274869
.24051444998340976
.00014010226596375609
.14300392742236775
.012595515511616796
26.949653422920818
31.59540680471632
13166205263372798e-24
6.426507316496694
.008622604735334391
.03974456628405279
.3623164938298889
.9532302885543525
6.338122895665959
.10239169788293981
1.057164738456815
.3307123419334121
.18070606663078045
1.0846089940371595
1.0678385130696253
.014971426154287811
.00015217496741838724
4.788231100209183
4.2254143987615675
.45664587599278
.27228591968937654
.05012350405366157
.09007848422586116
.2038367170617118
1.206616182608498
.1396689566516457
1.6807393619292972
.002824750615153635
.00046046138063045213
.00012318785460213317
.004561367782940588
.4010138855329036
.0075432252803406845
.005266912799139125
.0188876013610952
.8242644459738435
.8732038206544857
.023837144436225418
.1473779728021425
6296131499685169e-20
59411213148266454e-24
.00033918678670277335
.005416126824422359
59183833700151055e-21
1005865162795491e-24
6.204500219324592
.0004714445348249342
.019094600651375557
4.149616250270398
598258567391879e-21
16391868151974937e-28
.2863486149750511
444039740045512e-22
.4893416726011186
2.178841007447757
.0038902658934296766
33353521844057756e-25
.000957956734285933
9781669992588714e-23
.00017929689185363861
.01545603001616411
3439721454356609e-20
.005943770327145774
.10755554583208037
.23026766807638246
27672106077888327e-21
.00035639990841737206
16245536031167606e-23
9312998081761681e-25
8117989198462267e-20
9688422087580255e-26
7470067954657932e-22
.002261625733708581
1034046262150501e-24
.10871264497078287
19350775422220467e-24
831798364656448e-22
21.137340912678283
73.52963401315478
3.3896470452931684
6.265132262523038
16.76555790150097
10759304161435108e-28
.3553689668335158
4.019055403967641
14140094122719471e-22
.00018630117346360705
.6469449779231272
1.569666711141875
11072025928955522e-24
5453194571348902e-22
.3101436808560678
.37297192750916147
6.114139532036433
.3973348257969309
2.344341959096763
.0004184830868290121
5.769773836692427
26.43943943191323
2.0003411838239202
.8097752731817897
.2073141164642811
6.672609827580445
1.5104563893850307
22.57386888409512
1.094629930841859
1.3676408707972112
3.294226461400143
1.529331074649094
.0004184830868290121
1.7103885806703865
1.6739323473160457
2.0156907970503157
.9148585405535268
10.881686521437922
.09616481450314568
9.394538587470567
1.5487290389408421
.2531765609568083
18.74024379263617
2.7815454259620207
.13125019479302966
3.496073845121248
3.0189689074643593
1.722987346074715
1.6601456070354463
3.6142118095953473
5.383266949994612
2.6012619609732948
1.8183096078316419
7.878094041725644
.0004184830868290121
.9435368296042759
26.218129649100653
3.3576183839070475
7.932385298231128
8.363764882337138
.8924851810026625
1.4747230026463751
3.597219627343165
.03420777161340774
1.2135401155588403
1.6844810038002698
3.3612933509251626
1.8445695742666424
5.69309231832029
2.0339570585363624
4.462974080442813
16.34187866772744
3.61903902917136
.30489206334927155
3.1390023538030656
4.082608982026601
1.3058191767046612
.45153298272370745
7.155071105639868
2.67385373546414
8.258040059778677
.3846592580125827
.09616481450314568
.08551942903351939
.344527650763996
.7249473240449394
1.9133994099276277
1.4410034754406322
3.121757879992158
7.447423630464124
.5414721718313587
4.015309470596552
7.392677350024491
2.8448722166365816
16.377952182234093
2.0200319879949573
10.51620204875411
.0011743173234338197
22.34007497314651
1.016956100266989
3.1556555956211003
.00012526076577747008
8.79716060153148
3.4593756856535487
.27713430850007165
.5723611042872556
1.3721955399359722
.0004184830868290121
4.068218166542334
7.812172263756445
4.209729137023553
10.794915086251056
.03420777161340774
6.586536797092224
.1255971752158658
5.885419815045839
5.190603430283871
.0011743173234338197
.424333822905519
1.0214383275831347
2.8179829643782788
1.4702550154829575
8.428150927495153
.5131165742011154
.34207771613407756
.1580351682159619
4.263726809915809
.0002871397897886086
.24030979495212962
20.62879501432272
4.563494122383384
10.21704477138267
.037447922437897144
.04404084245372241
6.074815769201697
8.787736177057608
.8632270121469229
3.619135139898877
10.861595765818452
.1980053462627033
4.574292702767626
4.574292702767626
4.574292702767626
4.574292702767626
4.574292702767626
4.574292702767626
4.574292702767626
4.574292702767626
