.8125463898148726
6.03614271060229
2.238762687997346
.28558153665106867
1.685130243171492
6.156312448437106
.0011923783676447352
1.039288978277059
16295353429601202e-23
.003213903281784467
.3182794682712492
3759867471021741e-21
1.24378711232257
.9254323021649687
.30695946598247936
.02433529938381677
1.869985645055225
.17089073143323427
1.4148960548256755
.00015166379750605996
1.4531537145250009
.03937521604926476
.33340012583022366
5345667236405523e-22
.46450759402828956
55528968162349584e-25
11405500831138376e-27
12.584844553164718
.001625786826624559
10.026017664130928
4.118709997009035
.0864465064781575
.3082531534297185
43.96742510215676
51.5521217057849
.7960779811679048
.10997229777531377
.19992583841855768
.5009140527176302
.4795097116949761
.21248748271778783
.00013222328156270783
.13866505015978886
.012423322817462012
26.20947256766862
30.47084405326194
1328213016613867e-23
6.082813183440778
.008408671119392613
.039858205311066784
.36343445200975
.8744922027368202
5.919352705128316
.09391845383345494
1.033273257906427
.3409316521333296
.1697998934816964
1.0733527611081466
1.0611849481249858
.01501912026350265
.0001490331489165156
4.506193572645181
3.9799863072188297
.46063457048755774
.2716575796265381
.050254739411440645
.08472732055475014
.21065388953258282
1.2474141802209535
.14460593825094925
1.686456343130121
.002658109182735831
.000424969083893621
.0001190287815170803
.004196193532668429
.39380346701966035
.007154508791511652
.004946388336882375
.01781876755850812
.8530423731488219
.8714236755566499
.023646506834974438
.1485136909102054
6539409916030723e-20
54568721996436964e-24
.0003251396841543176
.004529661584654205
6322447835860365e-20
8857183720958981e-25
6.1479438193357785
.0004244723331843188
.019104511181368914
4.181033720097174
562927327020986e-21
16475349137316394e-28
.2868268989206508
465016931827745e-22
.4766535725046002
2.162160741217232
.0038797860493756326
3139973701362197e-24
.000900241108180451
9078055401399184e-23
.00017169335518261577
.015391802132335047
3252933925532552e-20
.005635789801601226
.11393892100921094
.21657049243905602
29735563871409623e-21
.0003708255528531231
17477661337611884e-23
9083399089573646e-25
7635916081944751e-20
9129004252900277e-26
7505407350300007e-22
.0024363727302875136
9194260484674893e-25
.11543579909647368
18914774357569322e-24
8272465919745818e-23
19.889945443611218
69.1903686018109
3.1896109866657962
5.895402804609551
15.776158097187365
10295794602110455e-28
.36134170902867624
4.010106511538858
11960817200430014e-22
.0001547202392873541
.6420867969232118
1.5210055698634855
1131200056155073e-23
5470754325096783e-22
.3097666091437059
.3715002034102086
6.104849005072872
.395766967212013
2.342203951369621
.0003937867965743282
5.637952976965698
26.33511104335429
1.965926120959779
.7619873318838547
.19819332106401222
6.278833557416593
1.4451207190119937
22.484793797224114
.9991763564377782
1.3593471948209352
3.099821537005578
1.4390793887297686
.0003937867965743282
1.7000164069627275
1.5751471862973099
2.0034672033452283
.8874534231909005
10.838748061168797
.09601869062137851
9.357468320734787
1.5426178501857546
.23109913824274647
18.666295952663155
2.6173957736626576
.12350461794988025
3.2897571332915034
2.840807985899877
1.7100728528958562
1.5887284308057585
3.4009233238694163
5.0655797427937275
2.44775152664859
1.7110041915287875
7.413177529609475
.0003937867965743282
.9152726374859834
26.11467453522186
3.26484818684089
7.464264851066804
7.870187073204493
.8398162111643387
1.3876939482714852
3.384933915392729
.034000328139254556
1.1419244640001687
1.585073326148173
3.1629305524316966
1.8075902108765425
5.6706277290457265
1.8565925758454958
4.199596881318919
16.277394627821064
3.5106286193233434
.3002907333645937
2.9537577986955585
3.8416785846227386
1.2979004011207733
.42488629149084495
6.73282294704228
2.440689184329069
8.225454345761912
.38407476248551403
.09601869062137851
.08500082034813643
.31448425909356
.6617306958630813
1.9122359036790013
1.3153455443134203
2.937530987351611
7.418036558613263
.4942548860753466
3.665167719025564
7.363506303601574
2.676985407800626
16.313325798476296
1.9008221611957845
10.474705767551477
.001169683540091847
22.251922422551168
.9569416246073627
3.1432035743145987
.00012472959479314396
8.278006450574692
3.4457252037046544
.2607795511928896
.5688901802736912
1.3667809414215846
.0003937867965743282
3.8281370262945824
7.781345916415707
4.193117806882977
10.75231902068471
.034000328139254556
6.5605467313045445
.11818520471592829
5.8621963133949135
5.170121631003497
.001169683540091847
.38733119855216436
.9323671843099455
2.8068633783364785
1.3834896341484237
8.394893966542503
.5100049220888175
.3400032813925457
.15707680808939192
4.19938005781795
.0002621007162928933
.21935437591397944
20.547395068332968
4.165549745493841
10.176728946246595
.03523797706359562
.04169466947387559
5.716317616703518
8.269138197496073
.8122846789472672
3.405556109589372
10.220611386511148
.19752888258961843
4.437267115954494
4.437267115954494
4.437267115954494
4.437267115954494
4.437267115954494
4.437267115954494
4.437267115954494
4.437267115954494
