.8900969633307466
5.846207593695879
2.4378893666457038
.28335155180016164
1.6431780807104477
5.955076544983229
.001022142361629278
.8850045861098577
19350238163112704e-23
.0028298626542941616
.27107235973774785
30947198098724524e-22
1.0491616717483896
.7779743933796602
.3143976764228921
.02077030522270726
1.8811808531344825
.19944980726517927
1.3755480574773378
.00012862382689976762
1.4158014528378746
.03119210904369382
.356608358192744
5924725995013689e-22
.42532827999275774
3141544011263397e-24
13212384843052873e-27
12.408463723761724
.0015021586598430584
9.88194625760421
3.5583606924250692
.06653419680019738
.24423531791294925
37.71268359707258
44.0673428921997
.6722235499834328
.08509799113595802
.15863122673330896
.4020372568955319
.3775994502246123
.15549958452624224
.00011408925230655943
.1281943889686189
.01171884271828874
24.4110290332339
27.735230471312185
13589464185721446e-24
5.2755563824990785
.007878886708690054
.039522877491497514
.3618541704485868
.705460130822426
4.9757854013541465
.0738277920834369
.9718943269072627
.36718851151099235
.14463700218958306
1.0479919849352883
1.0288701101513307
.015078546386915644
.0001405822100014963
3.8605267064213344
3.4088066543070825
.4643114472397693
.2663860325892833
.049798287889666254
.07237149002261345
.22842693656415328
1.3535583817151255
.15781292265225103
1.6925262905626166
.002272579754706573
.00034634562233529627
.00010472799442953893
.0034008701514080236
.3747194646231306
.006088348100317308
.004208819014486995
.015318384064264376
.8999197475984569
.8550950779793274
.022280581661526886
.14904520142469865
6942402208379907e-20
438430230603528e-22
.00029275063848756906
.0029605786632596305
7216717052751645e-20
715453097352964e-24
5.929686875346109
.000326119427072876
.018871012679288642
4.206073084159527
4845559698875331e-22
1604513922377507e-27
.28416030624991756
4986140057884847e-23
.4363876732405689
2.0687299920640743
.0038431185435202995
26357297163535703e-25
.0007675381585728549
7369255607004937e-23
.00015414983509636854
.015231887367051077
280950262562857e-19
.004898907359892024
.1299375279104298
.18523599536928548
34455577163808094e-21
.00040699756619951206
20883889509246413e-23
8481492352374232e-25
6532688367939882e-20
7805325282407e-23
7456423827217356e-22
.0028262224178513084
6676147188709537e-25
.132345526195569
17766650722793242e-24
8085031064170798e-23
17.032327723273095
59.24968656455725
2.731354884238475
5.048401611431586
13.509574256362448
911027350194296e-27
.36983094937051814
3.9809112997083624
8666861055298343e-22
.00010894899612485854
.6266518814650167
1.427190542827887
11417184413763973e-24
5366755746131394e-22
.30880719484781105
.36777371242266343
6.08122311263374
.39179705811655247
2.3367611074680488
.0003372108682432911
5.315295683491934
26.070945497660908
1.8808278214996221
.6525114910155286
.1767114554971793
5.376744303949556
1.2910291823751987
22.259250498262183
.7917766221504847
1.3384262266160445
2.654465616892777
1.232324736040238
.0003372108682432911
1.6738523854872982
1.3488434729731622
1.9726329368528852
.821231846240702
10.730025383239015
.09564709629449475
9.263604250019993
1.5271439649410785
.18312972868180993
18.47905572237547
2.2413506726259933
.10576052781158723
2.8171128866617487
2.4326649236878546
1.6775788453097311
1.4202207001547347
2.91230766711194
4.337800449590949
2.096079464130064
1.4651817024150242
6.348115409017843
.0003372108682432911
.8469751969557989
25.85272017179255
3.0397311302392476
6.3918629398510625
6.739465719215604
.7191585807221551
1.1883219174014705
2.8986154804717943
.03347704770974596
.9778624964665849
1.357343509710128
2.708507667238169
1.7166178632039892
5.613746082866172
1.471218357941756
3.596234619700026
16.114117289546463
3.2486662929826617
.28886973131540156
2.5293870707280477
3.2897389711942044
1.2779251268652951
.3638422529772559
5.76550837014146
1.9340736253776973
8.142945423272575
.382588385177979
.09564709629449475
.08369261927436494
.24920654174837145
.5243747930662607
1.9092723027420782
1.0423183508366232
2.5154915892398066
7.3436267840634795
.39166205410754273
2.904386295259354
7.289643517995494
2.292378976369975
16.149688037293743
1.6277282451544404
10.369634770869231
.0011579505312524975
22.028715039077333
.8194564137223064
3.1116743323809968
.00012338534416954982
7.088693086729654
3.4111613897436044
.22331296946176724
.5601347030718948
1.353070863167517
.0003372108682432911
3.2781429484709212
7.703291812643184
4.151056953150925
10.644463306049882
.03347704770974596
6.494738373615493
.10120536250190625
5.80339305695372
5.118260524372628
.0011579505312524975
.30693259109582355
.7388350765512324
2.778707939963564
1.1847216432730876
8.310685407783858
.5021557156461888
.3347704770974598
.15465932496198764
4.039664412555452
.00020769628751972266
.1738228348740094
20.3412856723305
3.3009036749483114
10.07464693295897
.03017528506319379
.03626243068834501
4.895045855909428
7.081098948616195
.6955825442380713
2.9162748536926015
8.75220111391459
.19631913968577955
4.106159231203503
4.106159231203503
4.106159231203503
4.106159231203503
4.106159231203503
4.106159231203503
4.106159231203503
4.106159231203503
