.9212688967295574
5.7570103979698
2.509658573128987
.2809420662328482
1.6239160746408994
5.845783997325866
.0009607471137207849
.83019386260832
2065835942677004e-22
.0026561583453460266
.2541867546252584
2866757281112234e-21
.9805466193806616
.7261460055641183
.3187132274457326
.019407034016427353
1.8744730820966582
.2103009331172114
1.3519761914792592
.0001197045907781054
1.3925060354044423
.028059740507953016
.36398730074207836
6153825505727349e-22
.4054847062663187
25687289699399655e-25
13779959678169648e-27
12.336388456192507
.0014436473898734128
9.673436882293405
3.354651382218088
.05984456036447759
.22281893376304648
35.45317861094709
41.38378694920113
.6285104150704726
.07681272917664905
.14479470284643514
.3683814351333249
.3437325759551802
.1373386049988759
.00010751871705449988
.1242142997033742
.011295013673107642
23.722753314260437
26.686242978477345
13716157836941751e-24
4.97840009394428
.007700966837532315
.03924446510220526
.3593246893785883
.6483915678326024
4.641733050353845
.06620457469776617
.9473065245327811
.3792514032698234
.13505248411370932
1.0390561984093787
1.00729708709351
.015136234732143842
.00013707511546611045
3.628036914289229
3.2004275529960915
.4629242208942837
.26348001294332724
.04943450543836114
.06764626789018634
.2366170508828782
1.3920790193398558
.16398038671454737
1.6919395284978462
.002124777032631157
.0003178766382449359
9773497025291105e-20
.0031174134815318212
.3682183645115839
.005640258153921975
.003927981191565394
.014348986796121769
.9056516013677847
.8460056746922289
.02136090913932143
.14870141857799146
6996481558311531e-20
4002730699363461e-23
.00028111526645701544
.0025236487466376886
7516211918556004e-20
6920826577784256e-25
5.826328124557345
.0002936547810447848
.018722618145861642
4.191941639420135
45741242193287684e-23
1570448741637062e-27
.2822730042293936
5031462320827859e-23
.41592722136146154
2.004621184382651
.003824535603514265
2427271047754801e-24
.0007195483450324812
670120732954407e-22
.00014783464806150223
.015168964973121599
26352276816973665e-21
.004606573206285911
.13646580222171337
.17396317709180703
3611266856365507e-20
.0004197271968034125
22364646138191257e-23
8207220562612491e-25
6138364504871773e-20
7286920469295084e-26
7374688806339895e-22
.0029527420087461904
5781699269769371e-25
.13924967046619
1735581215076909e-23
7955424345588991e-23
16.0028894940507
55.66862040554616
2.56627109879872
4.743274931173175
12.693052144648073
8653738056582366e-28
.3695989772864099
3.9522110092951444
7967904957522425e-22
9960120407900799e-20
.6174200419131403
1.3937588770657732
1125580457962658e-23
5261242250984796e-22
.30842239010738587
.3662863797582487
6.071752321030573
.39021257139910964
2.334576888074022
.0003168297574098852
5.190865233354472
25.965510640516236
1.8476690529219004
.6130735301700214
.1687475649200617
5.051772507659119
1.2338235109457536
22.169230713723014
.7210896611343021
1.3301079166999135
2.4940290383708654
1.157842714868065
.0003168297574098852
1.6634494042699153
1.267319029639539
1.9603730365362297
.7960273392399203
10.686631533424782
.0954981371624788
9.22614082964526
1.5209679631617274
.1667805670242245
18.40432361876105
2.105882866640686
.09936833455175345
2.6468458656953766
2.2856340356013836
1.6646923120213322
1.3576350855824109
2.73628704934952
4.075622684690069
1.9693918870166276
1.3766257468387229
5.964433695529599
.0003168297574098852
.8209805982576573
25.74816785095867
2.953679349117065
6.0055371144477885
6.332130693221803
.675692452786094
1.1164994378043687
2.723422421960113
.03326898808539831
.9187602379179742
1.2753053219894195
2.5448047734177863
1.6813542110124646
5.591043242405454
1.3398732893898888
3.3788772825866906
16.048949355587634
3.1489611577038654
.28440232218262834
2.3765102714194954
3.0909063092038753
1.2699828308735668
.34185153446205246
5.4170395745924305
1.7614065079927683
8.110014117136531
.3819925486499152
.0954981371624788
.08317247021349583
.22695828054851397
.4775605028758403
1.9080823595277008
.9492639279465813
2.3634546363744335
7.3139280437177945
.3566958785781066
2.64509316246727
7.260163094164129
2.1538270066990046
16.084376249836865
1.5293479351010206
10.327698395343182
.0011532676037056557
21.939627574894875
.7699282591932836
3.0990902495081767
.0001228491051234339
6.660250669623456
3.3973661357948237
.20981587666387572
.556653469693263
1.3475988394092118
.0003168297574098852
3.080011153049873
7.6721385323801945
4.134269449341593
10.60141548225094
.03326898808539831
6.4684726667321115
.0950884845945246
5.779923255370605
5.097561502648815
.0011532676037056557
.2795307564186905
.6728745457746124
2.7674704236746703
1.1131167651620337
8.277075735713368
.4990348212809741
.3326898808539833
.15369811830683555
3.9771904606885995
.00018915391209666782
.15830455912713315
20.259022428398918
3.0062109006712516
10.033903532983128
.02835148314213929
.03428379372045976
4.599188036605945
6.65311552315336
.6535413579567609
2.7400144581619896
8.223215847608598
.19583496614583204
3.9801366961995943
3.9801366961995943
3.9801366961995943
3.9801366961995943
3.9801366961995943
3.9801366961995943
3.9801366961995943
3.9801366961995943
