.9524408301283681
5.658709766727693
2.572551660557392
.2781448528289546
1.6029955827204883
5.729839027406818
.000903024838909154
.7790369903028805
219803165179163e-21
.0025451069603962327
.23838001490654454
26565935156459473e-22
.9163337460650494
.678062420874158
.3224594723649874
.01903393450277886
1.8638282705548992
.22048708079711377
1.3250977651833444
.00011111222805067355
1.3657117903923928
.025755683956902576
.38951280403711497
6372101835485688e-22
.39455061781812667
21232030981858147e-25
14614484523554222e-27
12.26354717825426
.001454181191080687
9.652353656558581
3.162102127174404
.05380510742292796
.2034762843097466
33.3274205093368
38.86736031955336
.5878662005222609
.06935643656310471
.1322880481306496
.33771223893862373
.3132470793273782
.12138059402167395
.00010132218368276101
.12035907353741776
.011107912428944135
23.05355463891424
25.664571030577232
13842934372051638e-24
4.696320738650239
.007509759550138751
.038839397732685
.356142354113142
.5965907634251308
4.330933735696335
.06061144276794336
.9228782808610577
.3906457722270036
.1320531201029368
1.0307544837558371
1.0019489054605666
.015151076238752264
.00013353428267377698
3.409630980659381
3.003563921439889
.4605232503541065
.2598444125195881
.048910410005709636
.06634721863431292
.24445410156652303
1.502118948256953
.16999508379604347
1.6898150735778823
.0020855903333307753
.0003064419108330887
8031044906643102e-20
.003001968562834851
.3608596268566565
.004610600877235695
.00384887775465169
.014107298330444794
.9271281823536205
.8345640481089055
.02094766771802344
.14786513144679908
7173671276298959e-20
37300924796426137e-24
.0002693851186299671
.0021638809536633666
7947504401496654e-20
6825930211396566e-25
5.708752186947161
.00026456818147649244
.01852085374234336
4.1693006823978935
43114849802442313e-23
15276785367853642e-28
.27957334697436315
51679290747790394e-24
.4046686650135092
1.983888215152443
.003804238234767076
22757815827896494e-25
.0006744329633342976
6206753902183565e-23
.00014148211895571722
.015106725916710048
25936826819533297e-21
.004545246159431252
.14285208036500194
.16337916266373875
38429935756026865e-21
.0004537953162073544
25059998353210316e-23
8297192986196382e-25
5753667460552234e-20
7136229541847094e-26
7622633225476106e-22
.003131818160091519
5345061021055418e-25
.14598402796530177
1690105040972759e-23
8207913531817166e-23
15.035670782831941
52.30399482939658
2.411165020878179
4.456590187921583
11.925880844656092
8198681096962671e-28
.3886234911152591
4.119407794601995
7881893206163596e-22
977593676161595e-19
.6403221508552802
1.4307924347584275
11638528652979076e-24
539779169979327e-21
.308038064872266
.3648050620926769
6.0622962790743
.38863449258623317
2.332394710315465
.0002976804862890877
5.069347685519029
25.860502177922637
1.8150948694530888
.5760192100765267
.16114258461567246
4.746442092420991
1.1791526304122026
22.07957498284367
.6567133803979122
1.3218413050234712
2.343289288956736
1.087862406694029
.0002976804862890877
1.6531110775102147
1.1907219451563489
1.9481893314168581
.7715963862441935
10.643413174919703
.09534941001683644
9.188828917023702
1.5148169380701384
.1518910003270172
18.329893743106478
1.978602770567594
.09336248713795788
2.486869828370098
2.1474897331581313
1.6519047682622152
1.29780746443728
2.5709051641355836
3.8292910130275644
1.8503613404673285
1.2934221365667837
5.603941805968998
.0002976804862890877
.7957838023466173
25.644038355565186
2.8700636088198346
5.642560923793467
5.949415103600091
.6348534290830953
1.049017927811372
2.5588180780976004
.033062221550204295
.8632301354593888
1.1982255439653575
2.390996125663046
1.6468149630104143
5.568432215674355
1.2202542410550816
3.1746570802385596
15.984044970636194
3.0523160825451523
.2800040021313195
2.2328733861698016
2.9040911457299603
1.2620898961975384
.3211899407721466
5.089632324926294
1.6041544962650227
8.077215990196402
.3813976400673458
.09534941001683644
.08265555387551078
.20669626491920065
.4349256258851124
1.9068931579387332
.8645170727187738
2.2206068370274523
7.284349409581764
.3248513587430334
2.408948797655494
7.23080189363733
2.023649154606605
16.019328593152732
1.4369137569269235
10.285931616879248
.0011486036146279607
21.850900393927326
.7233935993829617
3.086557058574821
.00012231519659976802
6.2577034251735135
3.383626671945008
.197134551713434
.553193872156459
1.3421489453447957
.0002976804862890877
2.8938544955849954
7.64111124070686
4.117549836743424
10.558541750379474
.033062221550204295
6.442313182350457
.08934131240068724
5.756548369224196
5.076946190907775
.0011486036146279607
.25457526000877384
.6128027364090227
2.756278353605773
1.0458397047638939
8.243601986253505
.49593332325306394
.3306222155020431
.15274288554452342
3.9156826768671715
.0001722669339525538
.14417169980394187
20.17709186950069
2.7378272483665156
9.993324905495365
.026637912290070686
.032413119858832704
4.321211941909266
6.250999528770834
.6140411520591891
2.5744072874113932
7.726202590274386
.1953519867024824
3.8579819312209613
3.8579819312209613
3.8579819312209613
3.8579819312209613
3.8579819312209613
3.8579819312209613
3.8579819312209613
3.8579819312209613
