1.008496978874677
5.454013353534019
2.6647780562835623
.27236550021554007
1.560688948468632
5.504786468762348
.0008077720866926814
.6953462755435957
24433043308573996e-23
.002349744814575116
.21244351028982228
23202753881501405e-22
.8118151595521415
.5998944684266249
.32737308390290737
.016806411452776174
1.8507377309554232
.23743409606657406
1.270031618997332
9661014533941807e-20
1.3104443077273626
.02200617472600647
.4030514496850259
6749384469957237e-22
.3743841035350364
1547416094190506e-24
16080399088400393e-27
12.130418424836058
.0013422986608403126
9.555275583505981
2.8419618122898256
.0443907348067134
.17321618595404067
29.817073707425916
34.72739678736244
.5216063439761967
.057762005642489456
.11270269290072875
.28909291256944714
.26575693738846506
.09732502010954079
9105264935736765e-20
.11372779455452851
.0107303089540463
21.896541211842322
23.892491165055972
14065537128910296e-24
4.2254168974873725
.007131697855657716
.03792008836114049
.351417402191818
.5149860796693465
3.825407864763801
.051559402312929103
.8795065534705147
.40895706835777884
.11644276371048216
1.0171534638245527
.9906934913038068
.015061690468263814
.00012713133282119576
3.049580528783099
2.6770823664113648
.45771504181698014
.2522705642990632
.047728090751857424
.05862381961817335
.25734204042143044
1.5742429888657958
.18020565143055625
1.6824723091665201
.0018435001351596017
.00026252255414217426
711805985990141e-19
.00257086893544539
.345471088793575
.004034241650435455
.0033920232399922384
.012503589476938613
.9595243600737303
.8106467674772313
.020129703676031147
.1455943026203164
7436667541786356e-20
3304477675719294e-23
.0002485608624639787
.0016636154159039769
8659193943472027e-20
7003710925202414e-25
5.4779031999741346
.00021940806032805558
.018080949450708827
4.141579324734099
38673473640643457e-23
14368637177459666e-28
.2735595449698044
5389222687261273e-23
.38395351086634727
1.9332545263491452
.0037628640861759716
2009323195486362e-24
.0005998852979034419
53671201015502555e-24
.000130224698664997
.014996325866141165
23019032409093653e-21
.004051825600585413
.154234596656716
.14594560793021824
4235830541736485e-20
.00047609538055648693
2785798758709915e-22
7708150184830236e-25
5096431001199122e-20
626703295896977e-25
7363460959182795e-22
.003423068423702952
42085919283767793e-26
.15793032881388563
1597017499126554e-23
7908412635447056e-23
13.441045564702144
46.756834987408006
2.155446163841551
3.983941431296503
10.661067946184408
7403086617560715e-28
.38822116121191197
4.055725046185712
7454323336464413e-22
9128307717527205e-20
.6225609188321373
1.3653990381216556
1120098955287663e-23
5129086945199999e-22
.30734814154685547
.36215628135648525
6.045328619624929
.3858126908505969
2.32847565460213
.0002661096427106469
4.857936845457694
25.672733950134937
1.757955209082798
.5149288356075646
.1483186104903805
4.243052761390313
1.086861657203282
21.919259354155933
.5550616441397032
1.307104601103836
2.0947690701042156
.9724879180779019
.0002661096427106469
1.634681173403757
1.0644385708425859
1.926469712543266
.7295336166316885
10.566133359712826
.09508253815122858
9.122110563709324
1.503818138049656
.12838000699856977
18.196803842531452
1.7687597964708772
.08346082205311851
2.2231220116080337
1.9197352595712998
1.6291557130504313
1.1967756400780158
2.298244883968252
3.4231711860422704
1.6541191575425231
1.156246776288761
5.009609364550186
.0002661096427106469
.7524024810545351
25.45784183075621
2.7256091317473516
5.044132687775645
5.318443097472133
.5675233243971101
.937763134718383
2.287439707629427
.03269362346807515
.771679278637963
1.0711463669195183
2.1374163038178904
1.5864788476789686
5.528000879828691
1.0313728112225815
2.837965201826121
15.867987835458921
2.885922265189963
.27226499055259756
1.9960634518539468
2.5960944461735855
1.2480193379167959
.2871257751780384
4.549845562262993
1.3558496883548374
8.01856884864041
.3803301526049143
.09508253815122858
.0817340586701879
.1747020421208277
.3676041027761696
1.9047564941638633
.730699696539412
1.9850978455750283
7.2314591226950995
.27456807591718424
2.0360710169554372
7.17830040516232
1.8090287348600282
15.903015270248547
1.2845202291509892
10.211247407827202
.001140263820463663
21.692245128290757
.6466732659258809
3.0641461500446305
.00012136090622138322
5.594035549394218
3.3590587969936583
.17622722193298332
.5470265249316867
1.3324038550460597
.0002661096427106469
2.5869434556380995
7.585630573466723
4.087653084145446
10.481878170575376
.03269362346807515
6.395536761661458
.07986611759011589
5.714751157475301
5.0400834423701975
.001140263820463663
.21516991521041298
.5179478666909507
2.736265536446021
.9349219817420407
8.183746747368492
.4904043520211267
.3269362346807516
.15104001344365478
3.8074573895705126
.00014560197864808749
.12185556609658825
20.03058981179972
2.314042836964905
9.920765258575072
.023812798112618883
.029302188430295296
3.8629208796095966
5.5880426423725815
.5489183171563998
2.301375585564692
6.906791360221452
.19448644507292137
3.6476680831584374
3.6476680831584374
3.6476680831584374
3.6476680831584374
3.6476680831584374
3.6476680831584374
3.6476680831584374
3.6476680831584374
