1.0366814424800117
5.334513269264544
2.700017341220745
.2690950883045807
1.5365692647840687
5.385423671275383
.0007637261225650424
.6569330910595741
2571160033481664e-22
.0022519026355464857
.2005131962188168
2170484788908184e-21
.76448541158774
.5642861796349585
.3287083279267025
.015392285082753102
1.8426525830292413
.245384768669819
1.23988754459493
8982422555154443e-20
1.2800587900659777
.02028277257217034
.39972697366339544
6934080219901793e-22
.36373372186474157
13355478662343366e-25
1678555522830483e-26
12.062333086801484
.001255289117619768
9.472446975742209
2.6927829466766493
.0402791662917479
.15991494523228658
28.193052468049242
32.817870908038316
.4913397252128924
.05270229800421823
.10408578312471652
.26748260600075524
.24496313509603737
.08714892207412364
8628311431414033e-20
.11053432203401804
.010513049792983243
21.33659783127951
23.031611576384414
14171393966191555e-24
4.005496771702707
.006922215760688126
.03739744342202378
.34879693147854546
.4788606049963112
3.5949104045088807
.04742079968918348
.8580931535651399
.4167176763651013
.10670906718360733
1.0108046175240366
.9835417698714519
.014952184930852411
.00012392187180908178
2.8832376931575086
2.5255922298909015
.4559070595506765
.2481555204714156
.04705846779095975
.05372115855230299
.2629728292952375
1.571185996568598
.18485925277738607
1.6772199580258427
.0016890996007216275
.00023691481070593437
7599054226932224e-20
.0023211670854808796
.3365700003805083
.0042823345654807166
.0031035134505982822
.011470724089477854
.9723658103311184
.7976301576602322
.0197043295090612
.1441996482946647
753925417439274e-19
31158520441718246e-24
.00023824001819705803
.0014666088449359414
8968825689252946e-20
7181832305954261e-25
5.3563037809173055
.0001997192595180894
.017836850188264513
4.124368115806681
3656974971314916e-22
13872282871221216e-28
.27018905732154064
54905988426658766e-24
.3730441759881299
1.8993063827966954
.003740232302191892
1877876980315175e-24
.0005654467463075107
49653610422200016e-24
.00012465401443671227
.014941478574362347
2112599236437284e-20
.0037268411148308847
.15999077333648778
.13789831960661597
4413145040893237e-20
.0004749573617337388
28504331977009915e-23
7224770146480036e-25
4782932510227661e-20
57172373920042895e-27
7044220402540346e-22
.0035465447689332712
36208940324703143e-26
.16391331419299324
15444835890503254e-24
7556066071695981e-23
12.704346753224904
44.19410989300618
2.0373069447263874
3.7655830526046956
10.076738695366473
7020380972929871e-28
.37868218192886516
3.9227303499590223
7171535598801389e-22
8715617595221087e-20
.5974493569373454
1.2955145461265039
10692627111058959e-24
4859479499951204e-22
.3070018390901302
.3608317758501946
6.0368154023222775
.38440166732364206
2.3265076815930397
.0002515242701245739
4.754995873054662
25.57884167426131
1.7299091194682652
.48670577369163276
.14226164744367628
4.010492585077817
1.0432241695759736
21.839094571152167
.5100586811724053
1.2997573200644026
1.97995554039506
.9191862095184578
.0002515242701245739
1.6254925729040526
1.0060970804982938
1.9156409583792469
.7092591574143062
10.527490092881381
.0949486400027737
9.088748486913719
1.498318259939449
.11797128796403322
18.130253107042204
1.6718147163001222
.07888636479713582
2.101273503927833
1.8145152692610844
1.6178363478339874
1.1489887618920198
2.172278919017625
3.235548420231317
1.5634574890333803
1.0928733116452611
4.735034500038063
.0002515242701245739
.7314924735244795
25.36473547469131
2.655749029191769
4.7676656124927135
5.02694116855178
.5364175777082565
.8863646788863118
2.162065970458127
.03250985145808107
.7293838184613277
1.0124372247155753
2.0202652947632167
1.5569827527062197
5.507783454421382
.9477517703544693
2.6824173628477634
15.809954223055186
2.8057196371873263
.2684550773348484
1.886659941127396
2.4538034552107013
1.2410041772245464
.27138851602659014
4.30047018428447
1.245920901239982
7.989242728566458
.3797945600110948
.0949486400027737
.0812746286452027
.16053765224650937
.33779971258180963
1.903683105919269
.6714564544044854
1.8762953557343838
7.205011680196931
.2523068062312658
1.870991643263797
7.152047378770413
1.7098765288441946
15.844853552845292
1.2141161432799379
10.173902056899955
.0011360935608642122
21.612910598985863
.6112293397723386
3.0529397216137553
.00012088391511412578
5.287428498569043
3.3467737915923768
.1665682720899068
.5439516695518622
1.32753088629345
.0002515242701245739
2.445154027133202
7.557887828192192
4.072703408283196
10.443543048232076
.03250985145808107
6.372146518021952
.07548868477637304
5.69385073474397
5.021650465737623
.0011360935608642122
.19772449481769416
.475953992839676
2.7262582579414993
.8836792484697079
8.153816526116001
.48764777187121544
.3250985145808108
.15019101220378983
3.754178111154659
.00013379694668047426
.11197583186111719
19.957332414742826
2.126426226816895
9.884482281064967
.022507627321919126
.027852707215296892
3.651195593273804
5.281764060598337
.5188323041375036
2.175238027999927
6.528232641578408
.19405270939206148
3.546295787071527
3.546295787071527
3.546295787071527
3.546295787071527
3.546295787071527
3.546295787071527
3.546295787071527
3.546295787071527
