1.0413729490399541
5.3133611164884025
2.7046102317068406
.26853986570792077
1.532289131415035
5.365422289400088
.0007566298331961981
.6507602293173748
25921871372806077e-23
.002215855053984702
.19859486518690692
21523610012088747e-22
.7587922296962958
.5585746948081992
.3287876406550301
.015852071964106585
1.8407549831619419
.24662805903464052
1.2347488512868083
8872677748161952e-20
1.2748381793885313
.019831691479163232
.41696935640867594
6963195932443416e-22
.35873605548180365
1303978195295264e-24
16746579363268166e-27
12.050919070062843
.0012972366945909794
9.373405229388249
2.668674034052587
.039631492286714844
.15781267351190803
27.93136851480056
32.5104950055923
.4864802655369388
.051905115666363064
.1027234171211446
.26405000032307685
.2416813448732365
.08556371238003617
8551334449239477e-20
.11001160506518129
.010381988347179393
21.244770617395357
22.89019802690604
14188408480788096e-24
3.969941816574954
.006884889958501981
.037299320693585554
.34827107787879813
.47313468379764534
3.5579756635458666
.046342122042841126
.8545489020038868
.4178248223560034
.10965393732283465
1.009770710223023
.9757753783580954
.014926834428415147
.00012338795144378173
2.85644698614338
2.501159064836807
.45546469731630557
.24740663417916123
.046932854294360934
.05531144100490744
.26379886422016036
1.6411213052107125
.18556375502429762
1.676247912610298
.0017399767256609227
.00024345817411374482
7087151546784603e-20
.002384752728934616
.3349558159055687
.003991277381712009
.0031962959885646746
.011817639812166323
.9656323794047923
.7952564289303552
.019469647029796384
.1439231812959139
7485327319832233e-20
3061322638868117e-23
.00023648317898016373
.0014366999398135736
8933880752944093e-20
7224126629654911e-25
5.334909484816968
.00019663108608519467
.01779132915286677
4.120310568491919
36220079434854704e-23
13785277512299191e-28
.2695517981252542
5456944098486285e-23
.3678917028402985
1.8769260352159527
.0037361821125004185
18393097547584047e-25
.000559875688155288
48558908092521934e-24
.00012370814511365253
.014932389438110948
21766471656932384e-21
.003841267347006713
.16091167662319963
.13660268696548897
43998982678810924e-21
.0004960603290623137
29889445642157107e-23
7453511513225327e-25
4731015323943326e-20
5884570814837811e-26
7298440435717129e-22
.003533147403171288
3658596866985382e-25
.16487275749257327
1535042266538015e-23
7837697587572943e-23
12.585699207798173
43.78137535710464
2.0182802703945284
3.730415783088958
9.982630723084599
6956568965714953e-28
.39438817633483025
4.077590145065946
746672905545267e-21
9058374267470758e-20
.6205693570461941
1.343342852993942
11094872174145285e-24
5033332578028975e-22
.30694423244985763
.36061177314273685
6.035399480445882
.38416729381991394
2.3261802598536003
.0002491752522769655
4.738073638125927
25.56324600115655
1.7252842790651717
.4821603652172559
.1412777136115864
3.9730380736090702
1.0361324224063306
21.82577905889508
.5029301335327654
1.2985383280460594
1.961464478281827
.9106018100473253
.0002491752522769655
1.6239680864159536
.9967010091078603
1.9138443529651223
.7059394567134174
10.521071377906207
.09492637000650013
9.083206986945175
1.4974047204568373
.11632252875768412
18.119198912158605
1.6562014213900988
.07814963478396596
2.081649437586289
1.7975692753411292
1.6159598081596391
1.1412216309930192
2.151991723876462
3.205331213032345
1.54885615635126
1.0826668257544239
4.690813397461671
.0002491752522769655
.7280687093732955
25.34927034425696
2.644295400296135
4.7231397637162615
4.979993911660996
.5314079042354601
.8780868039553462
2.141874155370869
.0324793617283191
.722572008187616
1.0029819418943107
2.0013977746151523
1.5521264328367006
5.504425304299463
.9345060519794866
2.6573659184804135
15.800314737381676
2.792587414150511
.2678260859743731
1.8690401787407243
2.4308870658381836
1.2398402875018926
.2688539834048806
4.260307534330297
1.228507990083765
7.984371608148418
.3797054800260005
.09492637000650013
.08119840432079775
.1582939882442328
.3330786453150766
1.9035044914635197
.6620722217664604
1.8587723895577126
7.2006187132162
.24878058237817735
1.8448427832312277
7.1476867046488275
1.6939077697201848
15.835192788704761
1.2027773548273504
10.167698928052298
.0011354008733681442
21.599732993336758
.605520989530845
3.0510783140288
.00012080469871969181
5.238048516649444
3.3447332304647874
.16501266934910291
.5434415183618576
1.3267214775640495
.0002491752522769655
2.4223184158936077
7.553279709129101
4.070220240678616
10.437175516601446
.0324793617283191
6.368261357179399
.07478368613849065
5.690379137558406
5.018588715713624
.0011354008733681442
.19496110987227605
.46930209015186036
2.7245960312804387
.8754264531224103
8.148845063423636
.4871904259247857
.324793617283191
.1500501538741024
3.7453820562577103
.0001319270090759269
.11041086476737906
19.945164231509704
2.0967074293146126
9.878455614321085
.022297425665195023
.027618489473154446
3.617096603106925
5.232436979601115
.513986861820024
2.154923197355403
6.467264628508288
.19398060493643696
3.529697283567083
3.529697283567083
3.529697283567083
3.529697283567083
3.529697283567083
3.529697283567083
3.529697283567083
3.529697283567083
