1.0617946151362623
5.216656343465356
2.726920127801008
.26602394045376115
1.5128156401480677
5.276152327628991
.0007264962424238712
.6245964581410707
26916640592503807e-23
.002166876279895163
.1904606328378011
2044604923731973e-21
.7243395787194409
.534419952513778
.33152233814179427
.01451668680732693
1.830845053770904
.2524665486236744
1.2119450355687649
8407049989260592e-20
1.2518355281041789
.018849113340337176
.4042419768355524
7105249951473406e-22
.3542689961699021
11878836683610118e-25
17430461989636755e-27
12.000954118935255
.001205341060181478
9.388405317172293
2.566057366167559
.03692760288583643
.14901110892574146
26.820064593475717
31.206056624689694
.4659129648703828
.048575987330616674
.09701823045199155
.24963666027505907
.22795565588541541
.07900199477347071
8224027910349751e-20
.10776518907040543
.010313277521818313
20.849571618372416
22.28078819947325
14260123219398124e-24
3.818588180939985
.006773055509920356
.036960516196566436
.3457158704142573
.4491100801209101
3.4017697561321967
.04398880925244715
.8391838463442922
.4256794415928398
.10058959756167357
1.0053266882057683
.9771130239174541
.014921216700017042
.00012106492250080475
2.7427112548085852
2.397329033918195
.45311574591189047
.24469805150151874
.04649999405952841
.05068279618494229
.2693319640425742
1.5993565918524775
.18999582007173776
1.671681287706556
.0015937202555012903
.00022061852581635466
7198119081672587e-20
.0021625691295651447
.3303275589647288
.004046092001305754
.0029247033259908618
.010833862236799335
.9840210123226492
.7867112821461812
.019293169992228496
.14305809991039753
762888684965374e-19
29658587404562614e-24
.00022951996280307554
.0013150421993416508
9295533788859476e-20
7504288339631242e-25
5.251767234840948
.0001837428384642658
.01763599412210245
4.0990787432172855
3482222253033112e-22
13435000792522921e-28
.26744628659774283
5589927059182427e-23
.3633303629884793
1.8673712438374095
.0037178339953174468
17665225302783917e-25
.0005361834542290715
4629702405516897e-23
.00011993919207407436
.014892956058563979
19957703212298775e-21
.0035276905704704755
.16533283747031272
.13110369527680907
459984099469304e-19
.0004828972154044338
29788232891269573e-23
6942046850828932e-25
4519858293941999e-20
5368442159243932e-26
6904792289932869e-22
.0036675044608555397
3228452110123349e-25
.16948549140838443
1504877221025184e-23
739259791430084e-22
12.082013433610499
42.02922352369035
1.9375077170594301
3.5811227378060324
9.583121009625764
6700139440682975e-28
.37727151745319815
3.883865798029791
7205075882517439e-22
8709738597733119e-20
.5881274918589937
1.2652670211985213
10434123332978249e-24
4716777105446405e-22
.3066936023244777
.35965568470521
6.029239980015198
.3831487527320947
2.3247555620223164
.00023920313807183904
4.6651116532292125
25.49547027737926
1.7052964228104872
.4628640740198158
.13707341950910257
3.814035166822376
1.0058201465947274
21.767912465088767
.47304298509403325
1.2932454810495806
1.8829657204477879
.8741590848480612
.00023920313807183904
1.6173487865285971
.9568125522873545
1.906043516350187
.6916692039514692
10.49317690677692
.09482949174370532
9.059124719468999
1.4934346577851445
.10940994100055557
18.071159558295612
1.5899194388502076
.07502204857292286
1.9983408195074193
1.7256296828594355
1.6078167411184672
1.1080191788896117
2.0658679734522836
3.077052306401255
1.4868701832768552
1.0393379753414453
4.503084774787577
.00023920313807183904
.7133511235916583
25.282061933215168
2.5950116039617535
4.534117424217635
4.780692144835781
.5101407026890857
.8429453450382134
2.05615531493552
.03234697573057196
.6936543266713743
.9628421191035132
1.921300866932827
1.5311632057736035
5.489831445250418
.878972053854904
2.5510168481704847
15.758423431121642
2.7361364991594535
.26510527304734227
1.794240286110715
2.333601788834196
1.2347866939343524
.25809431685486306
4.089807964677689
1.1555026197356189
7.963202678168843
.3793179669748213
.09482949174370532
.08086743932642987
.14888720267268166
.31328509895431755
1.9027271955483513
.6227278885285588
1.7843834188207546
7.181527743903835
.2339965364472202
1.7352110741084266
7.1287360737422905
1.626116760869013
15.793209010417806
1.154641622903434
10.14074135177395
.0011323905899336226
21.542465714488316
.5812877464377829
3.042989003265013
.00012046048189537287
5.028419279625691
3.335865353688636
.15840878245020262
.5412264487361874
1.3232039466374717
.00023920313807183904
2.32537606040791
7.533253731240557
4.059428883323901
10.409503478207093
.03234697573057196
6.351377213332164
.0717908068214691
5.675292259913925
5.005282953114748
.0011323905899336226
.18337534230332384
.4414133233117199
2.7173723215836176
.8403914627333088
8.127240065682052
.48520463595857866
.3234697573057195
.14943854889556568
3.707333171369366
.000124087108778775
.10384958381693773
19.892283703677425
1.9721084005542169
9.852264907591893
.021405071897387898
.026621694280865256
3.4723386462570844
5.023032319006204
.4934168588234718
2.0686821279436676
6.208441567706992
.19366705334651685
3.458346019757343
3.458346019757343
3.458346019757343
3.458346019757343
3.458346019757343
3.458346019757343
3.458346019757343
3.458346019757343
