1.0701784681964261
5.174631075288368
2.7344991228467905
.2649609616349351
1.5043531826514762
5.239022756739984
.0007144734228627694
.6141781600587733
2733013052624622e-22
.002138476462727801
.18722054035258182
2011669383794402e-21
.7138552797670389
.5248182681346756
.33272479997631793
.01439513668260534
1.825887320244239
.2548053434228834
1.2024222509682705
8221070030457343e-20
1.2421961818838978
.018386985375612244
.4101815703018281
7163060207965878e-22
.35103991671534523
11454201684968136e-25
17643249313933287e-27
11.980305213394379
.0012022998140824505
9.356315217924232
2.5250029340261135
.0358699842961195
.14555600223568563
26.376636150355647
30.685963747594045
.4577304385514705
.04727305419888263
.09477800943779507
.24395565489852808
.22257387292363998
.0764589325666919
809323752391814e-19
.10685641302938534
.010243135043921884
20.689433523619634
22.03346603501341
14288249162245335e-24
3.758034095041999
.00672906461210401
.03681648842761336
.3445236549364947
.4396549701202936
3.339736693332444
.04288472897200483
.8329099336878661
.42901577331496743
.09967203788955653
1.0035227119781371
.9748041589421207
.014921102798106064
.00012011262978896866
2.6973451003672313
2.3558735577306473
.45192337692868656
.24356106065592945
.04631617914778782
.05025972815647787
.2716846911719123
1.626774015391018
.19188408109412694
1.6696582991535436
.0015806761406312137
.00021787408425318986
680373400199581e-19
.0021359334617226055
.32850229568458833
.0038233360463540106
.002899622918969468
.010748404458141616
.9876387376854372
.7831224442976114
.01915211236021986
.14268222289374743
7655926321687536e-20
29183374382104405e-24
.00022667148801214457
.0012688366688314834
9410787206403108e-20
7640151664035774e-25
5.217170299747141
.00017871588645068415
.01757040190465609
4.088438127679186
34258908656223757e-23
1328918591696039e-27
.26655380927989547
562353484466613e-22
.3600134785586772
1.8561476022124885
.003709915946951294
17299179220164095e-25
.0005267069749219119
4520601648891941e-23
.00011839842914713887
.014876826378525127
1980139170580889e-20
.0035023717533405802
.16714534056935415
.12891095678878997
4666001177141693e-20
.0004909103401021045
3058654859843513e-22
6921452011104701e-25
44347224522824846e-21
5314901200552089e-26
6933676655293847e-22
.0037086895310171537
31407014387679916e-26
.17137891499107508
14927146775643176e-24
7419851560911523e-23
11.881114794593014
41.33036535313227
1.9052910119893718
3.521576149140735
9.423773730386863
6596721425760101e-28
.3810584222655987
3.914499321213184
732138960046618e-21
8834230408516109e-20
.5917583251990594
1.2699390611718444
10463308008899906e-24
47213422699622315e-23
.3065907686044421
.3592639091885689
6.026713096574841
.3827313860479701
2.3241709232772947
.00023522568968118755
4.635484347428006
25.46769787876386
1.6971578650605905
.45516761158566654
.1353838407941151
3.7506157311140957
.9936340848277551
21.74420052193069
.4612935935839446
1.2910788220355338
1.8516559348203196
.8596236457512794
.00023522568968118755
1.6146391359800054
.9409027587247485
1.9028501965772737
.6858945915543756
10.48174661391994
.09478974824815051
9.049256549944038
1.491807848702165
.10669242848600963
18.051474514590385
1.563482400589359
.07377458865761802
1.9651125870494657
1.6969360667962199
1.6044856021722045
1.0946696459854917
2.0315169055167175
3.0258873557960895
1.4621466388231614
1.0220559564236027
4.428207883811894
.00023522568968118755
.7073954930413322
25.254522001839533
2.575045708076832
4.458724525122126
4.701199223334196
.5016581287008333
.8289289252159011
2.021965748217278
.032292782719600115
.6821203045530736
.9468320664430436
1.8893536479174802
1.5226392183235133
5.483851332486461
.8571402391729568
2.508598768127432
15.741257667465668
2.713293024767473
.26399629721652523
1.7644058190717007
2.2947988669568393
1.232717974762284
.25380274763263005
4.021803003545885
1.1268023681770671
7.954528304382942
.37915899299260203
.09478974824815051
.08073195679900028
.1451891581182412
.30550375688207554
1.9024081785905906
.6072606392570821
1.7547128508896501
7.173704854229657
.2281845552840779
1.692112085422888
7.120970690413016
1.599077836774349
15.776005354580839
1.1354423452442202
10.129694969494546
.0011311570687430026
21.51899935209248
.5716221457679453
3.0396742535207837
.00012031945223246595
4.944807173478232
3.33223157163551
.15577477538031043
.5403196965526474
1.3217625710889653
.00023522568968118755
2.286709915207293
7.5250477039259485
4.055006918328865
10.398164331415922
.032292782719600115
6.344458612584409
.07059707570507434
5.669110123354511
4.999830662498243
.0011311570687430026
.17882068499329104
.43044954598749274
2.714412268425923
.826417508637598
8.11838700479353
.4843917407940011
.3229278271960011
.14918818468880435
3.6918248307144417
.0001210050463270784
.10127017886458989
19.87061489638034
1.9231253811911033
9.841532764771962
.021049150275889453
.026222964181468272
3.414600909738743
4.93950978675823
.4852123674155943
2.0342842664988567
6.105208156469244
.193538475556101
3.4294729577718743
3.4294729577718743
3.4294729577718743
3.4294729577718743
3.4294729577718743
3.4294729577718743
3.4294729577718743
3.4294729577718743
