1.0722702574420437
5.1639216211314825
2.735668094061183
.2647136970223127
1.50224336238858
5.230037266144912
.0007115046542502959
.6116074572617003
2742612585026176e-22
.00212585402419743
.1864209407686874
19913093123378516e-22
.7071971520963704
.522463919343009
.3325312552561418
.01426933095472844
1.8260764084068424
.25532145973538267
1.2000306719224392
8175175077879434e-20
1.2397807489954664
.018226244023785844
.409081671305604
7175679409328589e-22
.3493224869848557
11334688358029342e-25
17644805694279424e-27
11.975140767696537
.0011935077382726148
9.323729554003794
2.51485895074792
.03561070748136691
.1447077704213915
26.267138550194183
30.557568235204997
.4557228659251573
.04695356359324217
.09422797962541817
.24256548711381185
.22125318849180156
.07583944647286592
8060930284484892e-20
.106630879876262
.01019869216296267
20.649668077879195
21.972015854008713
1429512088737568e-23
3.7430670544825784
.006708012454332543
.03676997251729726
.34445829066330097
.437331407057009
3.3244448387512238
.04250144578372491
.831363082043803
.42920697771487204
.09881714228658944
1.0030739474340176
.97221368736746
.014898836795406755
.00011987740195004476
2.6861435937990006
2.345640497459382
.4519891593589629
.24321325504631183
.04625675822742825
.049823496893992784
.2718633270279577
1.6228507574389397
.1920725393305701
1.6691474190851243
.0015668940548687498
.00021574240394694265
7168351933607345e-20
.0021152112546427115
.3275584059020579
.004024700611447927
.002874054859193748
.010655603095266787
.9857271531293899
.7820190503753475
.01907427316310019
.1425468976723168
7640669760391634e-20
2899285381878401e-23
.00022588012578208332
.0012576257677863979
9398827614439645e-20
7653214447219297e-25
5.207380977648373
.0001774813957302816
.017548962294807686
4.08886111514869
3410700414028216e-22
13249137147578765e-28
.2662532521459662
5616434381032766e-23
.35825214655424775
1.8478740691252151
.003708132144945969
17158258377321933e-25
.0005243964459936666
44805917716801606e-24
.00011797325692332368
.014872804807001106
19630602666016233e-21
.0034727308536242904
.167562218723027
.12836962142737268
4661932685791274e-20
.0004896762129676314
30539245193762514e-23
6870494378994043e-25
441220862026386e-19
52664135060554757e-27
6893970222440366e-22
.003704055898524112
3089567829691357e-25
.17180345924668133
14875089078613797e-24
7377270046914579e-23
11.831513047044002
41.15781771060908
1.8973367277813693
3.506874133871613
9.384430987419142
6569557354602817e-28
.37958992935971575
3.8959542004301997
7286180908667018e-22
8784462245457198e-20
.5884662515595873
1.261319837447919
10404302836979634e-24
46908628236797995e-23
.30656511674671977
.3591662269010648
6.026082798854574
.382627323056023
2.3240250775812505
.00023424366017652206
4.628121647502246
25.460773322963423
1.69513333923477
.4532673598540165
.13496554363233149
3.734957512347223
.9906167202798214
21.738288368795892
.4584078706089509
1.2905388020451753
1.8439255684519733
.8560348549853557
.00023424366017652206
1.6139637803039903
.9369746407060865
1.902054290760161
.6844613441724904
10.478896672803957
.09477983475778384
9.046796096618777
1.4914022326648992
.10602499066241469
18.046566397525723
1.556955112479438
.07346659158954891
1.9569085573659406
1.6898516310469465
1.6036555522449563
1.0913640556591637
2.023035648460364
3.013254761689496
1.4560424112559347
1.0177890368282667
4.409720826549614
.00023424366017652206
.7059173173116458
25.247655407628795
2.5700881659142456
4.440110065779781
4.681572471039913
.49956378652117084
.8254682799822279
2.0135243657098503
.032279275606079814
.6792725617503618
.9428791945162116
1.8814658996467999
1.5205198724007014
5.482360297264751
.8517782109215869
2.4981257708582665
15.736977688269812
2.7076233195796506
.2637203292506877
1.7570397079344338
2.285218449963785
1.2322023653839222
.2527431618923216
4.00501262143759
1.1197534094935901
7.952365502885449
.37911933903113537
.09477983475778384
.08069818901519953
.1442808955819102
.30359261130701554
1.902328591516021
.6034617875000077
1.7473872063389855
7.171754355217322
.22675709688690823
1.681526708151047
7.1190345295894595
1.5924019434308223
15.771715927640647
1.1307020556721599
10.126940749682783
.0011308495120773451
21.51314843017199
.5692357150450718
3.0388477793697293
.00012028429077486838
4.924163397087061
3.331325552427664
.15512444069232018
.5400936968442308
1.3214031896198586
.00023424366017652206
2.277163268289653
7.523001676327583
4.053904379661617
10.395337115957432
.032279275606079814
6.342733582002707
.07030234424364488
5.667568717076846
4.998471230382312
.0011308495120773451
.17770203308425397
.4277567746988629
2.7136742315877456
.8229673481650993
8.116179650831196
.48418913409119657
.3227927560607981
.1491257836946263
3.6879655895072627
.00012024807279193069
.10063666110952901
19.865212162992577
1.9110948497172542
9.83885689500486
.020961273451521004
.026124414582367434
3.400345498926404
4.9188881261064745
.4831866836500306
2.0257914561545176
6.07971989219886
.1935064084312772
3.4223067208624482
3.4223067208624482
3.4223067208624482
3.4223067208624482
3.4223067208624482
3.4223067208624482
3.4223067208624482
3.4223067208624482
