42335013469653704e-21
7.165843690243876
11.084543196098922
49.89176560679074
1.9124982507746824
57.97474876175043
.004475132544262422
37.802449198112164
14490128335364479e-22
.6783796540314224
1.8598912061951398
.015084150736495053
88.99594649213121
1.3248497719726506
31.70667078134815
3.0830203843786306
13.709877446668841
66.31191225285006
21.619327824714883
.007229382000084231
63.47325396546971
7.025437257797923
47.76828584095342
4246885718912529e-21
28.632225418986817
9064813612960038e-20
28106790378607713e-27
13.284149648436832
6.555974653343252
1448.9124509373783
6.035641321124456
.5227216763108259
10.636713969636958
211.6439232819322
79.77518123980745
1.1922336371859699
11.037221757777537
6.26567128188143
1.090910474684963
33.07870172472173
5.736606168490127
.0002796017356970024
.3174031327555695
3.428867872964989
46.46403344115901
266.22185719154027
17890633130653295e-23
19.813401752342674
1.166512812254993
15454674112190156e-21
1.011890102381632
.011711776110303551
36.27823005317041
107.46411136260173
.015452005174341157
1.1955797160039157
3.2835279861800863
.00014417218186545184
.0017619320022797718
.039463412955586044
11582407380398094e-22
23.69165523910128
.06290781699295797
4.053252026011905
10.123122832655817
.01137404378959743
8.310326342401167
.24544456872479417
.06408659973486722
36909180617974065e-28
13115446928493658e-21
7.892219941305411
2.2762741001217197
52.922345847747046
1.6710862658972958
153.10644135402086
73.48390550631866
2.18401009321614
2.526934011414538
250.95170160527869
33.650429373870296
225.08379108359432
10.322231843751782
18.29120601268298
.0032019956821376532
191.50928532515363
16.09066840109416
.01690467774688176
3682253518653248e-20
24.610203725092383
1.3386598054375114
.2237650096731265
26.376295968737974
3.784999247948276
8506717743741992e-23
7.567024042708629
2.021168807304253
127.57177330777202
333.89941971363834
.008662133988742446
20.973404966039062
1.9275844709874388
10.40176835436969
67.49822548476767
.012508017743609373
.7641493380181676
12.075139880712692
54.19675277887193
.8368173103148746
85.05633873210654
.014642100429212407
.003035671869671157
.0006487557956626807
.9420940044532402
.00034343061959970383
.5148274750556525
1014.960658000451
15.796838246605391
10.180964414457353
.011019425224846566
.00010562795438721369
101.01030103472826
351.3805495840427
16.1983132060463
29.939569904947543
80.11859474859548
.0007050698208283979
1268.6162535390786
295.53550661180503
149.48464829976675
326.20150885176713
289.9931035438427
64.41478619825547
.2568742463701572
.33056899268570533
.3199994581122867
.41288740923967804
6.3579663950177565
.4398576266037159
2.399996951880967
.0019998306671198353
10.453752611551582
29.268990522597836
3.1254851699525985
3.8697225186688646
.6593296647235942
31.88680781350865
4.709196404015188
24.989725908637556
11.435101874557613
1.599203019107259
15.74232103826316
7.308307741746866
.0019998306671198353
1.999983066066352
7.999322668479336
2.3569775348630646
1.9999153317665146
12.046245372942881
.09999978832515684
10.399942763219398
1.7144741288520484
2.6448205783708865
20.745825992149
13.29234088520903
.6272133160779293
16.706901449629505
14.426930966257519
2.0907699886076156
5.143030673817062
17.271454550440787
25.725346315586272
12.430809288338592
8.689267094672621
37.647528798539646
.0019998306671198353
2.0626071550583664
29.023995715230367
6.9015105219310255
37.906973739406524
39.96843368513935
4.26497340297143
7.047348815328075
17.1902529720767
.03999966132132704
5.799218212769298
8.0497321770067
16.062817676339414
3.1050087205646593
6.302367455834404
21.247825879337277
21.327486614237404
18.09078766406999
7.911356040161227
.4507906989185874
15.000542121936784
19.509812704692724
1.5269139833302663
2.1577682216722733
34.19237496766054
27.932535920321193
9.141816083720434
.39999915330062735
.09999978832515684
.09999915330331756
3.599123935939107
7.573195534463672
1.9435637427728725
15.053509025266838
14.918134902503567
8.244447427526968
5.656513925548836
41.94611490189647
8.183842196331193
13.59496448464977
18.130721768618432
9.653250143908334
11.64164672646688
.0012999928454024256
24.730911357010985
4.85979018134008
3.493374077856517
.0001397249602894974
42.03952825866361
3.8295983131361546
1.3243586335806734
.6692704390021577
1.5190480024545208
.0019998306671198353
19.44104243646436
8.648231485028386
4.660254643276707
11.950187652702128
.03999966132132704
7.291428425122981
.6001988864198442
6.515277854691749
5.746102171906342
.0012999928454024256
4.432822780584198
10.670502427708902
3.119563698034926
7.025997372388269
9.330132228380545
.5999949198199054
.39999661321327024
.1847928966825706
6.304028932488325
.0029996190090897136
2.510407316030762
22.836490097477512
47.6727510577616
11.31047361637788
.17895467240670362
.179986283978601
29.03009286326673
41.99449118625626
4.125155605829758
17.294981969433895
51.90497057105158
.210660496784332
9.99957665883257
9.99957665883257
9.99957665883257
9.99957665883257
9.99957665883257
9.99957665883257
9.99957665883257
9.99957665883257
