1.0842643908259069
5.100714813055106
2.7445786683785776
.26318220386014113
1.4895560710890094
5.176732817347075
.0006947170749733514
.5970845691970725
2802602873656805e-22
.0020887109336317445
.18190295025354275
1944170784425036e-21
.6921008789675911
.509108953678536
.3341105688035105
.014037658413912591
1.818687308341715
.2586124140363578
1.1862287227633668
7915659157451888e-20
1.2258145100547373
.017611743039782066
.41588305629973144
7258270496183393e-22
.3452009914264742
10776383805838469e-25
17972020594275936e-27
11.945427242095144
.0011838935947836573
9.288621372777847
2.4574027823549054
.03415868056257763
.13994843072208568
25.647942656276904
29.83175692323144
.44433329536430954
.045163672943935404
.09114142300144747
.23471911901479778
.21384704299398316
.07237603061749137
7878072498271872e-20
.10534693761775206
.01011149777245348
20.423106857787175
21.62163607977891
14333499304472626e-24
3.6583264596095
.006642611245542185
.03656168453881562
.3427065929112678
.4242781795490577
3.238167435491521
.041035178471370254
.8224431805324423
.43380156869656894
.09712836873152841
1.0005079835154946
.9698622411751973
.014890770641560669
.00011851904633254224
2.622812683483865
2.2877309680499014
.45020606824871723
.24157884018558445
.045991203616107264
.049018026075996146
.275125822948543
1.6555641157333882
.19471698206169627
1.6660801170787207
.0015418450965093038
.0002110072157355232
6619367069846327e-20
.00206930186940045
.3248064569294546
.0037155940435545684
.0028265389916604772
.010489665071538791
.9920447413195266
.7768597892938143
.018905098914846513
.14199828391611505
768809609158217e-19
28376649922385704e-24
.00022181344847040248
.001195678131865623
9572314141766392e-20
7856155388497667e-25
5.157713126764716
.00017059310315954378
.017454584516850696
4.072992409549441
3331305553273707e-22
13039738760880171e-28
.2649689936306368
56747234181024064e-24
.3540264063874867
1.833594616919772
.0036965667600945377
16666132840843728e-25
.0005111684357646149
4334052067593314e-23
.00011577456466003114
.014849797308778041
1932591262648569e-20
.0034220557609817323
.17017592176014348
.12530937489592361
47614718716822366e-21
.0004990990709662241
3156005733796696e-22
6809270624219568e-25
4292181183659141e-20
5168074627497399e-26
6904842053994675e-22
.0037653064398026
29595570756576994e-26
.1745260286999167
14694119461839527e-24
7382625073661724e-23
11.551072643248434
40.18226074065827
1.8523644680239324
3.423751274246411
9.161993366377851
6424778628093784e-28
.3835100732301397
3.922795860946759
742944057963179e-21
8930583127587656e-20
.5910449297741723
1.2617556715809746
1040149326745698e-23
46756780091922573e-23
.3064180727068128
.3586066378882645
6.022470000228983
.38203118113080137
2.3231889880097807
.00022869142130519125
4.586129786932124
25.421104868799844
1.683571424991766
.44252363832665265
.13259189482637604
3.6464284299925662
.9734914709811222
21.704419629429104
.4422064855325476
1.2874467332906683
1.8002193046013961
.8357444019012377
.00022869142130519125
1.610096800893472
.9147656852207631
1.8974970603750572
.676300860310161
10.46257031746992
.09472301169906124
9.032700986005533
1.4890785946372764
.10227777816546968
18.018449443540494
1.5200508620510114
.07172522507717331
1.9105242763499277
1.6497973563416664
1.5989044031871031
1.0726018887947648
1.9750839679025853
2.941832080689432
1.421530077953128
.9936645510307266
4.3051979405665515
.00022869142130519125
.6975010248137472
25.20831899594282
2.5418457637412053
4.334866868667713
4.570605930331522
.48772270842265625
.805902341387714
1.9657981295195466
.03220193601786945
.6631718761704968
.9205302843650597
1.836869823512956
1.5084245567295567
5.473818657330974
.8216740445675088
2.4389131074291672
15.712459125138135
2.6753417063186267
.26214351370795763
1.7153928853159954
2.231052293672469
1.229250067919332
.2467524323807347
3.910082467340104
1.080178268356241
7.939975539609717
.37889204679624494
.09472301169906124
.0805048400446736
.13918161501025328
.29286281996289687
1.901872310587821
.5821338011694188
1.7059691753750295
7.160580601564844
.21874288229545324
1.6220969656406883
7.107942914604172
1.5546575026103675
15.74714324155525
1.103901211198223
10.111162749547029
.001129087623250689
21.479630463863923
.5557432147074259
3.034113186578028
.0001200828763892768
4.807446763640128
3.3261352727254665
.15144755164073898
.5387996583838052
1.3193444139026356
.00022869142130519125
2.2231880426419797
7.511280671494599
4.047588305989058
10.379140948281435
.03220193601786945
6.332851461252567
.06863597936460782
5.65873851828357
4.990683500434945
.001129087623250689
.17142155831179157
.41263868299435025
2.7094462664546692
.8034606887452671
8.103534461449929
.48302904026804117
.3220193601786944
.14876848550605362
3.665914800024664
.0001159981777597851
.09707988688295857
19.834261718238142
1.843551542625538
9.823527735956516
.020464431841539215
.02556644786567888
3.3197476699782618
4.802296531538172
.47173378932175103
1.97777445514115
5.9356132935962265
.19332264093929905
3.3815043015508004
3.3815043015508004
3.3815043015508004
3.3815043015508004
3.3815043015508004
3.3815043015508004
3.3815043015508004
3.3815043015508004
