1.0846408599611461
5.098679821291379
2.745026836064985
.2631336132539782
1.4891544065624378
5.175052407050554
.000694196568762998
.5966346517309052
28047741865555563e-23
.002095351772455415
.18176296396989627
1945646018485438e-21
.6926098341211111
.5086930887900815
.3342460088996454
.013850993200483844
1.818357883001031
.25873672776847684
1.185792846851707
7907611042093508e-20
1.2253725875265795
.0176574508201208
.41080902052544827
7261486413741901e-22
.3463564620375145
107625114208182e-23
1805146296170243e-26
11.944491809611712
.0011684399289470472
9.321970469738902
2.4556189435568734
.03411404487393242
.139801870822982
25.62874380014928
29.809258949934307
.4439786120161652
.04510863224522272
.09104636433009919
.23447593557699223
.21361908699090382
.07226963588807227
7872398660150989e-20
.10530689109515011
.010146674504895651
20.416035415085897
21.610692521715073
14334674037590349e-24
3.655696160718178
.006642298188675328
.03655870370796449
.3426357949150803
.42387574793730315
3.2354976782570475
.04114350499093097
.8221638484660921
.4340595702038631
.09590033044592394
1.0004275879632174
.9725265838305236
.01489437129283244
.00011847643699899638
2.620849313263064
2.2859349188990437
.4501252261377271
.24154915155074397
.045987447354761506
.048371448319883166
.2753005640043848
1.6354963629926662
.19485051893366426
1.66598070591293
.0015212757813877918
.0002081494908340148
6618580109335343e-20
.0020414908843504388
.3248039272056835
.0037153312548631086
.0027887717017271627
.01035010796217107
.99596528135593
.776767976043739
.018966883527878373
.1419948975374035
7719161301178815e-20
2845351115734688e-23
.00022170816342046405
.0011937961653319179
9616698634606743e-20
7863135534517654e-25
5.156535388026631
.00017038160196367137
.017453314957004584
4.0722837122815285
33291644622502893e-23
13034343944881011e-28
.26495511842811725
5698459744277719e-23
.35522195961646347
1.839956990951179
.0036962103738844153
167147164486022e-23
.0005107598486040548
4345945014848947e-23
.00011571679352754924
.014849076292023502
19068705981035534e-21
.003376604410181021
.17027495234802303
.12521451403588152
4784177486751081e-20
.0004930209208862286
31195512073907624e-23
6724111768436046e-25
4288808649825051e-20
5098675732172964e-26
6819279459687076e-22
.003782197516638249
2928089504204554e-25
.17462891058905206
14692320639037854e-24
7287814874680487e-23
11.542378672012859
40.15201736587838
1.8509702768608967
3.421174371129672
9.155097547327284
642091846163011e-27
.37865022627962375
3.8732118516370417
7337168835025127e-22
8820052602096343e-20
.5834252935076244
1.2452477442483898
1026609837885329e-23
4615045621931108e-22
.3064134584636812
.3585890877547171
6.022356637592274
.38201248460502696
2.323162749889469
.00022851929559011212
4.584817941151522
25.419860765266233
1.6832098015359025
.4421905707491648
.1325180708604772
3.643683927827093
.9729587665641323
21.703357419690573
.4417073361774909
1.2873498001482782
1.798864360750266
.8351153747957188
.00022851929559011212
1.6099755751072486
.9140771823604467
1.8973541959380424
.6760463018298305
10.462058281475823
.09472122870132729
9.03225892751623
1.4890057194435755
.10216233009159885
18.01756762440877
1.518906788346393
.07167124073624283
1.9090863109231273
1.6485556283044918
1.59875550326213
1.0720182363301376
1.9735974113086552
2.939617896407217
1.4204601563977952
.992916664553749
4.301957612311788
.00022851929559011212
.6972384866279697
25.207085306105146
2.540964339070286
4.331604209949324
4.56716584145712
.48735562154432716
.8052957750547767
1.9643185619572234
.03219951150214499
.6626727366192415
.9198374427510454
1.8354872944697809
1.5080464731040273
5.4735507697954375
.8207465636669999
2.4370774475682233
15.711690160688319
2.674334712302956
.2620941738808767
1.714101786483597
2.229373081268105
1.22915751646164
.2465667129574671
3.907139524675844
1.0789589956778973
7.939586958874281
.37888491480530917
.09472122870132729
.08049877875536246
.13902451099744248
.2925322452370909
1.9018579907172488
.5814767060771556
1.7046851693439398
7.160230164253994
.2184959719216954
1.6202659914674715
7.107595053370668
1.5534873820487274
15.746372579672057
1.1030703545606202
10.110667911365505
.0011290323659395262
21.478579255259948
.5553249318628579
3.03396469771587
.00012007655990237324
4.803828415355904
3.3259724923637393
.15133356390138972
.5387590916227458
1.319279845464094
.00022851929559011212
2.22151474930456
7.510913070995976
4.047390217867395
10.378632995303144
.03219951150214499
6.332541532832011
.06858432015954949
5.658461580808875
4.9904392574325245
.0011290323659395262
.17122806282252687
.4121729088837784
2.7093136667233986
.8028559601341153
8.103137876175204
.48299267253217426
.32199511502144984
.14875728457912138
3.665224813079085
.00011586724251231396
.09697030603212992
19.83329103363504
1.8414705971993146
9.823046974572152
.020449029186973906
.02554912877310067
3.317249045682186
4.798682059601292
.47137873658146645
1.9762858735388602
5.9311458252637355
.1933168757126983
3.380231509149148
3.380231509149148
3.380231509149148
3.380231509149148
3.380231509149148
3.380231509149148
3.380231509149148
3.380231509149148
