1.1405810597997872
4.756540731976206
2.756171627785088
.25575259565337105
1.4206848189177852
4.92178775273803
.0006210218232473137
.5335963731610037
309619514404877e-21
.0019137060813456956
.16214118918415416
17025268438550767e-22
.6132959165235002
.45114655583875896
.3403659833643541
.012417961649441133
1.784560160738342
.27336627616217335
1.1195176177875397
6780052522715264e-20
1.158137115642624
.014920618064976802
.42938729074369464
7646000104764789e-22
.3249015125686053
8701525838807179e-25
1944407944357314e-26
11.803484698645576
.0010870158208073
9.069793562266186
2.203606965679621
.02807477512774886
.11979970604878497
22.929570515756364
26.65028662269524
.39479857385022576
.03764622766303992
.07806680215009125
.20130572943205544
.18257140474611602
.05817278632618393
7072590828262843e-20
.0995241771506362
.00965648851257647
19.39172308538491
20.020960207432683
14482905449867578e-24
3.284242934191386
.006317045116872763
.035573231013092205
.33460718484765495
.3686664361012713
2.863427492534162
.034637519695767414
.7813190397130848
.4538345670619251
.08577362383916316
.9884052925616453
.9553552040950288
.014779283258602458
.00011220479744561749
2.3449642391527785
2.033340969471442
.4419566534952495
.233906805519947
.04473473793152025
.043392535942994116
.28959547848194106
1.7362476515378809
.20674077850857236
1.6494887282236463
.0013652807944295026
.0001817668282519849
57599338055993e-18
.0017860856019079254
.31073141213382505
.0032285028083915046
.0024966130916107077
.009305856499210785
1.0168629200665769
.7526467912590857
.01812961027187748
.13935511789559632
7867259439829645e-20
25726299119868365e-24
.00020295040603787135
.0009511048714426017
.00010326461327315353
8917363415873499e-25
4.923980329519007
.00014198728237861845
.017012202756345563
3.999617161125586
2974978030534467e-22
1205770701676885e-27
.25896871827555806
5979303046308572e-23
.33327922484967454
1.74974395244332
.003638819985830278
14398482306240413e-25
.0004531177483025308
3672852428532301e-23
.00010558658668142703
.014742596180649268
17143312830990572e-21
.0030490229300491624
.1827772711861458
.11189310271654025
5207922876606488e-20
.0005203356350030227
34961398928515707e-23
6205971491852246e-25
3753608252022807e-20
4508230341752805e-26
6641593479044823e-22
.0040116698206222705
2289043327411313e-25
.1875585437839069
13784373623245745e-24
7057347719187206e-23
10.32090927021677
35.90293994202602
1.6550917997232804
3.0591294295028275
8.18626158705563
5791570273961312e-28
.38609532736101576
3.8680355491439653
7843442700638702e-22
925262620595012e-19
.574594509047404
1.1956443058657034
9935153082319527e-24
4383267729789718e-22
.30572859183931683
.3559908084678303
6.005535583589879
.3792444831237316
2.319267274054026
.0002043362969886082
4.394007222205148
25.235672512033286
1.6303307585381777
.39539586167914453
.1219943120365093
3.258091966748178
.8969666871365791
21.546098356419645
.37350085290963564
1.2730271822871142
1.6084999794494115
.7467394943755195
.0002043362969886082
1.5920635321447116
.8173451879544308
1.8762448757730283
.6392685533731053
10.386251877267686
.09445666268522444
8.966812621182397
1.478216621696316
.0863868772356446
17.887015205617367
1.3581688487183974
.06408664920309952
1.7070577186854985
1.4740976318764876
1.5767836914578137
.9887392988345782
1.7647419476404314
2.6285335510166092
1.2701403075335922
.8878415012144474
3.8467039994664676
.0002043362969886082
.6593078573113911
25.0244387898831
2.4133378395592664
3.873213253155168
4.083846632584275
.4357813320130774
.7200755464887071
1.7564450302536962
.03184127064289427
.5925455562359184
.8224958701971086
1.6412473001593755
1.4529081264653876
5.433890294681897
.6940105278873998
2.179174322345877
15.597845761902756
2.5288476220371714
.25486504877784105
1.5327073838869754
1.9934502198426927
1.2154823262395031
.22047385082418303
3.4936674394537968
.912350944015757
7.882057979197716
.3778266507408978
.09445666268522444
.07960317660723562
.11755696403472249
.24736071636292503
1.899731374299618
.491687658046125
1.5242872779545302
7.108348279499462
.1847567952488763
1.3700717198647703
7.056094554227246
1.389089959544312
15.632276877615027
.9863382038999313
10.037407625685363
.001120851577647797
21.322948898686263
.49655780668009897
3.0119810738399164
.00011914166637565475
4.295464447444902
3.3018730266221175
.13531872649023227
.532765040442832
1.309720554305682
.0002043362969886082
1.9864234939384755
7.456490193880079
4.018063474449518
10.303431077401113
.03184127064289427
6.286656947773575
.06132640124193489
5.617461271476771
4.954279331216578
.001120851577647797
.14478778654602484
.3485270005850142
2.6896824123926986
.7178939243856892
8.044423832660149
.4776190596434134
.3184127064289425
.14710226141382027
3.5641299725789586
9797553800475691e-20
.08199658245058701
19.68958217287143
1.5571188937319511
9.751870744285958
.018285015671381234
.02310225791120854
2.9662019762195566
4.290862703530163
.42149519699636795
1.767145904012234
5.30348376798635
.19246211905761312
3.1963427668655235
3.1963427668655235
3.1963427668655235
3.1963427668655235
3.1963427668655235
3.1963427668655235
3.1963427668655235
3.1963427668655235
