1.2477111906822989
3.7899299187295594
2.570220651064337
.23977950710244703
1.2188752451277
4.400129674516911
.0005015632740427759
.4317047847519309
3738886343491602e-22
.0016064607602735968
.13036622044749965
13358788312201381e-22
.4901254544192392
.35971774007805707
.35243418021805306
.009764447636612699
1.6949902717325813
.2997921030408774
.9873133357765018
4976416878992143e-20
1.02375559743064
.010786725168124523
.45025090479545576
8434382638404835e-22
.286897134800354
6676052840959581e-25
22282761138094188e-27
11.520469315661755
.0009121504922576435
8.55192838444624
1.7860995245420017
.0192694334316867
.08972952115372937
18.524374684473894
21.50769172426928
.3162881244413242
.026676603348991936
.05852956890321544
.15089407955898448
.1361466300619923
.03857937686585263
5756473834977474e-20
.0893281179178397
.008736022020053266
17.569590100000152
17.17184312910532
14547188398984381e-24
2.6711238321418973
.005721481469235793
.034009716151246844
.31541678564308867
.28426204208080064
2.270692580566263
.0248869524327335
.7062173479301947
.4913722692073553
.06722792650092098
.962438979911315
.9223645358731887
.014465507144468948
.00010049158038874855
1.8952320500326392
1.6210634428333976
.41989137825799233
.22139360909683486
.04277132994066842
.03416621698780079
.31750417108241025
1.8829358276111825
.2308498322506766
1.6079451071207265
.0010753843079363353
.00013650440193299843
4373862401813018e-20
.0013486042827986304
.28411287746022335
.002480855091290598
.0019582082428444446
.007350970152732945
1.0644220720443902
.7133882230081812
.017149122250097373
.13549970886309923
8183591269051456e-20
21956194525156735e-24
.00016846397871958985
.0006360048971597688
.00011833322397775177
11929103284625978e-25
4.506458445975442
.00010250612258413597
.01634278639502098
3.8061884775815416
23684072660243917e-23
1035950977797268e-27
.25034529451103665
7108352762252258e-23
.29473091513856176
1.530262953488927
.003509894808968186
10549499563731395e-25
.0003588708004982442
25918502462093605e-24
8697346169292609e-20
.014541960576331933
13522909179039784e-21
.002425406552350422
.2101113139897737
.09021504208267875
6154778540736044e-20
.0005533620077570362
4163796683925644e-22
497718907633064e-24
28414616912269054e-21
3412443486576653e-26
6143580056901757e-22
.004372635953688611
13511312110885376e-26
.21552155312355756
12025574567656032e-24
6352851286147343e-23
8.330753413481839
28.979863270303465
1.3359444695401228
2.4692449347129224
6.607724656278182
4871413010078723e-28
.40045470128637783
3.7326473553602773
9288025403426619e-22
.00010229349424869939
.5374721050484922
1.025716561064503
9222305917605315e-24
3800929079001983e-22
.3044212851979308
.35106732138941577
5.9734528983432575
.37399938895892415
2.3118253373575635
.00016493462533852734
4.050470524939936
24.886653648139433
1.533655049961201
.31915263840809505
.10411616385630831
2.629842009342406
.7676042097288008
21.24810769395099
.27088347117659084
1.246041442586624
1.2983368367603878
.6027475321095788
.00016493462533852734
1.5583148324603
.6597385013541057
1.8364720755245494
.5743271732132625
10.24260609851577
.09395205766936923
8.842798222425959
1.4577723285772224
.06265254011446682
17.63963104248322
1.0962764497113369
.05172897635559901
1.3778899266160098
1.1898509672977742
1.5355451347448412
.846879369990042
1.4244510458633337
2.1216798132092176
1.0252222382306366
.7166411818208062
3.104953414006366
.00016493462533852734
.5923307442059363
24.678341367995035
2.1865387093055517
3.1263509527182634
3.2963684093917056
.3517506766265094
.5812251285055543
1.417754002896425
.031166296649206032
.4782864363996582
.6638959900551167
1.3247695711875582
1.3528774502557501
5.358737543501228
.5033348099816279
1.7589694327459566
15.382121675119848
2.2719495563924803
.24157250941068475
1.2371591432385842
1.6090580576541036
1.1897164273468208
.17796041387915212
2.8199920360494644
.6616873528426216
7.773046146058206
.37580823067747693
.09395205766936923
.07791574162301504
.08525881060416968
.17939966926210638
1.8956653624270032
.3565990773746396
1.2303626658739055
7.010037143170927
.1339958440002604
.9936517690568978
6.958506106617234
1.1212351178689974
15.416076595522375
.7961450046556994
9.898586494436108
.0011053497778032422
21.028044477338362
.40080777135872264
2.970324240166863
.00011737153643505074
3.467180475203629
3.256206877961965
.10922554525982442
.5214714412935337
1.291606625316303
.00016493462533852734
1.6033862782325459
7.353364123637142
3.9624921419147077
10.160930741532178
.031166296649206032
6.199710112314521
.049500980301916804
5.53976966448656
4.8857597804588355
.0011053497778032422
.10500810881167277
.2527710525472042
2.6524830907038885
.5794641832917441
7.933166418560449
.46749444973808996
.31166296649206016
.14398397502441657
3.3782420362089014
7105727769665728e-20
.05946845557582928
19.41726782906928
1.1293087222781288
9.616998695744849
.014759160528568134
.01905112734486635
2.3942364564501837
3.4634660743866568
.34021930231251685
1.4263914531690995
4.280825879459693
.19083572393434553
2.871635866066319
2.871635866066319
2.871635866066319
2.871635866066319
2.871635866066319
2.871635866066319
2.871635866066319
2.871635866066319
