1.2803271680632642
3.3797127884171574
2.423370053633009
.23385984908913676
1.1260230671225768
4.218594074453548
.00046987909095095974
.4049966442511322
3966052535715398e-22
.0015174800165377942
.12199646543154778
12445134677559032e-22
.4582957715101885
.3362901503868379
.3556618571685567
.009038508062925475
1.6563628820642988
.30763883646402645
.9461978015827022
4511910887235102e-20
.9822444742241108
.009734607109289506
.45376175839307953
8700048073043256e-22
.2751833529445638
6434834214399594e-25
23146895829228207e-27
11.430244693341594
.0008602464258880126
8.361882926050926
1.6739393447855826
.01716603048000889
.08230187677822774
17.356924643081797
20.14620589017306
.29607861793057083
.02403376662196615
.05369876632646429
.13844666209481366
.12472954949176948
.03411460821135329
5405063747090994e-20
.08643716223437556
.008434339532785055
17.049047866069053
16.35375876852634
14480789615926262e-24
2.507239483683895
.005534477738479139
.03370256747471033
.3078135100163512
.26304367056707223
2.11675367721537
.022420905709855585
.6841063221815383
.5014560538168197
.062177041220524795
.9529119832541242
.9101403926242366
.014312565231636825
970069782965173e-19
1.776127338701931
1.5119282779515464
.41026103916428386
.21858326816666795
.042397626747390955
.03163957295454234
.32537232758212814
1.921611942465205
.23801633678834247
1.5925431792772007
.0009959036160320873
.0001247419775717378
3984865548324049e-20
.0012347996716099425
.27551414397993806
.0022847095858988657
.001811378853258059
.0068126461801572185
1.0802410413312444
.7047103355990544
.017079740121657895
.13499779705147846
8285667573887787e-20
21063040232409103e-24
.00015823723557213424
.0005666498446451206
.00012293824642369385
13169654372392146e-25
4.389807982621552
941749579897457e-19
.01622375039536631
3.722470930252118
21987552994130855e-23
9918892449741604e-28
.24909435262338567
7781349010446292e-23
.28296710475294734
1.436970259604568
.003465944213431349
9486703288134415e-25
.0003339279451732329
23014332519224212e-24
8145295302065694e-20
.014481594586039424
12523959723258674e-21
.0022519620512848216
.2200188031876075
.0844828531675587
646637675222049e-19
.0005601563052829667
43514965149044323e-23
45788459521284016e-26
2589514414060237e-20
3112508305844909e-26
5997603743730437e-22
.004432067769111793
11330351838736138e-26
.2255531691245333
11464357081565983e-24
6108785437839812e-23
7.803992349542671
27.14744033669839
1.2514714939026985
2.3131123468931145
6.189912257158929
4698657752535239e-28
.4097574763238608
3.6761539410083324
995323263106998e-21
.00010559025945818287
.5225612395034305
.9531772938169389
9106566769836188e-24
3616763154361168e-22
.30402438407936744
.34958191341294276
5.963719330451159
.37241695265195907
2.3095643698577963
.0001545056599843109
3.951294655845397
24.78135522933371
1.5053733691677371
.2989723287743046
.0992084871840855
2.463554723418078
.7320300311333295
21.158204399823138
.2455536674232148
1.2379396354560805
1.2162418257165568
.5646352611609493
.0001545056599843109
1.5481826123031195
.6180226399372398
1.8245312667777374
.5558917188197889
10.199268402661906
.09379896552191447
8.80538328171901
1.4516043188741823
.05679401896197495
17.564995646204114
1.02695789947232
.04845810645114793
1.2907647018361301
1.1146156157809946
1.5232052181898796
.8078461909640064
1.3343817194523748
1.9875240819957913
.9603965099705261
.6713273125148709
2.9086244047721386
.0001545056599843109
.5733173892229813
24.573924343450958
2.121799357565169
2.9286689577816754
3.087936057084156
.32950916358865456
.5444737385791358
1.328108136562067
.03096365224606243
.44804395296499283
.6219172468720119
1.2410031944678204
1.3238087566563659
5.3360640817291705
.4562689188672724
1.6477482065444782
15.317038071949742
2.199021747323635
.2376646229606681
1.1589324530211178
1.5073158631224142
1.1819808475298335
.16670781614863386
2.6416813921639557
.5998142133675783
7.7401574547919525
.37519586208765787
.09379896552191447
.07740913061515602
.07728641962930462
.1626243437094106
1.8944291859572508
.3232541685498152
1.1525657230598343
6.980376834582174
.12146614472567238
.900737261574863
6.9290638320295646
1.0503384084958833
15.350849325008335
.7458040368119684
9.856704386820818
.0011006729102148735
20.93907229709485
.37546433390511214
2.957756441769698
.00011683785410179909
3.2479475216713185
3.24242947580893
.10231911536390707
.518080814868881
1.2861416826491332
.0001545056599843109
1.502002715437328
7.322251157383456
3.9457263620323286
10.117938623917452
.03096365224606243
6.173478394659329
.046370988600606754
5.51633023408078
4.865087544375164
.0011006729102148735
.09518899811748244
.22913490698341912
2.641260116361538
.5428241395219503
7.899600239201518
.4644547836909359
.30963652246062406
.1430477859413992
3.323592662774884
6441284534541199e-20
.05390767217802758
19.335111038170997
1.0237091883236253
9.57630801990566
.013825925475625887
.017963749262863763
2.2428467224699857
3.2444679857734258
.3187069284894344
1.3361994330513223
4.010145392007865
.19034329830237667
2.7794585940989527
2.7794585940989527
2.7794585940989527
2.7794585940989527
2.7794585940989527
2.7794585940989527
2.7794585940989527
2.7794585940989527
