1.4481095682062282
.5882680382991506
.5979618218658798
.12151382074745945
.2643964287055932
1.958889168448091
.0003355034222220489
.2955185171218281
5468473087441164e-22
.001003597850487153
.08683522528325806
9298782984876945e-22
.3342152805809902
.24755907628453408
.3479716482496381
.005401783148230718
1.2830259657363325
.3414224732662898
.7322800412822695
26334468127975544e-21
.7661445189723928
.005097166985548034
.3947730204089363
10274412477669103e-22
.19682055391762737
7648422372693175e-25
24995005299697866e-27
10.924999182023859
.000564687063868666
6.610435853871419
1.1903322446216216
.009431013937706723
.05355107859412332
12.4197924921185
14.397755556788008
.21888098373986703
.014245838319404886
.034978641866228066
.0927202788411718
.08075420941977358
.019087595503292375
390364307201502e-19
.07299248593409667
.006202273081671414
14.603352447563271
12.541972846067432
13245336140132411e-24
1.8079648522419194
.0041953505947061
.03390377571573089
.2407164913752132
.17848651510911082
1.4812034852797864
.011633071081761953
.575552087731216
.49630611467783553
.037258352808018445
.8863054291395843
.7946250686940342
.012068562004053183
7970151943984837e-20
1.2726507425857285
1.0512917353402245
.316476723753832
.21357805360981416
.04287239348584093
.0189683013701377
.3301110312694013
1.8827543617898326
.2508169329852184
1.4895660077474357
.0005960685471638004
7031254136180255e-20
19303743247273983e-21
.0007043828610536632
.21136006540166466
.0013397381256533823
.0010786271988932022
.004090551627130881
1.085857285602832
.6913888334090085
.02012315898853658
.14004877037215066
823047687006011e-19
1647494302916331e-23
.00010126592133572046
.00032824688288196033
.0001240982351994443
2295023504812774e-24
3.7196629015055587
8262516606859253e-20
.016487538082115116
2.9061053890394266
13344110169995818e-23
834516099920892e-27
.25684073649749545
21311237663094126e-23
.20472197373668183
.5857743894941352
.003206608593295543
42382038446122873e-26
.00022911573037374006
9448770799272702e-24
5095384173231661e-20
.014174833382614735
748656639776616e-20
.0013628631370055048
.2911162000372057
.060298900146213016
7048852026447765e-20
.0005173391189066089
4276357403356641e-22
22004244716158937e-26
13876433449729772e-21
16762105847306633e-27
4943194956132599e-22
.0035973115198576476
31349452628550476e-27
.2960634299968428
7840231823067411e-24
4305693486501041e-23
5.5792410194811115
19.408285646166505
.8947037337757451
1.653693482824917
4.425300644247001
5266430115281007e-28
.5414674073373776
2.9879848975005823
16818039680395481e-22
.00010887111643598369
.32238996616329874
.335251655150949
1008866787818733e-23
2465103731184089e-22
.30199081791850124
.3420394855404066
5.913898239550072
.3643818458683622
2.2979684503167697
.00011045940043457136
3.478287237278675
24.246683447901596
1.3679335288709351
.21374171137996248
.0774013738374711
1.7612479550208544
.5735633660573367
20.701704150596758
.14843523736040193
1.197087947361344
.8695172906011406
.4036698229591733
.00011045940043457136
1.4970929861371387
.4418376017382828
1.764322206420737
.4700257822468688
9.979213407457264
.09301536613891977
8.615402147843957
1.4202851331426332
.034331532384493504
17.18602091192943
.7341941638822665
.03464373658111939
.9227952884147148
.796862539836291
1.4612772775554879
.6338325868920066
.9539780270608103
1.420923469527403
.6866080031085654
.47994625208729885
2.0794377880597907
.00011045940043457136
.48475979263980257
24.043728000922506
1.8179154594050646
2.093768067660184
2.2076315228868864
.23557314762058554
.3892559193101909
.9494929084916186
.029941859722742815
.32031620341852635
.4446219395223275
.8872197226446148
1.183872197492979
5.220935475484225
.27581092957373615
1.1780104300420122
14.986564296145147
1.8593493696184071
.21853994429269374
.8285455944971869
1.0776123445764354
1.1429757849772866
.11918298282020809
1.888594519755622
.36258291748462534
7.573159171743251
.37206146455567907
.09301536613891977
.07485464930685697
.046719025469241275
.09830512128936206
1.888082802440929
.19540457179869142
.8239938830949994
6.829771248944319
.07342531762124141
.5444885047910257
6.7795653534983025
.7509093897766543
15.019646052259846
.5331912549760149
9.644040404371909
.001076925268480492
20.48729994715608
.2684274816335926
2.8939411705253164
.00011413061872613784
2.3220271407739674
3.172472222545127
.07315012367340136
.5009842818468221
1.2583924470535706
.00011045940043457136
1.0738138616744066
7.164269439508019
3.8605950799249524
9.899638364774754
.029941859722742815
6.040282100091952
.03315161139664021
5.3973122834510034
4.760120523802569
.001076925268480492
.05754099166156468
.13851022736718926
2.584273432680534
.3880765856674442
7.729161887730899
.4491278958411418
.29941859722742786
.1383272459679232
3.0561458677618716
38937052287740384e-21
.03258675872881017
18.91794506127843
.6188240556591702
9.369693747959598
.009884449790679517
.01328097811402402
1.6034590852907
2.319539546150499
.22785039874177632
.9552775493846023
2.866938697919722
.18783018582474592
2.3501289112343495
2.3501289112343495
2.3501289112343495
2.3501289112343495
2.3501289112343495
2.3501289112343495
2.3501289112343495
2.3501289112343495
