1.4686196572824348
.36392918493778337
.3836173542762612
.09241484554981706
.1684457675490796
1.4597079543856295
.00032188220024268377
.28521891979887903
5668925480323795e-22
.0009336822009910509
.08330805966529356
9118939524283333e-22
.32366247312937013
.24056997697133292
.3412472951607839
.004935303172564024
1.225628637941229
.34233623280515924
.7062273264999575
24537999569769165e-21
.7395777515421859
.004609236332314877
.3748543162307913
10438697209142828e-22
.18486662100773915
8036253770593727e-25
24545609919345923e-27
10.857269980499549
.0005220636515579751
6.29103671332105
1.140461470612062
.008760131517286917
.05090944850844178
11.921591880899333
13.817805925169647
.212698292617662
.013404240832312767
.033256708408853496
.08909289588491774
.07673373115693306
.01798624127309007
37504240508572326e-21
.07150047763321445
.005841719536595467
14.329279065210828
12.12232797046287
12991335129688761e-24
1.7368450931454413
.003954654752003046
.033940591474180264
.2305531588378617
.1704059848959197
1.4185010397016864
.01050686289465641
.5630426950643442
.4829189695303389
.034106757821558045
.8759656886957616
.7736407505212937
.011515598903966784
7768317845681662e-20
1.221849414293629
1.0049466223845736
.30208948514770767
.2129056261855391
.04295944298937523
.017340707963758906
.32224837817600555
1.8261583040788432
.24625315798094555
1.4743817301330095
.0005445924994647299
6382842194104096e-20
17082267097972375e-21
.0006405292132562805
.19955092955272713
.001230752432835671
.0009849473767667518
.003738692032286637
1.0636194639090362
.6896321475226096
.021022203508170842
.1407927381638028
8044138909599908e-20
1571831328938276e-23
9286428372993193e-20
.00030843820788586663
.00011858144652564577
2437857259304529e-24
3.5774693029524594
8403110959259522e-20
.01652749950155475
2.7794659190775364
12168399924307743e-23
818685987588544e-27
.2577960051696435
25402450678725437e-23
.19264612019725896
.4661016037742997
.003169777744412105
3632159280337568e-25
.00021851733129878476
8011544206455157e-24
46564138017551676e-21
.014137610649388952
6839193693566861e-21
.0012466159640399457
.30094571000479736
.05786356377530599
6806100931993099e-20
.0004969140243922881
4038237389335795e-22
1887956564712644e-25
1243495724406462e-20
1505387844677226e-26
46960871520894585e-23
.0033239870719151683
24669375527718585e-27
.30557806542682187
72659786867736196e-25
39979457910060795e-24
5.354996679126379
18.628215705301045
.8587432423947658
1.587227201316347
4.247436196309452
5448372971370342e-28
.5673194019788542
2.8311177525191638
18078431400174278e-22
.00010539110155844165
.2711534282138144
.25155355999898893
10384026917950965e-24
22903688993005865e-23
.3017431651767142
.3411287164171649
5.907836619196202
.36341158439763643
2.296554939100969
.00010601974720934946
3.4244945178381214
24.18212034463744
1.3520174314531166
.20515087099372858
.07508810279263382
1.690458776977512
.5567116915019787
20.646580477056382
.1395754514113587
1.192187528615366
.8345691084779708
.38744527326603057
.00010601974720934946
1.4909644618713072
.42407898883739537
1.7570997482602093
.4604836308391382
9.952641155334408
.09292002736003452
8.592461398040848
1.4165032544410505
.03228235569546572
17.14025865973436
.704684973403275
.03325131387883242
.8857057237211541
.7648345428426058
1.4538818758353458
.6153129231925947
.9156351462560204
1.3638128258025393
.6590114253300204
.4606559525054659
1.9958597254767305
.00010601974720934946
.474918521134148
23.979705319341566
1.7838880337963992
2.009614033527431
2.1189010176322274
.2261048445110742
.37361070223673915
.9113302963741735
.029819289237426185
.3074418544721889
.4267514167778739
.8515600333142096
1.1678138655311556
5.207033376380096
.25934835746562696
1.1306630989456523
14.946658669451669
1.8216020930329522
.21631025763343711
.7952441723784628
1.0343002760488536
1.1382968806618203
.11439270592220223
1.8126869490302497
.3409411086067669
7.552993665038314
.3716801094401381
.09292002736003452
.07454822309356539
.04393046546983656
.09243749613642217
1.8873084663394346
.1837412854363205
.7908754062043638
6.81158520600102
.06904271542426266
.5119891354367654
6.761512996814367
.7207283704966697
14.979652336783388
.511760898976423
9.618360637576215
.0010740576747551034
20.43274718059178
.25763867660763495
2.8862352992033897
.00011380401273759173
2.228698775383317
3.164024689828046
.0702100282065211
.4989334444195353
1.2550416497504868
.00010601974720934946
1.0306544641445006
7.145192708101472
3.8503152410619657
9.873278001907144
.029819289237426185
6.024198277419428
.0318191611218845
5.382940535205348
4.747445464403684
.0010740576747551034
.05410649134693042
.13024284431145966
2.5773921322810187
.3724787691084805
7.70858098320533
.4472893385613923
.29819289237426155
.13776098729769362
3.024965079772997
3661298183862955e-20
.030641723895811344
18.86757111041784
.5818877542070657
9.34474450051704
.009487167809969074
.012799588405709798
1.539011856068784
2.226311163716932
.21869249317953124
.916882437366775
2.7517089068231093
.1875252622915037
2.302418154195696
2.302418154195696
2.302418154195696
2.302418154195696
2.302418154195696
2.302418154195696
2.302418154195696
2.302418154195696
