1.4607352080222853
.4402387042804286
.4579232979763577
.10321800219638992
.2017143049887625
1.6438955428039412
.00032705475449432917
.28909922596161924
5592411473147899e-22
.000959919948918122
.08464657168029165
9182275921574784e-22
.3276016431741945
.24315520604518487
.3440195707798982
.0051146817579227274
1.2473244114718471
.3421345534065781
.7162215740856029
2521670982144937e-20
.7497715529713521
.004790827190233576
.3827724121546034
10377989641994823e-22
.18936535885048805
7884046596036001e-25
24724374932051732e-27
10.883491753144778
.0005385738690773673
6.411473782896423
1.1594212256388605
.009012333941510558
.051906108507563706
12.110715730614418
14.037970914545092
.2149893879055375
.013720028215576757
.03390641989782036
.09044041017332223
.0782501583677323
.0183939226805447
38086314671408804e-21
.07207036883632618
.0059775818959570464
14.43403074236902
12.282435596244607
1309104975331729e-23
1.7638551853585036
.004049130308766712
.03393333940514173
.23440075342206684
.17346391930420987
1.44227221277751
.010925771118902958
.5678251557606279
.4884659829630298
.035318287578487664
.8799951552678825
.7813917738499042
.011735716917454064
7845563025924164e-20
1.24113458100853
1.0225346194765064
.30752513882107957
.21320456878369629
.04293470878997704
.017966683447076245
.32554552901432354
1.8495406772038736
.24821588390262048
1.4802680876991645
.0005643900550814412
6631114409512396e-20
179008923826449e-19
.0006649981328139903
.204191871036736
.0012714170721123007
.0010209623695090608
.003874046696586819
1.0722772228506803
.6904386309820756
.020651868998379605
.14053324969511347
8116868998186875e-20
16006045256860262e-24
9603482491263827e-20
.00031587613495749986
.00012079379383331562
2383451768909961e-24
3.6351568869861053
8343594494313455e-20
.016515427211133003
2.827370983611504
12610756157393608e-23
8248446206271428e-28
.25749086163495144
2373387171535992e-22
.19719533702701691
.5107595741495223
.003184099197166659
385526845947387e-24
.00022254420820342187
8538020264606063e-24
4821853997364447e-20
.014151915705349
708811490157994e-20
.0012913618407559225
.2972009351677979
.05878794302412944
6905516440356327e-20
.0005052076959995134
4136216739616192e-22
20049268364309017e-26
12973762547622673e-21
15706653338105232e-27
4795379478869839e-22
.0034300489226765187
270835920187844e-25
.3019640617725437
7489378668679612e-24
4118032121168393e-23
5.440117642908767
18.924322644183427
.8723934940782422
1.6124571533057313
4.314951805430809
5377795207624085e-28
.5573694302383636
2.8933159356980287
17592677293622844e-22
.00010686900139767753
.2910649588424237
.28233242749135595
10270350103648726e-24
23582116147892228e-23
.30183834333165405
.3414785452500526
5.91016608023903
.3637842643987895
2.2970982154771464
.00010770499625863501
3.445074322121336
24.206919203630502
1.3581138440385965
.20841187018871435
.07596908759924961
1.7173296583156115
.5631305045606629
20.66775362608725
.14291752427474222
1.1940689602724057
.8478350974436712
.3936039540364387
.00010770499625863501
1.4933174035610626
.43081998503453744
1.7598726870903882
.46412868922314215
9.96284762776537
.09295666574355554
8.601273000810853
1.4179558840686215
.03305534251976
17.157836062027854
.7158863742057939
.03377986395159524
.8997845606184015
.7769920580236321
1.4567203634947856
.6223674373087547
.9301897297212439
1.3854914689665223
.6694868170116541
.46797836202295534
2.0275851426127027
.00010770499625863501
.47867784203340386
24.00429660093452
1.7968928313570685
2.0415580838442606
2.152582251737075
.22969891999494352
.37954947399691025
.9258164516044535
.029866348071221294
.3123288317249902
.4335348928597971
.8650961034740315
1.1739610542158074
5.2123732094730055
.2655583399438095
1.1486356838905858
14.961986526375654
1.8360213807922785
.2171646857563669
.807885067312916
1.0507411146922927
1.1400932656557767
.11621104829685365
1.841500722293389
.34910479366430874
7.560739289582622
.3718266629742222
.09295666574355554
.07466587017805316
.04498236116523244
.09465087137019569
1.8876060975623232
.1881408897917463
.8034468569151204
6.818570513270831
.07069591291207655
.5242484903490228
6.768446954837819
.7321847909574187
14.995014028842267
.5198956530308588
9.628224304028796
.0010751591251013538
20.453701042740793
.26173400173564954
2.8891951447911914
.0001139294552564478
2.2641253123372493
3.1672694095224063
.07132605976101736
.49972082824511266
1.2563286998709484
.00010770499625863501
1.0470373503667405
7.1525201311694735
3.8542637544007934
9.883403087113866
.029866348071221294
6.030376116314399
.03232494624627112
5.3884607617776314
4.7523139882953505
.0010751591251013538
.055402047511248505
.13336145199799576
2.5800352579932126
.3783995480958101
7.716486163152941
.447995221068319
.29866348071221266
.1379783925937446
3.0369137282712972
3748966360331754e-20
.03137542651245328
18.88691987838527
.5958208008367272
9.354327572550918
.009637972173806991
.012982549793554935
1.563475395508825
2.2616997481158285
.22216874478281923
.9314568472908792
2.7954490112960735
.1876424218000691
2.320643446115716
2.320643446115716
2.320643446115716
2.320643446115716
2.320643446115716
2.320643446115716
2.320643446115716
2.320643446115716
