1.4986121274704567
.14553078060467897
.16053848474756865
.04931900814836643
.06934710584812614
.7514473026460191
.0003029268857642805
.27133571832156916
5960684123773518e-22
.0008523270601509456
.07840947728552684
8927013131026845e-22
.3097587852724502
.2316090149175117
.33492258536876646
.004417358528743644
1.1514853510727965
.34202413079541677
.6689431169170307
220991211325584e-19
.7014294340864035
.004035652034376334
.3553835583284142
10651669441296402e-22
.17112193481836377
8769144312458566e-25
2416781224803384e-26
10.755330353476953
.0004754304473061071
5.9367293810526895
1.0707473039779896
.007862497773615966
.04732376610953593
11.228790923684304
13.011319477131847
.20472283723561807
.012286514745920534
.030918791169871777
.08438319693396817
.07128284376203557
.016584378457784654
35368197176206146e-21
.06937378150549312
.005428732257453224
13.937639231912694
11.527313475711248
12597501407470407e-24
1.6377753458347597
.003649358382303758
.03391522240701499
.21730537155986646
.1593038596685667
1.3317546293240938
.0091854786503431
.5453228226188048
.4668672750201339
.03057308710521568
.8600018854997616
.7537884029348793
.010819115268291393
7480879355348435e-20
1.151195739740932
.9406638445186751
.28354310018129075
.21143878665207858
.04298852626071557
.015531146223605501
.31293598295594266
1.783361161317836
.24114930498984863
1.4518115846672957
.0004874780978592235
56620793992196254e-21
14216205419270224e-21
.000569520651915517
.18454479193476417
.0010763670738744016
.0008809916636918776
.0033481824371351466
1.0442757458911005
.6854972162715306
.022724449630762637
.14157211414444906
7864686666536829e-20
14857152311045764e-24
8174689458881847e-20
.0002820412584571912
.00011296538265539775
26419281354002084e-25
3.3367082614676473
8530063239898095e-20
.01654637304376252
2.615421292254544
10627961059998034e-23
794408992979029e-27
.258467668710871
3283392593546858e-22
.17870765092004695
.3335141135107918
.0031121419595407547
2933681929468456e-25
.00020362633068524437
6379913404753469e-24
40777355950148106e-21
.014083205569131974
6121003763892138e-21
.0011176566175452717
.31478752257583764
.05447853716456467
6586446133017268e-20
.00047767781580128896
38099404343052893e-23
15369287296636907e-26
10584284350041984e-21
13106454211187985e-27
44319300091067907e-23
.003011934143465596
17976737501344287e-27
.3189945889809586
65234871076205855e-25
3657729256098522e-23
5.043234945724837
17.5437024616047
.8087482007844824
1.4948206634162728
4.000155357418265
5633458653719828e-28
.6191119344786074
2.6717037873080964
2039262519150671e-21
.00010207555139063403
.21435573710359573
.169407847799853
11052050623931113e-24
21012930041492064e-23
.3013813813207586
.33980123798050776
5.8989837281842545
.36199739374553874
2.2944894877944857
9984739974672276e-20
3.347326544622015
24.088017322038496
1.32907574018324
.19320722378305
.07182936854313371
1.5920422157481333
.5329572643702659
20.56623575949094
.12756698293525498
1.1850576049633152
.7859814570763047
.364888656104625
9984739974672276e-20
1.4820476912073748
.3993895989868887
1.7465913452167023
.4468777182470526
9.913911151421939
.09278078673303873
8.559024438105292
1.4109910315315448
.029504921363114153
17.073558547212322
.6636590266148138
.03131546071702714
.8341409575304826
.7203067574620019
1.4431347083387398
.5892018950924154
.8623279235881022
1.2844132152920764
.6206445398577727
.4338370939962442
1.8796630730929114
9984739974672276e-20
.4608861007522581
23.886389980594508
1.7352726342471583
1.8926166211849111
1.9955410430615086
.21294128111802305
.35185951785212144
.8582736971037319
.029640953824147543
.2895429441247652
.401906441253456
.80198318985577
1.144722741564114
5.186770571774559
.23703514591256847
1.0648371967570516
14.888494797197925
1.7677792051048804
.21309062187546457
.7489459734225988
.9740845063219359
1.1314892521154019
.10773289445568668
1.7071544045289864
.311608009458509
7.523601720766217
.3711231469321549
.09278078673303873
.07410238456036877
.040150878125495205
.08448457356200273
1.8861767049584808
.16793297952285474
.7448315517788283
6.78507840066552
.06310257865025853
.46793980347451397
6.735201043963493
.6787683956243104
14.921360071990932
.48196676939760674
9.580931462816388
.0010698780547631595
20.35323458027837
.2426392498622239
2.875003717286008
.00011332808975068094
2.098946501931533
3.1517121100109287
.06612248130268115
.4959495536466654
1.2501577433334354
9984739974672276e-20
.9706509493837503
7.117387692606485
3.835332009774595
9.834856834131212
.029640953824147543
6.0007555330049085
.02996668624259848
5.361993200248199
4.728971113872917
.0010698780547631595
.04945140272552738
.11903731300679801
2.5673623918523987
.35079348456569387
7.678583581814132
.44461430736221286
.2964095382414751
.13693710238186627
2.9799404663126414
3346295915355463e-20
.02800544243130193
18.794149282832542
.5318246472468544
9.308380083733859
.008934835836909889
.01212692580454852
1.4494123599862196
2.0966978942639187
.2059604683360203
.8635025988482699
2.5915075864466433
.1870802551653087
2.234388591235268
2.234388591235268
2.234388591235268
2.234388591235268
2.234388591235268
2.234388591235268
2.234388591235268
2.234388591235268
