1.5491146867346852
.0195305424188142
.022883322404756875
.010010687819128988
.009453488618920123
.14131299114705614
.0002734452997449748
.25085273973490524
6472999717383249e-22
.0007496189068803182
.07080846795884595
8732536949460392e-22
.2893796634500897
.21883023390104742
.3350226442304444
.003793668084222164
1.058477948555562
.33864117660379883
.6090912487576343
18465220524059178e-21
.6394775696397877
.003307410960235859
.3390856775728548
10969519107780236e-22
.1540478257958867
10563687450397905e-25
240372394314915e-25
10.575088752592185
.00042004773407518963
5.517104137351635
.9615630923903278
.006550285030696539
.04195534953822851
10.151733520725477
11.75732732636802
.1932590202705726
.010669752335840966
.027417128200500407
.07758026124171395
.06313642357669406
.014647015405601123
3203643317683311e-20
.06593557021257965
.004917866457393045
13.301984515993873
10.57534460874216
11892756111513283e-24
1.4833592035416405
.0032678521313105435
.0337777060350455
.2003838478785332
.14235182364742024
1.1979400288324324
.007512182867126467
.5172259355250151
.45251037388007764
.026267770499493536
.8309390119411574
.7331446517952778
.00999464190583579
7020433495749579e-20
1.0413204840078845
.8413075097205733
.26035441575337953
.2082929395025836
.04293093557957495
.013348407851784845
.3053046312845544
1.7729513239015326
.23853086740148635
1.4134829960557118
.00041875672202046116
4795024689745843e-20
10941297340363061e-21
.0004840288790900511
.16576939270918575
.0008805256509086697
.000755912875855504
.0028780802002206078
1.0346737546201106
.6763651625147644
.025669030616156937
.14252018819941897
7717414961031694e-20
13830945614619538e-24
6697767085521463e-20
.00024352320759252284
.0001089709292672731
2997363482384757e-24
2.8803626878737654
8353028984357744e-20
.016522655752857877
2.408874956579506
860141196062676e-22
7524705493595336e-28
.2586370688410934
4819775573837145e-22
.161215254073366
.20777598350071386
.0030059738957128666
21232913939870106e-26
.00018016242805166309
4522324732892862e-24
331011810616748e-19
.013991552955939672
5257253647905608e-21
.0009624483381455638
.33733968694017263
.04921971038854514
6538430866139338e-20
.0004606382975172215
36497148081446145e-23
11358028384743461e-26
8189237137782151e-21
10666233892843641e-27
4131438773715258e-22
.0026595167673279596
11347186922370145e-27
.34097015591594865
55371980398268056e-25
32457194231679565e-24
4.55872494190964
15.858256624144689
.7310507311911227
1.3512113386219147
3.615855338017613
565487692405112e-27
.7164828543605452
2.5049500089415924
2481330360929429e-21
9946103471334379e-20
.1467922696868801
.09260552696899879
12260676472879305e-24
18795024111082834e-23
.3007731746046654
.33757763712857497
5.884106830358604
.3596285450682536
2.2910157921766157
9025493289700131e-20
3.221296658182849
23.930389480077167
1.2913217555268053
.17464555974405785
.06665848835436561
1.4390926926092267
.4952259550415359
20.431653850291198
.10963270117788662
1.1731481635948597
.710471217544527
.3298333382255242
9025493289700131e-20
1.4671535965998515
.3610197315880032
1.7290386734027834
.42486966826861117
9.849036222144749
.09254679892293237
8.50301565442518
1.4017577489266033
.02535690781933024
16.961832116912255
.5999004587555647
.028306944525580736
.7540039734587598
.6511059699591568
1.425217389266948
.5477138669768579
.7794829817910125
1.1610180019937175
.5610184285203893
.39215781188279036
1.699081447902606
9025493289700131e-20
.438188159177742
23.73008155327355
1.6563867881067842
1.7107905321330137
1.803826873725272
.19248374105946092
.31805592587759707
.7758182500080688
.02934307193199708
.2617261847486282
.36329477761281287
.7249356434775998
1.106867921841099
5.152829237332337
.20371104436701026
.9625369311902703
14.79106704822385
1.6807187599132742
.20777717922497002
.6769937799702658
.8805029672991621
1.1201181551740655
.09738285808706676
1.5431459068180808
.26779991969347977
7.474368565244699
.3701871956917295
.09254679892293237
.07335767982999258
.034506179595046635
.07260712603170351
1.884272531760069
.1443237563381548
.6732746360535442
6.74067801471691
.054231165381006835
.40215346842213695
6.691127046857707
.6135582514424786
14.823717258311786
.4356636080750143
9.5182354953454
.001062876956803146
20.220046514156937
.21932858812592718
2.856190187491176
.00011253120389547713
1.897298038474398
3.131087848090879
.05977001031669424
.4909654228279367
1.2419769261014335
9025493289700131e-20
.8773992765486761
7.070812731812132
3.8102342568203564
9.770499222708196
.02934307193199708
5.96148762099043
.027087748532579996
5.326905239065394
4.6980255403368485
.001062876956803146
.04249916971530692
.10230219344856967
2.5505620139736385
.3170923077665941
7.6283362516524384
.44014607897995583
.29343071931997033
.13556092928686006
2.9056352593059533
2875849625816929e-20
.02406823639455156
18.671163602718405
.45705692248159074
9.247467645605864
.008076454779509603
.01107315686715593
1.3101654687300388
1.8952654574090217
.18617358385151747
.7805448045029822
2.3425381523216755
.18633331867849973
2.124348341343061
2.124348341343061
2.124348341343061
2.124348341343061
2.124348341343061
2.124348341343061
2.124348341343061
2.124348341343061
