1.5617403265507424
.011373913929556525
.013506066005551568
.006357100183641094
.005508182340851826
.08789669324748774
.00026652942373221625
.2462185411220574
6609277361689728e-22
.0007348377305319536
.06902730168187943
8691921626233682e-22
.2845712820895959
.21586238535794536
.33600600978386314
.003623938507235072
1.0413540704956137
.3375171272070829
.5948452144751267
1764787964973015e-20
.6246575590221755
.0031851149663630705
.33329650308031217
11045987327573642e-22
.1518867657837051
11104134219019492e-25
2429608248455196e-26
10.528188188110178
.0004039788468059374
5.481294400040129
.9358103134170431
.006257347406988757
.040731192516835796
9.898982163317067
11.463028329980471
.19058999558681802
.01031001357777307
.026618409475417833
.0760090875571648
.06128129251898407
.014220122192496331
3125300100937252e-20
.06510314361980853
.004856304223375841
13.147610688007978
10.34713989322317
1171181393145507e-23
1.4470514895738564
.00318633452766738
.03374077807666143
.197205453039413
.13842750439570053
1.16672389328768
.007231663498327203
.5105359794589509
.45011852232610167
.025106414282050717
.8232629494841065
.7340371718398934
.009823535840055825
6909827919765329e-20
1.0155285739722082
.8181224840605573
.25609769930375303
.20745468025570835
.04291736934163202
.012754401693095668
.3041288475799194
1.7567499750363966
.23842654592507154
1.4039460537493083
.00040003058976329154
4565036885379545e-20
11028611370715289e-21
.0004612455266047521
.1617498745750842
.0008966178174019863
.00072190826050106
.0027498428784951384
1.0446047015754663
.6739216307554744
.026518609904364582
.14275001500963955
7769770493362739e-20
13746162116034461e-24
6345627549474744e-20
.00023491145669638278
.00010952871219917443
30951488389617314e-25
2.7653979196082226
8148053037081026e-20
.016512560216808927
2.3707464400742153
8125461162591554e-23
741901189467472e-27
.2586460987377482
5279019414555696e-22
.1590085013234214
.19176531030056979
.002977869042307357
19724723835930651e-26
.00017461047784831765
4180983358036578e-24
31283377741651406e-21
.013968621003170392
5022117403586287e-21
.0009199487450732343
.3429314664216216
.04798629004991071
6622475647663254e-20
.00045261826325799934
35884078181366247e-23
10398136379093001e-26
764611512556903e-20
10037468478359712e-27
4025711515180248e-22
.0026127081811316575
10109105644285497e-27
.3464441905530477
5319435955331437e-24
3123323542542816e-23
4.445054907065711
15.462837157956105
.7128222653051409
1.3175194089925029
3.5256953903347648
5553911919778921e-28
.7302103538601024
2.4448722703521786
25616977437253778e-22
9810545372609928e-20
.12856657857323614
.0774642912650761
12356239511796304e-24
18126113881380095e-23
.30062131480370513
.33702401422044465
5.880393471897297
.35903875895960935
2.2901481902913337
880044612195105e-19
3.1905377395990655
23.89114395442759
1.28205203789251
.17029084058148242
.06542502103337046
1.4032094755700322
.4862181924730699
20.398146205298104
.10555810412222857
1.1701895514312775
.6927558938338438
.32160907211459727
880044612195105e-19
1.4634535196518192
.35201784487804
1.724678137360381
.4195391520434328
9.832883931602149
.09248839423233868
8.489070820002729
1.3994588845585247
.024414495739438193
16.934014934163837
.5849421739459818
.02760112186429948
.7352031773967769
.6348708956268713
1.420772926472086
.5378066759636976
.7600468765577545
1.1320684693014094
.547029652024634
.38237950924135866
1.6567155122853414
880044612195105e-19
.4326905459880396
23.691164530003164
1.6372321952115776
1.6681326350507735
1.7588491516206182
.18768423377794607
.3101253249667029
.7564735234376538
.029269070393036434
.2552001440422805
.35423616351433496
.7068596549273483
1.097601460542542
5.144378664801122
.19613994183405292
.9385364468659991
14.766809891786467
1.6596320613588949
.2064696511658749
.6601132031557086
.8585479679850003
1.1172932816402807
.09495465436497046
1.5046681633190844
.25784689698615804
7.4621106985900045
.3699535769293547
.09248839423233868
.07317267598259097
.03322372667480111
.06990861747750357
1.88379678890216
.13895983529708889
.6564867946472407
6.729623390965702
.05221561578301036
.387207076326071
6.680153686045479
.5982594148798517
14.799406555957047
.4248005053124743
9.502625713666657
.0010611338525003391
20.186885902426503
.2138597150150831
2.851506072953192
.0001123328595140864
1.8499896492008923
3.1259529049861863
.05827966833688736
.48972723628257664
1.2399401001922659
880044612195105e-19
.8555216665572413
7.059216691444267
3.8039855224910872
9.754475731817116
.029269070393036434
5.95171085929025
.026412326049588045
5.318169184168894
4.690320839918197
.0010611338525003391
.040919650193034764
.09850004124640371
2.5463791256414794
.3091857342988227
7.615825880006499
.4390360558955462
.2926907039303639
.13521905242361237
2.887350288621444
27689661112088578e-21
.023173718936763114
18.640543138697623
.4400699945795784
9.23230191965805
.007875071518202836
.010824348384955686
1.2774970019153968
1.8480077497544922
.1815314178877697
.7610822231330401
2.2841278738357587
.18614705099449233
2.097695760217169
2.097695760217169
2.097695760217169
2.097695760217169
2.097695760217169
2.097695760217169
2.097695760217169
2.097695760217169
