1.556118650594215
.014681002049828737
.017329166853708847
.007901266174636127
.007108837795336135
.11026733671520544
.0002695870694690961
.2482601460605335
6547438396604158e-22
.00074215818834434
.06981474211334786
8709419089055927e-22
.28668455305953683
.21717948216935584
.3349963697487465
.003678799343640351
1.0490194279325509
.3379995088848273
.6011487064045273
18007568852077085e-21
.6312238137672518
.003242364796874554
.3340970570027522
11011160805886384e-22
.15300491455839793
10841173154738183e-25
24203159174450897e-27
10.54916689587345
.00040886546909930645
5.503041522382901
.9472033358747224
.006386160972092548
.04127082845619175
10.010738597850379
11.593157353959688
.1917743623188848
.01046819997203062
.026970513549313846
.07670492578282452
.06209896138732896
.014408050615659222
3159947310414843e-20
.06547247562968692
.004888760818125204
13.216126643140445
10.448269537838891
11792505889111538e-24
1.4631086708075383
.0032168941438789483
.03375372719909762
.19862740955004912
.14016015948863392
1.1805176576852319
.007362948688896397
.5135014745813182
.4504093994881791
.02548818876646691
.8267005926443213
.7344023027369915
.009882498988541067
6958897820404755e-20
1.0269330819036908
.8283675056005347
.25800317044884535
.2078123896027254
.04291849083346013
.012946662783342205
.3041321504993915
1.7545663873948345
.23807490657035613
1.4081904430895982
.00040607269031923737
46409430977537596e-21
1119500051083108e-20
.0004687402070524211
.16325313665762178
.0009059812851626032
.0007329013504371857
.0027911988912576492
1.0411575058042302
.6749576564613713
.02617710339518991
.1426326425655419
7753948025602134e-20
13796170961142314e-24
6476178552671237e-20
.0002386997742223034
.00010920732295867943
3051209913401692e-24
2.8162168264506304
8215454450257228e-20
.016515583640065317
2.3878175428649646
8303355525263885e-23
7465156522366971e-28
.25861388742597097
5078217545555236e-22
.16016141197437705
.1984126176227231
.002990457642877225
20329897011710354e-26
.00017706723355228766
4318549872674729e-24
31962746051580834e-21
.013978832329084834
5098031608541148e-21
.0009336081359824322
.3404113169115239
.04853162728190827
6579858718717312e-20
.0004537569613176874
3590289602213199e-22
10721594907853966e-26
785475930300054e-20
10258150107349082e-27
40509159827347984e-23
.002632059823726715
10557866787370598e-27
.3439720814738825
5406469897013248e-24
3160285116024249e-23
4.495313848394752
15.63767095455711
.7208819390682382
1.3324162172571585
3.5655594013473704
5581964651806519e-28
.720526463734596
2.4582569890554575
251354977380189e-20
981870776542367e-19
.13238223108034972
.08132380258101518
12253535688694096e-24
1832222038837322e-22
.3006889222294551
.3372704074169268
5.882046587548027
.3593012468054255
2.2905344569929493
8899950203353836e-20
3.204196984545082
23.90861041105432
1.2861712149012499
.17221626952321564
.06597139177061147
1.4190751564625055
.4902085832642519
20.413058983716756
.10735339356752444
1.1715059766275382
.7005886829785173
.3252454122328265
8899950203353836e-20
1.465099857276753
.3559980081341514
1.7266183441864322
.4219043048076508
9.840072605406744
.09251439487544989
8.495277052218384
1.4004820079365705
.02482972758617997
16.946395138223053
.5915559447577893
.027913199711119423
.7435159056150432
.6420491959542994
1.4227501479542013
.5421956340760127
.7686405052473612
1.144868437798679
.5532147569921
.38670296299439116
1.6754475121079995
8899950203353836e-20
.43512983976052794
23.708484784675328
1.6457334454640755
1.6869937249556037
1.778735946759508
.18980632475118414
.3136318217002697
.7650267492641765
.029301997145535108
.258085617750647
.35824140865324
.7148519111913572
1.101717815312324
5.148139642801658
.19947581045639842
.9491482051466954
14.777605684779134
1.668988240248014
.2070508202380995
.6675769109032083
.8682553198295265
1.1185502002529661
.09602827898883336
1.521681008046766
.26223225248785903
7.467566135680391
.37005757950179957
.09251439487544989
.07325499286383767
.033788782350333134
.07109759490501837
1.8840086027117247
.14132320784629687
.6639094996498309
6.7345433175835625
.05310367780983793
.39379253731982977
6.685037446104844
.6050237598566027
14.81022617988146
.4296036009140852
9.509572940646846
.0010619096315272957
20.201644231609734
.21627776453175007
2.8535907662286206
.00011242113086321515
1.870906943403653
3.1282382422197776
.058938619574354326
.49027816349975173
1.2408466017821882
8899950203353836e-20
.8651948008928544
7.064377578775363
3.8067665591908795
9.761607082564124
.029301997145535108
5.956062065736325
.026710962528336518
5.322057217808726
4.693749863060503
.0010619096315272957
.041615595016102916
.10017529001940283
2.548240745187118
.3126816073543388
7.621393695958034
.4395299571830264
.2930199714553507
.1353711694608968
2.895477578414158
28160595643849302e-21
.023567848154613123
18.65417095990417
.44755452665818896
9.239051516971275
.007964112658452016
.010934435581643306
1.291941288478704
1.8689026351973888
.18358394076358306
.7696875581848559
2.3099538425131443
.18622996529382269
2.1095215240382585
2.1095215240382585
2.1095215240382585
2.1095215240382585
2.1095215240382585
2.1095215240382585
2.1095215240382585
2.1095215240382585
