1.598142433751394
.0017608370144731056
.002170876112819543
.0012228214065728457
.0008517249114083021
.015908827697366477
.00024754806406417995
.23373192971061096
7031395634154115e-22
.0006862367124118378
.06414059914183781
8573968442442205e-22
.27117817746997275
.2074541049380689
.345767420982779
.0033569147711233634
.9960050928376257
.33419830137552736
.5555113183089231
15480021294076326e-21
.5835599335903567
.0028260851849481318
.33540852363794366
11271549578472466e-22
.1442260473210927
13105367456458905e-25
24814903211527944e-27
10.388398838855322
.0003812860849068145
5.315748743565957
.8648248434650156
.005482798558860817
.03743572752980903
9.204843146908706
10.654723517630682
.1830368720578014
.009355296573430871
.02446779921753308
.07162880867453297
.0562918061955318
.013075059903819472
29098709207039946e-21
.06276179914780754
.004630735720052777
12.712387750586842
9.710931880171799
1118413419336368e-23
1.3471972471872304
.0030238285174544813
.03367152367886282
.18874722055856458
.127754459478836
1.0813606963163807
.006409289436657092
.49183513919933475
.45257853929559966
.023217422424951072
.8002757452922008
.725032098353428
.009541592903242867
6598703512822741e-20
.9446795232819406
.7547239278687453
.24483524718827662
.2051299886015418
.04293897928811459
.011817048697458749
.30698497021615423
1.8078521571854307
.2429579817504761
1.376583241034987
.0003706673655115488
4190515366881289e-20
9706989342932063e-21
.0004243381913956773
.15376401737629802
.0008100886705437637
.0006684137057586374
.0025488843905963946
1.0628642164637916
.667206306711073
.02807523045292486
.1435809945977669
78341669838868e-18
1338494101866127e-23
5615375206431288e-20
.00021206133288299506
.00011215420206061623
3406576280369857e-24
2.447761945857076
760245267107162e-19
.01649304749238104
2.2696265443265955
713226944984578e-22
7124567427329768e-28
.2590014058071599
6569456901086139e-22
.1510475823163053
.1627284885821151
.002893860013602163
1627970340621774e-25
.00015930445980493117
3404752175558666e-24
27473002064234433e-21
.013902471162430804
4653061171042556e-21
.0008537375518643368
.35932287813518043
.04460022272139693
6946262679983779e-20
.0004540022765044655
36806835960583964e-23
8760363257189075e-26
6479438858972127e-21
8876485891013804e-27
3941726458694277e-22
.0024988016042502216
7827554363813128e-27
.36253378261533736
48202937869982085e-25
2951147378916814e-23
4.132935524504922
14.377079774237933
.6627698700087481
1.2250068634685025
3.2781308739596153
5305358603304929e-28
.7959285589019257
2.4074000549752212
29001853631890266e-22
999007325604695e-19
.11152053388957586
.06065067945533051
13019200544597474e-24
1724631797064301e-22
.30018390336181705
.335432892044057
5.869700270548405
.3573437030957573
2.2876485688142307
8182503291711395e-20
3.103488181229568
23.77835160919046
1.255696503484348
.15833349176818362
.06199496460873438
1.3046800120931723
.4611536700401485
20.301844632071884
.09463759976915795
1.1617010158763195
.6441125032865039
.2990265782842522
8182503291711395e-20
1.4528376521460815
.32730013166845384
1.7121673508199136
.4045416671535038
9.786461958623144
.09232020871436467
8.448993115540409
1.3928519070963572
.02188869623576547
16.854067851581753
.5438691627047538
.025663047915971775
.6835792567516004
.5902920285280885
1.4080361344920571
.5102339840957483
.7066785005110654
1.0525777725513568
.5086187525414865
.35552988447325995
1.5403855605559647
8182503291711395e-20
.41722293135931254
23.57931630650097
1.5832367744324887
1.5510010047408906
1.6353476600307686
.17450556930969605
.2883491878955482
.7033560583004669
.02905675304292167
.23728070028888892
.32936268614489933
.6572259375344857
1.071316475571448
5.120091567645053
.17584830144868213
.8726350300261368
14.697094388730493
1.6003043284361405
.20274567883809166
.6137618914853671
.7982631194805773
1.1091884547471345
.08828720284607978
1.3990145532033773
.23117136899730195
7.426881369776004
.36928083485745866
.09232020871436467
.07264188260730407
.02978656896157357
.0626762276214275
1.8824258045768227
.12458375779093483
.61039011928809
6.697852203856469
.046813653856938295
.34714860239154194
6.648616050081676
.5562513040493958
14.729537160973349
.39497219628104197
9.457762920901285
.001056124139442549
20.091581709026958
.19884308111500884
2.8380438436836424
.00011176295002007574
1.7200885255646934
3.11119498632282
.05418743225038992
.48617476305092655
1.2340862259650192
8182503291711395e-20
.795449316515227
7.025889463259467
3.7860265478539445
9.708423931348747
.02905675304292167
5.923612270655347
.02455772603430193
5.293061605570126
4.668177392603236
.001056124139442549
.03668631139091183
.08830972816571939
2.534357429485287
.28747557266897306
7.579870847314797
.43585129564382497
.2905675304292163
.1342381756649696
2.83527284036342
2482502966361662e-20
.02077628388779026
18.55253937541537
.3945425920989759
9.188715351034887
.0073221059168159
.010137832691881345
1.1877947184121531
1.7182457895807122
.16878478702468377
.7076411479317689
2.123742772509278
.185611047738392
2.0227083357675233
2.0227083357675233
2.0227083357675233
2.0227083357675233
2.0227083357675233
2.0227083357675233
2.0227083357675233
2.0227083357675233
