1.598142433751394
.0018078419710884563
.002228950250666601
.0012554721575721425
.0008744414168963918
.016333515821780085
.00024754806599620416
.23373199158407734
7032178014824791e-22
.00068819804230838
.0641406017014726
857516617837124e-21
.27121759370795584
.20745064578080608
.34628605978925314
.0033379671350262726
.9954385131893378
.334223185852113
.5555104588110344
15480066221272834e-21
.5835616739519626
.002834104890290733
.3334346538894403
11272462283837173e-22
.14463760343801196
1312610018934272e-24
24888693534414574e-27
10.388398701396824
.0003791329082440298
5.330913807926649
.8648244773633212
.005482799052089611
.037435730111562836
9.204843511788972
10.654724093852014
.18303401358840554
.00935529941616187
.024467800897693865
.07162757858804722
.056291810166742055
.013074851014701632
2909870296712154e-20
.06276179930266008
.004643996550776595
12.712387772780442
9.710932245777741
1118413867636873e-23
1.347197304366783
.00302840046083823
.03367521622560529
.18864940035619018
.12775448378859142
1.0813607181208975
.006427631322123748
.49182698472808384
.45325965247868794
.02309420622134593
.8002758699395284
.7268886060538804
.009555825521254106
6598592371659773e-20
.9446796938412741
.7547218124266972
.2446934937838577
.20514832232891655
.04294396607375946
.011750967307930302
.3074501032393659
1.7976915633570942
.24331825553012165
1.3765760269623375
.00036856584811573666
4166724205591043e-20
9632467302515599e-21
.00042194919925656174
.1539933689103191
.0008043357376348499
.0006646226800814407
.0025344630146774084
1.0659803989994976
.6672672338912412
.028131394806169954
.14359718021996934
7857407076433903e-20
13422062535681391e-24
5606590305857878e-20
.00021206135730947025
.00011264756245741695
34062180470406357e-25
2.4478983614843166
7589718327537729e-20
.016494810215216822
2.2683640415231054
7121101021421341e-23
7126004938653195e-28
.2590318727743762
6588956214246014e-22
.15147814218584016
.16300533267145165
.002893825805629266
16300391557413626e-26
.0001593027844531188
3408944778957982e-24
27429702023877992e-21
.013902473022562017
4626719885125888e-21
.0008489039016897788
.3593557776532873
.04460022445275393
697746847119975e-19
.00045143851440870576
36652690525563887e-23
8698730449986538e-26
6469061618707052e-21
8826048977764138e-27
39203552634691217e-23
.0025094776214713544
7792367824038684e-27
.36257429396108937
48275640894433005e-25
29343390161735517e-24
4.132935689001317
14.377080346465053
.6627698963878806
1.2250069122254241
3.278131004433635
5296958698961276e-28
.7908319587177838
2.3937089381500614
288074260241032e-20
9931165433525335e-20
.11311941019166813
.0615798834801407
12936283829562413e-24
17149914719627373e-23
.30018390336181894
.33543289204428894
5.869700270548494
.35734370309600444
2.287648568814235
8182503617386037e-20
3.1034881837584205
23.778351609206904
1.2556965038087369
.15833349807006966
.06199496534181354
1.3046800640211924
.46115367512604183
20.301844632085924
.09463761911673627
1.1617010158808247
.6441125289230483
.29902659018591243
8182503617386037e-20
1.4528376521517157
.3273001446954395
1.7121673508265536
.4045416681453941
9.786461958629912
.09232020871436607
8.448993115546251
1.3928519070973204
.021888700710659865
16.85406785159341
.5438691843514784
.025663048937395613
.6835792839589746
.5902920520225056
1.4080361345048467
.5102339895972805
.7066785286378207
1.0525778144453686
.5086187727851972
.3555298986238278
1.5403856218653826
8182503617386037e-20
.41722293238229585
23.579316306517274
1.5832367772255516
1.5510010664728178
1.635347725119806
.1745055762552525
.28834919937223386
.7033560862949845
.02905675304303435
.23728070973298007
.32936269925397743
.6572259636929624
1.0713164760853533
5.120091567648594
.17584833739886258
.8726350647581853
14.697094388740659
1.6003043323599053
.20274567886893788
.6137619159139163
.7982631512525236
1.109188454751436
.08828720636002926
1.3990146088860391
.2311714162576528
7.42688136978114
.36928083485746427
.09232020871436607
.07264188260758579
.029786575051098003
.06267624043486766
1.8824258045768236
.12458378326066374
.610390143582438
6.6978522038611015
.04681366342745611
.3471486733621159
6.648616050086274
.5562513261889462
14.729537160983536
.39497221200146687
9.457762920907825
.0010561241394432795
20.091581709040852
.19884308902923103
2.8380438436856052
.0001117629500201789
1.7200885940265314
3.1111949863249717
.054187434407122634
.486174763052812
1.2340862259658727
8182503617386037e-20
.7954493481751802
7.025889463264325
3.7860265478565625
9.708423931355462
.02905675304303435
5.923612270659444
.024557727011732474
5.293061605573787
4.668177392606465
.0010561241394432795
.036686318891009935
.0883097462196365
2.5343574294870397
.2874755841108877
7.579870847320039
.4358512956455153
.29056753043034317
.13423817566549018
2.835272840794785
2482503473881091e-20
.020776288135264637
18.552539375428204
.3945426727587107
9.188715351041242
.0073221062082455685
.010137832955851987
1.1877947656879813
1.7182458579692066
.1687847937425454
.7076411760968389
2.1237428570370978
.18561104773840967
2.022708340726975
2.022708340726975
2.022708340726975
2.022708340726975
2.022708340726975
2.022708340726975
2.022708340726975
2.022708340726975
