1.6401662169085731
.00015183142962056154
.0001949999076551985
.00012925728694320436
7319764799297778e-20
.001568231326852541
.0002273044214658474
.22059946104291905
7557461068538736e-22
.0006424705191647881
.05893099597101933
841989266306362e-21
.2562784848694973
.19786622806735873
.3630549995733847
.0030812216061499777
.9481628141937333
.3297700109072735
.5132561979527265
13299645174547328e-21
.5392814306300258
.0024936853678143725
.3389833475614311
11520793111611327e-22
.13764175178877908
16179162252808179e-25
2576111051228539e-26
10.217665178366099
.00035706391277486634
5.189259473914247
.788571440080777
.004705173436808569
.03401787417139222
8.463697965972015
9.791544912686208
.17445069905648766
.008381395490628274
.02223665899125381
.06678584767378908
.05112387057553113
.011876744088754368
2679421785313162e-20
.06016397621646958
.004439567178988577
12.22768483044703
9.016238329458753
10567098967630763e-24
1.2403495716459603
.0028955608279373837
.03357693167734399
.17978563411094414
.11652635526668555
.9908139030956856
.005649367799790738
.4710731655510355
.4632813864161704
.021263799747786003
.7723134960648791
.7156847388795443
.009384258714039419
6250000131964738e-20
.8690072861581257
.6874672197007043
.23296591624359111
.20220451612056697
.04296480391897382
.010848453509563358
.3156157915452189
1.8734717492463746
.2524836359273262
1.3451752015466127
.00034034425287725735
38088569704933916e-21
7636068764674443e-21
.00038662598926759675
.1474785077804441
.0006545659454546642
.0006132338628137967
.00234118840759162
1.0974509848351113
.6586944969922544
.029314661924349263
.14450342796965868
798762939105498e-19
13151787806960976e-24
4965841886864939e-20
.00018891701504056838
.00011853565918544297
3827060508476678e-24
2.1110421035436815
685775332799496e-19
.016447686398221112
2.1627232295308993
62518023598525e-21
6786423531107867e-28
.25940362069080986
8146684641768502e-22
.144153832032928
.14739681584429123
.002790903616077898
13407212815819932e-26
.00014284997541273066
27662943986122086e-25
2406496344238256e-20
.013826093402678872
4272129266883564e-21
.0007851861013876231
.3777348917363417
.04098702768525807
7566117794846814e-20
.00045527248725337247
38520021484658314e-23
7302320560679211e-26
54424730322929374e-22
7669213754946519e-27
38424889628720106e-23
.002435600734400909
6015660859898797e-27
.3806435586126842
43461416413332385e-25
27620926804402635e-24
3.7997695795246673
13.218108544069937
.6093423851770424
1.1262560925322271
3.013872802688946
4935269663707457e-28
.8528268318602695
2.366220770006009
3259158481644152e-21
.00010287053269593494
.11994417848319873
.060168742862907215
13379016039197193e-24
16297584644448e-20
.299679732693226
.3336053878158288
5.85737986826091
.35539682446868326
2.284766316621238
7522891878631434e-20
3.005944686369647
23.64880248286213
1.2259438642757046
.14556984542185233
.05825821745586706
1.1995065956320146
.4338208617170923
20.191236198057396
.08342798540824206
1.1519781180962398
.5921890339851646
.27492132139418285
7522891878631434e-20
1.4406780759816316
.3009156751452555
1.6978373055613631
.38789355559067873
9.733143393172417
.09212643014677176
8.402961342839676
1.3852633765440823
.019296028582901706
16.762243582131262
.5000265519348086
.023594287452784416
.6284742768422347
.5427071580812096
1.39347429266208
.48015643303192784
.6497114346025785
.9677269283564691
.4676177627315956
.3268697591877479
1.4162113488186445
7522891878631434e-20
.40005294746936354
23.45085156356454
1.5231134153311192
1.4259710563311048
1.5035183234018927
.16043825261465838
.2651046613115007
.6466568225074449
.028813561519632665
.21815292820810045
.30281196210866
.6042453625301272
1.041754045811218
5.092196303910578
.1550194591062095
.8022898062311548
14.61702173403524
1.534446971438184
.19853005289816142
.5642850585279778
.7339131955662694
1.0999050627065279
.08117015754220924
1.286236600850742
.20378963167444514
7.386418262466801
.368505720587087
.09212643014677176
.07203390379908158
.026258415753879022
.05525236709509412
1.8808443361863472
.10982708725114311
.5611850930558969
6.66136099052314
.041268680106106764
.3060296183066528
6.612393084977245
.511410538868982
14.64928775168767
.3631325306887115
9.406235172318848
.001050370167854958
19.982118828683618
.1828138586338759
2.8225816238261223
.00011110862256314369
1.5814280224739516
3.0942445854313045
.04981925206351965
.482105706159526
1.2273626820030485
7522891878631434e-20
.7313262200746071
6.987611038556011
3.765399532172136
9.655530532386427
.028813561519632665
5.8913392684311505
.022578068245722113
5.264223967121773
4.642744245987487
.001050370167854958
.03234089895420905
.07784963619942209
2.5205497528140994
.26430147032473894
7.538574223306106
.4322034227944899
.2881356151963263
.1331146645013073
2.776319920621241
21884559811187728e-21
.018315379016965987
18.45146149975944
.34780989476542623
9.138653426416607
.006731853220504191
.009399264728121843
1.092043708638115
1.5797338339018063
.15517863644867022
.6505964806826129
1.9525427226892902
.1849941870965383
1.9394677779533973
1.9394677779533973
1.9394677779533973
1.9394677779533973
1.9394677779533973
1.9394677779533973
1.9394677779533973
1.9394677779533973
