1.6414853593186554
.00016310165264473252
.00020970204630903135
.00013965216446969197
7863268610553552e-20
.0016906756631926189
.00022669642727174666
.2202058368239283
757220846345999e-21
.0006440963008010074
.058774554594101976
842063757118273e-21
.2559826085609412
.19757000316969753
.3616612551994411
.0029783913777371007
.948471758226538
.3295514959304964
.5119843114141963
1323631793197693e-20
.5379447434402943
.002495271206621445
.3290743845947121
11525758628075766e-22
.13807205077356063
1619640650406992e-24
25901945805266847e-27
10.21212733494887
.0003453393262379969
5.208913946258741
.7862733808378379
.004682604683400863
.03391669322457382
8.441423635318491
9.765599850817498
.1741856929999113
.008352767764002797
.02217059895533297
.06663837807051207
.050970985573657666
.011841151979911181
2672492521589035e-20
.060084203954934766
.0044541283158631715
12.212770199054534
8.995113512378424
10547620341165718e-24
1.2371346390688565
.002876193657585232
.033563054605636355
.17981860427109436
.11619151282782297
.9881022637835146
.0056529892486596855
.4704624057717468
.46115731753284245
.02059227957837683
.7714134296223483
.7179644971417247
.009329962976627018
6239589515127934e-20
.8667321597507821
.6854603879264987
.23304588456622163
.20205695339904953
.04295113555994897
.010489572889143126
.31419996172214754
1.818126708144006
.2514663811566095
1.344217822446844
.0003289410377348001
3679947044439152e-20
8715153300408387e-21
.0003736699036823328
.14651010160482858
.000746254307633396
.0005926668029359245
.0022629250649134273
1.1032329219747574
.6582422389523561
.02950679326757082
.14448434078514355
8026779344760448e-20
1319908129715252e-23
4951456016841966e-20
.00018824088633028987
.0001186432726726116
3843517979043873e-24
2.1007155984776595
684069657387536e-19
.01644077309100893
2.1634063784539137
6232039504718837e-23
6771489676493466e-28
.2593271185411447
8231930041689593e-22
.14462067677643975
.1482430727420554
.0027877874033399646
13400413215047859e-26
.00014236435218394533
27639569294729683e-25
23988653672901955e-21
.013823689314022431
41291968960088455e-22
.0007589498322042981
.37821709224713335
.04087847279552334
7578238763851364e-20
.0004413380707076423
3718783985783074e-22
7055658124317146e-26
5418427845604528e-21
7397646259141057e-27
37228128822099604e-23
.002432589533870674
5813452925808188e-27
.381076223584392
4308577983377894e-24
26710427845939566e-24
3.7897580430948916
13.1832818072239
.6077369053289278
1.1232886615699917
3.0059319271365386
4926850403790899e-28
.8286707317316784
2.291798816711714
31749488510932966e-22
9987543015369881e-20
.09916207921288893
.04946267450037595
12979048192281843e-24
15759761125769408e-23
.2996639203006137
.3335481832291363
5.856993545091696
.35533588322133514
2.2846759004459694
7503070754080614e-20
3.0029329018176654
23.644747332612127
1.2250214181335326
.14518630168847158
.05814463926389521
1.1963461661036987
.4329896201423769
20.18777392986958
.08309849178329129
1.151674233550197
.5906287493513271
.27419696567553836
7503070754080614e-20
1.4402980342115355
.3001228301632227
1.6973894268119754
.3873822068854491
9.73147441399714
.09212035395310443
8.401520455047795
1.3850258401558535
.019219820121510453
16.759369296369773
.49870909466910357
.023532121823152292
.6268183887716298
.5412772470378906
1.3930196370024643
.4792415556391871
.6479995914078185
.9651771860116907
.4663856953209757
.3260085310439326
1.412479951107752
7503070754080614e-20
.3995255693942103
23.44683035671274
1.5212635441869493
1.4222139439906114
1.4995568914906832
.16001553397944523
.2644061702796431
.6449530275270909
.028805960684230743
.217578144410739
.30201412083787393
.6026533121878931
1.0408393950706603
5.091323125612021
.15440721942106223
.8001759534160784
14.614515297636101
1.5324241549701623
.19839915139118827
.5627982945803235
.7319794997092108
1.0996149147033496
.08095629247164723
1.282847657306345
.20298477723454444
7.385151685189351
.3684814158124177
.09212035395310443
.07201490171057677
.02615470977860139
.05503415131735252
1.8807947148103148
.10939333201998075
.5597064968185749
6.66021874157816
.041105692027963006
.30482097341627534
6.611259232745567
.5100630873634888
14.646775782511567
.36217575831508747
9.404622249341532
.0010501900568809727
19.97869241864774
.1823321853199352
2.82209762500268
.00011108814510791569
1.5772613160653899
3.0937140035249575
.049687989562860205
.4819785297215717
1.2271522214484234
7503070754080614e-20
.7293993403149027
6.986412846272471
3.7647538647703582
9.653874861784049
.028805960684230743
5.890329058044196
.02251858012465971
5.263321290584482
4.641948136945454
.0010501900568809727
.03221317059089733
.07754217391674888
2.520117544546147
.263605095520104
7.537281555266425
.43208941026346104
.2880596068423071
.13307954969421318
2.7744893440604455
2179812810715754e-20
.0182430435698721
18.44829755736667
.3464362412790185
9.137086386700592
.006714116304529036
.00937697326307974
1.0891664195964712
1.5755715912982864
.15476977571661418
.6488823055909085
1.947398212689465
.18497485683029605
1.9369110344272493
1.9369110344272493
1.9369110344272493
1.9369110344272493
1.9369110344272493
1.9369110344272493
1.9369110344272493
1.9369110344272493
