1.6915105641393768
7386531711135122e-21
9921793313935087e-21
7691416615439426e-21
3545861190677323e-21
8591036664015623e-20
.0002047987510127396
.2059095234305054
8218541520458627e-22
.0005940122761630292
.05314059644713606
8200639357289352e-22
.23897192787921265
.1861424197312596
.381094665371135
.0026921942622684545
.8990003825798483
.3226564514888157
.46597671475350066
11044319755558512e-21
.4896678242287369
.002144442095482626
.33428212885890934
1176896112776682e-21
.13026699247309667
2082252223089267e-24
26890055801533163e-27
9.993198872049595
.00031902194592317253
5.0371483225572
.7030037268720275
.0039009093740264775
.030323495999840768
7.638546000133619
8.830220343783033
.16400295091622488
.0073407454299255406
.01982428006715792
.06110581659814419
.04554527342293204
.010545010651234834
24223161453406266e-21
.05713625465362549
.00422345913781598
11.660291673413573
8.224076420347728
980758224436901e-23
1.1211039188586056
.002724442199995685
.033279331369130916
.17048331482106402
.10422715132713903
.8907337807886216
.004852592821246553
.4465408275954757
.47257477299367473
.018562505724395398
.7364394004299287
.6972064978894308
.009115341771899228
5833493572908198e-20
.784726099151661
.6131146139036159
.22078829100827593
.1975600763716884
.04277688166778051
.009483156892809872
.3237663838490028
1.89855613138128
.2625611415952641
1.30697296984437
.00029744902557888854
3290659056489085e-20
7436279174067621e-21
.00033505440143763725
.13902436562007134
.0006527171162195937
.0005354503703468742
.0020470177745801946
1.1372284039627079
.6447767219151196
.030041669628387672
.14488171698007807
8114766960587596e-20
12869886893422236e-24
43452749827156464e-21
.00016460316088177568
.00012541224239225588
4435030936765961e-24
1.745148653863306
5939797205237599e-20
.016282096377201977
2.052607657836102
5416035666751846e-23
6345429573190948e-28
.25861248575005163
10024204563395103e-22
.1364385453979904
.13725970361104523
.0026566133187467286
10716818328502656e-26
.00012441775148807287
2186569985536628e-24
2080306170912636e-20
.013732858917712365
37338772676261587e-22
.0006875145895792785
.39734420342233173
.03696706117991685
8311048269562649e-20
.00044088181623909683
38986223876691606e-23
5751309078655793e-26
44699880167065095e-22
6154337907138999e-27
35786415043678156e-23
.002336109416045627
4305566290376118e-27
.399759046809175
3757588509479343e-24
24577523363042927e-24
3.4289465042361615
11.928140940186324
.5498760905910295
1.0163437046743675
2.7197461305760253
44301411046735637e-29
.8750270907546285
2.2412997842864186
3575606745486074e-21
.00010447119958843894
.0951606804309603
.04430737298549981
13001831161474517e-24
14710944484426253e-23
.29906488987619567
.3313860652828864
5.842361986413387
.3530325335744517
2.2812497306250794
6788725808001959e-20
2.8909184235024297
23.491477924733903
1.1905474956785624
.1313635477454137
.0539970408842462
1.0824456225093364
.40261512524183746
20.056913231166195
.07151845245064417
1.1402091370929957
.5343967510220542
.24809149191949054
6788725808001959e-20
1.4259596428433017
.2715490323200768
1.6804916505685643
.36848012429275806
9.668393286496219
.09189022490243115
8.347060322854045
1.3760478592355867
.016541477010856717
16.650732119057924
.4512284919909821
.02129169882224515
.5671408830137833
.4897438577734226
1.3758869928886726
.44580400812830784
.5863054866399193
.8732855502407108
.42198250690712186
.2949702329706931
1.2780019556866786
6788725808001959e-20
.3800309587064913
23.294843881457087
1.4527454799033916
1.286809204193943
1.3567885607760621
.14478093314216434
.23923284889672097
.5835489770026391
.028519192856866073
.1968631794409028
.2732602588610841
.5452764911623353
1.0067398816434456
5.058320274289398
.13289008191628537
.7239935919495316
14.519781440911549
1.4576504368451944
.19349822408440256
.509215950687792
.662289918817803
1.0886680768775279
.0732486857762239
1.1607115652153508
.17469820242600662
7.337279833993097
.3675608996097246
.09189022490243115
.0712979821421651
.02250996772046595
.04736496715747886
1.8789139130277637
.09414902300382805
.506418513752137
6.617046033132545
.03537748300437633
.2623432005250238
6.568403888441054
.46150150496854425
14.551832807654128
.32769408660702315
9.34365983501762
.0010433825403567533
19.849187023047097
.16497288279437455
2.803804292201356
.00011031436743433062
1.4270949792806928
3.0736600056202796
.044957344552517736
.4771803583528126
1.2191976050716005
6788725808001959e-20
.6599554086894838
6.941125690310181
3.740350068546884
9.591296748219035
.028519192856866073
5.8521469098387415
.02037465340023565
5.229203516927071
4.6118582132789925
.0010433825403567533
.027724162734477045
.0667364251645744
2.503781699700668
.23850804207129345
7.488423571514839
.42778789285299085
.2851919285686604
.13175472203958927
2.705952908832044
18760489571945117e-21
.015700817380770806
18.328712450230462
.2981592483496209
9.077858186858919
.006074885354065697
.008569527595698926
.9854701393962378
1.425566128159489
.1400346078483435
.5871041602433343
1.7619922480075045
.18424329319909094
1.8424006214637951
1.8424006214637951
1.8424006214637951
1.8424006214637951
1.8424006214637951
1.8424006214637951
1.8424006214637951
1.8424006214637951
