2.1573856025943754
17893329145743575e-22
29199613073278665e-22
4443921426721597e-21
8243207217610681e-22
29096807967445767e-21
7952373679327016e-20
.09850052097810837
11871587432670163e-22
.00024520678587071354
.020845660522536332
32004596571426846e-23
.09472491226156472
.07358839026144334
.44463984369017473
.0008669092220885374
.4933509880366786
.20176968690427374
.19356209737444507
2026643727387174e-21
.20391742975406205
.00045766448466851446
.29227864577005186
10873847370938074e-22
.06630741350858044
29918558131556104e-24
2346495305713463e-26
6.1815793694417005
.00011650643868053691
2.9647562781424215
.18634376585699053
.0006893017084678536
.011074358919907736
3.010069286077568
3.405656088554836
.0659459461104681
.0019707401647331368
.0072452137133570665
.018574995834480867
.01657491266071617
.002225512136301682
9661555617429872e-21
.035784154144075625
.002218651687883887
7.571717941168419
3.4250814768164353
33173461839992717e-25
.44592657362698757
.0016847755309495466
.02119724329918907
.09429608478947388
.03906093272377365
.34353824361923313
.0010290251314177923
.23614364891895565
.5329944375857534
.005876081344691437
.4036424514697284
.3818902744012901
.006441511736772801
20400219639349478e-21
.31109039645711456
.20812256259870965
.12053802005081769
.11849239600642579
.028115451430911622
.0030603472006282607
.4229909804027996
2.3213191041448256
.4007512070049572
.9488265946338744
959548114518953e-19
9912902476932511e-21
22119557137822675e-22
.00010286249750344312
.08667061013100363
.00020451646944003157
.0001718122311324536
.0006616021317362199
.9559559552351657
.39178582101451154
.01737229825825639
.10531949294181826
408134146344142e-19
7726445478871566e-24
19095163955721513e-21
53266070227894146e-21
.00014243151042172235
11694867989610073e-24
.2802367639175074
17999997628167195e-21
.009632562971399028
1.1355885111775117
22490836801476068e-24
23471989634047843e-29
.17969380023926118
11138600043380017e-22
.06937810391353469
.06940969558794832
.0012283037494371547
12713469026433648e-27
25932898692319525e-21
3602565927521151e-25
8273095735447141e-21
.012917209039536916
12109078284521036e-22
.00022408868129518384
.33175538404780525
.014493892699315255
.00012638672596726282
.0002568201503045359
3651586456803843e-22
917445291790612e-26
11938669628822857e-22
4811951794042944e-28
10676806524314465e-23
.0010424239818337367
29025543071406825e-29
.32669973646680406
5676021621999025e-25
66177712984298615e-25
1.3506906643537304
4.698594332428744
.216600784291946
.4003462731140006
1.0713307143879054
11574970779015594e-29
.6787510021037366
1.3246397498406441
4952686901781448e-21
.00012779166131004317
.04948831677053093
.02049834293924516
6041479964371129e-24
6069746708581754e-23
.2935434212615878
.311911752140974
5.707844249385576
.3322861388754389
2.2495881816974173
26741357908026774e-21
2.029009041158563
22.110972088189264
.9126335668122948
.051745198519983965
.027106349447817462
.4263843705894975
.20451913543090672
18.87824384870297
.017688932325199875
1.0387693539015068
.21050334316234934
.09772531056615938
26741357908026774e-21
1.2990977959205294
.10696543163211049
1.5309851230876506
.2312543626840215
9.10021816338215
.08977449411793043
7.8565349701874245
1.2951827000861327
.004091266762320356
15.672231194307734
.1777426713626805
.008386977980527557
.22340153021159392
.19291419559969167
1.226115359596261
.22731860728276762
.2309506276302658
.343994471353806
.16622243359466427
.1161912381670665
.5034156433875998
26741357908026774e-21
.23850354839232302
21.925893488349285
.9457926463061808
.5068848921270296
.5344503451069125
.05703041868106603
.09423581709787217
.22986481546355372
.025981955918410626
.07754605045523967
.10763949805765544
.21478896366407793
.738234583816342
4.761061809575426
.032868212120991225
.28518712219339376
13.666508475764207
.9148065270432447
.15328994395459775
.20058441561699442
.2608815300377964
.9918136928059289
.028853269052728118
.4572139790478342
.04320877443744535
6.906095484177287
.3590979764717217
.08977449411793043
.06495488979602648
.005567476392546893
.011714958446747404
1.86148843819874
.02328623787754322
.19948248184559683
6.228187115924699
.008750048152011471
.06488634696425367
6.182403487196478
.18178929696809176
13.696676304187097
.12908143740277
8.794568075944069
.0009820668712734262
18.68272492884519
.06498419627912068
2.6390352554334524
.00010336220993012838
.5621446305094911
2.893032563153367
.017709073473792553
.43472755691503706
1.1475499456482454
26741357908026774e-21
.2599619470019543
6.53322183009481
3.5205437576415806
9.027652298799065
.025981955918410626
5.5082382383097
.008025746130231779
4.921902886514333
4.340836645323723
.0009820668712734262
.0068571231840075025
.01650617523043209
2.3566438626967594
.09395030963622882
7.048357072501162
.3897293387761592
.25981955918410593
.12003303870680537
2.143664995900499
4640103624366461e-21
.0038833432013872958
17.25160293013295
.07374486703044553
8.54438659131113
.002392948074465387
.003705101723773387
.3881849179150079
.5615424032848437
.05516080150959945
.2312652318326224
.6940634615055168
.17756780843761874
1.1562718134201084
1.1562718134201084
1.1562718134201084
1.1562718134201084
1.1562718134201084
1.1562718134201084
1.1562718134201084
1.1562718134201084
