2.488538381257077
0
0
0
0
0
4079066503161204e-20
.04948437392536309
9895387220407618e-22
6934306375031539e-20
.010735729742069034
12949354212179586e-23
.04423661912701122
.033664185069620906
.18543975181188904
.00014401011648179464
.2366566218900466
.11359295270139598
.10142697079235782
5915859754202617e-22
.10726875753580521
8088517213403665e-20
.0760282278221391
833435324714215e-21
.02173200276328073
7875192638296773e-23
8004834618272508e-27
1.3193038975981035
19809224348595487e-21
1.000196836901275
.02157017600414038
.00019322005235670051
.0054396061253258465
1.5522604216260234
1.6836020299536558
.030647461259727983
.000656614631383158
.003560216478739883
.007043699394701475
.008123858025836077
.0005537048054884183
5001481639034548e-21
.0256711577848348
.00073554030247529
5.568350176976994
1.7958916327726435
41872340181061763e-26
.23040171582148652
.0005054769257680182
.010733218295207186
.04592731396404737
.019829624444471616
.17598797175499112
.00018129374578828352
.1324309385727943
.2163954048257352
.0010224886272749787
.23436679921426137
.1512713643184167
.001879389211981058
25742416692695053e-22
.1611128225864979
.09206488625924326
.057568641082882586
.06522483039534462
.014049229589195905
.0005135588561016102
.20652053481623558
.995494378202527
.23356460238064963
.7152831180952027
158782025738257e-19
1600856261340949e-21
8332260561174956e-22
16859190440503054e-21
.02643035323237379
3256986835443083e-20
2837622641277138e-20
.00010975446490139449
.3407287255887815
.2162157222619225
.007251432847621485
.060458252136633944
7061856371362049e-21
2559367875401069e-24
2772127304620844e-21
2582006519592163e-20
29652567593287004e-21
11925459496011158e-24
.09244979477220823
2404823533599653e-21
.0049358186737903055
.547884852884841
32230592772256527e-25
9893578611971832e-29
.10008384673149048
23351447646893792e-23
.022717370636713884
.022737911858210388
.0005257901228166472
29541833021117087e-29
6324313100409e-18
16675089978755928e-27
11727612907951282e-22
.01238593984299577
20172354458990037e-23
3719800829226839e-20
.1638437319062766
.007459138839995357
27271159845576564e-21
4782772354676178e-20
4063400243899955e-23
23982072430465134e-29
14166996884440393e-23
17196851964499834e-30
9395785979853884e-24
.00010090976157714337
24015941095298118e-31
.16271248853203005
36822689601867254e-27
7062099790645397e-25
.6965322680527777
2.422999324269397
.11169799238750376
.2064529688238743
.5524702524572438
8125146870511291e-30
.24228594257860683
.3617945265478309
1910794468552765e-21
390630992831319e-19
.01709840411663353
.005675335829925235
17640552460011272e-25
14239255542194144e-24
.28968075163337725
.2987689229670358
5.6141139429868705
.3182848069918822
2.2273501062936067
13790143936028918e-21
1.5775896248547085
21.179295974576704
.7554959329005384
.026684274524993175
.016608097385204475
.21988045119941615
.12636845130883945
18.082783170147593
.006551720724624261
.9721998855597574
.10855362735160812
.0503955746576327
13790143936028918e-21
1.2158451958379826
.055160575744108827
1.4328720383106661
.1660632012429451
8.716767998564876
.08830027890237543
7.525489101272628
1.2406084018770076
.0015153451177168762
15.011860253016119
.09165940750262065
.004325047139998238
.11520504185848748
.09948315017406417
1.1296758076909943
.1408350055345376
.11909800572175226
.1773931334931627
.08571858215095335
.05991819502733923
.25960440026418447
13790143936028918e-21
.17126882405218954
21.002015915204513
.6971132536745932
.26139344327506386
.2756085615036108
.029409788577258993
.048596091723475295
.11853806758703643
.024316903916759683
.03998941269647837
.05550818236388938
.1107636618523817
.5921485785582191
4.560447944851503
.012173903013202036
.14706700674194123
13.090651410205592
.6569203652443749
.12989870862672492
.10343857526593143
.13453295310754326
.9282533750355049
.014879226949902164
.23577884871514232
.016003895416768138
6.615097685651168
.35320111560950174
.08830027890237543
.060792259791899145
.002062111482723607
.004339048543599483
1.8492004338100443
.0086248804900232
.10287032344535296
5.965753915617054
.003240889317965807
.024032949888372082
5.92189944283505
.0937461956809185
13.119548075830709
.06656549033059397
8.423996896476414
.000940686137659077
17.895502707950765
.03351144034414123
2.5278358879582377
9868854088872833e-20
.28989011680904897
2.771130670995805
.009132321291133888
.4068680689270179
1.0991963558886637
13790143936028918e-21
.13405873700867382
6.257935574033602
3.3722008212550563
8.647259796142732
.024316903916759683
5.276141070702052
.0041387649314804905
4.714511762569332
4.15792954384434
.000940686137659077
.0025397777124094583
.006113644868623353
2.2573434435922093
.048448859522163476
6.75136488697128
.36475355875139504
.24316903916759658
.11234072901346966
1.8165530465472945
17186262303012975e-22
.0014383332846557742
16.52468299610984
.02731401561016586
8.184357151590191
.0012340098244754344
.0020414643171685074
.2001815281877239
.2895795566595499
.028445653173643407
.11926024270492137
.35791881129664194
.17297033168238513
.8303160062147246
.8303160062147246
.8303160062147246
.8303160062147246
.8303160062147246
.8303160062147246
.8303160062147246
.8303160062147246
