2.5713265759227526
0
0
0
0
0
34553535097412146e-21
.042552462155257334
9268803871874878e-22
491781965124468e-19
.00909581581860348
12072968296238206e-23
.038980551028021726
.030147860656872298
.13909521534790406
8183852497894402e-20
.19343117561978984
.09651942521147887
.08604248411040359
43335083374918566e-23
.09108787637516996
5098728699446007e-20
.047012586373324276
7682179410862838e-22
.015988980610002236
7594013975676928e-23
5813869165611593e-27
.7619514979282904
1126155991826796e-20
.7364065279260215
.010679805038414366
.0001410723862919863
.00456841842162897
1.3154205314106162
1.418108465336308
.027452540807615253
.000509549510463021
.0029902402884483745
.006030065578263677
.006820135891765513
.00043419115424475
4240203126696823e-21
.023626787650031324
.0005422377950765015
5.156465247581918
1.52615459161507
2103702028843057e-25
.19525369729102257
.0003214966709796033
.00882556526971079
.03765348707402589
.016761437293966182
.14897939959682507
.00011423437021812455
.11762435282801181
.151680111852198
.0005871751336463288
.20298450690986033
.11846901291630291
.0012194113485480755
13392639469301854e-22
.1366468073099677
.07511247565636497
.04701914005385183
.05529060325014169
.011475287693135721
.00029248738797609767
.14840661684520812
.7184300942030101
.1755904929528976
.6693571310669197
9015728706002452e-21
9052544457953204e-22
6578621819529181e-22
9560980479475147e-21
.016887153304497166
17923052995188097e-21
16107148542944692e-21
6235141288356599e-20
.2508711274927022
.18328701806148354
.005914252119142689
.05126440816148008
429356112408365e-20
1870744793825921e-24
19079346403157886e-22
21661742672153242e-21
16550728633268842e-21
11375401838734109e-24
.07223868212696566
165985710686088e-20
.004185717331321773
.4482838581080641
22150096961731636e-25
8137681076796085e-29
.08427489612801929
14626926828036985e-23
.016711626500530437
.01672717137501538
.00042452425822456013
12503732084014337e-29
4426439716521323e-21
8538904495170662e-27
8070653811045844e-22
.012257212764979803
11466503254831958e-23
2112738475058719e-20
.13397880879763388
.006319015976013909
15098938428847685e-21
279668992600931e-19
17946327819370955e-24
9795661011480604e-29
9423702511591578e-23
663461315497979e-29
442948595122303e-23
4682674510574037e-20
7062118126474052e-31
.13303083179054173
15912750113863538e-27
3599333245246019e-25
.5902603294842688
2.053315323756042
.09465590729011078
.17495384347612175
.46817827142065327
465621525707181e-29
.1759446944513293
.24238383381673298
1361440478104514e-21
2523282418365869e-20
.012771229455116148
.003879262866373462
12557196546408902e-25
9251784307491814e-24
.28872305237522816
.29557067431561707
5.590922856957028
.3148776455487854
2.2218250214876707
11686141872610346e-21
1.4813977114673402
20.952576762564938
.7206362246482712
.02261297774071899
.014693789734794632
.1863326561093043
.11203828400078897
17.88921137454888
.005111541756582693
.9562350875859432
.09199128710346466
.04270657637315469
11686141872610346e-21
1.1958794221248845
.046744567490432085
1.409342399032025
.15286906864563862
8.623457117301578
.08793552332646801
7.4449305708525575
1.2273279906855141
.0011822466448737836
14.85116194031111
.07767466713936266
.003665162214275013
.09762787610076182
.0843047188094118
1.1067752872792889
.12494851306588367
.10092687923097557
.15032775109850996
.07264025065886776
.05077630306749457
.21999580760827844
11686141872610346e-21
.1576610918308686
20.77719444310887
.6459225389252318
.22151189116319683
.23355816777389535
.02492265224726091
.04118164574418595
.10045237247364198
.02391758844249772
.0338881125781769
.04703913876492091
.09386413026153821
.5603892988230822
4.51162945883013
.0094978733386246
.12462856903735188
12.950519170871239
.6047264153504134
.12463144960837218
.0876566532783027
.11400687214354825
.9130102364370872
.012609060347588855
.19980538922781801
.012485968668238704
6.544284673902716
.35174209330587203
.08793552332646801
.05979397110624424
.0016088245201075835
.0033852523247921784
1.84614112794371
.006728985960071861
.0871751012781522
5.901891970988283
.002528487060655416
.018750101240806026
5.858506949670778
.07944306802211347
12.979106504719315
.05640940133995428
8.333820058650868
.0009306163213565682
17.703935704148037
.02839850316529128
2.500776019617907
9755352426592387e-20
.24566074496488682
2.7414663911791406
.007738976672725111
.4001867612876162
1.0874297262541175
11686141872610346e-21
.11360500856363095
6.190945895818219
3.336102231676909
8.554692983280027
.02391758844249772
5.219661263844999
.0035073016199851617
4.664044060851912
4.113419919402037
.0009306163213565682
.0019814916378551196
.0047697623791280305
2.2331791310775024
.04105687718479131
6.679093167976683
.35876382663746564
.23917588442497695
.1104959468142839
1.7428936890533138
13408431325709562e-22
.0011221633145575706
16.347790283900736
.02130993325257741
8.096745598946576
.0010457333837783883
.0017588592699746177
.16963925463938043
.2453975678737851
.024105617764999913
.10106436324934198
.303310105180306
.17183968349812437
.7643453432281915
.7643453432281915
.7643453432281915
.7643453432281915
.7643453432281915
.7643453432281915
.7643453432281915
.7643453432281915
