2.8630965158131896
0
0
0
0
0
19270150065960045e-21
.027332450467612644
7611820511061575e-22
1970816397425128e-20
.005072546899261569
10178627596953067e-23
.025899090699235086
.02114260469377937
.07031155553755256
16224321160077105e-21
.09970274169208333
.05360139842116846
.04803433226707843
14404506336496978e-23
.05102394703030533
13478353797387565e-21
.012588848056715864
5712092373917213e-22
.0072907135236393375
7199967679763042e-23
25166549033880415e-28
.19962277662918212
22294546188789673e-22
.3353234240490144
.0016241458586899462
4727035545388229e-20
.002495396962524825
.7339557930378181
.7881570470966952
.019241357363549875
.00022794599786705742
.0016336263113808948
.0036105749605370757
.003722015382687421
.0002082024672738016
2367942102128194e-21
.017637515578143432
.0002485532294875117
3.933116262107106
.857789440131998
3324031890704815e-26
.10892768016461342
87794271788028e-18
.004373432208654929
.01953934496002077
.009294133809982678
.08292547104883936
3018129653922206e-20
.08285235571732638
.06207451218166113
.00011815705417130806
.12023513503808582
.06369851443651223
.0003822673403733181
26080912187405897e-23
.07643022117238646
.036811603262798614
.02419808317222826
.030616874930024754
.005553938969972593
5822075133670609e-20
.06264723744563681
.3314065194104868
.08560746182110784
.5360017278936495
17852169685930328e-22
17748045073551374e-23
2839358512983191e-22
18850485062995049e-22
.004653631358861565
3739819800531508e-21
318704100989612e-20
12356981818774614e-21
.1133665118246079
.10146276482554477
.0034878771010598466
.028249772604966805
10139399090038084e-22
8320912934791232e-25
5599974694904008e-22
11791902350462576e-21
37401318388508265e-22
9822268179816442e-24
.03282462306173235
4972561509625771e-22
.0023519548449870077
.23160953266153644
6479675655974599e-25
4252506075386809e-29
.045582245264918435
37033645186018185e-24
.00761849294636426
.007624930777582699
.0002064833321992015
9173452221786352e-30
12957864923033361e-22
11999915831215613e-28
23758524196142617e-23
.011814296003533625
2275310235116508e-23
4184553219121425e-21
.06707039007965629
.003523061852970863
3343451921316295e-21
6360388828636027e-21
20302472865918676e-25
6892560643661852e-30
24824189651282513e-24
35965188279523405e-32
4581918591684717e-25
5639081650078949e-21
20342707171372698e-33
.06660287786145552
119217812310287e-26
50732323855933603e-27
.32934747577479645
1.1456880719725304
.052815143718715575
.09761897225296755
.2612293664385604
7362978638011173e-31
.07683995509501107
.08829641581454109
5605156328036592e-22
8155510133137639e-21
.005978996393983537
.0014698965750883878
5277909788266686e-25
31127613081829528e-25
.2853730109262114
.2845696064577739
5.509951755215784
.3031579769665728
2.202462035593174
6520514991500683e-21
1.1868055425361386
20.172727004819652
.6101147387214672
.012617360114924033
.009543115221669802
.10396800679054444
.073306667977598
17.223379323685247
.002131178886378821
.9020318323712607
.0513283659555283
.02382898261140293
6520514991500683e-21
1.128092161058085
.026082059965995004
1.3294551968875628
.11418467521023799
8.302494162717883
.08666198827901568
7.167832084690077
1.1816471445033785
.0004929195941322034
14.298405342751222
.04334012346102518
.0020450500622857574
.05447341275185097
.04703949248976386
1.0297055666739447
.08194824570355942
.056314157079795826
.08387835483786157
.04053107078201934
.028331646917666337
.1227510308546851
6520514991500683e-21
.11776404948034509
20.003872372191328
.49368000205422113
.12359695978965746
.13031841911199687
.013906088885255203
.02297811727572573
.05604939660892909
.022561843221161726
.018908545566913213
.02624642185996409
.0523733559977589
.4614399513096203
4.343707719161748
.003959992520591311
.06953898571794151
12.468504030083212
.4516969321498421
.10771365097350807
.04890977090955762
.06361239894651838
.8612571398380574
.007035475687479879
.11148538585657324
.005205833008687595
6.300708006679735
.3466479531160627
.08666198827901568
.05640460805290426
.0006707746923376296
.0014114290018976637
1.835399529462951
.0028055474234138103
.0486410794055126
5.682225002291749
.00105421387416221
.007817566946484812
5.640454760805269
.04432683786109779
12.496027350391154
.03147474599472663
8.023637324208229
.0008959790105862585
17.044999568202915
.01584550894931855
2.4076977507646613
9365646046084935e-20
.13707129246145394
2.639429685849051
.0043181157616825686
.37750256423480694
1.0469558590923727
6520514991500683e-21
.06338817117947769
5.960520411078125
3.2119333265026766
8.236289412864965
.022561843221161726
5.025386754401621
.0019569686079566545
4.490449487154071
3.9603194409262015
.0008959790105862585
.0008261525275987359
.001988679220382542
2.1500607526504543
.022908500179607362
6.430498961735138
.3384276483174258
.22561843221161704
.10423259161730747
1.5063087454774138
5590439656289433e-22
.000467868771682008
15.739329547207548
.008884849616953799
7.7953867176301195
.0005834877139409894
.0010403295671576167
.0946535918424565
.13692444757572406
.013450208266292809
.056390869018821316
.16923789814131285
.167913545425435
.5709233760511879
.5709233760511879
.5709233760511879
.5709233760511879
.5709233760511879
.5709233760511879
.5709233760511879
.5709233760511879
