2.8892192339662848
0
0
0
0
0
1828886958990878e-20
.02635954313179165
7492460825937954e-22
1836345809574641e-20
.004814181962906125
9964849987825072e-23
.024915357766345365
.0204059155436366
.06725332173902765
14442275073361985e-21
.09424537635021413
.05084177085013339
.04558730839974392
13049597669493375e-23
.04843950944829613
12099057453196574e-21
.011519333884960301
5562276676320106e-22
.006872141916239844
7242958291956671e-23
2362080344638624e-27
.1846826313106729
1984292952105075e-21
.31602024846634047
.0014310919499080895
4287982890483498e-20
.00236524598278281
.6965954231804404
.7481830477373093
.018572706839999075
.00021282529179154534
.0015484382175801354
.0034355532143912617
.0035276957057240937
.0001948875620608652
2247522786859238e-21
.01718197339637328
.00023436895380012278
3.8389097959908627
.8145376424058558
29367591531385184e-27
.10338137899623207
7975214542795025e-20
.004106713777494695
.018477135910495244
.008817503623890253
.07869343141368884
2709234251117653e-20
.08049654798206357
.05860566997547425
.00010523258330505627
.11460506898707495
.06066233804262799
.0003524682462051717
23563226501426537e-23
.0725533685982193
.03453540798739685
.022871505561069795
.029039317828675904
.005204894964357836
5183722320750928e-20
.05917574654522988
.3182174707093587
.08187922036609052
.5256292676073954
1589064191980296e-21
1578796627173921e-22
2788211831097317e-22
1677374085513756e-21
.0042297583055922435
3577990911105574e-21
28367295306184574e-22
10999675511702696e-21
.10677260798907687
.0962321992039766
.0033365152908779354
.026782890009509796
9033027069289555e-22
7829137911764717e-25
5025190653048839e-22
11173930877718308e-21
33757637203896216e-22
9717264188538084e-24
.030740574247288908
44691223821959635e-23
.002233312494690845
.2189628066352914
5813352794028806e-25
40194835868111075e-30
.043162351501462956
3313315363217099e-23
.007181022379907772
.007187029645425111
.0001940876325990028
7370343089051048e-30
11636673092253526e-22
10193589872074723e-28
21325359605558246e-23
.011775442285967495
20255337094660223e-24
3724779620196399e-21
.06319653245109717
.003343562840941265
30142146769734613e-22
5747890136967344e-21
1758214934037123e-24
5613539144647546e-30
22065538231552982e-24
2865636793960822e-31
38562746913047476e-26
4819966309864156e-21
15429402284939065e-33
.06276020364465545
9696846891765659e-28
43934577070986026e-27
.3125829660342439
1.0873700332596639
.0501267369251363
.09264995220097609
.24793221804574153
6264859156934045e-31
.07292692617754647
.08298740397104687
5297975367835916e-22
7603226510185916e-21
.005689184809150889
.0013823320485618254
4997244243600441e-25
29105599317116536e-25
.2850749779127452
.2836048603996253
5.502759707301374
.3021302127337182
2.200736682895259
6188606459846473e-21
1.1634783358211147
20.104337554863072
.6010878298544283
.011975108778249591
.00918136450986924
.0986758069385626
.07057468490219226
17.164988733357077
.001970559859328906
.8973314173303492
.0487156394149535
.022616035069732712
6188606459846473e-21
1.1222137638983831
.024754425839378473
1.3225275132078849
.11124049718718292
8.274347100155627
.086548869834472
7.143531746241241
1.177641131918365
.00045577007743540735
14.249930980489076
.041134016005032456
.001940952523331031
.05170059642304449
.04464507902665725
1.023072845716224
.0789109915077947
.053447642822553425
.07960876238571717
.03846795027586783
.02688950387527691
.11650273383165446
6188606459846473e-21
.11472757960601544
19.936055372129363
.48194106037279466
.11730560312623706
.12368492540922316
.013198238424214281
.021808480648081142
.05319635924104882
.02244427527796769
.017946059075737077
.024910421352017518
.04970743716931088
.4534829276415671
4.328981709058371
.003661542611084504
.06599929864223494
12.42623338753721
.44005021880351625
.10631591314733604
.04642015616788538
.06037438815184008
.8567691984274476
.006677354525583293
.10581053490250128
.004813488734734625
6.279347386729299
.346195479337888
.086548869834472
.05611068819491917
.0006202208983123759
.0013050548469715276
1.8344408674212451
.002594103747628954
.04616514165142349
5.662961159463587
.000974761694970349
.007228385998387142
5.621332527182402
.04207050447538688
12.453663398460833
.02987261230729305
7.996435640314791
.0008929414682801541
16.98721371977989
.015038937748188357
2.3995351892628305
9331523587632543e-20
.13009406267636325
2.6304815082243223
.004098314187138051
.37553542885528557
1.043406476040937
6188606459846473e-21
.06016157407052991
5.940313092936595
3.20104425070027
8.20836679722185
.02244427527796769
5.0083497203967235
.00185735460844788
4.47522599404821
3.9468931913094494
.0008929414682801541
.0007638884839626416
.0018387998632183604
2.142771630450374
.021742407215029392
6.408698325319726
.3366641291695152
.22444275277967668
.10368944399899865
1.4867622470306632
5169109009615926e-22
.0004326072423120846
15.68597017293149
.008215231543088132
7.768958847481964
.0005537869080039021
.0009925458924068124
.08983551616512478
.12995469251777805
.012765563129838429
.053520449955428345
.16062331749154096
.16756643665586984
.5562024859359125
.5562024859359125
.5562024859359125
.5562024859359125
.5562024859359125
.5562024859359125
.5562024859359125
.5562024859359125
