2.91534195211938
0
0
0
0
0
17357586852613935e-21
.025425578701352976
737562315640055e-21
1709459381267175e-20
.004568984318301423
9742789702494963e-23
.02395507538824078
.019681581142907394
.06501207953275928
13099144574753808e-21
.08918720878800555
.04822458223432443
.04326477283621916
11822039670301685e-23
.04598606092842474
10850788036443953e-21
.010747981669165897
5416444569990197e-22
.006471567645801467
7362438678397792e-23
22150642414133176e-28
.17159749823042938
17995134039734612e-22
.2975524483367834
.0012664167208970886
3889775770521572e-20
.0022420387376280576
.6611368350830514
.7102596189932343
.0179156819022298
.0001987413632544152
.0014677934046622217
.0032667628175230526
.0033437630608541104
.00018233335974915873
2133221059204015e-21
.01673821617538768
.0002207851731349185
3.7469631339905396
.7734517322699649
26055205722134225e-27
.0981175331023745
7326401453756234e-20
.0038562413009880464
.017491820569191487
.008365487623578968
.07467810822732876
24296925968225347e-21
.07822038031916596
.055964049954524156
9547018413604543e-20
.1092226032265749
.057686496760110145
.00032871106677391775
21384859468941275e-23
.06887290593980479
.03239915491763434
.02164218306802517
.027543635530901195
.004877860899959245
4702472241726327e-20
.05652655581074433
.31133060505369803
.07919009959980058
.5154573517552922
14412472370187825e-22
14310815707101853e-23
2724927893993754e-22
15208268941544171e-22
.0038876414076587547
34176406312846736e-22
2572741586687843e-21
9976760380810634e-21
.10047116588577258
.0912733057568558
.0031852728137945372
.025393076823284122
8043564668821612e-22
7360175903984792e-25
4515463668612117e-22
10589199889357028e-21
30779545554300873e-22
961981460106103e-23
.02880806795656244
40217947428628503e-23
.002120591187538149
.20723801381288565
5222612523218114e-25
38002219887161235e-30
.04087484608258361
29622259169836414e-24
.0067623689985692546
.006767985090205275
.0001825150629510265
59265079755151685e-31
1045459841376719e-21
866244388159736e-27
1916694367845991e-22
.011736716276456276
18372966106936428e-24
33782856358388565e-22
.05957299545647214
.003173216974746368
27455782140543062e-22
52949519178031245e-22
15695704535985117e-25
4665774587512674e-30
19639904443157912e-24
23284439115495114e-32
33081337948923136e-26
4163069184417836e-21
11929073366569945e-33
.059163294787074536
7982912518804548e-28
3878611124064546e-26
.2966718036150381
1.032020500210965
.047575175453698604
.0879338652807438
.23531192129595732
5339710098133603e-31
.07046176676333095
.07946771956400656
5100416658110452e-22
72271618934433664e-22
.005514000633807868
.001325408180644107
4817605259264134e-25
27736621775096014e-25
.2847772561539305
.2826433850173578
5.495577047046862
.30110593282055537
2.199012681794731
58735927411514594e-22
1.140609635875038
20.036179958379854
.5921944779441674
.011365549328559283
.008833326653235475
.09365299072127162
.06794451684118663
17.106796098432678
.0018220459628546899
.8926554957721345
.04623590591916891
.02146482900166579
58735927411514594e-22
1.1163659985909462
.023494370964598714
1.315635929127681
.10837223283964442
8.246295461583827
.08643589904154275
7.119313790643516
1.1736487004914509
.0004214203520130242
14.20162095569809
.03904020386320694
.0018421537588350011
.04906892203178301
.042372546032861134
1.0164828486081645
.07598630712062092
.050727039916187155
.07555650079135899
.03650984676006
.025520768819238853
.11057248771557547
58735927411514594e-22
.11176940309130967
19.868468284824818
.4704812522880499
.11133448919221664
.11738908990045793
.012526418977750671
.0206983808812572
.0504885472232242
.02232731997181895
.017032565086088785
.02364242596157322
.047177218980272606
.4456631140442916
4.31430562297973
.0033855855232019
.06263978877010944
12.384106050651686
.42870380822790743
.1049363129548427
.04405726783240518
.057301198630249586
.8523046433166281
.006337462452335975
.1004245452951459
.004450713676546829
6.258059183415229
.345743596166171
.08643589904154275
.05581829992954732
.0005734771153985856
.0012066976316254141
1.833482706105891
.0023985956266273133
.04381523411730333
5.643762624791477
.0009012974676501085
.006683608957101971
5.602275121632973
.03992902300485629
12.411443068527864
.02835203045237764
7.969326175395132
.0008899142238304386
16.929623776568516
.01427342264619926
2.391400300424502
929752544971853e-19
.12347198794439804
2.6215636666538233
.003889700955573326
.3735785440591619
1.0398691260850927
58735927411514594e-22
.057099217255071034
5.920174281515059
3.190192090972611
8.180538844650693
.02232731997181895
4.99137044523493
.0017628111622069907
4.46005411153076
3.9335124592777917
.0008899142238304386
.0007063170000576689
.0017002162362201386
2.135507219785493
.020635670731682543
6.38697159728167
.3349097995772841
.2232731997181893
.10314912667900927
1.4674693921656268
4779532150692258e-22
.00040000321513951385
15.632791697262903
.007596079558881156
7.742620572929203
.0005255979329273943
.000946956977293912
.08526269024677356
.1233397120342865
.012115767810188012
.05079614100541161
.15244723635268684
.16722004542518584
.54186116419822
.54186116419822
.54186116419822
.54186116419822
.54186116419822
.54186116419822
.54186116419822
.54186116419822
