40391721208345737e-21
7.165847434205238
11.083455318102846
49.896771927667956
1.9113903039387359
57.93370684728688
.004475056794737478
37.80325339468457
1448498147396828e-21
.678390664557721
1.8598998814743375
.015024301092418167
88.99630564849727
1.3196610872920673
31.586145545870586
3.0246424442284723
13.63922071238972
66.30798859767145
21.619764066117828
.007229411565439801
63.47333414996476
7.025495264622222
47.75496919334148
4246125346159223e-21
28.63149812067812
8365134139434169e-20
26805183114261483e-27
13.284085441405596
6.559518565132913
1449.0763864338392
6.024347523030458
.5226834889087543
10.636782213205358
211.64594840241952
79.76666655472911
1.1877526482884144
11.037484390448961
6.2657150720512975
1.0865553399574193
33.07902190269627
5.714558061052277
.0002791693876606121
.31740376631052
3.4294037576309977
46.462149792286006
266.22325437071964
17890582524180988e-23
19.812381682762563
1.1340569293716256
1425573327817183e-20
1.0092249717374098
.011174117120386233
36.278357384041776
107.46723987994497
.014742470128504253
1.140868671614588
3.2212498413112716
.00014380115005766154
.0017586977677869853
.037651812839137995
11050950596243696e-22
23.69173403312211
.06083654724099186
4.02788640920726
10.121051110948617
.01099493641656582
8.156950592426835
.23738209830415605
.06003497612503599
28755377768477656e-28
12100931205959352e-21
7.898299307919016
2.2786668627428255
52.574979826299085
1.6407496281964271
153.1097704756284
72.12725378018398
2.1454615573961924
2.4815701011323883
250.88557025137405
33.64303919885048
225.11188533463223
10.318591024877655
18.286106808374566
.0032017886351327655
191.46671717024518
16.090926119685758
.016607228514794882
3750618846970622e-20
24.597512953503834
1.3148419414648789
.2299806708637029
26.265746407936597
3.784458138855102
8141447955549242e-23
7.561833828078757
2.020863280384578
127.52075340052407
334.78758592430785
.008266700589587261
20.969963939695
1.9279998847388136
10.403027357137457
67.48553529681088
.012503013359134034
.7646994035823564
12.082645260663877
54.18413302927262
.8365924013035254
85.03607059010163
.013974804149531795
.002898462152429941
.0006190870282434968
.9419570617737891
.0003438208798966006
.5147558061341138
1015.02445275568
15.809342419019137
10.173312059850726
.011021381355101606
.00010092413769987568
101.01069362056379
351.3819152569022
16.19837616228204
29.93968626784268
80.11890613689093
.0007044040932546422
1302.417745444927
304.697302154685
152.41552772828888
332.35823026924993
334.2935544562153
74.49918345294472
.24614559285968454
.316797018898555
.3199994829863865
.4128875135466091
6.357967012787132
.43985773772407977
2.3999970917978364
.0019998384396458582
10.453768049153828
29.268997480623085
3.1254886357096923
3.8697375587017397
.6593315601778628
31.886931744523206
4.709209709452746
24.98973222174268
11.43516853998688
1.59920364065115
15.742382222243355
7.308336146157819
.0019998384396458582
1.9999838433768262
7.999353758583428
2.3569784509224836
1.9999192181902783
12.046248416162069
.09999979804159806
10.399945390536407
1.714474561976263
2.6448359973939195
20.745831233126065
13.292392547115778
.6272157538002331
16.706966382540283
14.426987037853085
2.0907709937030727
5.143045123636574
17.271521677539173
25.7254462995134
12.430857601823462
8.689300866309251
37.64767511912674
.0019998384396458582
2.0626111633107835
29.024003047505104
6.901522877552809
37.90712106835026
39.96858902613698
4.26498997918326
7.047376205498133
17.190319783577674
.03999967686753652
5.799240751964847
8.049763463031987
16.062880105959305
3.105012738385416
6.302369047989052
21.24794975190516
21.327569505477868
18.090792234309966
7.911371414253134
.4507911369278385
15.00060042292492
19.509888531376173
1.526914576778407
2.1577766080371443
34.192507859474134
27.932698764038545
9.141818393199385
.39999919216639224
.09999979804159806
.09999919216884126
3.5991449184493467
7.573239685389195
1.9435638183111215
15.053596785625436
14.918192883208459
8.244449510305445
5.656546902424174
41.94635944329073
8.18384426379909
13.595017322731001
18.130726348946883
9.653287662153845
11.641649667473109
.0012999931738170516
24.730917604732298
4.859809069362087
3.493374960380714
.0001397249982287472
42.03969164916099
3.8295992806000165
1.3243637808224438
.6692706991198212
1.5190483862086188
.0019998384396458582
19.44111799586583
8.648233669814035
4.660255820587638
11.950190671654443
.03999967686753652
7.29143026714215
.6002012191480798
6.515279500633532
5.7461036235327905
.0012999931738170516
4.432848623470145
10.67056463560461
3.119564486124145
7.026024679573979
9.33013458543343
.5999951530130476
.39999676867536504
.18479296850390575
6.304035057776621
.0029996364965499105
2.510421951438753
22.83649586661492
47.673028984836364
11.310476473720502
.17895536793051525
.17998691355841717
29.0302056913956
41.99465440171292
4.1251716386268455
17.295049187973763
51.905172304498876
.2106605292132173
9.999596090951389
9.999596090951389
9.999596090951389
9.999596090951389
9.999596090951389
9.999596090951389
9.999596090951389
9.999596090951389
