.00012295797311148954
7.165687706602485
11.047750703494922
49.6867225458046
1.9379154092541224
59.09643729761415
.004478279460121927
37.768523085760066
14331198862388356e-22
.6769035722348936
1.859531369332006
.01751433542635224
88.98104633572581
1.5351272303016796
36.58603884728801
5.32954978937642
16.36762656988209
65.68093866824226
21.60103881269675
.007228155468789037
63.46992605710212
7.019970187940816
48.36374765930415
4224166856188256e-21
28.634437610032382
.0006314889587070723
8052961638665395e-26
13.286561414945062
6.489840030466884
1441.0028195450463
6.493304832800034
.5243008412235842
10.6338971413303
211.56000506599932
80.1278464807903
1.372642285811622
11.026173205631702
6.263862582033508
1.2679662564232126
33.06552132245858
6.62726756402886
.00029689147623243573
.3173768491012778
3.392190566068646
46.54148125623266
266.1638785076871
1789248601818477e-22
19.85610902319762
2.2972915513794265
.00010672267725718347
1.1041423721767265
.03401264383869619
36.27294681698733
107.04943118299744
.04477384504113731
3.440945843279349
5.636031977654018
.00016053220851290504
.0019027308602655615
.11428829060833577
3351344648409285e-21
23.688973776878317
.15183445710793134
5.050092132907396
10.05132144385084
.027063793011983136
14.037335050146671
.5904600240011812
.3111387899131671
11935487492665062e-25
9205887122197765e-20
7.806716855534477
2.2438376870160437
66.88016810109181
2.7980288545603034
152.97352453572665
123.56477814771779
3.6303912743525477
4.220834145385224
248.5934276852267
33.41184262688123
224.20695570320493
10.195237369673864
17.932575171191996
.003172886163998533
187.72640344743587
16.079967121779593
.02845666564499064
1647789707108489e-20
24.9552170254694
2.287044521834611
.06732333828520332
30.384709062667955
3.7012692068509985
20948627746372423e-23
7.548424433664565
1.9778085355793014
128.25180000017167
298.81148026122185
.024872694014656832
20.591518104363207
1.9101752306997148
10.252131758316235
66.5506423872795
.01271077964160718
.7536231989738271
11.963059752183659
53.58923640529482
.8458808105063775
83.14868920262165
.04229219635538761
.00868955434745569
.001864305549797989
.9365161660712298
.00033500867237210247
.5072727257895209
1011.2821607847781
15.405738085519346
10.219390827825046
.01093818736509763
.0002995326534705431
100.99401484895658
351.32389547205156
16.195701504711298
29.93474266067244
80.10567699362915
.0007130760508916694
405.13547332357547
85.33033972832894
67.27502989490962
150.86466333267626
245.57069485549673
54.26062455579652
.6328413490384842
.8155440097637321
.3199984261418148
.4128830817957147
6.357940765166013
.43985301648679703
2.3999911470422655
.001999508228582152
10.453112159180042
29.268683320224667
3.1253413866330466
3.869098592008134
.6592510312604157
31.881666610379895
4.708644423548159
24.989463993073887
11.432336413739751
1.5991772328190628
15.739782857876802
7.3071294019504345
.001999508228582152
1.9999508174155474
7.998032914328601
2.356939529868539
1.9997540991730463
12.046119117090436
.09999938521202445
10.399833762149083
1.714456159569012
2.6441809559381353
20.745608556602555
13.290197722276343
.6271121886436034
16.70420774712698
14.424604870053221
2.090728289814019
5.142431218085658
17.268669823393406
25.72119854288542
12.428805032660819
8.68786609876751
37.64145877754599
.001999508228582152
2.0624408682683044
29.02369151676794
6.900997933613144
37.90086188734751
39.961989457874104
4.264285748856548
7.0462125507013145
17.187481337396893
.039999016348310934
5.798283187883952
8.048434295183714
16.060227821344295
3.104842034522212
6.302301401163349
21.242687312966932
21.324047921297336
18.09059805579395
7.910718228933947
.45077252724469047
14.998123540730992
19.506667080624435
1.526889362663875
2.157420318401514
34.18686203120759
27.92578072614114
9.141720268987557
.3999975408480978
.09999938521202445
.09999754087077732
3.598253525134494
7.571364035650077
1.9435606088581754
15.049868490198818
14.915729608054384
8.24436101805201
5.6551459563083
41.93597066894644
8.183756422055408
13.59277252883053
18.13053174179585
9.651693722201504
11.64152471118445
.001299979220268636
24.730652154064476
4.85900662317924
3.493337464047944
.0001397233862818089
42.03275010277296
3.829558175384965
1.3241451033712408
.6692596473764446
1.519032081419001
.001999508228582152
19.43790790042722
8.648140843521059
4.660205799474809
11.950062403623908
.039999016348310934
7.29135200417331
.6001021146008905
6.515209568521743
5.746041947412695
.001299979220268636
4.431750748358626
10.667921877339133
3.119531002106712
7.024864550316997
9.330034439919373
.5999852452246638
.3999901634831093
.18478991699654349
6.3037748128752265
.002998893582335397
2.5098002000517767
22.836250749827272
47.66122189723674
11.310355072097588
.17892581902234903
.17996016602534615
29.025412256630606
41.9877202918243
4.124490494946557
17.29219344899205
51.8966017810912
.2106591513849745
9.998770495865228
9.998770495865228
9.998770495865228
9.998770495865228
9.998770495865228
9.998770495865228
9.998770495865228
9.998770495865228
