.0002977179622304844
7.165349112421909
10.780256828276222
49.25290958799813
1.977637508964799
59.637702052327114
.004485066242651171
37.69142864686692
13212422643707827e-22
.6713627744211814
1.8587519991235344
.02241476237401629
88.94875128484057
1.9569072808418775
46.295179170095764
9.326914049316313
20.575891674905673
62.55987439956613
21.56013613717531
.007225497268363141
63.46270338666085
7.000981365102414
49.4705250245238
4053989247485724e-21
28.573739300884053
.00352984343587309
17553924217159785e-26
13.29040062089184
6.5249041281493625
1421.1722608518667
7.416084415755372
.527688924170023
10.627883195205463
211.38118089411034
80.88819107143772
1.7276489514737057
11.001266921353688
6.260003753459226
1.6264272533076924
33.037617895986095
8.396550476512708
.000330437759190032
.3173198838741427
3.282462457872458
46.70476874444474
266.0381165642431
1789454387705173e-22
19.950594276020432
3.791613987886325
.0005549214091132281
1.2251855615939387
.08223366174840568
36.26126626638997
105.50728214390493
.10700803178097038
8.108682688909646
9.562914999846775
.00020336137297398665
.0022570692974055056
.2728623930535264
7987025209091957e-21
23.68377672295363
.3577442565948275
6.819409278929784
9.550246540034589
.05768082628147533
23.386831890643606
1.3815515501917568
1.2291584421844604
15965223718462107e-23
.0005231226454391623
7.9907648068031945
2.3211599686108233
93.0879256552929
4.6251013055986485
152.71516592524148
202.05092764117447
6.0940391309246476
7.035171249351261
232.58603976595288
31.701451979978255
222.84723205475285
9.348507072987413
16.02318082287227
.0030282537442173005
168.68062589983208
16.05659231142535
.0485578146184107
2481234645662384e-21
25.27611860209026
4.066670063740639
.019467782431198146
36.185590125646186
3.3154456477308014
32368326378870184e-23
7.012706673173631
1.772126292210726
127.98609918745348
236.5305044358598
.058309178873134075
18.697871958685177
1.8713477456999954
9.727372200031734
61.453925182567396
.013119507573263882
.7584457776023965
12.16355679626728
49.882815552438764
.8638618378691889
73.72326302892708
.10254918933810486
.020997412109488838
.0043511221904685895
.899664100150334
.000333367913038945
.46913011388059334
1000.845660490626
14.83787070695371
9.676620316383527
.010761330512736427
.0007404329684263822
100.95872159129303
351.2011222088556
16.19004177262616
29.92428169833329
80.07768335160316
.0006814242951895435
133.90072576607966
27.798273392292373
11.380873147728302
26.51736444692391
193.6626927138259
44.231082814181455
1.0963577025133129
1.4351206600013704
.31999618923277445
.4128737016946927
6.357885209725788
.4398430236682211
2.3999785644024474
.00199880948262956
10.451724036121579
29.268018378456816
3.1250297416538935
3.8677465010576197
.6590806159390998
31.87052527813257
4.707448161419966
24.988896268923707
11.4263442397036
1.5991213393567012
15.734282450621958
7.30457586052375
.00199880948262956
1.9998809163605271
7.995237930518232
2.356857151562872
1.9994046527039542
12.04584544684522
.09999851142126846
10.399597493104404
1.714417209627289
2.642795028171698
20.745137246654036
13.28555334435639
.6268930387059477
16.698370313008073
14.41956406345557
2.0906379055046402
5.141132065348514
17.262635132976396
25.712210041052444
12.424461676085443
8.684830046609086
37.628304634645005
.00199880948262956
2.0620804676173314
29.023032140856305
6.899886967307295
37.887617093720266
39.94802438486662
4.2627955562356235
7.0437501889913054
17.18147501901916
.03999761832721052
5.796256926200403
8.04562169816207
16.054615431743965
3.104480753140293
6.302158222073625
21.231553116529017
21.316596042897988
18.09018706380907
7.909335872696134
.45073314046454566
14.992882312927696
19.49985030214045
1.5268359957628395
2.156666388663204
34.17491512789673
27.911143636035465
9.141512582445245
.39999404568507385
.09999851142126846
.09999404581802632
3.5963675273324283
7.567395561547256
1.9435538157374301
15.041980213651424
14.910517173544436
8.244173718202195
5.652181853648647
41.91399024206527
8.183570499053564
13.588022413450526
18.13011984257591
9.648320851898875
11.641260232733636
.0012999496866380508
24.73009030974154
4.8573086000538375
3.493258100519233
.0001397199744911727
42.01806138402161
3.8294711734124007
1.3236823690756778
.6692362558234991
1.518997571227115
.00199880948262956
19.431115150450932
8.647944370382922
4.660099926400543
11.949790915647032
.03999761832721052
7.2911863552973895
.5998924035740861
6.515061552469193
5.745911405725908
.0012999496866380508
4.429427879191035
10.662330365492416
3.119460130915251
7.02240964885579
9.329822475153938
.5999642749081578
.39997618327210527
.18478345833263898
6.303224013131163
.0029973217345860906
2.508484706958292
22.835731943539393
47.636240622539425
11.310098117337636
.17886329180187105
.17990356522223144
29.015269067897133
41.9730473091413
4.123049155021745
17.286150538034647
51.878466051550575
.21065623509909465
9.997023263519768
9.997023263519768
9.997023263519768
9.997023263519768
9.997023263519768
9.997023263519768
9.997023263519768
9.997023263519768
