.0017705527083745564
7.162617963380826
8.402936298659826
45.61053410292253
2.0416859751097824
56.92578131084064
.004537537487702922
36.909582091732524
6922587584253769e-22
.6016110134591528
1.852219566315854
.04854909250181061
88.67665316074296
4.187596841783716
94.91302497867133
25.071310281277217
30.391825828568876
39.03324624746531
21.12791614354551
.0072031168264289885
63.40124898480956
6.754188904940355
52.67266781664884
27572664182633944e-22
27.262507135549978
.10080774595650469
39010754714313055e-26
13.289112319216665
6.629179022979397
1218.8131345697898
12.608876802822238
.5542804482874504
10.58075921917143
210.02948189538185
87.04173386804432
3.4648870338052014
10.756102509766059
6.230030396482993
3.598755503784906
32.82838265396001
17.295939939983903
.0004917500617643108
.31684021439295307
2.3064423196280446
47.86948210863391
264.9732959830264
17852112477518204e-23
20.762509915014626
6.249540668791212
.009604392860042743
1.456424300386864
.47636902159264116
36.15170426744702
87.60182609923683
.5247074142051172
36.272216655830704
22.310341013728678
.0018467802200005917
.011771956410137533
1.3287623078967679
3867731634534083e-20
23.613892530532787
2.2027439528538775
12.171783874724142
6.031858992241489
.1677184422961745
52.37989740822555
8.086325479539454
13.452499123705396
.001888373019133549
.016919457610907948
9.465050193031724
3.000905553420612
184.4529342075262
10.277267819168351
151.27004136730872
405.5057014296726
15.2300036696171
16.601324626772197
130.74733269633032
19.795469641865527
208.6779759235382
4.749383087149427
6.115168676260827
.0020057327275318734
76.1856581582572
15.851867400713362
.09280731969915211
24729188418655834e-25
26.031827237388224
11.137868938286417
.005589190832211289
47.57473695241268
1.4744815920956647
8303432365526099e-23
4.001479707510525
.6500194611801088
105.5485271525745
112.68413232700658
.22891276976797348
7.895363357468068
1.4810482223000192
6.140515495189747
32.28777782929794
.015422183061332346
.8137163786002972
13.742347684999716
27.117196115215446
.9582632470987662
28.56436086150705
.5412071919931484
.10523376078353656
.016205297459056998
.6237015361141752
.0002892062055041047
.24239258652134754
878.8186659546044
10.447471952935322
5.8257589451968155
.009083485507146445
.00441838654755423
100.66176814319866
350.1681219631043
16.142421431823557
29.83626435330351
79.84214803764651
.00038045903672214267
92.72233420671091
21.187987234982415
.026840769557906877
.07136580591478633
88.21782130713999
25.394962183758444
.6745879056728347
.9772459376437733
.3199773377278375
.41279465694685313
6.357417021252662
.43975881563861763
2.3998725235905836
.001992930313810907
10.44003259289386
29.262415010833774
3.1224045077136924
3.8563701618791826
.6576461459542423
31.776783378227844
4.697378421025707
24.984112140033318
11.37596826443897
1.598650360433138
15.68800265078537
7.2830906539515965
.001992930313810907
1.999291904296176
7.971721255243621
2.356163001583807
1.9964620275920435
12.043539267468939
.09999114762830386
10.397606488208474
1.7140889841300717
2.6311435870654463
20.74116558622659
13.246476077793734
.625049136104014
16.64925480754359
14.377151291174284
2.0898763237104476
5.130196152380581
17.211859935498328
25.636581810925605
12.387917168812793
8.65928504972517
37.517627175272665
.001992930313810907
2.059045599333622
29.017475675894513
6.890531115524156
37.77617690946748
39.83052385198875
4.2502572453399114
7.023032158164765
17.13093854064635
.0399858380859235
5.779208191300172
8.021956827334922
16.007393425213568
3.101437631011474
6.3009516726967485
21.137948357894885
21.253896787233877
18.086723694093436
7.8976953024263485
.4504013349379604
14.948783219461347
19.442494704790608
1.526386306576632
2.1503229097600602
34.074395244863325
27.788090185875017
9.139762438142071
.3999645905132154
.09999114762830386
.09996459521480877
3.5805120167860274
7.534032753318394
1.9434965659088133
14.975663777941303
14.86666034356714
8.242595369593348
5.627262757279992
41.72920164377154
8.182003752942418
13.54805548394846
18.12664882772229
9.619941905532153
11.639031511272684
.0012997008110260597
24.725355729300695
4.843021626977021
3.4925893155989045
.0001396912240577572
41.8944721783189
3.828738020436035
1.3197889754442678
.6690391499731676
1.5187067588564223
.001992930313810907
19.373961726226668
8.646288719806773
4.659207749393198
11.947503125928812
.0399858380859235
7.289790456298398
.5981279188924349
6.513814242709673
5.744811349906634
.0012997008110260597
4.409899607978685
10.615322741751397
3.1188629096865044
7.001754387712518
9.328036278886394
.5997875712888523
.3998583808592351
.18472903524906437
6.298583918194487
.0029841072713777264
2.497425407422195
22.831360038364036
47.42622401276824
11.307932796925963
.17833719489413588
.179427254076783
28.929925433773292
41.84959050492446
4.110921885144036
17.235306173866412
51.72587408987519
.2106316589537665
9.982310137960214
9.982310137960214
9.982310137960214
9.982310137960214
9.982310137960214
9.982310137960214
9.982310137960214
9.982310137960214
