.0020413372313847467
7.162138257053419
8.118238327615856
44.934717692858776
2.044007049179914
56.38034008936901
.004546272853897716
36.74937635366963
6439953829476099e-22
.583507141743291
1.8510259285719506
.05137055438772451
88.62662806578281
4.433398748243914
99.92905445862883
26.526784500602705
30.78846624925765
36.33781464172356
21.026499284630134
.007199005882895014
63.38981560272912
6.685713778277802
52.89910953945972
26250901828147405e-22
26.821878311364262
.1273755218230328
38746872059872206e-26
13.285668413435264
6.575365477220116
1174.2786143487908
13.22820591932139
.5587892391950199
10.572570067607105
209.79956043471336
88.11998711697666
3.6429952951616094
10.706668295997098
6.224850195798233
3.8242315659072443
32.79334398818226
18.212663913977437
.0005083975627673514
.31675210719228714
2.1247527155094827
48.04934725141901
264.77650986193026
17837643215606287e-23
20.907827390888503
6.33795763433913
.011608738952842222
1.4687715175346385
.5462810245247539
36.13057170971027
83.3738499196926
.5806910445943536
39.640613242687465
23.316736794819334
.00289916206563925
.016591650716525838
1.4687088135553004
42782247373338046e-21
23.598426710966915
2.5259577419528485
12.433520708265275
5.696828495862623
.17739511642258526
54.5809184583339
9.198992868866256
15.609100759434272
.0036792438248502697
.021799857111915164
9.621562880589227
3.082511674747606
188.91185481588306
10.708879438178208
151.07468861271516
415.4673006063343
16.060235730840965
17.411678758613842
121.5493965053621
18.67672782158466
204.98750694970119
4.405033389210202
5.283351362087274
.0019007618439521074
69.69757206825133
15.81345656335925
.09227762379717815
22171521373291392e-25
26.260205302080568
11.69374432411773
.004911429744045258
47.977175387197775
1.3460531766949582
6699051737671102e-23
3.796852917267604
.551091751734885
99.82164240581075
106.86002825877436
.24030122049819455
6.886073216385515
1.3959890234930297
5.715216146867206
29.91414323181759
.015697242480598724
.8188367540343074
13.901775529212388
25.098568655615708
.9687818444162567
25.121403024627117
.6002732496192463
.11452868430078846
.016985906697667964
.5956217722593999
.0002723347061182265
.2222858840348507
848.1852173554383
9.92101126204371
5.508014936907899
.008714982554495663
.0048828310477090605
100.6072676046893
349.97853308971344
16.13368156288317
29.820110330735083
79.79891970832087
.00034717211656816205
89.5002914136037
20.679059447498013
.026366675086896645
.07113990926135284
83.59595788264173
24.67192419443635
.5977604257014917
.8760103939479864
.3199738719501763
.41278012601005687
6.357330947328566
.4397433355265374
2.3998530282196713
.001991851296649597
10.437884514154154
29.26138493378245
3.121922091641955
3.8542822365984066
.6573827548619008
31.759578715145185
4.695529418430174
24.983232665097514
11.366730708607065
1.5985637848224306
15.679508814362908
7.279147425355729
.001991851296649597
1.9991836317671223
7.9674051865983815
2.3560354025441193
1.9959214897621365
12.043115318406242
.09998979383470774
10.397240478231916
1.7140286458522562
2.6290070361167897
20.740435468815562
13.239304138606613
.6247107204856432
16.640240527648366
14.369367179072409
2.089736335099239
5.128188089187957
17.202541048570993
25.622701590659187
12.381210072671296
8.654596718623687
37.497314290625766
.001991851296649597
2.058488117135333
29.016454221042952
6.888812398777644
37.755724040196775
39.80895871321674
4.247956060759637
7.019229731070061
17.121663466376766
.03998367263534243
5.776079198392601
8.017613560024468
15.99872666346382
3.100878469758721
6.300729870575593
21.12078384287612
21.24238945091649
18.086087016669374
7.895557018291193
.4503403582106199
14.940689613015241
19.431968102179486
1.5263036444574234
2.1491586767179363
34.055946603194485
27.765525598088992
9.13944070599732
.39995917533883096
.09998979383470774
.0999591815883561
3.577604556173179
7.527914940172259
1.9434860405615029
14.963503184042583
14.858611200287566
8.242305218957101
5.622693286559537
41.69531654308871
8.18171573521399
13.540720262908238
18.12601074487889
9.614733453267194
11.638621801436537
.0012996550597789897
24.724485362944634
4.840399506468397
3.492466371675706
.00013968593885918458
41.8717895716411
3.828603243618438
1.3190744120980515
.6690029178648658
1.5186532983002992
.001991851296649597
19.36347222890692
8.64598435861218
4.659043738904718
11.947082557469713
.03998367263534243
7.289533845698924
.5978040790247431
6.513584947534769
5.7446091246858675
.0012996550597789897
4.406318664985979
10.606702848110592
3.118753121444205
6.997963480879869
9.32770791924481
.5997550895301362
.3998367263534244
.18471903116722266
6.297731196400792
.002981684105552456
2.4953974388044204
22.83055634324806
47.387712794907
11.307534742217639
.178240639137792
.17933982036450238
28.914262123419622
41.82693219819106
4.108696139852223
17.225974592619863
51.697868541743404
.21062714087715922
9.979607448810679
9.979607448810679
9.979607448810679
9.979607448810679
9.979607448810679
9.979607448810679
9.979607448810679
9.979607448810679
