.003124475323425508
7.160276752548433
7.542781397107257
42.27363487447451
2.0535821817364375
54.25281631352847
.004578717986473402
36.08226297224472
5580771432574176e-22
.4841938819042607
1.8462786876859334
.05924366936538276
88.42647720817942
5.149570899030587
114.0754902755309
30.50070217439576
31.440138559405803
29.381549883656294
20.53186114233837
.007182569831758913
63.343513616841705
6.26095804187036
53.47506185519887
2374744555411879e-21
23.932385729269814
.24378910496172757
34981087322074575e-26
13.267775643752314
6.243285565773022
964.395816503452
15.078554932124343
.5757042487066413
10.540693449980157
208.90760976594996
92.26417143711502
4.148007066101183
10.50209024291716
6.204712148478961
4.490570662251772
32.65943639112282
20.75425853282843
.0005554840084235084
.31639992987142607
1.3937729237033332
48.68624129703093
263.9859319673452
17768338288905936e-23
21.46502601054607
6.518814999827791
.021335293639156032
1.5001987958157101
.818463134819524
36.04637728286744
62.7336472563049
.744743515583428
48.91085973214724
25.942569380918975
.019835330132715056
.07193227720570536
1.8744246959038544
5501108483470031e-20
23.533438453537762
3.7342884563542134
12.86689870700782
5.0590295372072225
.22307666087278352
60.23277623316371
13.224544406996886
23.193180589784276
.023869210686299082
.0447079792999389
10.06678476936001
3.3303607899226226
191.3888332368924
11.821491360813505
150.42241885906802
425.2221977258413
18.33527105384929
19.603730658673857
101.01784134822893
16.56088639913362
183.90806896632907
3.7871441233489787
3.0366438244784253
.0016787802725900898
57.28091128410498
15.65917509696295
.08647970360479074
15347177919424475e-25
28.322022926525708
13.005618478691956
.003641298359533603
48.61390689137487
1.0988638643097448
4133509978521178e-23
3.561798825881724
.2884903590937285
72.79254789859819
80.61043969634838
.2359920927682773
4.035264051928287
1.0196885659333998
4.438068877773189
25.270813142542025
.01651487844776386
.8325227054050095
14.34211661072463
20.5576076770539
.9990611707497478
16.38944530131016
.7520982050557898
.12924549713849212
.017416658539308304
.5438931010435504
.00019307087095019875
.1739903559139569
685.9879446777578
8.746703322276918
5.005422070549663
.00697381867422118
.005661870652131897
100.38956036906987
349.22120351721685
16.098769381118917
29.75558165462113
79.62624031220228
.00025387274804313236
81.01186388610623
19.354899786164076
.0220891878627752
.062296109301020565
63.66234521523226
20.195819313761906
.4505581118515775
.6836942028788884
.3199600092149169
.41272200737778014
6.35698666328569
.4396814205272359
2.399775048319718
.001987541066883072
10.429296618044528
29.257264988165613
3.1199931725797607
3.8459418338521156
.6563302449667144
31.69085316229863
4.688140683308473
24.979715074930617
11.3298554355359
1.5982175292624636
15.645579431316156
7.263395848940122
.001987541066883072
1.998750600283195
7.9501642675322755
2.3555250754834445
1.9937608015409536
12.041419671386068
.09998437884361278
10.395776567161663
1.7137873139801463
2.620478167539881
20.737515256173737
13.210655191327108
.6233588892784465
16.604232186983037
14.338272852781293
2.089176474418318
5.120163693309567
17.1653159280953
25.56725581954131
12.35441798217206
8.63586876415407
37.41617267102186
.001987541066883072
2.0562596973047187
29.01236876119016
6.881941817746457
37.67402323959559
39.72281485342723
4.238763774824046
7.0040405987408345
17.08461335944892
.03997501200566388
5.763580158661774
8.00026399347748
15.964106514857653
3.0986428326833155
6.299842740165604
21.05226504959694
21.196422375222884
18.083540531084402
7.887009669541952
.45009653384226395
14.908358984111977
19.389918654272858
1.5259730407441972
2.1445080445563085
33.98225186753665
27.67545032801872
9.138153890668445
.3999375153744511
.09998437884361278
.09993753001415973
3.565998303827494
7.503493325356915
1.9434439397422771
14.914959475199815
14.826458183447176
8.241144718545506
5.604452478744824
41.56005107206364
8.18056376568289
13.511419071782392
18.123458638111284
9.593927828672024
11.636983106310339
.0012994720708952082
24.72100420389047
4.829925213497955
3.4919746392593325
.0001396648000644662
41.78118188717541
3.8280641837896625
1.3162200254252858
.6688580090522527
1.5184394748939911
.001987541066883072
19.321571001378164
8.64476702096934
4.658387754682709
11.945400431673956
.03997501200566388
7.288507493628291
.5965104719465955
6.512667847547356
5.743800294986342
.0012994720708952082
4.392023947518371
10.572293212311564
3.1183140071206084
6.9828203672593405
9.326394596261501
.599625180084958
.3997501200566389
.18467902025731675
6.294321463510897
.0029720111029606956
2.487302018552464
22.827341845685854
47.23398038984467
11.305942663500113
.1778549386039676
.17899051136650265
28.851693640776805
41.73642158200884
4.099805202846338
17.188698763560012
51.58599789546102
.21060906953984274
9.968804007704763
9.968804007704763
9.968804007704763
9.968804007704763
9.968804007704763
9.968804007704763
9.968804007704763
9.968804007704763
