.0033952598464356983
7.159826029628795
7.5011685360885405
41.624678728903135
2.0561629166620587
53.7459029389767
.004586253527194363
35.91095615199935
5527748538463112e-22
.451028542392308
1.8450997813507557
.06057521435637724
88.37642003505266
5.279817257030349
116.58315086436924
31.146820477127065
31.483558746599652
28.240783079437865
20.38586643056183
.007178461875163578
63.33176279469109
6.095491603653902
53.566743851411594
23589440581495995e-22
22.819838210796608
.2740831772556035
3323872789075901e-25
13.262742207235995
6.14130739949567
902.2598725117285
15.415780298606057
.5796651566527694
10.53289397462149
208.6899504215595
93.25845321666641
4.237663187390039
10.449787587381934
6.199789776769344
4.613236190704944
32.62715188359977
21.186987074140834
.0005636728813055826
.31631194831345116
1.2155407170577461
48.827427807485556
263.78738549940135
17748568271487915e-23
21.597519605331403
6.542207643748075
.024315274364691716
1.5054873222897653
.8847360647266168
36.0256688960406
56.6714865681913
.7711606968421817
50.30590306563003
26.34998701606144
.03254465595519197
.10491493699706005
1.9387336474951804
5706155847439776e-20
23.516670455034493
4.014213587144047
12.894171561773687
5.013566117238913
.23697946203402526
61.09507519186423
14.132881877704861
24.826099628367633
.033537021647838644
.05103464697971136
10.145544414248166
3.3774286516991943
189.2881938164475
11.992522965010709
150.29237908781903
421.74039760623504
18.711247752652937
19.9637691354963
97.88134942700835
16.412639181446515
176.33818272578216
3.74607485831369
2.601379825059045
.0016544594952081241
56.09603620443312
15.620546877736365
.08397011913602036
18143199820237426e-25
29.071971484398954
13.186720812618745
.0035058089713951393
48.65076809960104
1.074986508868886
3920193033720044e-23
3.5952831893550012
.2410393665639153
65.15747936554733
73.12411187190021
.2246694139870614
3.4605117400691285
.9205673585654506
4.155017177393874
24.834124367571093
.016661490507072777
.8348924777637625
14.416476722669055
19.871901864358684
1.0043171765947545
14.747382389494053
.7661516503013835
.12732210908872837
.016925289668597437
.5412632235764412
.0001723277571356243
.1656281092372726
633.5807386235011
8.587139286361388
4.999629471067976
.006470983557186268
.005577931694199297
100.33520720995394
349.0321273267082
16.090053146377716
29.739471315475154
79.58312888016113
.00023487711955479158
79.46763567700468
19.10498538567321
.026555221657097835
.07551768007147168
54.389709180149055
17.47573010559735
.43546448463101894
.665115909621681
.31995654362494635
.41270747899834803
6.356900595188269
.43966594313956947
2.399755553740647
.0019864649675809076
10.42715074827487
29.25623509240214
3.1195111290628357
3.8438595547019987
.6560673809003448
31.673695023761937
4.686295316911585
24.978835754777524
11.3206553244142
1.5981309770919179
15.637108563776092
7.2594632835533615
.0019864649675809076
1.9986423570686975
7.945859870323616
2.3553975109909238
1.9932209950622313
12.040995796936052
.09998302514166015
10.39541062160083
1.7137269863215328
2.6183502771647094
20.736785267259318
13.203502646371236
.6230213887976123
16.59524228334426
14.330509790337846
2.0890365326859266
5.11815955702563
17.15602224113736
25.553413133921328
12.347729023241456
8.631193111154726
37.39591471611877
.0019864649675809076
2.0557029693834545
29.011347486108992
6.880225243442915
37.653625678612656
39.701308030722515
4.236468813066461
7.000248454102304
17.07536336667132
.039972847141373925
5.760459627121547
7.99593247115376
15.955463189611919
3.0980841753075135
6.299620977080392
21.03517011145569
21.184946156841075
18.08290396571204
7.88487427851908
.45003559837983953
14.900287264253437
19.379420517514546
1.525890401005581
2.1433469598126096
33.9638531143587
27.65297720646747
9.137832215146766
.3999321005666406
.09998302514166015
.09993211785343485
3.563102628693626
7.497400310950244
1.943433414679973
14.902848174633954
14.81843080651866
8.24085461897416
5.599901530511275
41.52630332565486
8.180275798643985
13.504103686517322
18.122820667566927
9.588733461011667
11.636573468580849
.0012994263277001036
24.72013399071406
4.827310183681286
3.4918517169735823
.0001396595158656418
41.75856061840188
3.8279294306920373
1.315507394388647
.6688217867537167
1.518386023746629
.0019864649675809076
19.31110986957176
8.644462713340628
4.6582237730591665
11.94497993723257
.039972847141373925
7.28825092819086
.5961875078009529
6.512438592727132
5.743598105356094
.0012994263277001036
4.388457519985713
10.56370825966871
3.11820423820043
6.9790397117299765
9.326066294409395
.5995927071206087
.3997284714137394
.18466901888405884
6.293469318781515
.0029695977595109273
2.4852822703664335
22.826538292015755
47.1956252783625
11.305544678847207
.1777586439519942
.17890329047605213
28.83607268687028
41.713824547468235
4.097585476375623
17.179392416610618
51.55806807943773
.21060455194778135
9.966104975311152
9.966104975311152
9.966104975311152
9.966104975311152
9.966104975311152
9.966104975311152
9.966104975311152
9.966104975311152
