.0039368288924560785
7.158944787675883
7.490126529935478
40.35148577425702
2.061169267800155
52.774002931839284
.004600693978526789
35.56499225581414
5524289965202372e-22
.37399120088173454
1.8427532539463194
.06267891258864774
88.27627286904043
5.498286486862384
120.78565706077795
32.10841832965977
31.504855098312067
26.36412818810275
20.075645208442634
.0071702455995810675
63.30798876189074
5.648788258654606
53.71047802527066
23588845957065243e-22
19.977184520760005
.33487077985944175
28561913707260216e-26
13.252581926144046
5.929338863027403
764.3861073943576
15.969106623534977
.5872835168814353
10.517446050396854
208.2600901829576
95.19798194390323
4.386547593892646
10.344356433538092
6.19004775458459
4.819968175147398
32.563631040719244
21.88079031861067
.0005768712129995445
.31613606040741693
.8793482388681139
49.09122485870038
263.3891404077707
17706183542229895e-23
21.853519555242947
6.577735684264751
.03100304417366001
1.5142623117499792
1.0153107335913665
35.984885410279105
43.9092256826495
.8070276542254948
52.13223972111032
26.938114434322266
.08542204438582286
.21851462407372624
2.0249218917790106
5999776690250168e-20
23.48273263262205
4.546944502099085
12.903341323130897
4.997920992046685
.26746713090783697
62.330980329600905
15.847515840147672
27.784692164829952
.06005689974275865
.06413624972703069
10.275109705184496
3.45804019247711
182.5453583946209
12.239933629772429
150.07812514938934
408.5664828284227
19.285363830660273
20.513992267866268
91.66095984404555
16.366580626354054
157.19565797425975
3.7352501271333933
1.806865401504454
.0016217358084363476
54.85377633612154
15.543296198755723
.07666716951663939
0
30.73919411900253
13.443350122909845
.0034060569420993124
48.65804667443731
1.049941327523789
3702031878738021e-23
3.725126096856465
.1596409018526492
49.522666797996195
57.46030709641282
.19427118507957775
2.3986998779023394
.7269016858848691
3.552280594532557
24.40333625657143
.01689712032788254
.8389879108675952
14.533845046579756
18.61529384254546
1.0126196149874964
11.60448402350635
.7626754999587974
.11767004541689526
.015338307228983605
.5430427969854356
.0001328339626474178
.14944288210554188
514.3833462599731
8.29905990064209
5.0641673900385635
.005413936297272918
.0051282290468721466
100.22658915984495
348.6542820005278
16.072634831834815
29.707276799956787
79.49697602792801
.00019775774432773688
78.37047716216242
19.041468431760308
0
0
56.16929525421685
18.45155648094123
.4176695369225753
.6449753646199582
.3199496125576157
.4126784237737225
6.356728462489274
.43963498999869316
2.3997165650575965
.001984314516533979
10.422860333208744
29.254175409635128
3.1185472654467676
3.8396983779691807
.655541968561183
31.639406611061204
4.682606762975391
24.977077207330066
11.302277508228283
1.5979578868123852
15.620180585165489
7.25160453916419
.001984314516533979
1.9984258882252608
7.937258066135899
2.3551424027304417
1.9921418205195678
12.040148092798377
.09998031779273853
10.394678769124061
1.7136063373750796
2.6140996787033024
20.73532536651942
13.189209172007276
.6223469359279848
16.57727707543741
14.31499627246333
2.0887566773421535
5.1141536375298795
17.137449959928436
25.52575024284434
12.334361968076337
8.621849398295428
37.355431704706746
.001984314516533979
2.0545899656987996
29.00930504379623
6.876793379233062
37.61286368175757
39.658329311836226
4.231882616509752
6.9926703231699365
17.05687840286485
.03996851776450519
5.754223631703505
7.987276460786405
15.938190575656826
3.0969671627004187
6.299177474328784
21.0010218683841
21.162012357158922
18.08163090219043
7.88060523077447
.4499137522027686
14.884156932800382
19.358441292700164
1.5257251349542793
2.141026675896768
33.92708548710149
27.60808569466622
9.137188898073264
.3999212711709541
.09998031779273853
.09992129441126302
3.5573183305867433
7.485229121134957
1.9434123647263655
14.878655069504305
14.802389088913879
8.240274450466814
5.5908107174763595
41.45889002249089
8.179699894976316
13.489484795983415
18.121544793849726
9.578353161209519
11.635754236380789
.0012993348461405078
24.71839365625824
4.822084370788652
3.491605885383028
.00013964894806776633
41.7133548172095
3.8276599387270998
1.3140832896097185
.668749348041442
1.5182791270964995
.001984314516533979
19.290204594566095
8.643854130218962
4.6578958271290105
11.944138992755219
.03996851776450519
7.28773782441004
.5955421039950766
6.511980107296648
5.743193747447399
.0012993348461405078
4.381333350639432
10.54655926227638
3.117984711951986
6.971484540357925
9.325409725374797
.5995277664675777
.39968517764505207
.18464901776239995
6.291765375405108
.0029647769500960597
2.4812476929125635
22.824931269533124
47.11900846588217
11.304748751569718
.1775662110280686
.17872897618092454
28.80485614708186
41.668667175385934
4.093149628212499
17.16079483597828
51.50225380468911
.2105955170543653
9.960709102597836
9.960709102597836
9.960709102597836
9.960709102597836
9.960709102597836
9.960709102597836
9.960709102597836
9.960709102597836
