.004207613415466269
7.158515528070984
7.51266189853754
39.72811094508293
2.063737700927165
52.31012307689223
.0046076142540997156
35.390771560011586
5562184853579761e-22
.3313201114586243
1.841586115336902
.06348886608057336
88.22618014221716
5.589480321595572
122.55763237808723
32.43808576225992
31.49248577951731
25.606855316351467
19.917609674619353
.007166136681894555
63.29594274484977
5.3539049142652555
53.76596195226732
23710535242417517e-22
18.24608198517655
.3651579793894363
2573262969074615e-25
13.247615425237433
5.824131635599033
689.2037566997121
16.190810338066914
.5909461506523568
10.509786365532785
208.04780402158016
96.14362492331539
4.448135488382209
10.291346274338622
6.185221800497719
4.906606752157787
32.532313645833135
22.154715156437735
.0005820800394313258
.31604815403018255
.7280633115557449
49.21457878057609
263.1894170449117
1768349629143125e-22
21.97685206020292
6.592164713942547
.034733403097059926
1.5179021986440089
1.0796763218697119
35.964839174663325
37.53438719632662
.8168551643259893
52.60608465549275
27.130197956381476
.13415830483437852
.30751551886308487
2.0479508877236623
60907511471244127e-21
23.46559329807169
4.799927780431745
12.891960214494585
5.019202112837869
.2840491451646375
62.73179002370913
16.65923875574035
29.113677938540807
.07725887612649723
.0708534049565204
10.327717839740025
3.4922893838135605
177.95900692622212
12.321670227677652
149.99563420456582
398.951476375545
19.492186009047803
20.71303826836016
88.07919072858462
16.440302780476017
145.42062223980602
3.7573279358049527
1.4552107435676715
.0016089131512682887
54.64809840261092
15.504684299813578
.07169206133486086
12218635953340376e-25
31.63749219081812
13.531039186372729
.0033142677009565273
48.63836636832295
1.0459159701917342
36660435710084305e-24
3.8157496262331634
.12586362268394122
41.93566081396506
49.62192010641512
.17700054558543094
1.9257265246388309
.6367311420992346
3.2229993945997877
24.353131125063513
.016988567197844088
.840808281825947
14.578687665942606
17.98258184688751
1.0157780359521429
10.086221209559303
.7457910859249993
.11062949215869655
.01432457132992092
.5466776398858484
.00011499722573830225
.14119705601239962
449.58853617764623
8.1409234052872
5.125816030749862
.004881723968054832
.0048006650749851535
100.17232423699616
348.4655127540409
16.06393274692464
29.69119261414232
79.45393458246897
.00017963827146303787
76.16779673652631
18.583341725990888
.018039646396618116
.05233441486314015
37.323746406141
12.3574094084123
.41319987079199416
.6409629180231131
.31994614708025476
.4126638969284929
6.3566423978876685
.43961951424544493
2.399697070953614
.001983240164158526
10.420715787730607
29.253145622629045
3.1180654453246133
3.8376194791660807
.6552794202040816
31.622276326840986
4.680763574864377
24.97619798003352
11.29309979103713
1.5978713487028902
15.611723469130274
7.24767835785695
.001983240164158526
1.9983176625956869
7.932960656634085
2.355014858961732
1.991602452376499
12.03972426310967
.09997896414576901
10.394312862207219
1.7135460160870903
2.6119769678122315
20.73459545469212
13.182068238407169
.6220099833413867
16.568301765900465
14.307245812482423
2.0886167637295165
5.112151853704102
17.12817136023053
25.511930029274303
12.327683867921502
8.617181335695129
37.33520663632487
.001983240164158526
2.0540336898538016
29.0082838765621
6.875078089113184
37.59249923393067
39.63685740304975
4.229591380365582
6.988884334653568
17.047643426414673
.039966353251913715
5.751108165996784
7.982951970204116
15.929561281881716
3.096408807432812
6.298955734661839
20.983968540920422
21.150554769132505
18.08099440403961
7.8784715737397155
.4498528414858885
14.87609831647513
19.347960198491254
1.5256425086411096
2.1398674760441274
33.90871660223896
27.585667274793735
9.136867256520642
.39991585658307605
.09997896414576901
.09991588312978432
3.5544297037968535
7.4791509376949605
1.9434018398350614
14.866573248976257
14.794374743532867
8.239984381530094
5.586270846676257
41.425224421251805
8.179411958346842
13.482181286427117
18.120906890675307
9.57316722602337
11.635344641909201
.0012992891077759025
24.717523534976674
4.819473586180049
3.491482976077919
.0001396436644687001
41.69077027153261
3.8275251998594535
1.3133718154497644
.6687131316274908
1.5182256815935993
.001983240164158526
19.279760445235695
8.643549854725254
4.65773186282199
11.94371854271821
.039966353251913715
7.287481286066018
.5952196641455576
6.511750876685822
5.742991579168454
.0012992891077759025
4.377775604124798
10.537995206210828
3.1178749546234483
6.96771002229944
9.325081458191491
.5994952987787054
.3996635325191373
.18463901801394025
6.290913576726847
.002962369480949862
2.4792328609824352
22.824127800718603
47.080746714327006
11.304350808944148
.17747007269967924
.1786418827348374
28.78926055204471
41.6461068246004
4.090933505219136
17.151503596840996
51.474369329594445
.21059099975300655
9.958012261882494
9.958012261882494
9.958012261882494
9.958012261882494
9.958012261882494
9.958012261882494
9.958012261882494
9.958012261882494
