.004343005676971364
7.158304014597853
7.528641558385616
39.419890506714054
2.064885093221405
52.08429429356879
.0046110026339506605
35.3034405416898
5587872919489149e-22
.30944299537252534
1.8410041586035342
.06384051679850943
88.20112837581745
5.631121808750689
123.37554251847114
32.56798095062332
31.482248983378238
25.26906788076071
19.83972014284228
.007164081891459675
63.289874776590096
5.186342660772444
53.79031552398487
23791853929376917e-22
17.313605337469678
.3802436630682727
2423441147680533e-25
13.245196549441713
5.772864427352063
650.4394798803727
16.288973653037598
.5927419396055007
10.505970325896081
207.9423010264825
96.61050589280129
4.476147174386326
10.26479171873734
6.182818800326377
4.946230878740513
32.51674940598437
22.275816425343862
.0005843722835017
.3160042102293522
.658010465484467
49.27426841988326
263.0893991201033
17671766227542168e-23
22.037318381170767
6.59890843308337
.03669131475150265
1.5195662457674806
1.1116449531158101
35.95490557539471
34.43611417394054
.8198638970097027
52.74315257452699
27.202826697146484
.1660730666685765
.36121110187095407
2.054789823159326
612303850245756e-19
23.456989215704134
4.923147996969336
12.8834613900237
5.034768960303598
.29260098318774663
62.88291877565346
17.054901362343575
29.7416109330499
.08690577970317813
.07424327204042835
10.351398299486647
3.508080769941567
175.37146766023483
12.3530460606868
149.96071641289143
393.3965965055221
19.577343265670088
20.79527508707134
86.05488028279194
16.49352188706539
138.99431394544712
3.773048394404101
1.2935962591066739
.001602150850506625
54.61215153237087
15.485383692180706
.06886019293210432
10397386523335263e-25
32.09519996692711
13.567007460980973
.0033153441392651632
48.62441541374937
1.0453196514232534
36606141691679785e-24
3.865622781330592
.11079512789976968
38.298540184379846
45.79407644510979
.16829002335301743
1.708299379199578
.594341929349212
3.0509614011696815
24.354916142389946
.017028190162120666
.8416799024218184
14.598074378474982
17.65417476046392
1.017130792383424
9.344321407102436
.7341047444267332
.10677229934432117
.01378718113704319
.5489609822246337
.0001067433865279866
.13699154924199258
416.68872893785414
8.050297516344875
5.16134608592851
.004621402705558155
.004622541091817131
100.14520279415761
348.3711664607174
16.05958347144285
29.683153787156662
79.43242259937895
.00017077340214513044
76.02796107344349
18.58513103336782
.015306139574212002
.04452226186484888
37.54248955442304
12.479978550518748
.41175631567934656
.6400269113491932
.3199444143556502
.41265663369764105
6.356599366023832
.43961177657310985
2.3996873239610084
.001982703206119896
10.419643680465537
29.2526307427198
3.1178245631799726
3.8365804518885063
.6551481854602137
31.613714663064535
4.679842252898117
24.975758377991568
11.288513727515884
1.5978280814055994
15.607496628344617
7.2457160644211935
.001982703206119896
1.9982635519787975
7.930812824479565
2.3549510896675963
1.991332823069725
12.039512353860118
.09997828732915698
10.394129913578984
1.7135158562393722
2.6109162588384276
20.734230508413738
13.178499221585957
.6218415754668896
16.56381593358402
14.303372156236192
2.088546810437736
5.1111512556374725
17.123533944417197
25.505022728707406
12.3243461738438
8.614848252253115
37.32509820886884
.001982703206119896
2.0537556084127866
29.007773306425047
6.874220604502799
37.582321145053356
39.6261258085645
4.228446227532934
6.986992109146859
17.043027813367427
.03996527103957592
5.7495510657440905
7.980790603008218
15.925248387187095
3.096129667550051
6.298844867755461
20.975447070780497
21.14482830160224
18.080676163366352
7.8774049618632676
.4498223892198738
14.872070644628401
19.342721779591
1.525601197162539
2.13928811149533
33.899535889641335
27.574464892388633
9.136706439990192
.3999131493166279
.09997828732915698
.09991317759893983
3.552986270133374
7.476113697086099
1.9433965774107842
14.86053601823141
14.790369198168966
8.239839350890817
5.584002293894135
41.408401873493176
8.179267993833038
13.478531014639138
18.120587947508795
9.570575311443351
11.635139850080296
.0012992662391973734
24.717088485822007
4.81816872400005
3.49142152304784
.00013964102274413156
41.679482584524976
3.827457832204263
1.3130162228358386
.6686950241560152
1.5181989595476615
.001982703206119896
19.274540491272973
8.643397720995017
4.657649882832906
11.943508323249896
.03996527103957592
7.287353020280465
.5950585096927637
6.511636264406388
5.74289049769772
.0012992662391973734
4.375997814379398
10.53371578636185
3.117820077408041
6.965823529692577
9.324917328933159
.5994790655936385
.39965271039575934
.18463401834279003
6.290487720633371
.0029611664795716375
2.478226058634558
22.823726076917605
47.061627491168196
11.30415184288444
.1774220230565374
.1785983519281079
28.78146592123851
41.634831230125634
4.089825893710037
17.146859863874433
51.46043275403771
.21058874113866355
9.956664115348623
9.956664115348623
9.956664115348623
9.956664115348623
9.956664115348623
9.956664115348623
9.956664115348623
9.956664115348623
