.004842860786360303
7.15754227123571
7.611030427968502
38.302507625890044
2.068742801013931
51.28582387084248
.004623114791223628
34.980171917958984
5717189572908562e-22
.2304287007655278
1.8388649090464422
.06485943608736797
88.10860501730929
5.764186871326024
126.05002984878516
32.86703077424092
31.42619680490599
24.27366479016552
19.569226922879764
.007156493161343867
63.26718501223982
4.462075161001296
53.86301313543209
2419458154649548e-21
13.675991790785208
.4354991211979847
18675435058196113e-26
13.236838237374004
5.596888884954848
506.34060359052324
16.584180503077356
.599172764267159
10.491951418707377
207.5562872330548
98.30043013989784
4.565182218689153
10.166584526746073
6.173998523531137
5.073083931187471
32.45976049884826
22.640792100442226
.0005912132385471502
.3158420281489091
.43897558515108326
49.48390673451661
262.7192003963064
17626222969004723e-23
22.253536995317205
6.6222193784395404
.04448861273611439
1.5249103643961348
1.2285508593349281
35.91872246713112
24.101762722906457
.8212628400085481
52.75022917604914
27.351145603973062
.33353404609694765
.6082998520069504
2.0563607549429355
6174406767656177e-20
23.425050913922757
5.359994133494908
12.839472788344962
5.117119676429496
.32580152758680764
63.18985182955248
18.46277456663716
31.859402470832542
.12878287187046705
.08689723924276148
10.425076654163322
3.559260150465926
164.12682917378962
12.420470446882225
149.865316256686
368.6769561744835
19.797093313035187
21.009883543535164
77.06654644924592
16.77267816624782
113.14012058125122
3.8550385426730585
.7992639297836153
.0015707129631051964
54.80497519481851
15.414166980384273
.057004780462701424
11550041057700405e-25
33.826305166687575
13.662544948747636
.0032847517464445024
48.55433369262207
1.0500692913946366
37004529045972976e-24
4.074462107255014
.06639300292536988
26.40661035255683
32.848879603620546
.137870098666968
1.0443808661294607
.4576389437600061
2.3989068392519335
24.493293113440362
.017142851311070066
.844673078520894
14.653614289059462
16.38872250914576
1.020962555868037
6.819814877100617
.6777321713370306
.09193659373010471
.01179028086858997
.5597422439454406
8070735013651139e-20
.12147017947562876
299.5229404336507
7.623542040028765
5.316836307648015
.003732174320669804
.003947261963132225
100.0451366384752
348.02307027232615
16.043536564202057
29.653494063024734
79.35305287477615
.00014036232085219772
74.16747338369203
18.235622054378275
.016697557400147094
.04897471294490621
24.819055691327126
8.346733633649949
.41002203045914093
.6413737698266901
.31993801738559213
.4126298196603732
6.3564404990755285
.43958321101618475
2.399651339351721
.0019807220679109758
10.415686519565133
29.250729934476656
3.1169354108066805
3.832746899745464
.6546639070979027
31.582125901896653
4.676442391837093
24.974135476864447
11.271598549600066
1.597668352883761
15.591901451103475
7.238476067581572
.0019807220679109758
1.9980637935147205
7.922888271643881
2.3547156745682303
1.990337693914535
12.038730037748897
.09997578862749436
10.393454512860544
1.7134045136017497
2.6070039534537153
20.73288321775081
13.16533112448321
.6212202247265213
16.54726519188437
14.289080074089116
2.088288569954738
5.10745884047047
17.106423926506135
25.479537837730646
12.31203155558444
8.606240203915917
37.28780257229294
.0019807220679109758
2.0527292847064285
29.005888408786237
6.871055780595949
37.54476848857375
39.5865309606475
4.224221118923701
6.980010632045225
17.025998238041915
.039961275870294376
5.743806052942715
7.9728161118427145
15.909335708996515
3.0950993280840846
6.2984355747810215
20.94401658952934
21.123700163442138
18.079501298151833
7.873468384685423
.4497099802577228
14.857210312880865
19.323394325505184
1.5254486888752123
2.137150511977413
33.86566311150271
27.533146168697723
9.13611274545827
.39990315450997743
.09997578862749436
.09990318967573597
3.547662327908343
7.464911177750286
1.9433771491737215
14.838268373726528
14.775590503378897
8.239303933933002
5.575634992886799
41.34635380394151
8.178736512744642
13.465063122565931
18.119410488864336
9.561012290426222
11.634383809711426
.0012991818141075678
24.715482392819517
4.8133543583770555
3.4911946537836815
.00013963127018584725
41.63783600059786
3.827209127618966
1.3117042430095267
.6686281773725521
1.518100308417019
.0019807220679109758
19.25528116465828
8.642836081196487
4.657347233154358
11.942732245389667
.039961275870294376
7.2868794949824
.5944639208776263
6.511213144448509
5.742517330111752
.0012991818141075678
4.369440637466991
10.51793162903681
3.1176174844120164
6.95886320446151
9.32431140463591
.5994191380544155
.3996127587029439
.18461556121390732
6.2889157508669795
.0029567293447061134
2.474512581758037
22.822243012811416
46.991108393505165
11.30341730980283
.17724474107711838
.17843773225911708
28.75270717324773
41.59322926230849
4.085739296018132
17.129726538455643
51.409012940289514
.21058040276318044
9.951688469572673
9.951688469572673
9.951688469572673
9.951688469572673
9.951688469572673
9.951688469572673
9.951688469572673
9.951688469572673
