.008507990168420286
7.152577131607018
7.815888945018872
31.06555117884942
2.074583323113794
46.930388807847145
.004695824791587813
32.64851434747302
607049967222592e-21
.05934220173481172
1.8234400777278368
.0640906378076198
87.42761274223683
6.135734803630634
134.24162185054698
32.837964400384934
31.617609891237528
20.903208131560508
18.550161465160663
.007100795650733454
63.08975224732468
1.7284800228623223
54.04965897958727
2527041750691288e-21
4.157791360639693
.8042430895863576
6454297769171479e-26
13.23881109434343
4.910330195820496
138.4742063166279
17.27767701643626
.638088223837004
10.390877067374447
204.8223268453123
109.21853640052181
4.808818408159991
9.460198058514734
6.110624909101807
5.426263680283506
32.05323247048403
22.997003948264375
.0006056150921240151
.31465544545146945
.0923669344156054
50.63049079890375
259.9512752020452
17280969095065164e-23
23.506818370162026
6.705589711771536
.10578950148657806
1.5615469791984191
2.045572561040419
35.66380699192016
5.475013028058731
.6801536155875878
44.63121334016816
27.11283908885971
2.519652372178285
2.549948045826001
1.6959344004136065
5432024248874908e-20
23.191540409558353
7.901283250599942
12.92768820660412
5.305532731121594
.5073846307722883
62.532892757373816
26.61966639934623
42.51093024877874
.7171593076011347
.18087048601040148
10.60771836010127
3.7393673648398966
40.21646077922161
12.317649795121651
148.99977596894294
87.95542988008928
19.969672892603413
21.362995633099587
34.15152875484635
17.411940761859107
36.422986630860834
4.046720751649651
.0715061286956016
.001187008603993759
49.53927612978877
14.894992535346756
.021194114441190293
3868020863465546e-25
41.87498171586175
13.516171398517482
.003213701749941552
48.645855052249345
.9661299124973572
3537092476368611e-23
5.0452617043941075
.00534333904793829
5.8718839581964435
7.991178265591014
.04818752284043188
.08223654885118142
.11989700954833034
.6461051935665993
22.856603336814604
.017336724666223508
.8483609158000209
14.629339411947553
8.212124879923044
1.025501950153112
1.7144338834766208
.3496127634112883
.037370547356618315
.00457722398148516
.5964139903416783
2007021481169222e-20
.04877497921116678
46.15971250634324
4.171264960727502
5.6780977083054855
.0011094953461834177
.001592304748274817
99.31446119065188
345.48129841545926
15.926363269651226
29.436921016277616
78.77350119047043
3998242127588399e-20
69.92654936462544
17.451785724006008
.005319973485022923
.015978619823401586
5.934305242897311
2.0586193656721035
.37794835835306745
.6015348753384288
.31989111625453215
.41243326207280223
6.355275746961046
.43937381409095744
2.3993875028779925
.001966255947591561
10.386716970407436
29.236796251944117
3.1104235460455607
3.804754593957678
.6511239107631924
31.351467173627125
4.65158864375836
24.962238964331636
11.148341818124482
1.5964976497694314
15.478026654606658
7.18561016205184
.001966255947591561
1.9965996977269596
7.8650237903662275
2.3529902395187086
1.9830562007108388
12.032995348638002
.09995746909611229
10.38850355622038
1.71258832766055
2.578495948592417
20.72300703984389
13.069178682312177
.6166831689419987
16.426412936486653
14.184720378726345
2.0863960268441657
5.080465998801472
16.981487878806753
25.293449104730147
12.22211115092749
8.54338489054076
37.015472674425816
.001966255947591561
2.0452195367971573
28.992071357329145
6.84789454486447
37.27056185094434
39.297412396674055
4.193369697640447
6.929032417953607
16.901649575975753
.03993199395453916
5.701856407003302
7.91458698468399
15.79314254474757
3.087554950900403
6.295435294037696
20.71499042101952
20.969424107701585
18.07088906755111
7.84466392265473
.4488866122946531
14.748701302213028
19.182266727736238
1.5243309052453418
2.121541923095697
33.618326665261954
27.232066815218325
9.131760727752665
.39982987638444917
.09995746909611229
.09982998488634792
3.5088680733939683
7.3832811810398695
1.943234699820941
14.676009537727815
14.66767759955706
8.235379114088792
5.514664533186701
40.8942248174556
8.174840544393046
13.366721600352781
18.11077924738782
9.491183839272255
11.628841732271674
.0012985629445275478
24.703709090543928
4.7782002272567325
3.489531611593826
.00013955978149178923
41.333735816537256
3.8253860238164514
1.3021242662372812
.66813823520892
1.51737715628381
.001966255947591561
19.114651028494922
8.638719037471217
4.655128690303089
11.937043285146583
.03993199395453916
7.28340836568876
.5901222786329694
6.508111506401881
5.739781862874024
.0012985629445275478
4.3216601058076325
10.402916365782541
3.116132396949823
6.908039439717848
9.3198697378728
.598979909318087
.3993199395453917
.1844802828176891
6.277401459481362
.0029243970368011867
2.4474533912199288
22.811371561414028
46.47725311348338
11.298032889356561
.1759502415650746
.17726441157395373
28.542712985665542
41.28945486168493
4.055899270904314
17.004620301109934
51.033549376397936
.21051927268094436
9.915281003554181
9.915281003554181
9.915281003554181
9.915281003554181
9.915281003554181
9.915281003554181
9.915281003554181
9.915281003554181
