.01055536178866852
7.150022622272651
7.4799035058447885
27.59422620092672
2.0737607983192494
45.13817672803878
.00472632491700995
31.420168318798165
558252833115913e-21
.05295748094765148
1.8149102976215605
.06116332641715381
87.04398960166787
6.173072895894892
134.6457001438666
33.63606539692158
32.23736241130228
18.717543570287035
18.232330181779787
.0070697580434624895
62.986608427298165
1.5683093362909737
54.07697510800054
23796199463252464e-22
3.799712729050613
.974338723398927
5908876675808797e-26
13.284519100935317
4.635737211831135
117.74138096478906
17.464244933479904
.6548298640028949
10.334820732558569
203.33907038012802
114.36695338283687
4.831844459915332
9.088435652704788
6.075608540876631
5.459088388023081
31.828669466826867
22.574431859858255
.0006077275035863888
.3139945962655605
.08202507834422298
51.06404229420288
258.35548521731783
17115816858726955e-23
23.992154963517034
6.683423847856044
.1285405542932071
1.5879383255554413
2.475909861373578
35.52106771901137
4.85415362535839
.6224387772708483
40.92358990100188
27.63610927207831
3.94067204699071
3.614136920258458
1.5434841640875627
5136922212593754e-20
23.064436815418528
9.005492076320719
13.33474607310535
4.935233575365296
.5262761051559575
63.393643554087106
29.8899107701856
47.2994338668273
1.1731199271200563
.23060752522878694
10.597778654003003
3.7737564525863587
11.900453739367203
12.464299166718048
147.80645424664144
25.590109827259678
20.250195118198967
21.84711229017818
28.931911107216262
16.171496153118245
32.66730071145246
3.6829892573279372
.038602112829832294
.001063886145531073
41.34276555426538
14.607209811407808
.01947135720200526
3231595272115134e-25
42.54992010469853
13.208673164729534
.0028166145614338762
49.209518273656556
.8099640377343839
27009977435549478e-24
4.873006248599309
.002694090878531498
5.220284839043807
7.269240502704761
.033241430265159445
.042278738130019165
.07556624752163907
.5102707253450821
19.626018150668152
.017345253881537615
.8371661364209406
14.486152387451234
5.36715424397958
1.0243294453344183
1.381437837505972
.25927540706813096
.026396346923546136
.003052401138992124
.567594512724436
12463876967443453e-21
.029946050078295993
30.328107074125356
3.333948791430862
5.166159342772379
.0007034585945197142
.0011306319183576365
98.90862543570903
344.0695335840324
15.861282237306648
29.316630829726634
78.45160342309738
22018846163522156e-21
67.20508950384426
16.82739210708272
.004844356054578905
.014620752036876988
5.392094047416455
1.8799988290745633
.3158821199080405
.5045688513650357
.31986491988750115
.4123235041396613
6.354625199699255
.43925688666015683
2.399240134267433
.0019582210958958963
10.370569430736067
29.229015671124454
3.106791888687274
3.789206954323941
.649154779145725
31.2233534407786
4.637762681288576
24.955595941066427
11.080077281118376
1.5958440587969382
15.414777692098175
7.156247091559584
.0019582210958958963
1.9957823087766497
7.832884383583569
2.3520269476659856
1.9790003011078405
12.02979309309653
.09994723711556494
10.385738937593292
1.7121325686991595
2.5627070685083293
20.717492173245287
13.015773166806863
.614163172594763
16.35928851557997
14.126756345749289
2.0853395833389863
5.06544972448345
16.912095215636402
25.19009068250781
12.172167067795321
8.50847344848839
36.86421371256573
.0019582210958958963
2.041036495941146
28.984355903406588
6.834990490802875
37.11826050001735
39.1368285820301
4.176234032435262
6.900717819367955
16.832583161747543
.03991564617553296
5.678556505138359
7.882245044290998
15.72860590173781
3.0833486076761076
6.293759934580452
20.588146514253243
20.88373525673828
18.066079990261603
7.828619410513243
.4484273285605219
14.688432633827265
19.103880865238118
1.523706858652536
2.1128725152604213
33.48094970304976
27.06531695562594
9.129330557163664
.39978894846225976
.09994723711556494
.09978911543883244
3.4873822543947393
7.338071204557972
1.9431551309785045
14.586144066024978
14.607740024097156
8.233187491168634
5.48089663951753
40.643817593768865
8.172665032172233
13.31210021403346
18.105959554408226
9.452399338882946
11.625747031260069
.0012982173671991619
24.697134867996834
4.758674727412613
3.4886029673438603
.00013951986324988353
41.16483082849618
3.8243680010184598
1.29680330312393
.6678647057621506
1.516973347484219
.0019582210958958963
19.036541468843517
8.636420076563525
4.653889853985706
11.933866564645898
.03991564617553296
7.281470083978838
.5877108199432035
6.50637954893559
5.738254375515748
.0012982173671991619
4.295197324971375
10.339216285464868
3.1153031227793457
6.879810626234072
9.317389507169702
.5987346926329941
.39915646175532976
.18440475834230383
6.270978660707717
.0029064901038244177
2.432466922799662
22.805300933205945
46.19265938493896
11.295026224151476
.17523124356355638
.1766123468030393
28.42607686506657
41.12073082206292
4.039325360893165
16.935133110275064
50.8250073494838
.21048513263631755
9.895001505539188
9.895001505539188
9.895001505539188
9.895001505539188
9.895001505539188
9.895001505539188
9.895001505539188
9.895001505539188
