.011747284624286572
7.14858109174105
7.36664509917307
25.736961089638566
2.0732647415095338
44.219674051034126
.004741378411304817
30.73418246990064
5430030176713671e-22
.052719436315712395
1.8099643628336668
.059240845447492856
86.81899125240913
6.187691064155981
134.65708650618316
34.11685713459375
32.48734175758776
17.899697945037552
18.074159351265347
.0070517274187918795
62.92575727979756
1.5599093754558215
54.075800415284945
23317079377305993e-22
3.82033726978665
1.0623294452356302
6020763708814188e-26
13.313343254632207
4.47852552626425
113.38448040603832
17.56095870734311
.6633080237092679
10.302210865273835
202.48803340019447
117.10761951409206
4.840531965941848
8.880807358369315
6.055283926952431
5.471242569052871
31.698033572430784
22.30800140028124
.0006085916766235016
.31361052207779644
.08175252804408913
51.26993930002239
257.40662983043967
17015042114456954e-23
24.228096502275523
6.662625019655743
.14280333380390942
1.6013451628584636
2.7185370067198398
35.43741683751416
4.825146844547059
.6016307054697821
39.503078278595154
27.954594497480876
4.783080908197402
4.2681540178540045
1.4869889908358107
50542530927984396e-21
22.991198866400854
9.585029094861323
13.497046749215784
4.81095520960978
.5426286019491369
63.914403417628805
31.54302194013348
49.691024282387
1.4457435481171306
.2580793713428568
10.581803370853914
3.786542756811258
8.1623932680115
12.550876187542624
147.0434095481684
17.5120311341075
20.40491609585653
22.12555528890623
28.10475148103347
15.75603031134964
32.4348799540569
3.561594345222487
.03109226874078507
.0010346786387615545
38.072080567075886
14.44049590525819
.01989240710061113
32017066093902265e-26
43.10598983375823
13.00625771741521
.002684809307960824
49.425373034420915
.7461092132231866
24064411285797673e-24
4.854701215681741
.0020662194850052987
5.200219014763052
7.263877521441783
.02839413875499011
.033172407989447164
.0620325111122796
.4760689578571294
18.299782501700633
.01734412243663454
.8289517595645755
14.396671386161085
4.4589753474076295
1.0233964707670855
1.3256991672436462
.2271782638313342
.022712308530186263
.0025571765637475586
.5589329727831371
10158922082986807e-21
.02430151844749479
26.046274878568862
3.072516566672504
4.988659779808674
.0005761137092461384
.0009759620959313938
98.67312334898529
343.25030176496557
15.823516420134032
29.24682773919033
78.26480964013281
16917469565705032e-21
66.04804633711531
16.5634690841288
.004931254561951277
.014916929127606214
5.3834720235244005
1.8807291364178356
.28991046883292326
.4638631354021064
.3198496700789429
.41225961957521273
6.354246499839527
.4391888290922434
2.3991543445281382
.0019535585586063684
10.3611803459622
29.22448698693191
3.1046795918938903
3.7801848276808867
.6480111492119924
31.149010431183385
4.629732524429642
24.951729371828336
11.040528240985882
1.5954636795418582
15.378075005180024
7.139208020237454
.0019535585586063684
1.9953066017777552
7.814234234425458
2.351466327564448
1.9766428906620577
12.02792922144128
.09994128082333897
10.384129792342431
1.711867294364004
2.553559785314468
20.714282247178335
12.984782525418382
.6127008460474292
16.32033694218823
14.093120446115599
2.0847247976797014
5.056728116199818
16.871827405861392
25.13011291116221
12.143185058068786
8.488214717329956
36.77643977761824
.0019535585586063684
2.0386051871873967
28.97986512630045
6.827489311006469
37.02988167800055
39.04364353615352
4.1662903917775065
6.884287164921046
16.79250467069502
.03990613203555507
5.665035824806916
7.8634773670755775
15.691155987791504
3.0809024312836497
6.292784792227112
20.514659532882327
20.834010945942506
18.063280868601346
7.819293859039567
.44816016279216175
14.653459379262973
19.05839439943732
1.5233436737431711
2.1078417519257466
33.40123134192781
26.9687104718155
9.127916077269852
.3997651232933559
.09994128082333897
.09976533008888772
3.4749344512578935
7.311878817519414
1.9431088097111453
14.534080530508977
14.572958899166563
8.231911857857373
5.461333219907838
40.49874423982278
8.171398776087575
13.280404015999466
18.103154253889475
9.42989311398045
11.623945761679206
.0012980162240428044
24.69330834419131
4.747344291635062
3.4880624503011375
.00013949662921792537
41.066817095952274
3.8237754612248676
1.2937156059427128
.6677055160983036
1.516738310721553
.0019535585586063684
18.99121533858777
8.635081967216259
4.653168789764703
11.932017555651708
.03990613203555507
7.280341907825429
.5863114766212532
6.505371463731987
5.737365302062999
.0012980162240428044
4.279866120407329
10.302311662018857
3.114820444054689
6.863429751951319
9.315945889804972
.5985919805333256
.39906132035555086
.18436080433299773
6.267242512784626
.0028961157272885483
2.423784516575411
22.801767526299454
46.02778008910998
11.293276195779287
.1748140168218377
.17623383806557877
28.358394189368646
41.022822091923956
4.02970770068147
16.89481044712162
50.70399267320228
.21046525980139774
9.883214453310277
9.883214453310277
9.883214453310277
9.883214453310277
9.883214453310277
9.883214453310277
9.883214453310277
9.883214453310277
