.018729006883064454
7.140515144066645
7.506859399632141
17.373052662980037
2.070708340347629
40.923124077886044
.004800403302902982
27.13800141063793
5684329802882704e-22
.05786595104971049
1.7812637140605538
.04550163764743735
85.45006302115637
6.270376644946951
134.57577122691845
36.12336889878631
33.09177182773069
16.320949336932316
17.268048606991215
.00694671830245062
62.558925461625485
1.6697906006278511
53.987772894053
2406561506043998e-21
4.365954032674263
1.4540882156334605
8366567792056848e-26
13.460175457965594
3.5249536465645055
97.83782787226878
18.011715813730948
.699416391420717
10.111467273264978
197.6592322528305
130.22833844249274
4.888627000463092
7.791423538411088
5.936969837617466
5.539086739129713
30.933183810172096
20.821107264308218
.0006113420008217316
.3113704242517925
.0911640837849212
52.033063640028296
251.45285251091946
1628239893500917e-22
25.151849408205315
6.506838317214795
.2552632306432811
1.6635246973167437
4.034535003563619
34.94530521173408
5.272739248690821
.5992511413215369
38.39202141914999
29.234257339189043
10.2818476417372
9.099910003106988
1.456540681393489
55000906854549884e-21
22.570780284018493
12.338182618361275
13.842439779002875
4.898383365129334
.7256792976983656
65.778648203496
38.91683690034354
59.31924183719119
2.847084503268298
.398253345146713
10.446271992769132
3.8194375457267324
6.501740038989095
12.82709142464861
142.46235657075465
14.231482970408203
20.920389937077726
23.32019415739712
31.450564494472204
16.05001666334291
34.617604399875994
3.611477921666551
.022448288100398246
.001054621281816759
28.24418319806591
13.479781857294412
.029080299088080897
4921499030287023e-25
47.9356517238304
11.551357601345565
.0026092939695780137
49.842425747380275
.5443467845836372
18184137639596828e-24
5.570705433614503
.0010713872022961163
5.7615517103418545
7.8428068573359795
.020150996261035763
.019729218247972954
.03830359614154399
.37820441799702564
14.065798680174527
.017311550289548245
.7741190928940309
13.884279926050692
3.081858162328677
1.0166288359653213
1.4567966864899176
.17116224775260105
.016261442477334544
.0016103507896190186
.5820116547088716
6066693007222998e-21
.015817362645866324
18.8558149539856
2.28360014639578
4.974054118401499
.00034259692696679447
.0007092006267277048
97.30488158133494
338.49065310185034
15.604101088559343
28.8412792987857
77.17955787296115
8104049977272821e-21
61.621900842205164
15.578873621841737
.007126887910336352
.02183358567721363
5.79543244436582
2.0428668760719626
.20966230416443038
.33849630852226936
.3197603584880556
.4118856126485893
6.352028707750975
.4387903916601578
2.3986518902712324
.00192646971896376
10.306353986610803
29.1979741779127
3.0923355646201416
3.727767243285812
.6413526533445433
30.7170855498539
4.5829741172889715
24.92909286033611
10.811687456017264
1.5932374173611012
15.164836345917873
7.040212850431332
.00192646971896376
1.9925224107720227
7.705878875855024
2.348185161956287
1.9628905822562137
12.017017338180938
.09990639879886364
10.374709183859615
1.7103142675936112
2.50063128289315
20.695489999107906
12.804730235674821
.6042048862542866
16.094032494649344
13.897699490779031
2.081127311456792
5.005941802786942
16.637875766653206
24.781648517375753
11.974802702014301
8.370513670531636
36.26648266608294
.00192646971896376
2.024421781887228
28.953574241199902
6.783715979551095
36.51641023771993
38.502248452727635
4.10851891017528
6.788826831652486
16.559652952880775
.03985044821544041
5.586482127835938
7.754439183146271
15.473576019948782
3.066612809437608
6.287075901546841
20.089445205415558
20.545118053973304
18.046893641132005
7.764891851892276
.4465984253902888
14.45026853577093
18.79412293060547
1.5212180456560918
2.07861355860727
32.93807624698526
26.40972083479334
9.119635121104281
.39962559519545454
.09990639879886364
.09962612053860112
3.402908302673056
7.160323017681424
1.9428375037328562
14.232827698687792
14.370884308159948
8.224443767586088
5.3481343082489445
39.65931298981434
8.163985584017954
13.096252518111891
18.086730852801438
9.29913437051397
11.613400377112942
.0012968386479824524
24.670906275389388
4.681515679701312
3.484898037744186
.00013936061289506897
40.49736786288797
3.8203064857529925
1.2757764177683268
.6667738198413264
1.5153623073315785
.00192646971896376
18.727875402009545
8.627248116132254
4.648947378606576
11.921192684617758
.03985044821544041
7.273737093353133
.5781814425862641
6.49946971184515
5.732160294680147
.0012968386479824524
4.191155879268799
10.088772143232461
3.1119946411723562
6.768258636076732
9.307494350713107
.5977567232316057
.3985044821544045
.1841035527944241
6.245402581770134
.00283608695131637
2.3735459103003222
22.781081486267485
45.07374663201028
11.283030798653451
.1723899743747327
.17403294815565867
27.965165130872588
40.45398291152686
3.973830130372948
16.66054011569074
50.00091043350518
.21034889177748003
9.814452911281062
9.814452911281062
9.814452911281062
9.814452911281062
9.814452911281062
9.814452911281062
9.814452911281062
9.814452911281062
