.02876994902463001
7.129287282639192
8.154394449974147
11.368433763488207
2.067058900246328
40.686418277271756
.004832853820143077
23.118595280251807
6829182735843568e-22
.062069067818203885
1.740768740669939
.014782310750857603
82.36248813650697
6.362403360083806
133.32689649228797
37.72923503261325
33.220045395243936
15.48405226615355
16.120676790165557
.00679743258526445
61.99797258263051
1.7445261601042554
53.797257025753474
27351018769116737e-22
4.866448908482445
1.7867818734192202
12202828589037623e-26
13.614248501930165
2.214679925468558
66.41055913356536
18.332828734223522
.7263929803779858
9.838115857947718
191.1528203524832
143.16226483657945
4.938156450901098
6.569441463066418
5.769028737880229
5.609178615194844
29.835147349922664
18.913875076045613
.0006093526972724093
.3081774165329254
.09988537184616374
52.42505051539021
240.72052155329965
1460994845088428e-22
25.592941622960343
6.232410535588434
.4699298385339529
1.7327420043715895
5.6455574770455055
34.2368574596251
5.606556155359168
.7653038733420718
46.0053543037399
30.19221270066787
18.018674535152872
21.02909066966631
1.8179307502265354
7830172045315946e-20
21.97638010603608
15.274227802001324
13.808571997277243
5.500742747969781
1.078223921775719
66.62273581603438
45.63542236283128
66.53754055150301
4.082678212703915
.5559118220001068
10.196703339930847
3.7965601867544456
6.307857294650448
12.869350565234585
135.46100083804248
14.422914203167675
21.09366060463327
24.327797739793176
38.91437764082861
18.07575420543277
35.660739656070646
4.1322787478417
.025487492736132742
.0011299305795078095
16.816666216129946
12.152922348923832
.053800502148913625
1112546619237159e-24
51.60826070110651
8.275183791016108
.002751706693256795
49.73552110298716
.3037841921187402
12195064821094744e-24
6.991501448970156
.0008286972645638863
6.247603710972561
8.316378702593875
.01955348014211983
.012787939199826527
.03413453078920278
.20701430602154453
8.240165158319531
.017239796630682692
.6927745130884764
13.184403481504463
3.2987751070952034
1.0053889947008339
1.7505753402415365
.16820684114087098
.015424586225891771
.0010075306601213683
.606615900256158
5163812633279571e-21
.016179976531493088
17.19730769300445
1.204017951003209
5.51728567617434
.000283534389816387
.0006778667289727249
95.3703061858102
331.7609219880152
15.2938668069424
28.267868916900095
75.64510583651628
4429484225862295e-21
54.125804609665686
13.832469408542089
.013000771000064448
.040610902498466814
6.132825445876739
2.1862172207088304
.11668577040377913
.19088950547172112
.3196319564649776
.41134831984634396
6.34884049049876
.4382180023562019
2.3979294573398655
.0018881684450917445
10.228012311496988
29.159886269803803
3.0746686852034544
3.6536533173254195
.6318963417397031
30.106381164202855
4.516554059003429
24.896573583748037
10.490865168558132
1.5900411068870377
14.86333534416752
6.900242251440192
.0018881684450917445
1.9885250653783235
7.5526737803669635
2.343474295423518
1.9432799309628597
12.001341488571278
.09985625366903
10.361175677471685
1.7080832123750362
2.4264284120153805
20.668493334320424
12.550151887110035
.5921923346966722
15.774057599526543
13.621391179702323
2.0759643762387507
4.933795129777933
16.307088404612596
24.288950035006362
11.736724629289697
8.204094581049697
35.5454474630404
.0018881684450917445
2.0041963908266487
28.915805145700215
6.721253829259635
35.790406078106095
37.73676267936725
4.026835037110501
6.653854185475273
16.23042078445875
.03977050130756643
5.4754140015876525
7.600268631720564
15.165936783740959
3.0461779472732684
6.278874593889236
19.49331793196212
20.13664851740494
18.02335199326061
7.687315145470344
.44436190979396584
14.162974275568162
18.420465954602424
1.5181662185274536
2.0372874238652594
32.283215043232886
25.626047880516445
9.107738822328116
.39942501467612
.09985625366903
.09942625326891616
3.30193157446865
6.947850060169107
1.9424473845265022
13.810487674720171
14.085168332325168
8.213715219894462
5.189435613952509
38.48247620423296
8.1533359022684
12.835878244145578
18.063137238446075
9.114252828493516
11.598251034090023
.0012951469596839608
24.638723795692172
4.58843972194329
3.480352089610193
.0001391652300367433
39.692215950899154
3.815323007053732
1.2504119588851177
.6654361559621291
1.5133855612751002
.0018881684450917445
18.35553553196
8.615994121883281
4.642882961963131
11.905641835481667
.03977050130756643
7.26424871486729
.5666862783684091
6.490991342639364
5.724682858292302
.0012951469596839608
4.066788964136005
9.789401395621326
3.107935134673509
6.633694918253829
9.295352995035694
.5965575196134958
.39770501307566464
.18373420915003258
6.21412629532278
.002751929884544345
2.303114126970514
22.751364228043222
43.73624380854615
11.268312413137028
.1689625882308861
.1709157837788241
27.409173288379556
39.64969356119038
3.8948240839004664
16.32930215043998
49.00681302023574
.21018164692977503
9.71639965481429
9.71639965481429
9.71639965481429
9.71639965481429
9.71639965481429
9.71639965481429
9.71639965481429
9.71639965481429
